2
2
2
2
2
2
2
2
2
1
2
2
2
2
2
2
2
2
2
2
2
2
2
2
1
2
2
2
2
1
2
2
1
2
2
2
2
2
2
2
2
2
2
1
1
2
2
1
2
2
1
1
2
2
2
2
2
1
2
2
1
2
2
2
2
2
2
1
2
2
2
2
2
2
2
2
9129051574
2
2
2
2
1
2
2
1
2
2
2
1
2
2
2
1
1
2
2
2
2
2
2
2
2
1
2
2
2
2
2
2
2
2
2
2
2
2
1
2
2
2
1
2
2
2
2
2
57988214108
2
2
2
2
2
2
2
2
1
2
2
1
2
2
2
1
2
2
1
2
2
2
2
2
2
1
2
2
2
2
1
2
2
2
1
2
1
2
2
2
2
2
2
2
2
2
1
2
1
2
2
2
1
2
2
1
2
2
2
2
2
2
2
2
2
2
2
2
2
1
2
2
2
2
1
2
2
2
2
1
1
1
1
2
2
2
2
2
2
2
2
2
2
2
1
1
2
2
2
2
2
1
2
2
2
2
1
1
2
2
2
2
36491586101
2
1
2
68632898299
1
2
2
2
2
1
2
2
2
2
1
2
2
1
74034758806
2
2
2
1
2
2
2
1
2
1
2
1
2
2
24591486687
2
2
2
2
2
2
2
2
2
2
2
2
1
2
2
2
2
2
2
2
2
2
2
2
2
2
2
2
2
2
2
2
2
2
1
2
1
2
2
2
512792892
2
1
2
2
2
2
1
2
2
2
2
1
2
2
2
1
1
58234673732
2
2
1
2
2
1
1
1
2
2
2
2
2
1
3502417008
1
2
2
2
1
57130445673
2
2
2
2
2
1
2
2
2
2
2
2
2
2
2
1
2
2
2
17550583055
2
2
2
2
2
2
2
2
2
2
2
1
2
2
1
1
2
2
2
2
2
2
2
2
2
2
2
2
2
2
28530504268
1
2
2
2
2
2
1
2
2
2
2
2
2
2
2
1
2
1
2
2
2
2
2
2
2
2
2
2
2
2
2
2
2
2
2
2
2
2
1
2
2
2
2
1
2
2
2
1
2
1
1
2
1
2
2
2
2
2
2
2
2
2
2
1
2
2
2
2
2
2
2
2
2
2
2
2
2
2
2
1980375885
2
1
2
2
2
2
2
2
2
2
2
2
2
2
2
2
2
2
2
2
2
2
2
2
2
2
2
2
1
2
2
2
2
2
2
2
2
1
2
2
2
2
2
1
2
2
2
2
2
2
2
2
2
2
2
2
2
2
2
2
2
2
2
2
2
2
2
2
1
2
2
1
2
2
1
2
2
2
2
2
2
2
1
2
2
2
2
2
1
2
2
2
2
2
1
2
2
2
2
2
2
2
2
2
1
2
1
2
2
2
2
2
2
2
2
1
1
2
2
1
2
1
2
2
2
2
1
2
2
2
2
2
2
2
2
1
1
2
2
41577708625
2
2
2
2
2
2
2
2
2
2
2
2
2
2
2
2
1
2
1
1
2
2
2
2
2
2
1
2
1
2
2
2
2
2
1
1
1
2
2
2
2
1
2
2
2
2
1
2
1
2
2
2
2
2
1
2
2
2
2
2
2
1
2
1
93956064706
2
2
1
2
2
2
2
2
2
2
2
2
1
2
2
2
1
2
2
2
2
1
65042969440
2
2
2
2
2
2
1
2
2
2
1
2
2
2
22891044617
2
2
2
2
2
2
1
2
2
2
1
2
2
2
2
2
2
36360198217
2
2
2
13240072004
1
1
2
2
2
2
2
2
2
2
2
2
2
2
2
2
2
2
2
2
91015281741
1
2
73706982946
2
2
2
2
1
2
2
2
2
2
2
2
2
1
1
2
2
71655908857
2
2
2
2
2
2
2
1
2
2
2
2
2
1
1
2
2
2
2
2
2
2
2
1
1
2
1
2
2
2
2
1
2
2
1
2
2
2
2
2
2
2
2
2
2
2
2
1
2
2
2
2
2
2
2
1
1
2
2
1
2
1
2
2
77745550180
2
2
2
1
40690257978
2
2
2
2
2
47611395885
2
2
2
1
2
1
2
2
2
2
1
2
2
2
40977324378
2
2
2
1
2
2
2
1
1
1
2
2
2
2
2
1
2
2
2
2
2
2
2
2
2
2
2
2
2
2
2
2
2
2
2
2
2
2
1
2
61912352636
2
44281276531
2
1
2
2
1
2
1
2
2
2
1
2
2
1
2
1
2
2
2
2
2
2
2
2
2
2
1
2
2
2
2
2
2
2
2
2
2
2
1
2
2
1
1
2
2
2
2
2
2
1
2
1
2
31487594907
2
2
1
2
3049668607
2
2
2
2
2
2
2
2
27965844101
2
2
1
2
1
1
2
1
2
2
2
2
2
1
1
2
2
2
1
2
1
1
2
1
2
2
1
2
1
2
2
2
2
2
2
2
1
2
2
2
2
2
2
1
2
2
2
2
2
2
2
1
2
2
1
2
2
2
2
2
2
2
2
1
2
2
2
1
2
2
2
2980374585
2
2
2
2
1
2
1
2
2
2
2
2
2
1
2
1
1
2
2
2
2
2
2
2
1
1
2
2
1
2
2
2
1
1
2
2
2
2
2
1
2
1
2
2
2
2
2
2
2
2
1
2
2
2
1
2
2
2
2
1
1
2
2
1
2
2
2
2
2
2
2
2
2
2
2
2
2
2
1
2
2
2
2
2
2
2
2
2
2
2
1
2
2
2
2
2
2
2
2
2
2
1
2
2
2
1
2
2
2
2
2
2
2
1
2
2
2
2
2
2
2
1
2
2
2
2
2
2
2
2
2
2
2
2
2
2
2
2
2
1
1
2
2
2
1
2
2
2
2
2
1
2
2
2
1
2
1
2
2
1
2
1
2
2
2
2
2
2
2
2
2
2
2
2
2
44830642343
2
2
2
2
2
2
2
2
2
2
1
2
2
1
2
2
1
2
1
2
2
2
2
2
2
2
1
2
2
2
2
2
1
2
1
90856405201
2
2
2
2
2
1
2
39465372529
2
2
1
1
2
2
2
2
2
2
2
2
2
2
2
2
2
2
2
2
2
2
2
2
2
1
1
2
2
1
2
2
1
2
2
1
2
20374876555
2
1
2
2
1
2
2
2
2
2
2
2
1
2
2
2
2
2
1
2
2
2
2
2
2
2
2
2
1
2
2
2
2
2
1
2
2
2
2
2
1
2
2
1
2
2
2
1
2
2
1
2
2
2
2
2
2
1
2
2
1
2
2
2
2
2
1
2
2
2
88045780382
2
1
1
1
2
2
2
2
2
2
2
2
2
2
1
1
2
1
2
2
2
2
2
2
2
2
2
2
1
2
2
2
2
2
2
1
1
2
2
1
2
1
1
2
2
2
2
1
1
1
2
2
2
2
2
2
2
1
2
2
2
2
2
1
1
2
2
2
1
2
2
2
2
2
2
2
2
2
2
2
1
1
2
2
2
2
2
2
2
2
2
2
2
2
1
1
2
2
2
2
2
2
2
2
1
2
2
2
2
2
2
2
2
2
2
1
2
2
2
2
2
2
2
2
2
2
1
2
1
2
2
2
1
2
2
1
2
2
2
2
2
2
2
2
2
2
2
2
2
2
1
2
2
2
2
2
2
2
72088285620
2
1
2
2
2
2
2
1
44104244366
2
2
1
2
2
2
2
1
2
2
1
2
2
2
2
2
2
2
2
2
1
2
2
1
2
2
1
1
2
2
2
2
2
2
2
2
2
1
2
1
2
2
2
1
2
1
2
2
2
2
2
2
1
2
2
2
2
2
2
2
1
2
2
2
1
1
2
1
2
1
2
2
1
2
92815369126
2
1
2
2
2
2
2
1
1
2
2
2
2
2
2
2
84103307786
2
1
2
2
2
2
1
2
2
2
1
2
2
1
2
2
1
2
2
2
89159055439
2
2
2
2
2
2
2
1
2
2
1
2
2
1
2
2
2
23756311072
2
2
2
2
2
2
2
2
2
2
2
2
2
2
2
2
2
2
1
2
2
2
2
2
1
2
2
2
2
2
2
2
2
2
1
2
1
2
2
2
43562243820
2
1
2
2
2
2
2
2
2
2
2
2
2
2
2
2
2
37746629136
2
1
2
2
1
2
2
2
2
2
2
2
2
2
2
2
1
2
1
2
2
2
2
2
18058899147
2
2
2
1
2
2
2
2
2
2
2
2
2
2
2
2
1
2
2
24963970491
2
90745812036
2
2
2
2
2
2
2
2
2
2
1
2
2
1
2
2
2
2
2
1
1
2
2
2
2
2
2
2
2
2
2
1
2
2
2
2
2
2
2
2
2
2
1
2
2
1
2
1
2
2
2
2
2
2
2
1
2
2
2
1
1
2
2
2
1
2
1
2
32102614838
2
2
2
1
2
2
2
2
2
2
2
2
2
2
2
2
2
2
2
2
1
2
2
2
2
2
2
2
2
82100331197
2
1
1
2
2
2
2
2
2
2
2
2
2
2
2
1
2
1
2
2
2
2
2
2
2
2
2
2
2
2
2
2
2
2
2
2
2
2
1
1
2
2
2
1
2
2
2
2
2
2
2
1
1
2
2
2
2
2
2
2
2
2
2
2
2
2
2
1
2
2
2
2
1
2
1
2
1
2
2
2
2
2
2
1
2
1
2
2
2
2
2
1
2
2
1
2
2
2
1
2
2
2
2
2
2
1
2
2
2
1
2
2
1
2
1
2
1
1
2
2
2
2
2
67177073197
2
2
2
2
2
2
2
1
2
2
2
2
1
2
2
2
1
1
31133544448
2
2
2
2
2
2
2
2
4583473985
2
2
2
2
2
2
2
2
2
2
1
1
2
2
1
2
29254127666
2
2
2
1
2
2
1
2
2
2
1
2
2
1
2
2
2
2
2
2
1
2
2
2
1
2
2
2
2
2
2
1
2
2
2
2
2
2
2
1
1
2
2
1
2
2
1
2
2
2
2
2
2
2
2
2
1
2
2
2
2
2
2
2
2
2
2
2
2
1
2
2
1
2
2
2
2
1
1
2
2
2
2
2
1
2
2
2
2
2
2
2
2
2
2
2
2
1
2
1
2
1
1
2
2
2
2
2
2
2
1
2
2
2
2
2
2
2
2
2
2
2
2
2
1
2
2
2
1
2
2
2
1
2
2
2
2
2
2
2
1
2
2
2
2
2
1
2
2
2
2
2
2
1
2
2
2
2
2
2
2
2
2
2
2
1
2
2
1
1
2
2
2
2
2
2
1
2
2
2
1
2
2
1
2
2
2
2
2
1
2
2
1
1
2
2
2
2
2
2
2
2
2
2
2
1
1
2
2
2
2
2
2
2
2
2
2
1
2
2
2
2
2
2
2
2
2
1
2
2
2
2
1
2
1
2
2
1
1
2
1
1
2
2
2
2
1
36199094236
50969284581
2
2
1
1
2
2
2
1
2
2
1
2
2
2
2
35016540268
2
2
2
2
1
2
2
2
2
2
2
2
2
2
1
2
2
2
2
2
2
2
1
1
2
2
2
2
2
1
1
2
2
2
2
2
2
2
2
1
2
2
1
2
1
2
2
2
1
2
2
2
2
2
2
2
2
2
2
2
2
2
2
40975344673
2
2
2
2
32882528165
2
2
2
1
2
2
2
2
2
2
2
2
2
1
2
1
2
2
2
1
2
1
2
2
64165232284
2
2
2
2
1
2
1
2
2
2
2
1
2
2
2
2
2
2
2
2
1
2
2
2
2
2
1
2
2
2
1
2
2
2
2
2
2
2
1
2
1
2
1
2
2
2
2
2
2
2
1
1
1
2
2
2
2
2
1
2
1
1
2
1
2
2
2
2
2
2
2
2
2
1
2
2
1
1
1
2
2
2
2
2
2
2
2
2
2
2
2
2
2
2
2
2
2
2
2
2
2
2
2
1
2
1
2
1
2
1
2
2
2
1
2
2
2
2
2
2
1
2
2
2
1
2
2
2
2
2
2
2
2
1
1
2
2
1
2
2
2
2
2
2
2
2
2
1
2
2
2
2
2
2
2
2
2
2
2
2
2
2
2
1
2
2
1
2
2
2
2
51589583154
2
2
2
2
2
2
2
2
2
2
2
2
2
2
2
1
1
2
2
2
2
2
2
2
1
1
2
2
2
2
2
2
2
1
2
2
95921745417
2
2
2
2
2
2
2
2
2
2
2
2
1
2
2
2
2
2
1
2
91057807532
2
2
2
2
2
2
1
1
1
2
2
1
2
2
2
2
1
2
2
2
2
2
2
2
2
2
2
2
2
2
2
2
2
1
2
1
2
1
2
2
1
1
2
2
2
2
1
2
2
46747131041
1
2
2
2
2
2
2
2
1
2
2
2
2
2
1
2
1
2
2
2
2
2
2
2
2
2
1
2
2
2
2
2
2
2
16826426596
1
2
1
2
1
2
2
67058109872
2
2
2
2
1
2
2
2
2
84240013446
2
2
2
2
2
2
2
46151944427
2
2
2
2
1
2
2
2
1
1
2
2
2
2
2
2
2
2
1
2
2
2
2
2
2
1
1
2
2
1
2
2
2
2
1
2
2
2
2
2
1
2
2
2
2
2
2
2
2
2
2
1
2
1
2
2
2
1
2
2
2
2
2
1
2
2
2
2
70899450951
2
2
1
2
1
2
2
2
2
82573975369
2
2
2
2
2
2
2
2
2
2
2
2
1
2
36896668328
2
2
2
2
1
2
2
2
2
2
2
2
1
2
2
2
2
2
2
2
1
2
2
2
2
2
2
2
39463296751
2
1
2
1
2
2
2
1
2
1
2
1
2
2
2
2
2
2
2
2
1
2
2
2
2
1
1
1
2
1
2
2
2
63240180355
2
2
2
2
1
1
2
2
2
2
2
55032099141
2
2
2
2
1
2
2
2
2
2
2
2
1
56059740662
2
2
2
2
1
2
2
2
2
2
1
2
2
1
2
2
2
2
2
2
1
1
70612313484
2
15311999141
2
2
2
2
2
4653322781
2
1
2
2
2
2
1
2
2
2
2
2
2
2
2
2
1
1
2
2
2
2
2
2
2
2
2
2
15817462730
2
2
2
2
2
2
1
1
2
2
2
2
2
2
2
2
2
1
2
2
2
2
2
2
2
2
1
2
2
2
2
1
2
2
2
2
2
1
1
2
2
2
2
2
1
2
2
2
2
2
2
2
2
2
2
2
2
2
2
1
2
2
2
2
2
1
62970695039
1
2
2
1
2
2
2
2
2
2
2
2
1
2
2
1
2
2
1
1
1
2
2
2
2
2
1
2
1
2
2
2
2
2
2
2
2
2
2
2
2
1
2
2
2
2
2
1
2
2
2
2
2
2
2
2
2
2
1
2
2
2
1
2
2
2
2
96401541830
2
59773837328
2
2
2
2
2
2
2
2
2
2
2
2
2
2
2
2
2
2
2
2
2
2
2
2
2
2
2
1
2
2
2
2
2
2
2
2
2
2
2
2
2
2
2
1
1
2
2
2
2
2
2
2
2
2
1
2
2
2
2
2
1
2
2
1
2
2
2
2
2
2
2
2
2
1
2
2
1
1
2
2
2
2
2
2
2
2
2
1
2
2
2
2
82673126532
1
2
2
2
2
2
2
2
1
2
2
2
1
2
2
2
2
2
2
2
2
2
53167772044
2
2
2
2
2
1
2
2
2
2
2
2
2
2
1
1
2
1
2
2
2
2
1
2
2
2
2
2
2
1
2
2
2
2
2
2
2
2
2
2
2
2
2
2
2
2
2
2
2
2
2
2
2
2
2
2
2
1
2
2
2
2
2
2
2
2
2
2
2
1
2
1
2
1
1
2
2
1
2
2
2
2
2
2
2
2
2
2
1
2
2
2
54845044757
2
2
2
2
79491692192
2
2
2
2
2
2
2
2
1
2
2
2
2
2
2
2
2
2
2
2
1
1
1
2
2
2
2
2
2
2
2
1
2
2
2
2
1
2
1
1
2
2
2
39587066297
1
2
2
2
2
2
2
2
1
2
2
2
2
2
2
2
1
2
2
2
2
2
2
2
2
2
2
2
1
1
81891531125
1
2
2
2
2
2
1
2
2
2
2
2
2
2
2
2
2
1
2
2
2
2
2
1
2
2
2
2
2
1
2
2
2
2
2
2
2
2
2
2
2
2
1
2
1
2
2
2
43940232180
2
2
2
2
2
1
2
2
2
2
1
2
2
2
2
2
2
1
1
2
2
2
2
1
2
2
2
1
2
2
2
2
2
1
2
2
20316551576
2
2
2
2
2
2
2
2
80613614957
2
2
2
2
2
2
1
2
2
2
2
2
2
2
2
2
2
1
2
2
1
2
2
2
2
2
2
2
2
2
1
2
2
2
2
2
2
2
2
2
2
2
2
1
2
2
2
2
2
2
2
2
2
2
2
2
2
2
2
2
2
2
2
1
1
2
2
2
2
1
2
2
1
2
1
2
2
2
2
2
2
2
1
1
2
2
2
2
1
2
2
2
2
2
2
1
2
2
2
2
2
2
2
2
2
1
2
2
2
2
2
2
2
2
1
2
15590871200
1
2
1
2
2
2
2
1
2
2
1
2
2
2
2
1
1
2
2
2
2
2
2
2
2
2
2
2
2
2
2
1
2
2
2
1
2
2
2
2
2
2
2
1
1
1
2
2
2
1
2
2
2
2
2
2
2
1
2
2
1
2
2
2
1
1
2
32948261967
2
2
2
2
1
2
2
1
2
2
2
2
2
2
2
1
2
1
1
1
98326811170
2
1
1
2
2
1
1
2
2
2
2
2
2
2
2
2
2
2
2
2
2
2
2
2
1
2
2
2
2
2
50443767879
2
2
2
2
1
1
2
2
2
2
1
2
2
1
2
1
2
2
2
2
2
2
1
2
1
2
2
2
1
2
2
1
1
2
2
2
1
2
2
2
2
2
1
2
2
2
2
1
1
2
2
2
1
1
1
2
2
2
2
1
2
2
2
2
2
1
2
1
2
1
4428555882
2
7662473788
2
2
2
24652800861
2
2
1
2
2
2
2
2
2
2
2
2
2
1
2
2
2
2
1
1
2
2
2
2
2
2
1
64493184654
1
2
1
2
2
2
2
2
47746886084
1
2
2
2
1
2
2
2
2
2
2
2
2
2
2
2
2
2
2
2
2
2
2
2
2
2
2
2
2
2
1
2
2
2
2
2
2
2
1
1
2
2
2
19654397836
1
2
1
2
1
1
2
2
2
2
2
2
2
2
2
2
2
1
2
2
2
2
2
1
1
2
2
2
2
2
2
2
2
2
2
2
2
2
1
2
2
2
2
1
2
2
2
2
2
2
2
2
1
2
2
1
2
2
2
2
2
2
2
1
2
1
2
2
1
2
1
2
2
2
2
2
1
2
2
2
2
2
2
2
2
2
2
1
2
2
2
2
1
1
2
2
2
2
2
2
2
1
2
1
2
2
2
2
2
2
2
2
2
1
2
2
2
2
1
2
2
2
1
2
2
2
2
2
2
2
2
2
2
2
2
1
2
2
2
2
1
1
1
2
2
2
2
2
2
2
28541002315
2
1
2
2
2
2
2
2
1
1
2
2
1
2
2
2
1
2
2
2
2
2
2
2
1
2
2
2
1
2
2
2
1
2
1
2
1
43456187303
2
2
2
2
2
1
2
2
2
18034413244
2
1
1
2
2
2
2
2
2
2
2
1
2
1
2
1
1
2
1
2
1
2
2
2
2
2
2
2
1
2
2
68633052434
2
2
2
70256631892
2
1
2
2
2
2
1
2
1
2
2
1
1
2
2
2
2
1
2
2
2
1
2
2
2
2
1
2
2
1
2
1
2
2
2
2
2
1
2
2
2
2
2
2
2
1
2
2
2
2
2
20707732171
2
2
1
2
2
2
1
2
1
2
2
2
2
2
2
2
3113118717
2
2
1
2
1
2
2
2
1
2
2
2
2
2
2
5637534319
2
2
2
2
2
2
2
1
2
2
2
2
1
1
1
2
1
1
2
2
1
2
1
2
2
1
2
2
2
2
2
1
1
2
96784526602
1
2
2
2
2
2
2
2
2
2
2
2
2
2
2
1
2
2
2
2
2
1
2
2
1
2
2
2
1
2
1
2
1
2
2
2
2
2
2
2
2
2
2
2
2
2
1
2
2
2
1
2
2
1
2
2
2
2
2
2
2
2
2
2
2
2
2
1
2
2
2
2
2
1
2
2
1
2
1
2
2
2
2
2
2
2
55121068821
2
2
2
2
2
1
2
2
2
2
2
2
2
2
1
1
2
2
1
1
2
2
2
2
2
1
1
2
2
2
2
2
1
2
2
2
2
2
2
2
2
2
2
2
1
1
2
1
2
2
2
1
1
1
2
2
2
1
2
2
2
2
2
1
2
2
2
2
2
1
1
2
2
2
2
2
2
2
2
1
2
1
1
2
2
2
1
2
2
81160211270
1
2
2
2
2
1
2
2
2
2
2
2
2
2
2
1
2
2
1
2
2
2
2
2
2
2
2
2
1
2
2
2
2
2
2
2
1
2
2
2
2
2
33147632457
2
2
2
1
1
2
1
2
2
2
2
2
2
2876134807
2
2
2
2
2
2
2
2
2
2
2
1
2
2
2
2
2
49539625384
2
2
1
1
2
2
1
2
2
2
1
1
2
2
2
2
2
2
1
2
2
2
1
1
2
2
1
2
2
2
2
2
2
2
2
2
2
2
2
2
2
2
2
2
2
2
60499534333
2
2
1
2
2
2
2
2
2
2
2
2
1
2
2
2
2
2
2
2
43941837238
2
2
2
2
2
2
2
2
2
98849854356
2
2
2
2
2
2
2
2
2
2
1
2
2
2
2
2
2
2
2
1
2
2
2
2
1
1
1
2
2
2
2
2
2
2
2
2
2
2
2
2
2
2
1
1
2
1
1
2
2
2
1
2
2
1
2
2
2
2
2
2
2
2
2
2
2
2
2
2
2
2
2
2
2
1
1
2
2
2
2
1
2
2
2
2
2
2
2
2
2
2
2
2
2
2
2
2
2
1
1
2
2
2
2
2
2
2
2
2
2
1
2
2
2
2
1
2
2
1
2
1
1
2
1
2
2
2
1
2
2
2
1
2
2
1
2
2
2
2
2
2
2
1
2
2
2
2
2
2
2
2
2
2
1
2
2
2
1
48385903130
2
2
2
2
2
2
2
2
2
2
1
2
2
2
2
1
2
2
2
1
2
2
1
2
2
2
2
2
1
2
2
2
2
2
2
2
2
2
2
2
2
2
2
2
2
2
2
2
2
2
1
1
2
1
2
2
2
2
2
2
2
2
2
2
2
2
1
1
2
2
2
2
2
2
2
2
1
2
1
2
2
1
2
2
2
2
2
2
2
2
2
2
2
2
2
2
2
2
1
1
52095815906
2
2
1
2
2
2
2
2
2
2
2
2
1
2
31453279688
2
2
2
2
2
2
2
2
2
2
1
2
2
2
2
2
2
1
2
1
2
1
2
2
2
2
2
1
2
2
2
2
1
51558456140
2
2
52322135414
2
2
2
1
1
1
2
2
2
2
2
2
2
1
2
2
2
11577472853
2
2
2
2
2
1
2
1
2
2
2
2
1
2
2
2
2
2
2
2
2
2
2
2
2
2
2
2
2
2
2
1
1
2
1
2
2
2
2
2
2
2
1
2
2
2
2
1
1
2
2
2
2
2
2
2
2
2
2
2
2
2
2
1
2
1
2
2
2
2
2
1
2
2
1
2
2
2
2
1
2
2
2
2
2
2
2
1
2
2
2
2
2
2
2
2
1
1
2
2
2
2
1
2
1
2
2
2
2
2
1
2
1
27002941498
2
2
2
2
2
2
2
1
2
2
1
2
2
2
2
2
2
2
2
2
2
39457280001
2
2
2
2
2
2
2
2
1
2
2
2
2
2
2
2
2
2
2
2
2
1
2
2
2
1
1
2
2
2
2
1
2
2
2
2
2
2
1
1
2
1
2
2
2
2
2
1
2
1
2
2
2
2
2
2
2
2
2
1
1
2
2
1
1
2
2
2
1
2
2
2
1
2
2
2
2
1
1
2
2
2
2347656757
2
1
1
2
2
2
26737701772
2
1
2
2
1
2
2
2
2
2
2
2
1
2
2
2
1
2
2
2
2
2
2
2
2
2
2
2
2
2
2
2
2
1
2
2
1
1
2
2
1
2
2
2
2
2
2
2
2
1
2
2
1
2
2
2
2
2
2
2
2
2
1
57778392736
1
2
2
2
1
1
2
1
2
2
2
2
2
1
2
2
2
1
2
2
2
2
2
2
2
1
2
2
1
2
1
2
2
1
2
2
2
2
1
1
1
2
2
2
2
2
2
2
2
2
2
2
2
2
1
2
1
2
2
2
2
2
2
1
2
2
2
2
2
2
2
2
1
1
2
2
2
2
2
2
2
2
1
2
2
2
2
2
2
2
2
15818014555
1
2
1
2
2
2
2
1
2
2
2
1
2
2
1
2
2
2
2
2
2
2
2
1
2
2
2
2
2
2
2
2
2
1
1
2
2
2
1
2
1
2
2
2
1
2
1
2
2
2
2
2
2
2
2
1
1
2
2
1
2
2
2
2
2
2
2
2
2
2
2
2
2
2
2
2
2
2
2
2
2
2
2
1
2
1
2
2
2
2
2
2
1
2
2
2
2
2
2
2
2
2
2
2
6139575453
2
2
2
2
2
2
1
1
2
2
1
2
2
1
91712393011
2
1
2
2
2
1
2
2
2
2
1
1
2
2
2
1
2
1
1
2
2
2
2
2
1
2
52567013131
2
2
2
2
2
2
2
2
2
2
2
2
2
2
2
2
2
2
2
2
1
2
2
2
2
1
2
2
2
1
2
2
2
2
2
2
2
2
2
1
2
2
2
2
1
93331946409
1
2
2
2
2
1
1
10370822886
2
2
2
1
2
2
2
2
2
2
1
2
2
2
2
2
86851913739
1
2
2
2
2
2
2
2
2
2
1
1
2
1
2
2
1
2
2
2
2
1
2
2
2
2
2
2
2
2
2
2
2
1
2
2
2
2
1
2
2
2
1
2
2
2
2
2
2
33789970081
2
2
2
2
2
2
2
2
2
2
2
2
2
2
2
2
47712639179
2
2
2
1
2
2
1
2
2
2
2
2
2
1
2
2
2
2
2
1
2
2
33361007944
2
1
78057934768
1
2
1
2
1
1
2
2
1
2
78788095548
2
2
2
2
2
2
2
2
2
2
2
2
1
2
2
2
1
2
2
2
1
2
2
2
86462687788
2
2
2
2
2
2
2
2
2
2
2
2
2
2
1
2
2459070973
2
2
2
2
2
2
2
2
2
2
2
2
2
2
2
2
2
2
2
2
2
2
2
2
2
2
2
2
2
2
1
2
2
2
2
2
2
2
2
2
93762538828
2
2
2
2
2
2
2
2
2
2
2
2
2
22334303061
2
1
1
2
1
2
2
2
1
2
2
2
2
2
2
2
2
2
2
2
2
2
2
2
2
2
2
2
2
2
1
2
1
2
2
2
2
2
2
1
2
2
2
2
2
2
2
2
2
2
2
2
2
2
2
2
2
2
1
2
2
1
2
1
2
2
2
2
2
2
2
2
2
2
1
2
1
2
84520713191
1
2
1
1
2
2
2
2
2
2
2
2
2
2
2
2
1
2
2
1
2
2
2
1
2
1
2
2
2
2
2
2
2
2
1
2
2
2
83418271088
2
2
2
2
2
1
2
2
2
2
1
2
2
2
2
1
2
2
2
2
1
2
1
1
2
2
1
2
2
2
2
2
1
1
2
2
2
2
2
2
1
2
2
2
2
1
2
2
2
2
2
2
2
1
2
2
2
2
1
2
2
2
2
2
1
2
2
2
2
2
2
2
2
2
1
1
2
1
2
2
2
2
2
2
1
2
1
2
2
2
2
1
2
2
2
2
2
2
2
2
2
1
2
2
2
2
2
2
2
2
2
2
1
2
1
2
2
2
2
2
2
2
2
2
2
1
1
1
2
2
1
1
2
1
2
2
2
2
2
2
2
1
2
2
2
1
1
2
1
2
2
2
2
2
2
2
2
1
1
2
2
2
2
2
2
1
2
93309979209
2
2
2
2
2
2
2
2
2
1
2
2
2
2
2
2
2
2
2
2
2
2
2
74198573621
1
1
2
2
2
1
2
1
1
2
2
2
2
2
2
2
1
2
1
2
2
2
2
1
1
2
2
1
1
2
2
2
2
2
1
2
2
2
2
2
2
2
1
2
2
2
2
2
2
2
2
2
2
9285254243
2
2
2
1
2
2
2
2
1
1
2
2
2
1
2
2
2
2
2
2
1
2
2
2
2
2
2
2
2
2
2
2
2
2
2
1
2
2
2
2
2
2
2
1
2
2
1
1
2
1
2
2
2
2
1
2
2
2
2
1
2
2
2
2
2
2
2
2
1
2
2
2
2
2
2
2
1
2
2
1
2
2
79764229446
1
2
2
2
2
1
2
1
2
2
2
2
2
2
2
2
20866896446
2
2
2
2
2
2
1
2
2
2
2
20295547728
2
2
2
2
2
2
2
1
1
2
1
2
2
2
2
1
2
2
2
1
2
2
1
1
2
2
2
2
2
2
2
2
2
2
2
2
2
2
2
1
2
2
2
2
2
2
2
2
2
2
2
2
2
2
1
2
2
1
2
2
2
2
1
74085022318
2
2
2
1
2
2
2
2
2
1
2
2
2
2
2
2
2
1
1
1
2
2
1
2
2
2
1
2
2
2
2
2
1
2
2
1
1
2
2
2
2
2
2
2
2
2
2
2
2
2
2
1
2
2
2
2
1
2
2
2
1
1
2
2
2
1
2
1
2
2
2
2
2
2
2
2
2
1
2
2
2
1
2
2
2
2
2
1
2
2
2
1
2
2
2
2
1
2
2
2
2
2
2
1
2
2
2
2
2
2
1
1
63071645775
2
2
1
2
2
2
2
2
1
1
2
2
2
2
2
2
2
2
2
2
2
1
2
2
2
2
1
1
2
2
2
2
1
2
2
2
2
2
2
1
2
1
2
1
1
1
2
2
2
2
2
1
2
2
2
2
1
1
1
2
1
2
2
2
2
2
2
2
2
2
1037021595
2
2
2
2
1
2
2
2
1
2
1
2
1
1
2
2
2
44911584373
72303424951
1
2
2
2
2
2
2
2
2
2
2
2
2
2
2
2
1
24556640309
2
51763231589
2
2
2
2
2
2
2
2
1
2
2
2
2
2
1
2
2
1
2
1
1
2
2
1
2
2
2
2
2
2
2
2
2
1
1
2
2
2
2
2
9039569458
2
2
1
2
2
2
2
1
2
1
2
2
2
1
2
2
2
1
2
2
2
1
2
2
2
1
2
2
2
2
2
2
2
2
2
2
2
2
2
2
1
2
2
2
2
2
2
1
2
2
2
2
2
2
1
2
1
2
2
2
2
2
2
1
2
2
2
2
2
2
2
2
2
1
2
2
2
2
1
1
2
2
2
2
2
2
1
2
2
2
2
2
1
1
2
1
2
2
1
2
2
1
1
2
1
2
2
2
2
2
2
2
2
2
2
2
2
2
2
1
81681583057
2
2
2
1
2
2
2
2
1
2
2
2
2
2
2
2
2
1
2
2
2
2
2
2
2
2
1
2
2
2
2
2
2
2
1
2
2
2
2
2
1
2
2
2
2
2
2
1
2
1
2
1
2
2
1
1
2
2
2
2
1
2
2
2
2
2
2
1
2
2
1
2
2
1
2
2
2
2
2
1
2
2
2
2
2
2
2
2
2
1
2
2
2
2
2
1
2
2
2
2
1
2
2
2
2
2
2
2
2
2
2
2
2
2
2
2
2
1
1
2
1
2
1
2
1
2
2
2
2
2
2
2
2
2
2
2
2
2
2
2
2
2
81025757781
2
2
2
1
2
2
32513140954
2
2
2
2
2
2
2
1
1
2
2
2
1
2
2
2
2
1
2
2
2
2
2
2
2
2
1
1
2
2
2
2
2
1
2
2
2
2
2
2
2
2
2
2
2
2
2
2
17397965309
2
2
1
2
2
1
2
2
2
2
2
2
2
1
2
1
2
2
1
2
1
2
2
2
2
2
2
2
2
2
1
1
2
2
2
2
2
1
1
2
2
2
1
2
1
1
2
1
2
2
2
2
2
2
2
2
2
2
2
2
2
2
2
2
2
1
2
1
1
1
2
1
2
75445367148
2
2
2
1
2
2
2
2
2
2
2
1
2
2
2
2
2
2
2
2
2
2
2
2
2
2
2
2
2
2
2
1
2
2
1
2
1
2
2
1
2
2
1
2
2
1
2
2
2
1
1
2
2
2
2
2
2
2
2
2
1
2
2
1
2
2
2
2
2
2
2
2
2
1
2
2
2
2
2
2
2
2
2
2
1
2
1
2
1
1
2
2
2
1
2
2
2
2
2
2
2
62908156664
1
2
2
1
1
1
2
2
2
2
2
2
2
2
2
2
2
2
2
1
2
2
2
1
2
2
2
2
1
2
2
2
2
2
2
2
2
2
2
2
1
1
2
2
2
1
2
2
2
2
2
2
1
2
2
2
2
2
1
2
2
2
1
2
2
2
2
2
2
1
2
2
2
2
2
2
1
2
2
1
2
1
1
1
2
2
2
2
2
2
2
2
1
2
2
2
2
2
2
2
1
2
2
2
2
2
2
2
2
1
2
2
2
2
2
2
2
2
2
2
2
2
2
2
26867902595
2
2
2
2
2
2
1
2
2
2
2
2
1
2
2
2
2
2
2
1
2
2
2
2
2
2
2
2
2
2
2
2
2
2
2
1
1
2
2
2
1
2
2
1
2
2
2
2
2
2
2
2
2
1
2
2
2
1
1
2
2
1
1
2
2
2
2
2
1
2
2
86112921940
2
1
2
1
2
2
2
2
1
2
2
2
2
2
2
2
2
2
2
2
2
2
2
2
2
2
1
2
2
1
2
2
2
2
2
2
2
2
2
2
2
2
2
2
1
2
2
1
1
1
1
2
2
2
2
1
2
2
1
2
2
1
2
2
1
1
2
2
2
2
1
2
1
2
2
2
2
1
2
1
2
2
2
2
2
2
2
2
2
2
2
1
2
2
2
2
2
1
2
2
2
1
2
2
2
2
2
2
2
2
2
2
2
2
1
1
2
1
2
2
2
2
2
2
2
2
2
2
2
1
1
1
1
2
50057290954
1
2
2
2
1
1
1
2
2
2
2
1
2
9937588509
1
2
2
2
2
1
2
1
2
2
1
1
1
2
2
2
40183534761
2
2
2
2
2
2
2
2
1
2
2
2
2
2
2
1
1
2
1
2
2
1
2
2
2
2
2
1
2
1
1
1
2
1
1
1
2
2
1
2
1
2
1
2
1
2
1
2
2
2
2
2
2
2
2
1
2
1
2
2
2
1
2
2
2
2
1
2
1
2
2
2
2
2
2
2
2
2
2
2
2
2
2
1
2
2
2
2
2
2
2
2
2
2
2
1
2
2
2
2
2
2
2
1
2
2
2
1
2
2
1
2
2
2
2
2
1
2
2
1
2
2
2
1
2
2
2
2
2
2
2
2
1
2
1
2
2
1
2
2
2
2
2
2
2
2
2
2
2
2
2
2
2
2
2
2
2
1
2
2
2
2
2
2
2
2
2
2
1
2
2
2
1
2
2
2
2
2
2
2
1
2
2
2
2
2
62662536560
2
2
2
2
2
1
2
1
2
1
2
2
1
1
2
2
2
2
2
2
2
2
2
2
2
2
2
2
2
80265294781
2
2
2
2
2
2
2
2
2
2
2
2
2
2
2
2
2
2
2
2
2
1
2
2
2
1
2
2
2
2
2
2
2
2
2
2
2
2
2
1
1
2
2
2
1
2
2
2
2
2
2
2
1
1
1
2
2
1
2
2
2
2
2
2
1
2
2
2
2
2
2
2
2
2
2
28336800877
1
2
1
2
2
2
2
2
2
2
2
2
1
2
2
2
2
2
2
2
2
1
2
2
2
1
2
2
2
2
2
2
2
2
2
1
1
2
2
2
1
2
2
2
2
2
2
2
2
1
2
1
2
2
2
2
2
2
2
1
2
2
1
49980836379
1
1
2
2
2
2
2
1
2
2
2
1
2
2
2
2
2
2
2
2
2
1
2
2
2
2
2
2
2
2
1
2
1
2
2
2
2
2
2
2
1
1
2
1
2
2
1
2
1
2
1
1
2
2
2
2
2
2
2
2
1
2
1
2
2
2
2
2
2
1
2
2
2
2
2
2
2
1
2
2
2
2
2
2
2
81906336756
2
2
1
1
2
2
2
2
2
2
2
2
2
2
1
2
2
2
2
2
2
2
2
1
2
2
1
2
2
2
2
2
2
2
2
1
1
1
2
2
1
2
2
1
1
2
1
2
2
1
2
2
2
2
2
2
2
2
2
2
1
2
1
2
2
1
2
2
2
2
1
2
2
2
2
2
2
2
1
2
2
2
2
2
2
2
1
2
2
2
2
2
2
2
2
2
2
2
2
2
2
1
2
2
2
2
2
1
2
1
2
2
2
2
1
2
71077507275
2
2
1
2
2
2
2
98403756775
1
2
2
2
2
1
2
2
2
2
1
2
2
2
2
2
2
2
2
29982810902
2
2
1
1
2
1
1
1
2
2
2
1
2
2
2
1
1
2
2
2
2
1
2
2
2
2
1
1
1
2
1
2
2
2
2
2
2
2
1
2
2
1
1
2
2
2
2
2
1
2
2
2
2
2
2
2
1
2
2
2
2
1
2
2
2
1
2
2
1
2
2
2
1
1
1
2
2
2
2
2
1
2
2
2
2
2
1
2
2
1
2
2
2
2
2
2
1
2
1
2
2
2
2
2
2
2
2
2
1
1
2
20907488032
2
2
2
2
2
2
2
1
2
2
2
2
2
2
2
2
2
2
1
1
1
2
2
2
2
2
2
2
2
2
2
2
2
2
2
2
2
1
1
2
2
1
1
1
2
1
2
2
1
1
1
2
2
2
2
1
2
2
1
2
2
2
2
2
2
2
2
2
2
1
2
2
2
2
1
2
2
2
2
2
2
2
2
2
1
2
1
1
2
2
2
2
2
2
2
2
2
2
2
1
2
2
2
2
2
2
2
2
2
2
2
2
2
2
2
2
2
2
2
2
2
2
1
2
1
2
2
2
14807203872
1
2
1
2
2
2
2
1
2
2
2
2
1
2
2
2
2
2
46911638938
1
2
46486124852
2
2
2
1
2
2
2
1
2
2
2
2
1
2
2
1
2
2
2
2
1
2
2
2
2
2
2
2
2
2
1
2
2
2
2
2
2
2
2
2
1
2
1
1
2
2
2
2
2
2
1
1
2
2
1
2
2
2
2
2
1
2
2
2
2
2
2
2
2
2
2
1
2
2
2
2
2
2
2
2
2
2
2
2
2
2
1
2
2
2
2
2
1
2
2
2
2
1
2
2
2
1
1
2
2
2
2
2
2
2
1
2
2
2
2
2
2
1
2
2
2
2
1
2
1
2
2
2
2
2
2
2
2
1
2
2
2
2
2
1
2
2
2
2
2
2
1
1
2
2
1
2
2
2
2
2
2
2
2
1
1
2
2
2
2
2
1
2
2
2
2
2
2
2
1
2
2
2
2
2
2
2
2
2
2
2
2
2
2
2
2
2
2
2
2
2
2
38382771514
2
2
2
2
2
2
2
2
1
2
1
2
2
2
2
2
2
1
2
2
2
2
2
1
2
1
2
2
2
2
2
2
86842428424
2
2
2
2
1
2
1
2
2
2
1
2
2
2
2
2
2
2
1
2
2
2
1
2
2
2
2
2
2
2
2
2
2
2
2
2
2
2
1
2
2
2
2
2
18259989614
2
2
2
2
2
2
1
1
2
2
2
87179788828
1
2
1
1
39649054472
1
1
2
2
2
2
1
2
2
2
2
2
1
2
2
2
2
2
2
2
2
2
2
1
2
2
2
2
2
2
2
2
1
1
2
2
2
2
2
2
2
2
2
1
1
2
2
2
2
2
2
2
2
2
2
2
2
1
1
1
2
2
2
2
2
2
2
2
2
1
2
2
2
2
2
2
1
2
2
2
2
2
2
2
2
2
2
2
2
2
2
2
1
2
2
2
1
2
2
2
2
2
2
2
2
2
2
1
2
2
2
2
2
2
2
2
2
1
1
2
2
2
1
2
2
1
2
2
2
2
1
2
2
2
1
2
2
2
2
2
2
1
1
2
2
1
2
2
2
1
2
1
2
2
2
2
2
2
2
2
1
2
2
2
2
2
1
2
1
1
1
2
1
2
2
2
2
2
2
1
2
2
1
2
2
1
2
2
2
1
1
1
2
2
2
1
2
2
1
2
2
2
2
2
2
1
1
2
2
2
2
2
1
2
2
2
2
2
2
2
2
60507602503
2
2
2
2
2
2
2
2
2
2
2
2
2
1
1
2
2
2
1
2
2
2
2
1
2
1
2
2
1
1
1
2
2
2
1
2
1
1
2
2
2
2
1
2
2
2
2
2
2
2
2
2
1
2
2
2
2
2
1
1
2
2
1
2
2
2
2
2
2
2
2
2
1
2
2
2
2
2
2
2
2
2
2
2
2
1
2
2
2
1
2
2
1
2
2
2
1
2
2
2
2
2
2
1
2
2
1
2
1
2
2
2
2
2
2
2
2
2
2
2
1
2
2
2
2
1
2
2
2
2
2
2
1
2
2
2
2
2
2
67604881821
2
2
1
2
2
1
1
2
2
2
1
2
2
2
2
2
2
2
1
1
2
2
1
2
2
2
2
2
2
2
2
2
1
2
2
1
1
2
2
2
2
1
2
81660427600
1
2
2
1
2
2
2
2
2
2
1
2
2
1
1
2
2
2
2
2
2
2
2
2
2
2
2
1
2
2
2
2
2
1
1
2
2
2
2
2
1
2
2
2
2
2
2
2
2
2
2
2
99197569539
2
2
2
2
2
2
2
2
2
2
2
2
2
2
1
1
2
17153854768
2
2
1
2
2
2
2
2
2
2
2
1
2
1
2
1
2
2
2
2
2
2
2
2
2
2
2
2
85817928624
2
2
2
1
2
2
1
2
2
2
2
1
2
1
1
2
2
1
2
2
1
2
1
2
2
2
84125091098
2
1
2
2
2
2
2
2
2
2
2
2
2
2
2
2
2
2
2
2
2
2
2
1
2
1
2
2
1
2
2
2
1
2
75461667438
1
2
2
2
2
2
2
2
1
1
2
2
2
2
2
2
2
2
2
2
2
2
1
1
2
2
2
1
2
2
2
1
2
2
2
2
2
2
2
2
2
2
1
1
2
2
2
2
2
2
2
1
2
1
2
2
1
2
2
2
2
2
2
2
2
2
2
2
2
1
2
2
2
2
1
2
2
1
2
2
2
2
2
1
2
1
1
2
70272335505
2
2
2
2
2
2
2
1
1
2
2
2
2
2
2
2
2
2
2
1
2
2
2
2
2
2
2
2
2
2
2
2
2
1
2
2
2
2
2
2
2
2
2
2
2
2
2
1
1
1
1
1
2
2
1
2
2
2
2
2
2
2
2
2
1
2
2
2
2
2
2
2
1
2
1
2
2
2
2
2
27616895616
2
1
2
2
1
28540040120
2
2
2
2
2
2
2
2
2
1
1
2
2
1
45913428874
2
2
2
1
2
1
2
2
2
2
2
2
2
2
2
2
1
1
1
2
2
2
2
1
2
2
2
2
2
2
2
2
2
2
2
2
2
2
2
2
1
2
2
2
2
2
2
2
2
2
2
2
1
2
2
2
2
2
1
2
2
2
2
2
2
80199217839
2
2
2
2
2
1
2
1
2
1
53511919388
1
2
1
2
2
1
2
2
2
2
2
1
2
2
1
2
1
2
2
2
2
2
2
2
2
2
1
2
2
2
1
2
2
1
2
2
2
2
2
2
2
2
2
2
2
2
2
2
2
1
2
2
1
1
2
2
2
2
1
2
2
2
2
2
2
2
2
2
2
1
7615880517
2
2
2
1
2
2
1
2
2
2
2
2
1
2
2
2
2
2
2
2
1
2
2
2
2
1
1
2
2
2
2
2
2
2
2
2
2
2
2
2
2
1
2
2
2
1
1
2
1
2
1
2
2
1
2
2
2
1
1
2
2
2
2
2
2
1
2
2
2
2
2
2
2
2
2
2
2
2
2
2
2
2
2
2
2
2
1
2
2
2
2
2
2
1
1
2
2
2
2
1
1
2
2
1
2
2
2
1
2
2
1
2
2
2
2
2
2
2
2
2
2
2
71619136930
2
2
1
2
2
2
2
2
2
2
2
2
1
2
1
2
2
2
1
2
2
2
1
2
2
2
1
2
2
2
2
2
2
2
2
2
2
2
2
2
2
2
1
2
2
2
2
2
2
1
2
2
1
2
2
2
1
2
2
2
2
2
2
2
2
2
2
2
2
2
2
2
2
2
2
1
2
2
2
2
2
2
2
2
2
2
2
2
2
2
2
2
2
2
2
2
2
1
1
2
2
1
2
2
2
2
1
2
2
2
1
2
2
2
2
60412848531
2
2
1
1
2
1
2
1
2
2
1
2
2
2
2
2
2
1
2
2
2
2
2
1
2
2
2
2
2
1
2
2
1
1
1
2
1
2
2
2
2
2
2
2
2
2
2
1
2
2
2
2
2
2
2
2
2
2
1
48872281704
2
2
13566137299
2
2
2
2
2
2
2
1
2
2
2
2
2
2
1
2
2
2
1
2
2
2
1
2
2
2
2
2
1
1
1
2
2
2
2
1
2
1
2
1
2
1
1
2
2
2
1
2
2
2
2
2
1
2
1
2
1
2
2
2
2
1
56227753994
2
1
2
2
2
1
2
2
2
2
2
1
2
2
2
2
2
2
2
2
2
2
2
2
2
1
2
2
2
1
2
1
2
2
2
2
2
2
2
1
2
2
2
2
2
2
2
2
2
2
21585772945
2
59702106983
2
2
2
2
2
2
2
1
2
2
2
1
2
2
2
1
2
2
1
2
2
2
2
2
2
2
2
1
1
2
2
2
2
2
2
2
2
2
2
2
1
2
2
2
2
2
2
2
2
2
2
1
1
1
2
2
2
2
2
2
1
2
2
2
2
2
2
2
2
2
2
2
2
2
2
2
2
2
2
2
2
2
2
2
2
2
2
1
2
2
2
2
2
2
86666162415
2
2
2
2
2
2
2
1
2
2
2
2
2
2
2
2
2
1
2
2
2
2
2
1
1
2
2
2
75780842096
1
1
2
2
2
1
2
1
2
2
2
2
2
2
2
2
2
2
2
1
2
2
2
2
2
2
2
2
2
2
2
2
2
1
2
2
2
2
1
2
2
2
2
2
2
2
2
2
2
2
2
2
2
2
2
2
1
2
2
1
2
2
2
2
2
2
2
2
2
2
78857444374
2
1
2
1
2
2
2
2
2
2
2
2
2
2
2
2
1
2
2
1
2
2
2
2
1
2
2
2
2
1
2
99807257036
2
2
2
1
2
2
2
2
2
2
2
2
2
2
1
2
1
63283429075
2
2
1
2
2
2
1
2
1
2
2
2
2
2
2
2
2
2
2
2
2
2
2
1
2
2
2
2
2
1
2
2
2
2
2
1
1
92504742331
2
2
1
2
2
1
2
2
2
2
2
2
2
2
2
60294063809
1
2
2
1
2
1
2
2
2
2
1
2680956010
2
2
2
2
2
2
2
2
2
2
2
2
2
2
1
2
2
2
2
2
2
2
1
2
2
2
2
2
2
2
2
1
2
1
2
1
2
2
2
2
2
2
2
1
2
2
2
1
1
2
2
1
2
2
2
1
2
2
1
2
1
2
1
2
2
2
2
2
2
2
2
2
2
2
2
2
2
2
29524212375
2
2
2
1
2
2
2
2
2
2
2
1
2
2
2
2
2
2
1
2
83485926325
2
2
1
2
2
2
2
2
2
2
2
2
1
1
1
1
2
2
2
1
2
2
2
2
2
2
1
2
2
1
2
2
2
2
2
2
2
1
2
2
2
2
2
2
2
2
2
2
2
2
2
2
2
2
2
2
1
2
2
2
2
1
1
2
1
2
2
2
2
2
2
1
2
2
2
1
2
1
2
2
1
1
1
2
1
2
2
2
2
1
2
2
2
2
2
2
2
2
1
2
2
1
2
2
1
2
2
2
1
2
2
2
2
2
2
2
2
2
2
2
2
2
1
2
2
2
2
2
1
29472557142
29256046113
2
1
1
2
1
10751002571
2
2
2
2
2
2
2
2
2
2
2
2
2
2
2
2
20601919986
2
2
1
2
2
1
2
2
2
2
1
2
72544538156
1
2
2
2
2
2
2
1
2
1
2
2
2
2
2
2
2
2
2
2
2
2
69928645300
2
2
2
1
2
2
2
2
2
2
2
2
2
2
2
1
2
2
2
2
2
2
2
2
1
2
1
1
2
2
2
2
2
2
2
2
2
1
2
2
2
1
86574180503
2
2
2
1
1
1
2
2
2
2
2
2
2
2
2
2
2
2
2
2
2
2
2
1
2
2
2
1
1
2
2
2
2
1
2
2
2
2
2
2
56510396964
2
1
2
2
2
2
2
2
2
2
1
23025641269
2
2
2
2
2
2
1
2
2
2
2
2
2
2
2
2
2
1
2
2
2
2
2
2
2
2
2
2
2
2
2
1
2
1
2
2
2
2
1
2
2
2
2
2
2
2
2
2
2
1
2
2
2
2
8751178887
2
2
2
2
1
2
2
2
2
2
2
2
2
2
2
1
2
2
2
2
84341739227
2
2
2
2
32666193284
2
2
1
2
2
2
14984260906
2
2
2
2
1
2
2
2
2
2
2
64999644148
2
2
2
2
2
2
2
2
2
2
1
2
1
2
1
2
2337376006
2
1
2
2
2
1
2
2
2
1
2
1
1
2
1
1
2
2
2
2
1
2
1
2
2
2
2
2
2
1
2
2
2
2
2
2
2
2
2
2
2
2
2
2
1
2
2
1
1
2
2
2
2
2
2
2
2
2
2
2
1
2
2
2
2
2
2
2
2
1
2
2
2
2
1
2
2
1
2
2
2
2
2
2
2
75980752169
32457460083
2
2
2
1
2
2
2
2
1
2
1
2
2
2
2
2
2
2
2
2
2
2
2
2
1
2
1
55284467456
2
2
2
1
1
79219784569
2
2
2
2
2
1
1
2
2
2
2
2
2
2
2
2
2
2
1
2
2
1
2
2
1
2
2
1
2
2
2
2
66661396824
2
2
2
1
2
2
2
2
2
2
2
2
2
2
2
2
2
2
2
2
34600030690
2
2
2
2
2
2
2
2
1
2
2
2
2
2
1
1
1
2
2
1
2
2
2
1
1
2
1
1
2
2
2
2
2
2
2
1
2
2
2
2
2
2
2
1
2
2
2
2
2
2
2
2
2
2
2
1
2
2
2
2
2
2
2
2
2
1
1
2
2
2
2
1
2
2
2
2
2
1
2
2
2
2
2
1
2
2
1
2
2
1
1
2
2
1
2
2
2
1
2
2
2
2
2
2
1
2
2
2
2
2
2
1
2
1
1
2
2
2
2
1
2
1
2
2
1
2
2
2
2
1
2
1
2
2
2
2
1
2
1
2
2
2
2
2
2
2
1
59860237199
2
2
2
2
1
1
36796867404
2
2
62845695962
2
2
2
2
1
2
2
2
2
2
2
2
1
2
2
1
2
1
1
2
2
2
2
2
1
1
2
2
2
2
2
2
2
2
2
2
2
2
1
2
2
1
2
2
2
2
2
1
2
2
2
2
2
2
2
1
2
1
2
2
2
2
2
2
2
2
2
1
2
2
2
1
2
2
2
2
1
1
2
2
1
2
2
2
2
2
2
2
2
2
1
2
2
2
2
1
2
2
1
2
2
2
1
2
2
2
1
2
2
2
2
2
2
2
2
2
2
2
2
1
2
2
2
1
2
2
2
2
2
2
1
2
2
2
2
2
2
2
1
2
2
2
2
2
2
2
2
2
2
2
2
2
2
2
2
2
2
2
2
2
2
1
2
2
2
2
2
19898633687
2
1
1
2
2
2
2
1
2
2
2
2
2
2
2
2
2
2
2
2
2
1
2
2
1
2
2
1
2
2
2
2
1
1
2
2
2
1
2
2
2
2
2
2
2
2
2
2
2
2
2
2
1
2
2
29399296083
2
2
2
2
1
2
2
2
2
2
2
2
2
2
1
2
2
1
2
2
1
2
2
2
2
2
2
2
2
2
2
2
1
2
2
2
2
2
1
2
1
1
2
2
1
1
2
2
1
2
2
1
2
2
1
2
2
2
2
2
1
2
2
2
2
2
2
2
2
2
2
1
1
2
2
2
2
58119805372
2
2
2
2
2
2
2
2
2
2
1
2
2
2
2
2
2
2
2
2
2
2
2
16164779642
2
2
2
1
1
2
1
2
2
2
2
2
2
1
2
1
1
2
2
2
2
2
2
2
2
1
2
2
2
1
2
2
2
1
1
1
2
2
1
2
2
1
2
1
2
1
2
1
2
2
2
2
2
2
2
1
1
2
2
2
2
2
2
63740906935
2
1
1
2
2
2
2
2
2
2
2
2
2
1
1
2
2
2
2
2
2
2
1
2
2
2
2
2
2
2
2
2
2
2
1
2
2
2
2
1
1
2
2
2
2
2
42847584465
2
1
2
2
2
2
2
1
2
1
2
2
1
2
2
1
1
2
2
99175955539
1
2
2
2
2
2
1
1
2
2
2
2
2
2
2
2
2
2
2
2
2
2
2
2
1
2
2
2
2
1
2
2
2
2
2
2
1
2
2
2
2
2
1
2
2
1
2
2
2
2
2
1
2
1
2
2
1
2
2
2
1
1
2
76646814901
2
57689275816
2
2
2
2
1
2
2
2
2
2
2
2
2
1
2
1
2
2
2
2
1
2
1
2
2
1
2
2
2
2
2
2
2
2
2
2
2
2
1
2690904928
2
2
1
2
1
2
2
1
1
2
2
2
2
2
2
2
1
2
2
2
2
1
1
1
2
2
2
2
2
2
2
2
2
2
2
2
2
1
2
2
2
2
2
2
2
2
2
2
2
2
2
1
2
2
35416552666
1
2
2
2
41476445411
1
2
2
2
2
2
2
1
2
2
1
2
2
2
2
2
2
2
2
2
1
2
2
2
1
2
2
2
2
2
2
2
2
2
2
2
2
2
2
2
2
2
2
2
2
2
2
2
2
2
2
2
2
2
2
1
2
2
1
2
2
2
2
2
1
2
2
1
2
2
2
1
2
1
2
2
2
2
1
2
2
2
1
2
2
2
2
2
2
2
2
2
6147282652
1
2
2
1
2
2
2
2
2
2
2
2
2
1
2
2
2
2
62985090697
2
2
1
2
2
2
2
1
1
2
2
2
2
2
2
2
2
2
2
2
2
2
2
2
2
2
2
2
2
2
2
2
2
2
2
2
2
2
2
2
2
2
2
2
2
2
2
2
1
2
2
2
2
2
1
2
2
2
2
2
2
1
2
2
2
2
2
2
2
2
2
2
2
2
2
2
2
1
1
2
2
2
1
2
2
2
2
2
1
62792355318
1
2
2
2
2
2
2
2
2
2
1
2
2
2
1
2
2
2
2
2
2
2
2
2
1
2
2
1
2
2
2
2
2
2
2
2
2
1
93257107457
2
2
2
2
2
1
2
2
2
1
1
2
1
2
2
1
2
2
2
2
1
2
1
2
1
2
2
2
2
2
2
2
2
2
2
2
2
2
2
2
2
2
2
2
2
2
2
2
2
2
2
1
2
82985421161
2
2
2
2
2
2
2
1
2
2
2
2
1
2
2
2
2
1
1
2
2
2
2
2
2
2
2
2
2
2
2
2
2
2
7267087514
2
1
2
2
2
2
2
2
2
1
1
2
2
2
1
2
2
2
2
2
2
2
2
1
2
2
2
2
1
2
1
2
2
2
2
2
2
2
1
2
2
2
2
1
2
1
2
1
2
2
2
2
2
2
1
2
2
1
35907473321
2
2
2
2
2
2
2
2
2
2
2
2
2
1
2
2
2
2
2
2
2
2
2
2
2
2
2
2
2
2
2
1
2
2
2
2
2
2
2
1
2
2
1
2
1
1
2
2
2
2
2
1
2
2
1
2
2
2
2
2
2
2
2
1
2
1
2
2
2
65172257244
2
2
2
2
2
1
2
1
1
2
2
1
2
2
2
2
2
2
1
2
2
2
2
2
2
1
2
2
2
2
2
2
2
2
2
2
2
1
2
2
1
1
2
86138842467
2
2
1
1
2
2
2
1
2
2
2
2
2
2
1
2
2
1
2
2
2
2
2
1
2
1
2
2
2
2
2
2
2
2
2
2
2
2
2
2
2
2
2
2
2
1
33436726283
2
1
2
2
2
2
2
2
2
2
2
1
2
2
2
2
2
1
2
2
2
1
69445218352
2
2
2
2
2
2
2
2
2
2
2
2
2
2
2
2
2
1
2
2
1
2
1
1
1
2
2
2
2
2
2
2
2
2
2
2
1
1
2
2
2
2
2
2
1
2
2
1
2
2
2
2
2
2
1
2
2
2
2
2
1
2
2
2
2
2
2
2
1
2
2
2
2
10278151570
1
2
1
2
2
2
2
2
2
2
1
2
2
2
2
2
2
2
2
2
1
1
2
2
2
1
2
2
2
2
2
2
2
2
2
2
2
2
2
2
1
1
2
2
2
2
2
2
2
60925945576
1
2
2
2
2
2
2
2
2
2
2
2
2
2
2
1
2
2
2
2
2
2
2
1
2
2
2
2
2
1
2
2
1
1
2
1
2
2
2
2
2
2
1
1
2
2
2
2
2
1
2
2
2
2
2
2
88975624853
2
2
2
1
7770430986
2
2
2
2
2
2
2
2
2
2
2
2
2
22457444521
1
2
2
2
2
2
1
2
2
2
2
2
2
2
2
2
3308115500
2
2
2
2
2
1
1
2
2
2
1
2
1
2
1
2
2
1
2
2
2
1
2
2
2
1
2
1
2
2
2
2
2
1
2
2
2
2
2
2
2
2
1
1
2
2
1
2
2
1
2
1
2
2
1
2
2
2
2
1
2
2
2
1
2
2
2
2
1
2
2
2
2
2
2
2
2
2
2
2
2
2
2
2
2
2
2
2
2
2
2
1
2
2
2
2
2
1
2
2
1
1
2
2
2
1
2
1
2
1
1
2
2
2
2
2
2
2
2
2
2
55664866129
2
1
2
2
2
2
2
2
2
2
2
2
2
2
2
2
2
1
2
2
2
2
2
2
2
2
2
2
2
2
2
2
2
1
2
23191933792
2
2
1
2
1
12825466274
2
2
12623084319
2
1
71154947624
2
2
1
2
2
2
22312292565
2
2
2
1
2
1
1
2
2
2
2
2
2
2
2
1
2
2
1
2
1
1
2
2
1
2
2
2
2
2
2
2
2
2
2
1
2
2
2
2
2
2
2
2
2
2
2
2
2
2
2
2
2
2
2
2
2
1
2
2
2
1
2
2
2
2
2
2
2
1
2
1
2
2
2
2
2
2
2
2
2
2
2
2
1
2
1
2
2
2
2
2
2
2
1
1
2
2
2
2
1
2
2
2
2
2
2
1
1
2
2
2
2
2
2
2
2
2
1
2
2
2
2
1
2
2
1
2
2
2
2
1
2
2
2
2
2
2
2
1
2
2
1
2
2
2
2
2
2
2
1
1
94118107290
2
2
2
2
2
2
2
1
2
2
2
2
2
2
1
1
1
2
2
2
2
2
2
2
2
1
2
2
2
2
2
1
2
2
2
2
2
2
1
2
2
2
2
1
2
2
2
2
2
2
2
2
2
2
2
2
2
2
2
2
44073245688
1
2
2
2
2
2
2
2
2
2
2
2
2
2
2
6289944813
2
1
2
1
2
1
2
1
1
2
2
2
2
2
1
2
2
2
1
2
2
2
2
2
2
2
2
2
2
97799679036
1
2
2
2
2
1
2
2
2
2
2
1
2
2
2
2
2
2
2
2
2
2
2
2
2
2
2
2
2
1
2
2
2
2
2
1
2
2
1
2
2
2
1
2
1
2
2
2
2
2
1
2
2
1
1
2
2
2
2
1
1
2
2
2
2
1
2
2
2
1
2
2
2
2
1
2
2
2
2
2
2
1
2
1
1
2
2
1
2
2
23356915610
2
2
2
1
2
2
1
2
2
2
2
2
2
2
2
2
2
2
2
2
2
2
2
1
2
2
2
1
2
2
2
2
2
2
2
2
1
1
2
2
2
1
2
2
2
2
2
2
2
2
1
1
2
1
2
1
2
63083635494
2
2
2
2
2
2
2
2
2
2
1
2
2
2
2
2
2
2
2
2
1
2
2
2
2
1
2
1
2
2
2
2
2
2
2
2
2
2
2
2
2
2
2
2
2
2
2
2
2
1
1
1
2
2
2
2
2
2
1
2
2
2
2
2
2
2
65961902443
2
1
2
2
1
2
2
1
2
2
2
2
1
2
2
2
2
2
2
2
2
2
2
2
1
1
2
2
2
1
2
1
2
2
1
2
2
2
1
2
2
2
1
2
2
2
2
2
2
2
2
1
2
2
1
2
1
1
2
2
1
1
2
2
2
2
2
1
2
2
1
2
2
2
1
1
1
1
2
2
2
1
2
2
2
2
2
2
2
1
2
2
2
2
2
2
2
2
2
1
2
1
2
2
2
2
2
2
2
1
2
2
2
2
2
2
2
2
2
2
2
2
2
2
2
2
2
1
2
2
1
1
2
2
2
2
2
1
2
2
2
2
2
2
2
1
2
1
2
1
2
2
2
2
2
2
2
2
2
2
2
2
2
2
2
2
1
2
1
1
2
2
2
2
2
2
1
2
2
2
2
2
2
2
2
2
1
1
2
1
1
2
1
2
2
2
2
2
2
2
2
2
2
2
17224706320
2
1
2
2
2
2
2
2
2
2
2
1
2
2
2
1
2
2
2
2
2
2
2
2
2
2
92949119245
2
2
2
1
2
2
2
2
2
2
2
1
2
2
2
2
2
2
2
1
2
2
2
2
2
2
1
2
2
2
2
2
2
2
1
2
2
2
2
2
2
1
1
2
2
2
2
2
1
2
2
2
2
2
2
2
2
2
2
2
2
2
2
2
2
2
2
2
2
2
2
2
1
2
2
2
1
2
2
2
2
2
2
2
2
2
2
2
2
2
2
2
1
2
2
2
1
2
2
1
64966408467
2
1
2
2
2
2
2
2
2
1
2
2
2
2
2
2
2
2
2
2
2
1
2
1
1
2
2
69532426666
2
2
2
2
2
2
2
2
2
2
2
2
2
1
2
1
2
2
2
2
1
2
2
2
1
2
2
1
2
2
2
2
2
2
2
2
2
2
2
1
2
1
2
2
2
2
2
2
2
2
2
2
2
2
2
2
1
1
2
2
2
2
2
2
2
2
2
1
2
2
2
2
2
2
1
2
2
2
1
2
2
2
2
1
2
1
2
2
2
2
2
2
1
95871579654
2
2
2
2
2
2
2
2
2
2
2
2
2
2
2
2
1
91013851915
2
1
1
1
2
1
2
2
2
2
2
2
1
2
2
2
2
2
2
1
2
2
2
2
2
2
2
2
2
1
2
1
1
2
2
2
2
2
2
2
2
1
2
2
1
2
1
1
2
2
1
2
1
2
2
2
1
2
2
1
2
11551388501
2
2
2
2
2
2
1
2
2
2
2
1
1
1
2
2
2
2
2
2
2
2
2
2
2
2
2
2
2
2
2
1
2
1
2
2
2
2
2
2
1
2
2
2
2
2
2
2
2
2
2
2
35299110938
2
2
2
2
2
1
2
2
2
2
1
1
2
2
1
2
2
2
2
2
2
2
2
2
2
2
2
2
1
2
2
1
2
2
2
2
65254563556
2
2
2
2
2
2
2
2
2
2
2
2
1
2
2
2
2
2
2
2
1
2
2
2
1
2
2
2
2
2
2
1
2
2
2
2
2
2
2
1
2
2
1
2
2
2
2
2
2
2
2
2
2
2
1
2
2
2
2
2
2
2
2
2
1
36388912668
2
2
2
2
2
2
2
2
2
2
2
1
1
1
2
1
2
2
2
2
1
2
1
2
2
2
1
2
2
2
1
2
2
1
2
2
2
1
2
2
2
2
2
2
2
2
1
1
2
2
1
2
2
2
2
2
2
2
2
2
2
2
2
2
2
2
2
2
2
2
2
2
2
1
55404821479
1
2
2
2
1
2
2
2
2
2
2
1
2
1
2
1
2
2
1
2
2
2
1
2
2
2
2
2
2
1
2
2
2
2
2
2
2
2
2
2
72858457657
2
2
2
2
2
2
2
2
2
2
2
1
2
1
2
2
2
2
2
2
2
2
2
2
2
2
2
2
1
1
1
2
2
2
2
1
2
2
2
2
1
2
1
2
1
2
2
2
2
2
2
1
2
2
2
2
2
2
2
2
2
2
2
2
2
2
2
2
1
1
1
2
1
2
2
2
2
1
2
1
2
2
2
2
2
2
2
2
2
2
1
2
2
2
2
76243186739
2
2
2
1
2
1
2
2
2
2
2
1
2
2
2
2
1
1
2
41536831596
2
1
2
2
1
1
2
2
2
2
2
2
2
2
1
1
2
1
2
2
2
2
2
1
2
2
2
2
2
1
2
2
2
2
2
2
2
2
2
2
2
2
1
2
2
2
2
2
2
2
2
2
1
2
2
2
2
2
1
1
2
2
2
1
2
1
2
2
2
2
2
2
1
2
2
1
2
2
1
1
2
2
2
2
2
2
1
2
1
1
2
1
1
1
1
65977198074
2
2
20328446457
2
1
2
2
2
1
94108040064
2
2
2
2
2
2
2
2
2
2
2
13196026982
2
2
2
1
2
2
2
2
2
2
2
2
2
2
42062681731
2
1
2
2
2
1
2
2
2
2
2
1
2
2
1
2
2
2
2
2
2
1
2
2
2
2
2
1
2
1
2
2
1
2
2
2
2
1
2
2
2
2
2
1
2
2
2
2
2
2
2
2
2
1
2
2
1
2
2
2
2
2
2
1
2
2
2
2
2
2
2
2
2
2
73671452816
2
1
2
2
2
2
2
2
1
2
2
2
2
2
2
2
2
1
2
2
2
2
2
2
2
2
1
2
2
2
2
1
2
2
53010862898
2
2
2
2
2
2
2
2
53122252500
2
1
2
2
1
58718834655
2
2
2
2
2
2
2
2
1
1
1
2
2
2
1
1
2
2
26865033569
2
2
2
2
2
8919653742
2
2
2
2
2
2
2
1
1
1
2
1
2
2
2
2
1
2
2
2
2
1
1
2
2
2
2
1
2
2
2
2
2
2
2
2
2
2
2
2
2
2
2
1
2
1
2
2
12876417816
2
1
2
2
2
1
1
2
2
2
2
1
2
2
2
1
2
2
2
2
1
1
1
2
2
79640339452
2
2
2
2
2
1
2
2
2
2
2
2
2
2
2
2
2
2
2
1
2
2
2
2
2
2
2
2
2
2
1
2
1
1
1
2
2
2
2
2
1
2
2
2
1
2
1
2
2
1
2
2
1
2
2
93850240452
2
2
2
2
2
1
1
1
2
2
2
1
2
2
2
2
2
2
2
2
2
1
2
2
1
2
2
2
2
2
2
2
2
1
2
2
2
2
2
2
2
2
1
2
2
2
1
2
2
1
2
40465221934
45707346962
1
2
1
2
2
2
2
2
2
1
2
2
2
2
1
2
2
2
2
2
1
2
1
1
2
2
2
2
2
2
1
1
1
2
1
2
2
2
2
2
2
2
1
2
2
2
1
1
2
2
2
2
1
2
1251549564
2
1
3945784721
2
1
2
2
2
2
2
2
2
2
2
2
2
2
1
1
2
2
2
2
1
2
2
2
2
2
2
2
1
2
1
2
2
1
2
2
10316318483
2
2
2
2
2
2
2
2
2
2
2
2
1
2
2
1
2
2
2
1
2
1
2
2
1
2
2
2
2
1
2
2
2
2
2
1
1
2
2
2
2
1
777369858
2
2
2
1
2
2
2
2
2
2
1
1
2
2
2
2
2
2
1
2
2
2
2
2
2
2
2
2
1
1
1
1
2
2
2
2
2
2
2
2
1
2
2
2
2
2
2
2
2
11412337491
2
2
2
2
2
2
1
2
2
2
2
1
2
2
2
2
1
2
2
2
2
2
2
2
2
2
2
2
2
2
1
1
1
2
2
1
2
1
2
2
2
2
2
31128308174
1
1
2
2
1
2
2
1
1
2
1
2
2
2
2
2
2
1
2
2
2
2
2
2
2
2
2
2
2
2
2
1
2
2
2
2
2
2
2
2
2
2
2
2
2
2
2
2
2
2
2
2
2
2
2
2
2
2
2
2
1
1
1
2
2
2
1
2
2
2
2
2
2
2
2
2
2
43672445705
2
2
2
2
2
2
2
2
1
2
2
2
2
2
2
2
2
2
2
2
2
2
2
2
1
2
2
1
2
2
2
2
1
1
1
2
2
2
2
2
2
2
2
1
2
2
2
2
2
2
1
2
2
2
2
1
2
1
2
2
2
2
1
1
2
2
2
1
2
2
2
2
2
2
2
2
2
1
2
1
2
2
2
2
2
2
2
2
2
2
2
2
2
2
1
1
1
2
2
2
2
2
2
2
2
2
2
2
2
2
2
2
1
2
1
2
2
2
2
2
2
2
2
2
2
2
2
2
2
2
2
2
2
2
2
2
2
1
2
2
2
1
2
2
2
1
2
2
2
1
2
1
2
1
2
2
2
2112821487
2
2
2
2
1
1
2
2
2
2
2
1
1
2
2
1
1
1
2
2
2
2
2
2
73316404630
2
2
2
2
1
2
1
2
2
2
1
2
2
2
2
2
2
1
2
2
2
2
2
2
2
2
2
2
2
2
2
2
2
1
2
2
1
2
2
2
2
2
1
2
2
2
1
2
2
2
2
2
2
2
1
1
1
2
2
2
2
2
2
2
2
99465980612
1
2
2
2
2
2
1
2
2
2
1
2
2
2
2
2
2
2
2
2
2
1
2
2
1
2
2
1
2
2
2
2
2
68433479483
2
2
2
2
2
2
2
2
2
2
1
2
2
2
2
2
2
2
2
2
2
2
2
2
2
1
2
2
2
1
1
2
2
2
1
2
2
2
2
1
2
2
2
2
2
2
2
2
2
2
2
2
2
2
2
2
1
2
2
2
2
2
2
2
2
58849489895
2
2
2
2
2
2
2
2
2
2
2
2
2
2
2
2
1
1
2
1
2
2
2
70074649863
2
2
2
2
2
2
2
2
2
2
2
2
92309032500
2
2
2
2
1
2
1
2
2
2
2
2
2
2
2
2
2
2
1
2
2
2
2
2
2
1
2
2
2
1
2
2
2
2
1
2
2
2
2
2
2
2
2
2
1
2
2
2
2
1
2
2
2
2
2
2
2
2
1
2
2
1
2
2
2
1
1
1
2
2
1
2
2
2
2
1
2
2
1
2
2
2
2
2
2
2
1
2
1
2
1
2
2
1
2
2
1
2
2
2
2
2
2
1
2
2
2
2
2
2
1
2
2
2
2
2
2
1
2
1
1
1
2
2
2
1
2
2
2
1
2
2
1
2
1
2
2
1
2
2
2
2
1
2
2
2
2
2
2
2
2
2
1
1
2
2
2
1
2
1
2
2
2
2
1
2
1
2
2
2
2
1
1
2
1
2
2
1
2
2
2
2
2
2
2
2
2
2
1
2
2
2
2
2
2
1
2
2
2
2
2
1
2
2
2
2
2
2
76560542188
2
2
1
2
2
2
2
2
2
2
2
2
2
2
1
1
2
2
2
2
2
2
1
2
2
2
2
2
1
2
2
2
2
1
1
2
2
2
2
2
2
2
2
2
2
2
1
2
1
2
18573904053
2
2
2
2
2
2
2
1
2
2
2
2
2
1
2
2
1
2
2
2
2
1
2
2
2
2
2
1
1
1
2
2
2
1
2
1
2
2
2
2
2
2
2
2
2
1
2
2
2
2
2
2
2
2
1
2
2
2
2
2
2
2
2
2
1
1
2
1
1
2
2
2
2
2
2
2
2
2
2
2
44450931218
1
2
14034945449
2
2
5221539906
2
15582706481
1
2
1
2
2
2
2
52421028219
2
2
2
2
2
1
2
2
2
1
2
2
2
1
2
2
1
2
1
1
2
2
2
1
2
2
2
2
2
1
2
2
2
2
2
2
2
2
2
2
2
2
1
2
2
2
2
2
2
2
1
2
1
2
1
2
2
2
1
2
2
2
2
2
1
2
2
2
1
2
1
2
2
2
92098617559
2
2
2
2
2
2
1
2
2
1
2
2
2
2
1
2
2
2
2
2
2
2
2
2
18865199712
2
2
2
94532608485
2
2
2
2
2
2
2
2
2
2
2
1
2
1
2
2
2
1
2
2
2
25084345412
1
2
1
1
2
2
2
1
2
2
1
2
2
2
2
2
1
1
2
2
2
2
2
2
2
2
2
2
2
2
2
2
2
2
2
1
2
1
1
2
1
2
1
2
2
2
2
2
2
2
2
2
2
2
2
2
2
2
2
2
2
2
2
2
2
2
2
2
2
2
2
2
1
32273552712
2
2
2
58295610989
2
1
2
2
2
1
2
2
2
2
2
2
2
2
34335959488
1
2
2
2
2
2
1
2
2
2
1
2
2
1
1
2
2
2
2
2
1
1
2
2
2
2
2
2
2
1
2
2
2
2
1
1
2
2
1
2
2
1
1
1
1
1
2
2
2
2
2
2
2
2
1
2
2
2
2
2
2
2
2
2
2
2
2
2
2
2
47942649625
2
2
2
1
2
2
2
2
2
2
2
2
2
2
2
1
2
2
2
2
1
1
2
1
2
2
1
1
2
2
2
2
2
2
2
1
2
2
2
1
2
2
1
2
2
1
2
2
2
2
2
1
2
2
2
2
2
2
2
1
2
1
2
2
2
2
2
2
2
2
2
1
1
1
2
2
2
2
2
2
1
2
2
2
2
2
2
2
1
2
2
2
2
2
2
2
85017791870
2
2
2
1
1
2
2
2
2
2
1
2
2
2
1
2
1
2
1
1
2
2
37532788462
1
2
1
2
2
2
2
2
2
2
2
2
1
2
1
1
2
2
2
2
2
2
2
2
2
2
2
2
2
1
74920059134
2
2
2
2
2
2
2
1
2
2
1
2
2
2
1
2
2
1
2
2
2
2
2
2
1
2
2
2
2
2
2
2
2
1
2
2
2
2
2
2
2
2
2
2
2
2
2
2
2
1
1538288664
2
2
2
1
1
2
2
2
2
1
2
2
1
2
2
2
2
2
1
1
2
2
2
2
2
2
2
2
1
2
1
2
2
2
1
2
2
82978749477
1
2
2
2
2
1
2
2
2
2
1
1
1
2
1
2
2
2
2
2
2
1
20304934616
2
2
2
2
2
2
2
2
2
2
2
2
2
2
2
2
2
1
1
2
1
2
2
2
2
2
1
1
2
2
2
2
2
1
2
2
2
2
2
2
1
1
2
2
2
2
2
2
2
2
2
1
2
2
2
1
2
1
2
2
1
2
2
2
2
2
2
2
1
1
2
1
2
2
2
2
2
1
17987557248
2
2
2
1
2
1
2
2
2
2
2
2
1
2
2
2
2
2
2
2
2
2
2
2
2
2
2
2
2
2
1
2
2
2
2
2
1
2
2
2
2
1
2
2
2
2
2
2
2
2
1
50699369924
2
1
2
2
2
1
2
1
2
1
1
2
2
2
58682763748
1
2
2
2
2
1
1
2
2
1
2
2
1
2
2
1
2
2
2
2
1
2
2
2
2
1
2
2
2
1
2
2
1
2
84869953385
2
2
1
1
2
2
2
2
2
1
1
2
2
2
2
2
2
2
1
2
2
2
2
2
2
2
2
2
2
2
2
2
1
2
2
2
2
2
2
2
2
2
2
2
2
2
2
2
2
2
2
2
2
2
2
2
2
2
17050844854
2
2
2
2
2
2
2
2
2
1
2
1
2
76952708221
2
2
2
2
2
2
2
2
2
2
2
1
1
2
2
2
2
2
2
2
2
2
2
2
40731072641
1
2
2
1
1
2
1
2
1
2
1
2
2
2
1
2
2
2
2
2
2
2
1
47341574908
2
2
2
2
2
2
2
2
2
2
1
1
2
2
2
2
2
2
2
2
2
1
1
2
1
2
2
2
1
2
2
2
2
2
2
1
2
2
2
2057559390
1
2
2
1
2
1
2
1
2
2
1
2
2
2
2
2
1
2
2
2
2
1
2
2
2
2
2
1
2
1
2
2
2
2
2
2
2
2
2
2
2
2
2
2
1
2
2
1
1
2
2
2
2
2
2
2
2
2
2
2
1
1
2
2
2
2
2
1
2
2
2
2
2
2
2
18345926060
1
2
2
93316004466
2
2
2
2
2
2
2
2
2
2
2
1
2
2
1
2
2
1
2
2
1
2
2
2
2
2
1
1
1
1
2
2
2
2
2
2
2
2
1
2
2
1
2
2
1
2
1
2
2
2
2
2
2
2
2
1
2
2
24248551613
2
2
2
2
2
2
2
2
2
2
2
2
2
2
2
2
2
2
2
1
2
2
2
2
2
2
2
2
2
2
2
2
1
2
2
2
2
2
17089944714
1
2
2
2
2
2
2
1
2
2
2
2
2
2
2
2
2
2
2
2
2
2
1
2
2
2
2
1
2
2
1
1
2
2
2
2
2
2
2
2
2
2
2
2
2
2
1
2
2
1
2
1
2
2
1
2
1
2
2
2
2
1
2
2
2
1
1
2
2
1
2
1
2
1
2
2
2
2
2
2
2
2
2
2
1
2
2
2
2
2
2
2
2
1
2
2
1
1
2
2
2
1
2
2
2
1
2
2
2
2
2
2
2
1
1
2
2
2
2
2
2
2
2
2
2
2
2
1
1
2
2
2
2
2
2
1
2
2
2
2
2
2
2
2
2
2
2
2
2
2
2
2
2
2
1
2
2
2
2
2
1
42044855909
2
2
2
2
2
2
2
2
1
2
2
1
2
1
1
2
2
2
2
2
1
2
2
2
2
2
2
1
2
2
2
2
2
1
2
1
1
2
2
2
1
2
2
2
2
2
1
2
350413077
1
2
2
2
2
95900581150
2
2
2
2
2
2
2
1
2
2
2
2
2
2
2
2
2
2
2
2
1
2
2
2
2
1
2
2
2
28448796275
1
2
2
2
2
2
1
2
2
2
2
1
2
2
2
2
2
2
2
2
2
2
2
2
2
1
2
2
1
2
2
2
2
2
2
2
1
1
2
1
2
2
2
2
2
1
2
2
2
2
2
2
2
2
2
2
2
2
2
2
2
1
2
1
1
2
2
2
1
2
2
1
2
1
2
2
2
2
1
2
2
2
2
2
2
2
2
2
2
2
2
2
2
1
2
2
2
2
2
2
2
2
2
1
2
1
2
1
2
2
1
2
2
2
2
2
1
2
1
2
1
2
2
2
2
2
2
2
2
1
2
1
2
2
2
2
2
2
2
2
2
1
2
2
2
2
1
2
2
2
2
2
1
2
2
2
2
2
1
1
2
2
2
2
2
2
2
1
2
1
2
2
56325936394
1
2
2
2
2
1
2
2
2
2
2
2
2
2
1
2
1
2
2
2
2
2
2
2
2
1
2
2
2
1
2
2
2
2
2
2
2
2
1
2
2
1
2
2
2
1
2
2
2
2
1
2
1
2
2
2
2
2
1
2
1
95187232262
2
2
2
1
2
2
1
1
2
2
2
2
2
2
1
2
2
2
2
1
2
2
2
2
2
2
2
2
1
2
2
2
2
2
2
2
2
2
2
2
2
2
1
1
2
2
2
2
2
2
2
84717531136
2
2
2
2
1
2
2
2
2
2
72935964086
2
2
1
2
2
15298932258
2
81771626883
2
2
2
1
1
1
2
1
1
2
2
2
2
1
2
1
2
2
1
2
1
2
2
2
2
2
2
2
2
2
2
2
2
2
1
2
2
2
2
2
2
2
2
2
2
2
2
2
2
2
1
1
2
2
2
2
2
2
2
2
2
2
2
2
2
2
2
2
2
2
2
2
2
2
2
2
1
2
2
2
2
2
2
2
1
2
2
2
2
2
2
2
1
1
1
2
2
2
2
2
1
2
2
1
1
2
2
2
2
2
2
2
2
2
1
2
2
2
1
2
2
1
2
1
1
1
2
2
2
2
1
2
2
2
2
2
2
2
2
2
1
2
2
2
2
2
2
2
1
2
2
2
2
2
2
2
2
2
2
2
2
2
2
2
1
2
2
2
1
2
2
60891434406
2
2
1
2
1
2
2
1
2
2
2
2
2
2
2
2
2099511169
2
2
2
2
2
1
2
2
2
2
2
2
2
2
2
2
2
2
2
2
2
2
2
2
2
2
1
2
2
2
2
1
2
2
2
2
2
2
2
2
2
2
2
2
2
2
2
2
2
2
2
2
2
2
1
2
2
2
2
2
