2
2
1
1
1
2
95882969259
2
2
2
1
1
2
2
1
1
1
1
1
2
2
2
1
1
2
2
2
21043792082
2
1
1
1
1
1
2
2
2
1
2
1
2
1
1
2
2
2
1
1
2
1
2
1
1
1
2
2
1
1
1
1
1
1
2
2
2
2
1
1
1
2
2
1
2
1
2
1
1
1
1
2
2
2
1
1
1
1
2
2
1
1
1
1
1
1
2
2
1
2
1
1
2
2
2
2
1
1
1
2
1
1
2
2
1
86491813369
1
1
1
1
1
2
2
2
1
1
2
1
2
2
1
22739058201
1
1
1
1
86545079133
2
1
2
2
1
2
2
1
2
1
1
2
2
1
1
2
1
2
2
1
2
2
2
1
2
1
1
1
2
1
1
2
1
1
2
1
1
1
2
2
58212637724
1
2
2
2
1
1
2
1
2
95077280715
1
1
1
1
2
2
1
2
1
2
1
2
1
1
1
1
1
2
1
2
2
1
1
2
2
2
2
1
2
2
1
2
1
2
2
1
1
2
1
1
2
2
1
2
1
2
2
2
55327445032
1
1
1
1
1
2
1
2
1
1
59209800627
2
1
2
1
1
2
1
1
1
1
1
2
1
2
1
2
2
1
2
2
1
1
1
2
2
2
1
1
1
2
1
1
2
1
2
1
1
64683660085
1
1
1
2
1
2
97830413182
1
2
2
1
1
2
2
1
1
2
1
1
2
2
1
2
1
1
1
1
1
1
2
1
2
2
1
1
2
2
2
2
1
1
2
1
1
1
2
2
1
2
1
2
1
1
1
2
2
2
1
2
2
11022177676
1
1
1
2
1
2
1
2
2
1
1
1
1
2
1
1
2
2
2
2
2
23356218180
1
2
27901353240
2
2
1
1
1
2
2
2
2
1
2
2
1
1
2
1
2
2
1
1
2
2
1
1
19760986022
2
2
1
1
2
2
2
1
1
1
2
1
1
2
1
1
2
4667335342
1
2
1
2
2
1
2
2
2
1
1
2
1
2
1
1
1
1
1
2
1
22539135707
2
2
1
1
2
2
2
206752395
2
1
1
2
2
2
1
1
2
2
1
2
2
2
2
1
1
1
2
2
2
2
2
1
2
2
1
2
2
1
2
2
1
1
1
1
1
2
1
62762422189
88080128787
2
1
2
2
2
95177483238
1
1
2
2
2
2
2
1
1
2
1
2
1
1
1
2
2
1
1
1
1
1
1
2
21911206612
2
1
2
2
2
1
1
1
1
1
1
1
1
1
1
1
1
1
1
33259208785
69634773787
2
2
2
2
2
1
1
1
1
1
1
1
2
1
2
72405999026
1
2
2
1
1
1
2
1
2
2
2
1
1
1
2
2
1
2
2
2
1
1
2
2
2
2
2
2
2
2
2
1
2
1
2
1
2
2
2
1
35518202810
1
1
2
2
1
1
1
2
1
1
2
2
1
2
2
1
1
2
2
2
2
1
70684889643
60796088095
2
2
1
2
2
1
2
1
2
2
1
1
2
1
2
1
77312863506
1
2
1
1
2
2
2
2
1
2
1
2
1
2
1
2
2
2
1
2
1
1
1
1
1
2
1
2
1
2
2
2
1
1
2
2
1
1
2
2
1
1
2
1
2
2
1
2
1
2
59229395861
1
1
1
1
2
1
1
1
1
2
2
2
1
1
2
1
73908016763
16313192927
1
1
1
1
2
1
1
2
1
1
2
2
2
2
1
1
2
1
1
24829870630
1
2
1
2
1
1
1
2
2
2
1
1
2
2
2
1
1
2
1
2
2
1
2
2
53719447434
1
1
1
1
1
1
2
1
2
1
1
2
2
1
21480385432
2
1
1
2
2
1
2
2
1
2
2
2
2
1
2
2
1
1
2
2
1
2
1
1
2
2
2
2
1
1
1
1
2
2
2
1
2
1
2
2
1
1
2
2
2
2
2
2
2
2
2
2
2
1
1
1
2
2
1
1
2
2
1
2
2
1
2
1
1
1
1
2
2
1
2
2
2
2
2
1
2
1
2
2
2
1
2
2
2
2
1
1
2
1
2
1
1
1
1
2
2
1
2
2
2
1
1
2
2
2
12067324747
1
1
67213701585
1
1
2
2
2
2
1
1
1
1
2
2
2
2
1
1
1
1
1
2
1
87740851496
1
1
2
1
1
2
2
1
2
1
2
1
2
1
1
2
1
2
1
2
1
2
1
1
1
1
2
1
2
1
2
2
1
59402091656
1
1
1
1
2
2
1
1
2
1
1
1
2
1
1
2
2
2
2
1
1
1
2
1
1
1
2
1
2
1
2
2
2
2
2
2
2
1
1
1
1
2
1
1
2
2
1
1
1
2
2
1
2
2
2
2
1
2
2
1
2
1
1
1
2
61735899580
2
1
2
1
2
2
2
2
2
48769668529
2
2
1
2
2
2
2
2
1
1
1
2
2
1
2
2
2
1
1
2
1
2
2
1
2
2
1
1
1
1
2
1
1
2
1
2
1
2
2
83473800017
2
2
24378317777
2
2
1
1
1
1
2
2
1
2
1
1
2
1
2
2
1
1
1
2
1
1
2
1
1
1
1
2
2
2
2
2
1
2
1
1
1
2
2
2
1
2
2
2
1
2
1
1
1
1
2
1
1
2
2
1
1
2
1
2
2
1
2
2
1
2
2
1
1
2
1
2
1
1
2
25854707075
2
36139575995
2
1
1
1
1
2
1
2
1
1
2
1
1
1
2
2
2
37855875973
2
1
1
2
1
1
92441038643
2
1
1
1
2
1
2
1
1
2
1
2
2
94812124701
2
2
1
2
1
2
1
2
1
1
1
2
1
2
2
1
2
2
2
1
2
1
2
2
1
1
32596783055
1
1
1
2
1
1
2
1
1
2
2
2
1
2
2
1
1
2
1
2
2
1
2
2
2
2
1
2
2
1
2
2
2
1
1
1
1
2
1
2
2
1
2
1
2
2
2
2
1
2
2
1
2
1
1
1
1
2
1
1
1
2
1
1
1
2
1
1
2
2
1
2
2
2
1
2
1
1
2
1
1
1
1
1
2
1
73237823920
1
2
1
1
1
1
2
2
2
1
1
2
1
2
2
2
1
2
1
1
2
1
1
1
2
1
1
2
1
1
2
2
1
2
1
2
2
1
1
2
2
2
2
12965535253
1
2
2
2
2
1
1
2
1
1
77964891089
2
2
2
1
2
1
2
1
2
1
1
1
89061178736
1
1
2
87474456475
2
2
1
2
1
2
2
2
1
1
2
2
2
2
1
2
1
2
2
2
2
1
2
1
1
2
36608177820
2
2
1
2
1
1
1
1
1
1
1
43138943574
1
1
2
2
2
1
2
1
1
2
2
1
2
2
2
2
2
1
2
2
1
1
1
2
2
2
1
1
1
2
2
2
68429825744
2
1
1
2
2
2
1
2
2
1
2
1
1
1
2
1
2
77185954118
1
2
2
2
2
2
1
2
1
1
21960664282
2
1
1
2
1
2
1
2
2
2
2
2
2
1
1
2
1
1
2
1
1
2
1
1
2
1
2
2
1
1
2
1
1
2
2
2
1
2
1
2
2
1
1
1
2
2
1
2
1
1
1
2
2
2
1
2
2
1
1
1
2
2
2
2
2
1
1
1
1
2
2
2
1
1
1
2
2
2
2
2
2
2
1
2
2
1
1
1
1
1
2
2
1
1
60429541577
2
1
2
1
47430710936
2
1
1
1
1609851557
67051292563
2
2
1
1
1
1
1
70058946285
1
2
2
2
1
1
2
2
2
2
1
2
2
2
1
1
1
27479574666
1
1
2
1
2
1
38553604066
2
1
2
1
2
49818339898
2
2
2
2
35719829425
2
1
2
2
2
2
1
2
2
1
2
1
2
2
2
1
1
1
2
2
6345660130
2
1
2
2
2
2
1
2
2
2
1
2
2
2
1
42886366979
90879966801
2
2
2
2
1
2
2
2
2
1
1
1
2
2
1
1
1
1
1
2
1
1
1
2
2
1
1
2
1
1
1
1
1
1
2
2
2
2
1
1
2
1
1
1
2
1
2
1
2
2
1
1
1
1
2
1
2
1
96673295842
1
1
1
1
2
1
1
1
50425188654
1
2
16491467132
2
2
2
2
1
1
1
20042843642
1
1
1
2
2
83082143007
1
2
1
2
2
2
2
2
1
1
2
2
2
2
1
1
1
2
1
2
1
1
1
1
2
62086274302
1
2
1
1
2
1
1
2
87100773960
1
2
2
1
1
2
1
1
2
2
2
2
2
1
59536530114
1
1
1
2
2
1
2
1
2
1
2
1
1
2
98123023223
98609197340
2
1
1
2
98344161276
1
1
2
2
2
1
1
2
2
2
1
1
1
2
1
1
2
1
1
1
1
2
1
57584242993
2
1
1
2
1
1
2
2
2
1
1
1
1
1
1
1
2
1
1
2
2
2
2
2
2
1
2
2
2
1
1
1
2
2
2
2
1
1
2
2
1
2
1
2
1
1
1
2
1
1
1
1
2
2
1
1
2
2
2
1
1
2
2
1
1
9592961067
2
2
2
1
1
2
2
1
1
1
1
1
1
2
54354886337
2
2
2
33881321295
2
2
1
1
1
1
1
1
1
1
1
2
2
2
1
2
1
1
1
1
2
1
43454380201
1
2
1
69156422116
2
1
2
2
2
2
2
1
2
2
1
2
1
2
2
2
2
1
1
1
2
2
2
2
1
2
2
2
1
2
1
1
2
1
2
1
2
2
1
1
2
1
26134951402
2
1
1
2
1
2
2
1
1
1
2
2
2
1
2
1
2
1
1
2
1
1
1
2
2
85700264515
2
1
2
1
1
1
2
2
2756803434
2
2
2
2
2
1
2
1
1
2
2
2
2
1
2
2
2
2
2
1
2
1
1
2
1
1
1
2
2
1
1
1
1
2
1
1
2
1
2
2
1
1
1
2
2
2
1
1
2
2
2
2
1
2
1
2
1
2
2
2
2
2
37985473584
1
1
1
1
2
2
1
2
1
48438297902
1
2
1
2
2
1
2
2
2
1
2
1
2
1
1
2
1
2
2
1
49797896370
1
1
1
2
1
2
2
2
1
1
2
1
1
2
1
2
2
2
2
1
1
2
2
52873272246
2
2
84204336100
2
2
2
2
2
1
2
1
2
26981008523
1
2
2
1
1
2
1
2
1
1
2
1
1
2
2
2
2
2
2
2
1
1
2
2
2
1
2
2
1
2
2
2
1
2
2
1
1
1
1
1
1
1
1
1
1
1
2
2
2
2
2
2
1
1
2
2
1
2
2
20096646494
1
1
2
2
2
1
2
2
1
2
1
2
1
2
78095701556
2
2
2
1
2
1
1
1
2
2
1
2
1
1
2
44357186848
1
2
2
2
1
2
1
2
1
1
2
2
1
2
1
9594102393
1
1
2
1
1
2
2
1
1
2
1
1
1
2
2
2
1
1
2
1
1
2
2
1
2
1
2
1
1
2
2
1
1
2
1
2
1
1
1
2
2
86018597605
2
1
2
1
2
1
1
2
1
2
1
2
2
2
1
2
2
1
1
2
2
2
68393723746
2
2
2
1
2
1
8238654434
2
2
1
2
2
1
2
1
2
1
1
1
1
2
2
2
2
1
2
1
2
39276394222
1
1
1
2
2
2
1
1
1
2
2
1
1
2
2
2
2
53544844613
2
1
2
2
1
2
2
2
2
1
2
1
1
1
2
1
1
1
2
6600638421
1
2
1
1
2
1
1
1
2
1
2
1
1
2
1
2
1
1
2
2
21437909237
2
1
1
2
1
1
2
2
1
2
2
1
1
1
1
2
1
2
1
1
1
2
2
1
2
1
1
1
2
2
2
1
1
1
2
2
2
1
2
32836019562
2
1
2
1
2
1
2
2
2
1
1
3608389214
2
2
2
2
1
1
2
2
2
1
2
1
1
1
1
1
1
1
1
1
2
49932923896
2
1
2
1
1
2
1
2
2
39934617585
1
2
1
1
1
1
2
1
1
26727770116
1
1
2
2
2
2
2
2
2
1
2
1
2
1
2
1
1
1
2
2
1
2
1
2
2
2
2
2
1
2
2
13982731813
1
2
1
2
1
1
2
1
2
1
2
2
2
1
2
90230607982
1
1
2
1
2
65409229742
1
1
1
2
1
2
1
2
1
14549772319
1
1
1
1
2
1
2
44464110755
1
1
1
1
59554658737
1
1
1
2
1
1
1
2
1
1
1
2
1
1
1
1
66846515486
2
1
2
2
2
1
2
2
2
2
1
2
2
2
1
1
2
2
2
66606846967
2
2
2
2
1
1
1
2
2
1
2
1
1
2
2
2
2
2
2
2
1
1
2
2
1
54445327158
1
1
1
2
1
1
1
2
98648196460
2
1
2
1
1
1
2
1
1
1
2
1
1
2
2
3553634845
1
1
2
1
2
2
1
1
2
1
2
1
2
2
2
2
2
2
2
1
2
1
1
1
1
1
1
2
2
1
2
1
1
2
2
1
1
2
2
1
1
1
2
2
1
2
2
2
1
2
1
1
1
1
2
83365575253
2
2
1
1
2
2
2
28974370829
2
1
1
2
2
1
1
2
1
2
1
2
2
2
2
1
1
2
2
1
1
1
1
1
1
2
1
2
1
1
1
1
2
1
2
1
2
1
1
1
1
1
2
2
1
1
2
1
1
86567731862
1
1
1
2
1
1
2
2
1
1
1
2
1
24878807912
2
2
1
1
1
2
1
2
1
1
1
1
2
1
2
2
2
2
2
2
1
1
1
2
2
2
2
1
2
1
1
64018520901
2
1
1
1
2
2
2
2
2
2
2
13559590365
2
1
1
2
2
16435156283
2
2
2
2
1
2
1
2
1
1
1
1
2
2
2
1
1
2
1
1
1
2
1
2
2
1
2
1
2
1
1
1
1
2
2
2
1
2
2
1
2
2
1
2
2
5711289572
2
1
2
1
2
1
2
2
2
2
2
1
1
34422492029
2
1
1
1
1
1
2
1
2
1
74605293907
1
1
2
2
1
2
1
2
1
1
1
2
1
2
2
2
1
1
24660143694
1
1
2
1
2
2
2
1
1
2
1
2
2
2
61031137560
1
1
2
1
2
1
1
2
2
20586338761
1
30967777700
1
2
2
2
1
2
1
71772948363
1
1
1
1
1
1
1
1
2
1
1
1
2
2
1
2
2
1
2
1
2
1
2
2
1
2
1
1
1
2
1
1
2
1
1
1
2
2
67802296318
2
2
1
1
1
2
2
2
1
1
2
2
1
1
1
1
2
2
1
2
2
2
2
1
1
2
1
77278912711
1
1
1
1
2
2
2
2
2
1
2
1
2
1
2
2
1
2
1
2
2
1
2
2
2
1
1
1
2
1
1
1
1
1
2
2
1
2
2
2
1
1
1
1
2
1
2
2
1
2
1
1
2
1
1
2
2
2
1
1
1
57488812781
1
2
1
23890849363
65359782288
2
2
1
2
2
1
2
2
1
2
2
2
85624821900
1
2
2
1
52747914556
5226410844
2
2
2
1
1
2
2
1
1
1
2
1
1
2
2
2
1
2
1
2
1
92622508238
2
1
2
1
2
2
1
2
2
2
2
1
1
2
2
1
1
1
2
2
1
2
2
2
2
2
2
1
2
1
1
2
1
1
2
2
1
1
2
1
2
1
2
1
2
1
1
2
2
2
1
2
2
1
2
1
1
1
1
1
2
1
2
2
2
2
1
1
1
2
1
2
4524807896
1
1
2
1
2
2
1
2
2
2
2
1
1
2
1
2
1
1
1
2
2
1
1
1
2
2
2
2
63419851353
1
1
98166969515
2
2
1
2
1
2
2
2
2
1
2
2
1
1
2
1
2
2
2
2
1
1
2
2
2
1
1
2
1
2
97948150135
2
23163840507
1
1
91134735547
1
1
2
2
50210977281
1
2
2
2
1
2
2
2
2
2
1
1
7452160610
87821289847
2
1
57523119991
1
2
2
1
1
1
1
2
1
1
1
2
2
1
2
2
1
1
1
2
2
1
2
2
2
1
1
1
2
2
2
2
2
1
2
2
1
2
23955363791
1
2
1
2
2
1
1
2
2
1
2
1
1
1
2
1
2
2
1
1
2
2
1
1
2
2
2
2
2
2
1
1
1
1
1
21160312786
2
1
1
2
1
2
1
2
2
2
2
2
1
2
2
2
1
2
1
2
2
2
2
2
1
1
2
1
1
2
1
2
1
2
2
2
2
2
2
1
1
1
2
1
1
2
1
1
23519971839
1
1
2
2
2
2
1
1
1
2
2
2
1
1
2
1
2
2
1
1
1
2
2
2
1
1
1
2
2
2
2
1
2
2
2
89827452490
2
24657700189
1
2
1
1
1
1
2
1
2
1
2
2
93301467397
1
1
1
2
2
1
2
2
1
1
1
1
2
2
2
2
2
1
2
2
2
1
2
1
2
2
2
2
1
1
2
2
1
2
1
2
1
1
1
1
2
1
1
2
1
21068735488
2
1
2
1
2
2
73971156126
2
2
2
1
1
1
1
2
1
2
2
1
2
1
1
2
2
1
1
1
1
1
2
2
1
2
2
2
2
2
1
2
2
2
1
1
1
1
1
2
1
2
1
1
1
2
1
1
42935113055
1
2
1
4326013620
2
2
2
1
1
12655537252
2
2
1
9434511562
34855963198
2
2
6646809586
1
2
2
2
1
1
1
1
2
1
2
2
1
1
1
2
1
1
69303756318
2
2
2
2
1
2
1
1
1
1
2
2
1
2
33623541712
2
1
1
2
2
2
2
2
1
2
2
1
2
2
1
1
1
1
1
2
1
2
2
2
2
1
1
74254414384
2
1
2
1
1
1
2
2
1
1
2
2
1
84156429967
62455339265
2
1
1
2
1
2
2
2
1
2
1
1
1
1
1
2
2
2
1
1
2
1
2
1
37767429140
1
1
2
2
2
1
2
1
1
1
1
1
1
2
1
28942095197
2
1
2
2
2
1
2
1
1
2
35156175596
1
2
2
1
2
1
2
1
1
2
2
1
1
2
2
1
2
1
2
2
1
2
32989513883
1
2
1
2
1
1
1
1
1
2
2
2
1
2
1
2
1
1
2
2
1
2
2
2
2
1
1
2
1
1
1
2
1
1
8377916743
2
2
2
1
1
2
2
1
2
1
2
1
1
1
1
1
1
2
1
2
1
1
1
2
1
2
1
1
1
1
1
1
2
1
1
1
2
2
1
73586125374
2
2
1
1
2
2
1
2
37663446898
1
1
1
1
2
1
1
2
2
1
1
2
1
2
1
2
2
46335768854
1
1
2
2
2
1
2
1
1
2
2
2
33381352492
2
1
2
2
2
2
1
1
2
1
1
1
2
2
2
1
2
2
2
2
2
2
1
1
1
2
1
2
2
2
1
1
1
2
2
1
2
1
2
2
1
2
1
2
2
1
2
2
1
1
1
1
1
1
1
2
1
1
2
2
2
1
2
2
2
1
2
2
1
2
2
1
1
2
2
1
1
2
2
2
2
2
1
2
2
1
2
2
2
2
1
2
1
2
2
1
2
2
1
2
1
2
1
1
1
1
1
2
2
1
2
1
2
1
2
1
2
2
1
2
1
2
49635750914
1
1
1
1
1
1
2
1
2
1
2
1
1
2
1
2
2
1
1
2
2
2
2
1
2
1
1
2
2
2
2
1
1
1
1
42497520091
1
2
1
1
2
2
2
1
1
2
1
2
2
2
2
1
2
1
1
2
2
1
2
1
90465616508
2
1
2
1
2
1
1
1
1
1
2
2
1
1
2
2
1
1
2
1
1
2
1
2
2
1
1
1
2
2
2
2
1
1
2
1
2
2
2
1
2
1
1
1
1
1
2
25967888915
1
2
1
2
1
2
2
1
1
2
1
1
2
1
2
2
2
1
2
1
1
1
2
2
1
1
1
1
1
2
2
2
2
1
2
2
1
2
2
1
1
2
2
2
1
1
1
2
58107491450
1
2
2
2
2
27569984538
2
2
2
1
2
1
2
2
2
1
2
1
1
2
1
2
1
2
1
1
1
1
1
2
2
1
1
1
1
60096469719
2
2
2
1
49047163347
1
1
2
1
1
2
1
2
2
1
2
1
1
2
72203628073
2
1
2
2
2
1
1
2
1
29298343396
2
1
2
1
2
2
1
1
2
1
1
2
1
1
2
1
1
2
1
1
2
2
2
1
1
2
2
2
1
2
1
2
1
1
1
1
1
2
2
43455661856
1
1
2
1
1
2
1
2
2
1
2
2
2
2
1
2
1
1
1
2
1
1
2
1
2
1
2
1
1
2
2
2
2
2
1
2
2
1
2
2
2
2
2
1
2
1
1
2
2
2
2
2
1
2
2
1
1
1
1
1
2
2
1
2
1
1
1
1
2
1
86456853043
1
2
2
2
2
1
1
1
2
2
2
1
1
1
1
1
2
1
90899560895
1
1
2
2
1
2
90316596599
2
2
2
1
1
1
2
2
1
2
2
24579348806
2
2
1
1
1
2
1
1
2
1
2
1
2
1
2
1
1
1
2
1
2
2
1
2
1
2
2
1
2
1
2
2
1
2
1
1
2
1
1
2
1
1
2
2
1
1
1
2
2
1
2
1
1
1
2
2
1
2
2
2
2
1
1
2
1
1
2
2
1
2
1
2
2
2
1
2
2
1
1
1
2
2
1
1
1
1
1
2
1
2
2
1
1
1
2
2
2
1
2
2
1
1
86674753372
1
2
2
1
1
2
49624364415
1
2
2
2
2
2
2
26407207672
1
2
2
2
1
1
1
2
2
2
2
1
1
1
2
1
2
1
1
2
47330883673
1
1
2
2
2
1
2
2
2
2
2
1
1
2
2
2
1
1
2
2
2
2
1
2
1
1
1
1
2
1
1
1
2
1
1
1
1
1
1
2
2
1
2
2
1
1
2
1
1
2
1
2
1
1
1
1
1
1
1
2
2
2
1
2
1
2
2
2
1
1
1
1
2
1
1
2
1
1
2
2
2
2
41846236461
2
1
2
2
2
2
2
2
1
1
2
1
2
1
2
2
1
1
1
1
2
1
2
2
1
1
1
1
2
1
2
1
1
1
1
1
1
1
2
2
2
1
1
2
1
2
2
2
1
1
1
1
2
1
2
2
2
25069155562
2
1
2
1
1
2
1
2
1
2
1
1
2
2
1
2
1
1
2
1
2
2
2
1
1
2
1
2
1
1
2
2
2
1
1
1
2
2
2
2
1
1
2
89636378218
1
2
2
1
2
1
2
2
2
1
2
2
2
2
2
2
1
2
1
2
2
80787267722
2
1
1
69619224018
2
2
1
1
1
2
1
1
1
1
2
2
79956829471
2
1
2
2
1
2
2
1
1
1
2
2
2
2
2
1
2
2
2
2
1
1
1
1
1
2
1
1
2
2
1
2
2
2
1
2
2
2
1
2
2
1
2
2
1
91836464583
1
2
1
1
2
15231482623
1
1
1
2
2
1
1
2
2
2
1
1
1
1
2
2
2
96804847755
2
1
1
2
2
1
2
2
1
2
1
1
1
1
2
1
2
1
1
2
1
2
2
1
1
2
2
1
2
2
1
1
74976695343
2
1
2
1
1
2
2
2
1
1
2
1
1
2
1
2
2
51173924913
1
2
1
1
1
2
2
2
2
2
1
2
2
2
2
2
1
2
1
2
2
1
2
2
1
2
2
2
1
2
1
1
2
1
1
1
2
1
1
2
1
1
2
1
2
1
1
2
1
1
2
2
2
1
2
1
1
1
1
2
2
1
1
2
1
17531680498
1
2
2
2
2
1
2
2
2
2
2
1
26266028648
1
1
1
1
1
4304784429
2
2
2
2
1
1
1
2
1
2
2
2
1
2
2
1
1
1
2
1
2
1
2
2
2
2
1
1
11371806912
2
2
1
1
2
2
2
2
2
2
10802604614
2
2
2
1
2
2
2
2
1
2
2
2
2
1
2
2
1
2
1
2
2
2
34803914587
1
2
2
2
2
2
2
2
2
2
1
2
1
1
1
1
2
1
2
2
71872468404
2
1
2
2
2
2
2
2
1
1
2
2
2
1
1
1
2
1
1
2
2
1
1
1
1
16382501783
1
2
1
1
2
2
2
2
1
1
2
2
1
1
2
2
2
2
1
87417701161
2
1
2
2
2
2
2
2
1
1
2
2
1
2
2
2
2
1
2
1
53617320834
1
2
1
2
54764254049
2
2
1
48251642136
2
2
2
1
2
1
58499533710
1
2
2
2
2
2
1
2
2
2
2
2
2
2
1
2
2
2
36653400951
2
1
2
2
2
2
1
1
2
2
2
1
1
1
2
1
2
2
2
2
2
1
2
2
1
2
2
2
2
2
2
1
1
1
2
1
1
2
2
2
2
2
1
1
1
2
2
2
2
1
1
1
2
1
2
1
1
1
2
2
2
2
1
2
1
1
2
15028530540
1
1
2
1
1
2
1
2
2
1
2
1
2
2
1
2
1
2
2
1
1
2
1
1
2
1
1
1
2
1
1
2
2
2
1
1
2
1
2
2
2
1
1
1
2
2
1
2
2
2
2
2
2
1
2
2
1
2
1
2
1
2
1
1
1
1
2
1
45785982520
2
1
2
2
1
2
1
2
1
1
1
1
2
2
2
1
33815749413
2
1
2
2
2
1
2
87349740874
66118947605
1
2
1
2
2
1
1
1
1
2
1
1
2
1
74543808169
2
1
2
1
1
2
1
1
2
2
2
1
2
2
2
1
2
1
2
2
1
2
58565686327
2
2
1
2
2
1
1
2
1
1
31088904009
2
2
11173788313
2
1
1
2
1
2
2
2
2
1
2
2
2
1
2
2
2
1
2
1
2
1
2
1
2
2
1
2
1
2
1
2
2
2
2
2
2
2
2
2
1
2
1
2
1
1
1
2
1
2
1
10441636093
2
1
2
2
2
2
1
1
1
1
2
2
1
1
1
1
2
2
1
2
2
1
1
1
1
2
2
2
2
1
1
1
2
2
1
2
2
1
2
88373062067
2
1
2
2
2
58973575907
2
1
1
1
1
2
2
35102590961
43052954986
1
1
2
2
1
1
2
77285505415
2
2
2
1
1
1
1
54236645761
1
2
26550458440
2
1
2
2
1
2
2
1
2
2
2
1
1
1
65854257418
2
2
1
1
1
1
1
2
2
1
1
2
2
1
2
1
2
1
1
2
1
1
1
1
71238581284
1
2
1
1
2
1
1
2
2
1
2
1
2
2
64347149896
2
2
2
1
1
1
1
1
2
2
1
1
2
2
1
1
2
32321351526
1
1
1
1
1
1
1
62504896215
1
2
1
1
2
1
45514022893
2
1
1
42562155045
2
1
1
2
2
69904522308
1
1
1
2
2
2
2
1
1
2
1
2
2
1
1
1
1
1
1
1
14637362929
82343205192
2
1
1
2
1
1
2
1
1
2
2
2
53441206041
2
1
1
1
2
1
1
2
1
1
1
1
1
1
2
2
2
2
1
1
2
2
1
2
1
2
2
1
1
1
2
2
2
89065175529
1
1
1
2
1
1
1
2
2
2
1
2
1
2
1
2
2
2
2
1
2
1
1
2
1
1
1
1
1
63558786675
1
1
2
2
1
1
1
1
2
1
2
1
1
2
2
1
2
1
1
1
1
1
2
1
1
2
2
1
2
1
1
98615074617
1
1
2
2
1
1
1
2
2
1
1
1
2
2
2
2
1
2
2
2
1
1
1
2
1
1
2
1
1
2
1
2
2
35883411234
2
2
2
2
2
2
2
1
1
2
1
2
1
1
2
1
1
2
2
1
2
1
1
2
1
2
1
1
28669581159
2
2
2
44304165255
2
56068137656
2
1
1
2
1
1
27862830888
1
1
1
1
1
2
2
1
1
1
9467416658
2
99584221045
2
1
2
1
1
2
2
2
1
1
1
1
2
1
1
1
2
2
1
1
1
1
2
2
2
2
1
1
2
1
1
2
1
1
2
2
1
1
1
8490340067
2
1
1
1
2
1
2
2
1
2
2
2
1
1
1
2
1
34408091302
1
2
2
2
63586405612
2
2
2
1
1
2
1
2
2
1
1
2
2
1
1
2
1
2
1
1
2
2
2
2
2
1
1
2
2
1
2
42432014873
2
2
45785035058
2
1
2
2
1
1
1
2
1
2
1
2
1
10822013825
2
1
1
1
2
96730188006
2
1
1
1
2
2
2
2
1
2
2
1
2
2
2
2
2
1
2
2
1
1
2
2
2
2
1
2
2
2
2
2
42101778610
2
1
2
2
1
2
1
2
1
2
2
2
1
1
18281280685
2
62739627699
2
2
2
2
2
2
1
1
2
1
1
1
2
2
53314605116
2
1
2
2
2
1
2
1
2
1
1
2
1
7300178250
1
2
2
1
2
1
2
1
2
1
1
77015884227
1
2
1
1
2
1
2
2
1
1
2
1
1
2
1
1
1
1
2
1
1
1
2
1
2
2
2
2
1
1
1
1
2
2
2
2
2
2
2
2
1
1
2
1
1
2
2
1
2
2
2
1
2
1
1
1
2
1
2
1
1
2
1
2
1
2
2
2
2
1
2
2
1
1
2
1
2
1
1
1
1
1
1
1
1
2
1
1
2
2
1
2
2
2
2
2
1
2
1
2
2
2
2
1
1
2
2
2
1
1
1
2
2
2
1
1
1
2
2
2
2
2
87295520668
1
1
1
1
2
1
1
2
1
1
2
2
2
2
2
2
2
1
2
1
1
95280033066
1
2
1
2
1
1
1
2
1
2
1
2
1
1
2
2
1
1
2
1
1
1
2
2
2
1
1
2
2
2
2
2
2
1
2
1
1
2
2
1
1
1
2
1
2
2
1
47977100424
2
1
1
2
2
2
2
1
2
2
2
2
1
2
2
1
1
2
1
1
2
1
1
1
6007603441
2
1
2
1
2
1
1
1
2
2
1
2
2
1
2
1
2
2
1
1
1
2
1
2
1
2
2
2
2
2
2
1
2
1
2
27575594666
1
1
1
1
1
47669518855
1
2
1
1
2
2
1
2
2
2
2
1
1
2
1
2
91563654377
1
2
1
2
1
10393406230
1
2
1
1
2
2
1
1
1
2
1
1
2
1
1
2
2
1
1
2
2
2
2
1
2
2
2
2
1
1
1
1
2
1
2
1
87193115070
1
1
1
2
1
1
2
1
86634786391
1
1
2
1
1
2
60411399194
2
2
1
2
1
2
2
1
34084846848
1
2
1
1
2
1
1
2
2
2
2
2
1
1
2
2
1
1
1
1
1
2
2
2
1
1
2
2
2
1
1
1
1
2
1
2
1
1
1
2
1
2
2
2
2
1
1
1
1
1
2
1
2
2
2
1
2
2
1
2
2
1
1
1
2
1
1
1
2
1
2
2
1
2
1
1
97432247383
1
1
1
1
1
1
2
1
2
2
1
2
2
1
1
2
1
1
1
2
2
1
2
2
1
1
2
1
2
1
2
2
1
1
2
2
2
2
2
1
1
1
2
1
1
2
2
1
1
2
2
2
1
1
2
2
1
1
86091069984
1
2
71733211921
1
1
1
2
2
2
1
1
2
1
1
2
2
1
2
1
16215989328
2
2
2
1
91666806491
2
2
2
1
1
2
1
1
2
2
1
2
1
1
1
1
1
2
1
1
1
1
2
1
2
2
1
2
2
22359575347
2
1
2
1
2
1
2
2
1
2
1
1
2
1
2
50015007755
1
1
1
2
2
1
1
1
2
2
1
5905679374
1
1
1
2
1
1
1
1
26259807791
2
1
2
1
1
1
1
1
2
2
2
1
2
1
2
2
1
2
1
1
2
2
2
1
2
2
1
1
1
2
1
1
2
97070902439
2
2
1
1
2
2
2
1
1
2
1
2
2
2
1
4364521487
1
2
1
1
1
39839752659
2
1
2
1
1
2
2
2
2
1
2
1
2
1
1
1
2
2
1
1
2
1
1
1
1
1
2
2
1
1
1
1
1
2
1
1
1
2
1
1
1
1
1
37917624722
2
2
1
2
2
2
1
1
1
2
2
2
1
1
1
1
2
1
1
1
1
2
1
1
1
2
1
1
2
2
2
2
2
2
1
1
1
2
1
1
2
1
1
1
2
1
2
1
2
1
2
2
2
2
1
2
1
2
2
2
1
1
2
1
2
48910966304
1
2
1
2
1
2
1
77680064487
1
1
2
2
1
1
2
1
1
2
2
2
1
1
2
1
1
1
1
2
40884561763
1
2
1
1
1
1
1
1
1
1
2
9059074898
2
2
2
1
1
1
2
2
1
2
2
2
18804011710
1
73671790889
2
1
1
2
2
2
2
2
2
2
1
2
2
2
2
1
1
2
20128977027
2
2
2
2
2
1
2
1
2
1
1
2
2
2
1
1
1
2
1
2
2
1
1
1
2
1
2
2
1
2
1
2
1
2
1
2
2
2
2
2
1
1
2
2
1
1
54861022346
2
1
58165802543
1
1
2
2
2
1
1
1
71945409027
2
2
40902191878
2
1
1
1
28970610760
1
1
19349119584
2
1
2
2
95193231255
2
2
2
2
1
2
1
1
2
1
2
2
1
2
2
1
2
1
1
1
2
1
2
1
2
69160785731
2
1
2
1
2
2
2
2
2
1
1
1
1
2
2
1
1
16835509995
1
2
2
2
1
1
1
1
1
2
2
1
1
2
1
1
1
2
1
2
2
1
2
2
1
1
2
2
1
2
1
2
1
1
2
42873677177
2
2
2
1
1
2
2
33460287423
1
1
2
42109970709
1
2
1
2
1
2
1
2
1
2
25200714919
1
2
1
1
1
2
2
1
1
2
1
1
1
2
2
2
1
2
1
1
2
2
2
2
2
2
1
1
2
2
1
2
1
2
1
1
1
2
60625331268
2
2
2
1
2
2
1
1
2
2
1
1
1
2
2
2
1
2
1
2
2
2
1
58070881995
2
2
2
2
2
1
1
1
1
2
2
1
2
2
2
1
2
1
2
1
1
1
1151750023
1
2
2
1
1
1
1
1
1
1
2
1403109383
26932974548
1
59003946443
2
2
9032371650
1
1
2
2
1
2
1
1
1
2
1
2
2
1
1
1
2
2
1
1
1
1
2
2
1
1
2
2
2
1
1
66739248966
1
2
2
2
2
2
2
1
1
1
1
1
1
2
1
2
38871833928
2
16888738035
1
2
79143709709
55211770592
2
2
1
2
2
1
1
1
2
1
75453853887
2
1
2
1
2
1
1
2
2
1
1
2
2
2
2
1
2
1
2
2
2
1
1
2
2
2
1
1
43248410687
1
2
2
2
2
1
2
1
1
1
2
1
2
2
1
2
1
1
2
1
1
2
2
1
2
1
1
1
1
2
1
2
1
2
1
2
2
1
2
2
1
1
1
2
1
2
2
2
1
1
2
2
2
2
1
1
1
1
1
2
1
1
1
1
2
1
1
1
2
1
2
1
1
1
1
2
1
2
1
2
1
2
2
1
2
1
10690370164
83302995407
2
1
18440336663
1
2
2
2
1
2
2
1
2
2
1
2
2
1
1
1
1
2
2
1
2
1
2
2
1
2
1
37718046177
1
2
2
2
2
1
2
1
2
1
1
2
2
1
1
2
1
2
2
1
86239699298
2
1
1
2
2
2
2
1
1
1
1
2
1
1
2
2
2
1
1
1
1
1
1
2
2
2
2
2
42169361848
1
2
2
2
1
2
2
1
2
2
1
1
1
1
1
1
2
27717643764
2
2
1
1
2
2
2
1
1
1
1
2
1
2
1
2
2
1
95247965215
1
1
2
2
2
2
1
2
2
2
2
1
2
2
2
1
1
1
2
2
2
20985004073
1
2
2
2
2
1
2
1
2
2
1
2
2
1
2
2
1
1
2
1
1
1
2
2
1
1
2
2
2
2
1
2
2
2
1
2
2
1
1
2
2
1
1
1
2
2
1
2
1
1
2
1
2
2
2
1
1
1
2
2
1
2
2
2
2
1
1
1
2
1
1
90251090091
2
2
2
2
2
2
2
2
2
2
1
2
2
1
1
2
2
1
2
1
2
1
2
1
1
1
1
1
1
74657073109
1
35548911017
2
2
1
2
2
1
2
2
1
1
1714199233
2
1
2
1
1
91792361434
2
1
1
2
2
2
1
1
2
1
1
2
2
1
1
2
1
2
2
1
2
1
1
2
2
29156342271
2
1
2
2
2
2
1
1
1
2
1
1
2
2
1
1
2
2
1
57719805168
1
1
2
1
2
1
2
2
2
2
1
2
2
2
2
2
2
1
1
1
1
1
1
1
2
2
1
2
1
2
1
2
67402932785
1
1
1
2
2
2
1
2
2
1
58307317645
2
2
1
1
2
1
1
2
2
1
1
2
1
2
2
1
1
1
2
1
2
2
2
2
2
1
1
2
1
1
2
76798994503
1
1
2
2
2
1
2
2
2
2
2
1
1
1
26571011360
2
1
2
2
2
2
2
2
1
1
1
1
1
2
1
2
2
2
2
2
1
27367600819
2
1
2
1
2
2
1
1
2
2
1
2
1
2
1
1
1
2
2
2
2
2
1
2
2
1
1
1
1
1
2
1
1
1
1
2
2
2
2
1
2
1
1
2
2
2
1
2
1
1
1
33431038948
1
1
1
2
1
2
1
2
1
1
2
2
1
2
2
2
2
1
1
1
2
1
1
2
2
2
1
2
2
1
1
1
1
2
2
1
2
2
2
1
2
2
2
2
2
2
2
2
2
1
2
1
2
2
1
2
1
2
1
1
1
1
58162348763
1
1
1
2
1
2
2
1
2
2
1
1
2
1
2
2
2
1
2
1
2
2
2
2
2
1
1
1
2
1
2
2
1
1
2
1
1
2
1
2
1
2
1
1
1
2
2
1
2
2
2
2
1
2
1
1
1
2
1
2
1
1
2
2
2
1
2
1
2
2
2
1
2
2
1
1
2
1
2
1
1
1
1
1
1
1
2
42515734884
1
2
2
1
2
2
1
1
1
1
2
2
1
2
1
1
1
2
1
2
2
1
1
2
1
1
1
1
2
2
1
2
1
2
2
2
1
2
1
2
1
2
2
2
2
1
2
1
2
2
2
1
1
1
2
80653703470
2
1
1
1
2
42928265899
1
2
2
1
1
2
1
1
2
2
1
1
2
1
2
1
1
2
1
2
1
2
2
1
2
2
1
2
2
1
2
2
1
2
2
1
1
1
2
2
1
1
1
2
2
2
2
1
1
1
2
1
2
1
1
1
1
1
1
2
1
2
50030879086
2
49621014724
1
2
1
2
2
2
2
1
2
2
2
2
1
2
2
1
1
1
2
1
2
2
1
2
2
2
1
2
2
1
1
1
1
2
1
2
1
2
1
1
2
2
2
2
77817500658
1
2
1
2
1
1
2
1
2
2762897112
1
1
2
1
2
2
2
2
2
2
2
2
2
1
1
16650800444
2
2
2
1
1
1
2
41867375134
2
2
1
1
1
1
2
1
1
2
1
2
1
1
87157899485
2
1
2
2
1
1
1
2
1
2
1
2
2
1
33273875203
2
2
2
2
1
2
1
1
1
2
1
2
2
2
2
2
1
91328903457
2
2
1
2
1
2
2
23146509560
1
2
42876544322
2
1
2
2
2
1
1
1
2
1
2
2
2
61772248037
2
1
2
1
2
1
1
2
2
2
2
1
1
1
2
2
2
2
1
2
2
1
1
2
2
1
2
2
1
1
1
59769990418
2
2
1
2
1
2
2
2
2
2
2
2
1
1
2
1
2
1
2
1
38042481059
2
1
2
2
2
2
1
1
1
2
1
1
2
1
2
2
1
1
2
1
1
2
1
1
1
1
1
1
1
1
2
2
2
2
1
1
2
83664060180
1
2
1
2
2
1
1
1
1
2
2
1
2
2
2
2
1
1
1
1
1
1
2
1
50221751915
2
1
1
1
1
2
1
1
2
1
2
8577422899
2
2
2
2
2
1
2
2
2
2
2
2
1
1
2
1
2
2
1
1
1
2
1
2
2
2
1
2
2
2
2
1
2
2
2
1
2
2
2
1
1
1
2
1
1
1
1
1
2
2
1
2
1
2
2
1
46909463738
2
2
2
1
2
1
1
1
1
2
1
1
2
1
1
2
1
2
2
1
2
2
1
2
1
1
1
1
1
2
1
2
1
1
1
1
1
2
2
2
1
2
2
1
2
2
1
2
2
1
1
1
1
2
2
2
63828978780
2
1
1
2
1
1
1
2
1
2
1
1
1
1
1
2
1
2
1
2
1
1
2
2
2
1
2
2
2
1
1
2
1
1
2
2
12327181113
1
1
2
1
1
1
2
2
1
1
1
1
2
2
1
2
2
1
2
2
2
2
1
82628477194
1
2
2
1
2
2
2
2
1
1
1
2
1
1
2
1
2
2
1
1
2
1
2
2
2
2
1
1
2
1
2
2
1
2
1
1
2
1
1
2
1
1
2
2
2
1
1
1
1
2
1
2
1
2
1
2
1
2
2
1
2
1
1
2
2
2
1
1
2
1
2
2
1
1
1
1
2
2
1
2
1
2
1
2
1
2
2
1
2
1
2
2
2
1
1
2
2
1
1
2
2
2
1
2
2
1
2
1
2
2
1
1
2
2
1
2
2
2
2
1
2
2
1
1
2
2
1
2
1
1
1
2
1
1
2
94305119698
2
2
1
2
2
2
2
1
2
1
1
1
1
1
1
2
1
1
1
1
2
1
1
2
2
2
2
2
2
1
2
1
2
1
2
2
1
2
2
2
1
2
2
2
19964168148
1
1
2
1
1
1
2
2
2
2
1
1
2
1
2
1
1
1
1
2
1
1
2
81549809956
1
2
1
2
1
2
2
1
1
77381129275
1
2
2
2
2
2
97364223894
1
2
2
1
1
1
1
1
1
1
2
2
2
2
32303072117
2
1
2
2
2
2
2
2
1
55478172709
2
1
1
2
1
2
1
1
1
1
1
2
2
1
2
1
1
27574576638
1
1
2
2
2
1
2
1
2
2
2
2
2
1
1
2
1
2
2
2
2
2
1
2
1
1
1
2
1
1
1
1
1
2
1
2
2
1
2
2
1
2
1
1
1
2
1
2
2
1
2
2
1
2
61898715382
1
2
2
2
2
2
2
1
1
2
2
2
2
2
1
1
46620761939
2
1
2
1
2
1
2
2
2
1
1
1
68436326798
2
2
2
1
2
2
2
2
1
2
1
2
1
1
2
2
1
2
2
2
2
1
2
1
2
1
2
2
2
1
2
1
1
1
2
1
2
1
1
2
1
2
2
2
1
1
1
1
2
1
2
2
1
1
2
1
2
1
1
1
2
2
2
1
1
2
2
1
2
2
2
2
2
1
2
2
1
1
2
2
2
1
1
1
1
2
1
2
91564061849
2
1
1
2
1
2
1
1
1
1
2
1
2
2
1
2
2
2
1
2
1
24175767168
2
1
2
1
2
1
1
1
2
1
2
1
1
1
1
2
2
2
1
1
2
1
1
1
1
2
2
1
1
2
1
2
30442212928
2
2
1
2
1
2
2
2
2
2
2
26599222939
1
2
1
1
2
2
1
2
1
1
2
1
2
2
1
1
1
2
1
2
2
1
1
1
2
1
2
2
1
2
1
23046063600
2
1
1
1
2
1
2
2
37458110243
2
2
1
1
2
2
2
2
2
2
1
2
1
1
2
1
1
1
2
2
2
2
1
1
2
1
2
2
1
1
1
1
2
1
95708238610
2
2
2
1
2
2
1
1
2
1
2
2
2
1
2
2
2
2
2
2
1
83287749567
1
1
1
2
2
2
1
1
1
1
1
1
1
2
1
49862034643
1
1
1
73170345818
2
2
1
1
1
2
1
52586093813
1
2
2
2
1
1
2
1
1
1
51940414809
2
2
2
1
2
1
2
1
2
1
1
1
32367389952
2
2
24048308002
2
2
2
2
1
1
1
1
2
1
28653668459
1
2
2
2
2
2
2
2
2
2
2
2
1
1
2
2
2
2
1
1
1
2
1
1
1
1
2
1
2
1
1
2
2
2
1
1
1
2
1
1
1
1
1
1
1
1
2
1
2
1
1
1
1
1
2
1
1
2
1
1
1
2
1
1
1
2
1
1
1
2
2
2
2
2
1
34681830780
1
2
1
2
2
1
2
1
1
1
2
2
2
2
1
1
2
2
1
1
1
73082574714
2
1
1
2
1
2
1
1
1
2
2
1
2
1
2
1
2
1
2
2
2
2
1
1
1
2
1
2
2
1
1
2
1
1
1
1
1
1
2
1
1
1
2
1
2
2
53261109045
1
2
1
2
2
2
1
1
2
2
2
2
1
2
1
2
2
2
2
2
34313040955
1
2
1
2
2
2
89470540180
2
2
1
2
1
50952355888
2
2
2
2
1
1
1
2
2
2
1
52955592175
1
2
2
1
1
1
1
1
2
2
71391751208
2657215893
2
1
2
1
2
1
2
2
1
17990380191
2
2
73661940350
2
2
1
86161386747
1
1
2
1
2
2
2
2
1
1
2
1
1
2
1
1
1
1
2
2
2
2
1
1
1
1
2
1
2
2
2
2
2
2
2
1
1
2
2
2
2
2
1
74387666837
2
1
2
1
1
2
1
2
2
2
1
2
1
2
2
1
1
2
1
2
1
2
2
2
1
1
2
2
2
1
1
2
2
1
1
12985976055
2
1
2
2
2
1
2
2
2
1
2
1
2
1
1
1
2
2
2
2
1
1
2
1
1
2
2
2
1
2
2
2
1
1
1
10039798796
1
1
2
1
2
2
2
2
1
2
2
2
2
1
2
1
1
2
1
1
1
2
1
2
1
2
2
2
1
1
1
1
2
2
1
1
2
1
1
1
1
2
2
1
1
2
2
1
1
1
1
2
1
2
2
2
28718432964
1
1
1
2
1
1
1
2
1
1
2
2
45852125604
1
2
2
1
1
59235593320
1
2
1
1
1
1
2
2
1
1
1
1
1
2
2
1
2
2
1
1
2
1
2
1
2
2
1
2
4252210296
1
2
1
1
1
1
1
2
1
1
1
2
1
1
2
1
1
2
1
2
2
1
1
1
2
1
2
1
1
2
1
1
1
1
1
1
2
1
1
1
2
2
41965346311
2
1
1
1
2
2
13526220987
1
2
1
1
2
2
74509953262
2
2
1
1
1
1
1
2
1
1
1
2
2
1
2
2
1
1
2
2
1
1
2
1
2
2
2
1
1
2
1
1
2
1
2
2
2
46257411116
2
2
2
1
1
1
1
2
2
1
1
2
2
2
1
1
2
2
2
2
2
2
2
93859897341
1
1
1
2
1
2
1
2
2
2
1
2
2
1
1
2
1
2
1
2
41203190045
2
1
1
2
1
2
2
1
32654196002
1
1
2
1
1
1
2
2
1
2
2
2
2
2
1
1
2
2
1
1
1
1
31291210249
1
2
1
2
2
11130003780
2
1
2
1
1
40584930545
1
2
2
2
80967005908
1
1
2
2
1
2
1
2
2
1
1
2
2
2
1
2
2
1
2
2
2
1
1
1
2
2
1
2
1
55763772456
2
2
1
2
2
84006334198
1
2
1
1
2
1
1
1
2
1
2
1
2
1
1
2
2
1
1
2
1
1
1
2
1
1
2
2
1
1
1434483318
1
2
1
1
1
1
2
1
2
1
2
2
1
1
2
1
1
1
2
2
2
2
1
1
2
2
2
1
1
1
1
1
2
2
2
2
2
2
2
2
2
2
1
1
1
1
27372230674
2
2
2
1
2
1
2
1
1
2
2
1
2
1
2
1
1
2
2
2
1
1
1
1
1
1
2
2
2
2
2
2
1
2
1
1
2
1
1
1
1
1
2
1
1
1
1
2
1
2
2
2
2
1
2
2
1
1
1
1
2
1
2
2
2
1
1
1
1
1
1
1
1
1
8891720259
1
2
1
1
2
2
1
1
2
1
2
2
1
2
1
1
1
1
1
1
2
1
2
1
2
1
2
1
1
1
2
1
2
2
1
1
2
13313380608
1
1
2
1
64778416378
2
1
2
54854607719
2
1
1
2
1
2
1
2
2
2
2
2
2
2
1
1
1
1
2
1
1
2
2
1
1
2
1
2
2
1
1
1
2
2
1
1
1
2
2
2
2
1
1
1
1
2
2
1
1
2
2
1
1
2
1
2
2
2
32533006060
1
1
2
1
1
1
2
1
1
63084959479
2
2
2
2
1
2
1
1
2
2
1
1
2
1
1
1
1
2
1
1
1
1
59694095136
1
1
1
2
2
2
1
1
98281090660
2
1
2
1
2
2
1
1
2
1
1
26582783079
1
1
2
2
2
2
1
1
2
1
19873880643
1
73252748565
1
2
2
2
1
2
1
4630499669
2
2
1
1
1
1
2
2
1
1
1
1
1
2
1
1
1
1
1
1
1
2
1
2
1
2
1
1
2
2
1
1
2
2
1
2
2
1
1
1
1
2
2
2
1
2
1
2
2
1
1
2
2
1
2
1
2
1
2
1
2
1
1
2
1
2
2
2
2
2
2
2
1
1
1
2
1
1
1
1
2
2
2
2
2
2
1
1
1
2
1
2
2
1
1
1
1
2
1
1
2
1
1
2
2
1
2
2
1
2
2
1
2
2
2
2
2
1
1
1
2
1
1
2
2
1
1
2
58600184021
1
1
2
1
2
1
1
2
1
1
2
1
2
2
2
1
2
1
12975364492
1
2
2
1
2
2
2
2
1
2
2
2
1
2
2
2
1
1
1
1
2
1
40835100286
79132438438
2
1
1
1
2
1
1
2
1
2
2
25120412236
1
2
1
1
1
2
1
1
2
2
1
2
1
2
2
1
2
2
2
81058774644
2
1
1
1
2
1
1
2
2
1
1
1
2
2
2
2
2
1
2
1
1
2
1
2
2
2
1
2
2
1
1
36907434357
1
2
2
2
1
1
1
1
2
2
2
2
1
1
1
2
1
83071658804
1
1
1
2
1
2
1
1
34693351543
2
1
1
2
2
1
1
2
2
2
2
1
2
1
23163924340
1
1
1
1
1
1
1
2
1
1
2
1
2
2
2647346044
2
2
2
2
1
1
1
1
1
1
2
1
2
2
2
2
2
1
2
2
2
2
1
2
1
2
1
43830808876
2
1
2
2
78722463589
1
1
1
2
1
1
2
1
99868940645
2
2
2
1
2
2
2
2
2
1
2
2
2
1
2
2
1
1
1
2
1
2
1
1
1
1
1
1
2
2
1
2
51470088675
1
1
2
2
2
2
2
2
2
2
1
2
1
2
2
34022109301
2
29098436870
1
1
2
1
1
1
1
2
1
1
1
2
1
1
1
2
2
2
1
2
2
2
1
2
2
2
2
2
1
2
2
2
88710229362
2
2
2
2
1
2
2
2
2
1
1
2
2
1
2
1
2
1
2
2
2
1
1
1
1
2
2
2
6784256022
2
7229684370
1
2
1
1
2
9937828207
1
1
2
1
1
2
2
1
2
69664753989
1
1
2
90130070907
2
71077962931
1
2
1
22765575264
2
1
2
1
18860735143
2
2
2
1
1
2
2
2
1
1
1
1
1
1
1
2
1
2
1
2
2
1
1
1
1
1
1
1
94094022744
2
2
2
2
1
2
2
60137922358
1
1
2
1
1
2
1
28900728868
2
1
2
2
2
1
2
65302733324
2
1
1
48280437315
1
1
1
2
2
1
2
1
1
2
2
83759026790
2
1
84677292029
2
2
1
1
1
1
1
2
1
2
2
1
1
2
1
2
2
2
1
2
1
2
2
1
1
2
2
2
2
2
1
1
2
2
1
1
2
2
2
91139440082
1
1
1
1
2
2
2
1
1
2
2
95711964591
1
1
1
1
1
1
2
1
1
2
2
1
1
2
97782423983
1
2
2
2
2
2
1
1
2
2
7124764212
1
2
2
1
1
2
2
1
1
2
1
2
1
1
1
1
2
1
2
2
1
2
2
1
2
2
2
2
2
2
1
1
1
2
92094815196
2
2
1
2
2
1
1
1
2
2
2
81057317625
1
2
1
1
2
1
2
2
1
2
1
2
1
93733895033
1
1
2
2
1
1
1
1
2
2
1
2
2
1
1
2
1
1
1
1
2
2
39449085358
1
2
1
1
54132832494
1
2
1
2
2
2
1
2
2
2
1
1
2
77612396312
2
36507010706
1
1
1
1
1
43742633685
1
1
2
1
1
2
1
2
1
1
1
89953434634
66015186582
1
76334562800
2
2
1
1
96928014590
2
2
2
2
48232907396
2
1
2
1
2
1
1
2
2
1
2
1
1
1
2
2
1
1
1
2
2
2
1
2
1
2
2
1
2
2
2
1
71515784521
1
2
1
2
2
1
71382313574
1
1
1
2
2
2
83186822240
1
2
1
1
2
1
1
2
2
2
1
2
2
1
90204247455
1
2
1
1
1
2
1
2
2
2
2
1
1
1
1
1
1
2
2
1
1
2
1
2
2
2
2
2
2
2
2
1
2
2
2
2
2
1
1
1
1
62365084711
2
2
1
2
2
2
1
1
2
2
1
2
2
1
1
2
1
2
2
2
2
2
2
2
2
2
1
2
1
2
2
2
1
1
1
2
2
1
2
1
1
1
2
2
1
1
1
2
1
1
2
2
1
1
1
90290999039
1
2
158627732
1
1
1
1
1
1
1
2
1
2
2
1
2
23166892892
2164610433
2
2
2
44450998526
2
1
52411489977
2
2
2
2
2
1
2
1
1
1
1
2
22252489989
1
1
2
2
1
2
1
1
1
2
2
1
2
1
2
2
1
1
2
1
1
1
91373998826
2
1
2
2
1
2
1
2
2
2
1
2
1
1
2
1
2
2
2
2
2
2
2
1
82220366968
1
2
1
2
1
1
2
2
2
1
1
41774016285
1
2
1
1
1
2
2
1
2
2
2
1
2
1
2
1
39055267224
1
2
2
2
2
1
2
2
1
2
1
2
2
2
2
2
1
2
2
1
2
1
2
1
1
2
58805316521
2
1
1
1
1
2
2
2
2
76216045306
2
2
2
2
1
2
1
1
1
66838693514
1
1
2
2
1
2
2
1
1
2
2
2
2
2
1
1
1
2
2
1
2
61980441172
1
1
1
2
1
2
97497006057
2
1
2
2
1
2
2
55617236247
2
1
1
1
2
1
1
1
1
2
1
2
1
1
1
1
1
1
18708233834
2
2
1
2
12928439381
2
2
2
1
1
1
1
2
2
1
1
1
2
2
1
2
1
2
1
2
2
2
1
2
2
1
1
2
1
2
1
1
2
1
2
2
2
1
2
2
2
1
2
86549283532
2
2
1
1
2
1
2
2
1
2
1
2
1
1
2
1
1
2
2
23431244584
1
1
1
2
1
1
2
1
2
2
1
1
2
1
2
2
1
2
1
1
1
2
1
1
1
2
1
1
1
2
1
1
1
2
2
2
2
7618593384
1
2
2
1
1
1
1
2
2
1
2
2
2
2
2
1
1
1
2
1
2
1
1
2
1
1
2
1
2
1
1
2
2
2
1
1
1
2
1
56379526906
1
2
1
1
2
1
2
2
2
2
1
1
1
1
1
2
2
2
2
2
2
2
69578873935
2
2
2
1
2
1
1
2
1
1
1
2
1
41100813581
1
2
2
2
2
1
1
1
1
2
1
2
2
2
2
2
1
1
2
1
2
1
43807677788
2
1
1
2
1
1
82766305287
2
1
1
2
2
2
1
2
13102894562
2
1
1
1
2
2
2
1
1
2
1
1
2
2
2
1
1
21095841631
2
1
1
2
2
1
1
90754384930
1
1
2
1
2
1
2
2
1
2
2
2
2
2
2
2
1
2
1
2
2
2
1
1
1
2
2
1
1
2
2
2
2
1
1
2
1
57512811396
1
1
1
1
1
2
1
1
2
2
1
1
2
2
1
2
1
1
1
2
2
1
2
1
2
2
1
1
2
2
2
2
2
2
2
1
1
2
1
2
2
69183654379
1
1
2
2
2
2
2
1
2
2
2
2
2
2
2
1
2
2
2
2
2
2
1
2
41766446720
2
99809309691
1
2
1
1
2
1
39690266107
2
1
2
2
1
2
1
1
2
2
1
2
1
2
2
2
1
2
1
1
2
1
2
2
2
2
1
1
2
2
2
1
2
2
1
37756553378
2
2
2
2
2
1
2
2
2
1
30583923538
1
2
1
2
2
2
2
2
1
6248318224
1
2
1
1
1
1
2
20977194177
2
1
2
2
1
1
2
2
1
27617993420
2
1
2
1
2
1
2
2
2
1
2
2
1
1
1
2
1
2
2
1
1
1
1
2
2
2
1
2
1
2
1
1
2
2
1
2
2
1
2
2
1
57985677379
1
1
1
1
1
1
1
1
2
1
2
75841886582
2
1
2
1
1
2
1
2
1
2
1
2
1
2
1
1
1
1
2
1
2
2
2
2
2
1
83554348614
2
1
2
1
1
1
1
1
2
41917691017
2
2
2
1
2
75238890910
2
1
1
2
2
1
2
2
1
1
73288571297
1
1
2
1
1
2
2
1
2
1
2
2
2
1
1
1
1
1
2
1
2
2
2
1
1
2
2
1
1
1
2
1
2
2
1
54779909817
6596933129
1
1
1
2
2
2
1
1
1
1
1
1
62203396760
1
2
2
2
1
1
2
2
2
2
1
1
2
2
2
1
2
2
1
2
1
2
1
1
2
7511290217
2
2
1
2
2
2
2
2
1
2
1
1
2
1
2
1
9272306430
1
2
2
1
1
2
1
1
1
1
1
1
1
1
1
2
2
1
1
2
77830916885
2
1
2
2
2
2
74954734008
2
92334488345
2
2
1
2
1
1
36787110372
2
2
2
1
2
2
2
2
2
2
1
1
1
2
1
1
1
2
2
2
2
1
1
1
1
2
2
2
1
2
1
1
2
1
2
1
1
1
1
1
2
2
1
2
1
1
1
2
1
1
2
1
1
1
1
2
2
1
1
2
1
1
1
2
1
2
1
1
1
2
2
2
1
1
1
2
1
2
2
2
1
2
1
66272487978
1
1
2
1
2
1
2
48439339895
1
1
2
1
2
2
1
1
2
2
2
2
1
2
2
1
2
1
2
1
2
2
1
1
1
1
2
1
1
2
1
2
1
2
2
2
2
1
1
1
2
1
1
1
1
1
2
1
2
1
1
2
2
1
2
1
1
1
1
76154477649
2
2
2
2
1
2
2
2
1
2
2
2
1
1
2
1
2
1
1
1
1
1
2
1
2
1
2
2
2
2
1
2
2
1
2
2
2
1
1
1
2
2
1
2
2
1
1
2
1
2
2
1
1
1
2
1
99295652730
2
1
2
1
2
1
2
2
2
1
1
2
1
1
1
71892566631
1
2
1
1
2
2
1
1
1
2
1
1
1
2
1
2
2
2
2
2
1
2
2
1
1
2
2
2
2
2
1
2
2
2
2
2
2
1
83512715650
2
2
1
2
1
1
1
2
2
2
2
2
2
1
2
1
1
1
1
2
2
1
2
2
2
1
2
1
1
1
1
2
1
1
2
1
1
1
1
18178503382
1
2
1
1
2
2
1
2
1
2
1
2
2
2
1
2
1
30876733412
1
1
2
2
2
1
1
1
1
1
1
2
1
2
2
1
2
1
2
1
2
2
1
1
2
1
2
1
2
1
2
2
1
1
1
1
1
1
1
1
2
1
2
2
2
2
2
1
1
1
1
1
2
1
1
1
2
2
1
1
1
2
2
1
1
2
2
1
1
1
17631187953
1
1
2
1
2
2
2
1
1
1
1
2
1
2
2
2
2
1
1
2
2
1
1
2
2
1
1
1
1
1
2
1
2
2
2
2
1
1
2
1
1
2
2
2
2
2
2
2
2
2
1
1
1
1
1
1
1
1
1
2
1
1
1
2
1
1
1
2
1
2
2
2
2
2
1
2
1
1
2
1
2
2
2
2
1
2
2
1
2
1
2
1
1
2
2
2
16223547941
1
2
2
1
2
2
1
2
2
1
2
1
2
2
1
2
2
1
2
1
2
2
1
2
2
1
1
2
2
2
1
2
84379800479
2
37159516127
1
1
1
2
1
2
1
2
2
1
1
2
2
1
2
1
2
2
2
1
1
2
1
2
1
2
2
1
2
1
2
1
41022120299
1
1
1
1
2
1
2
2
1
1
1
1
2
1
1
2
2
2
2
1
1
2
2
2
1
2
2
1
2
76089161068
1
1
2
2
2
2
1
2
2
1
1
1
2
1
2
1
2
2
1
1
1
1
2
2
1
2
2
1
1
1
2
2
1
2
94139256832
2
1
1
1
2
1
1
2
1
1
2
2
2
2
1
2
1
2
2
2
2
1
2
2
1
2
2
1
2
2
1
2
1
1
2
2
2
2
2
2
2
1
2
2
1
1
1
1
1
2
2
2
1
1
2
2
2
8026149609
2
2
69441053373
2
1
2
1
2
2
2
2
2
2
1
2
1
2
73042253122
1
1
2
2
1
1
2
2
2
2
2
2
1
1
1
2
1
2
2
2
1
2
2
89892233510
1
1
1
2
1
2
56121698735
1
2
1
1
1
2
2
2
1
2
1
9331982474
1
1
2
1
2
2
1
1
1
1
1
1
2
1
1
1
1
1
2
1
1
2
2
1
2
2
2
1
2
1
2
2
1
2
1
2
1
1
2
2
1
2
1
2
1
1
1
1
2
1
1
1
1
1
1
1
2
2
1
1
1
2
2
1
1
2
1
1
1
1
1
1
1
2
2
2
2
1
2
2
1
1
1
2
1
85373741256
2
2
2
1
2
1
2
2
2
84414999145
2
98939470916
1
1
1
11577220712
2
2
2
2
65533295862
2
2
1
2
1
1
2
2
2
1
1
1
2
1
2
2
2
2
1
2
2
1
2
2
21874973167
1
2
1
1
2
1
1
2
2
2
2
2
1
2
2
1
2
1
1
1
1
2
2
1
2
1
1
2
1
3376839568
2
2
2
2
2
2
2
1
2
1
92718766495
1
1
1
2
2
1
4542837648
2
2
2
1
2
2
2
2
2
2
1
1
2
1
1
1
2
2
2
2
2
1
2
2
2
2
2
2
2
2
2
1
1
1
1
1
2
2
1
2
2
2
1
1
2
1
1
1
2
2
2
1
1
2
1
2
1
2
2
1
1
1
1
2
1
1
1
1
2
1354035450
1
1
2
2
1
1
1
1
2
2
1
2
2
1
1
2
1
2
1
1
2
2
2
2
2
2
2
2
1
1
1
1
2
1
1
2
1
1
1
1
2
1
1
1
2
2
2
1
1
2
2
1
2
2
1
2
2
2
1
2
2
1
2
2
1
2
2
2
63344649304
1
2
1
1
1
2
1
2
1
1
1
1
1
2
2
2
1
2
1
2
2
1
97361723718
2
2
2
2
1
2
1
2
2
2
2
3308264539
2
1
2
2
1
1
1
2
2
1
1
2
5308854989
1
1
2
2
2
1
83969107508
2
2
1
1
1
1
1
1
2
1
1
2
1
2
1
1
2
2
2
2
2
1
34962630216
1
2
1
2
2
2
1
2
2
2
2
1
1
1
1
1
2
1
1
1
2
2
2
2
1
2
63588783788
2
1
1
65665467286
1
1
1
1
2
2
1
1
1
2
1
1
2
2
2
2
1
2
2
2
1
1
1
60505787725
1
2
1
1
2
1
1
61220812283
2
1
2
2
2
1
1
2
1
1
1
2
1
2
1
2
2
2
2
82122206931
2
2
2
2
1
2
2
1
2
1
1
2
1
2
1
1
1
1
2
1
2
2
2
2
1
1
2
1
1
2
2
2
1
1
32370189339
2
29704729481
1
87004823618
1
2
1
2
2
2
1
1
2
1
1
2
1
2
1
2
2
2
16729250690
1
2
2
2
1
1
2
1
1
2
43635283313
2
2
1
2
2
21953045304
2
2
2
2
1
1
1
2
2
2
1
2
2
2
1
1
1
1
1
1
2
2
2
70959402313
2
2
2
2
2
2
2
2
2
2
2
2
2
2
2
1
2
1
1
2
58763066482
1
1
2
1
2
2
2
1
1
2
2
2
2
2
2
1
1
1
1
1
30055314734
1
1
2
2
1
2
2
1
1
1
2
2
1
1
2
1
1
2
1
2
2
1
1
1
2
1
1
1
2
1
1
2
2
35925039851
2
1
1
1
1
1
1
1
2
1
1
2
2
1
1
2
2
2
2
1
1
1
1
2
1
1
1
1
1
1
2
1
2
2
1
1
2
1
1
2
2
88085241023
1
42397255948
1
2
2
1
34003876879
2
2
2
2
2
1
2
2
2
1
1
1
2
2
2
1
1
1
1
2
2
2
2
1
2
1
2
2
2
1
1
1
2
1
2
1
1
2
2
2
1
1
2
2
2
1
1
2
2
2
1
1
2
2
2
2
1
1
1
2
2
2
2
2
2
1
1
2
1
1
2
2
2
2
1
2
2
2
1
2
1
2
1
2
1
2
1
1
2
1
2
2
2
1
1
1
2
1
1
2
1
2
32507783640
1
2
2
2
1
1
1
2
36882467866
2
1
2
93967339890
2
1
2
2
5146949365
1
1
2
2
1
2
1
2
2
1
1
1
2
2
1
1
1
67540683216
2
2281322822
1
1
2
1
1
2
1
2
1
2
2
2
2
1
1
1
1
2
1
1
2
2
1
2
1
2
2
2
2
2
2
1
1
1
1
30522663880
1
1
1
2
1
4381579467
58312827427
1
1
1
2
1
1
2
2
89770328018
1
1
2
1
1
2
1
2
2
2
2
2
1
2
2
2
1
1
2
2
2
1
1
1
1
2
1
23529963749
2
2
2
2
1
1
1
2
1
88839966273
1
2
2
2
1
1
1
2
2
1
2
2
2
1
1
1
2
1
2
1
2
1
1
2
2
1
2
2
87178748669
2
2
1
2
2
1
1
1
2
2
1
2
2
2
1
2
2
2
1
2
2
1
2
1
1
2
1
61938931984
2
2
2
1
2
1
2
1
2
2
2
2
2
1
1
1
1
2
1
1
1
1
2
1
2
2
2
1
2
2
1
2
2
1
1
1
1
1
2
2
1
1
1
1
2
1
1
2
1
1
2
1
1
1
2
2
2
2
2
2
1
1
1
1
2
1
1
2
1
1
2
1
2
2
1
2
1
2
1
2
1
2
2
2
2
1
2
2
1
2
1
1
1
2
1
1
2
2
2
2
2
1
2
2
1
1
1
2
2
1
1
1
2
1
1
8364034472
1
1
2
1
1
2
2
2
2
2
1
2
13217124241
1
2
2
2
1
2
2
1
1
1
1
2
1
2
1
1
1
2
2
2
1
2
2
2
1
2
2
1
2
2
2
1
2
1
2
1
2
1
1
1
1
2
2
1
2
1
1
1
1
2
2
97515297020
2
2
1
2
2
2
2
2
1
2
1
1
1
2
2
2
2
1
2
1
1
47613836867
1
2
2
2
2
2
2
1
2
1
2
1
1
1
2
2
1
2
1
1
1
1
1
2
1
2
2
2
1
1
2
1
1
2
1
1
2
1
1
1
2
2
1
1
2
1
2
1
1
2
2
1
1
2
2
2
1
2
1
2
2
2
44331508954
1
2
1
1
1
1
2
1
2
1
1
1
1
2
23121739321
1
2
1
1
1
2
2
2
2
23597243615
2
1
46942133289
2
2
2
2
1
2
2
47949191817
2
1
1
2
1
1
2
1
2
2
2
2
1
1
2
2
1
1
1
2
1
1
1
2
2
2
1
1
1
2
1
56222082592
2
2
2
2
2
2
1
13868915379
2
2
1
10916742079
16257287713
2
1
2
95511369495
2
1
1
1
1
2
1
2
2
2
2
1
2
2
2
2
2
1
2
1
2
2
1
1
2
1
2
1
1
2
2
27099547267
1
1
2
1
1
1
2
64525623734
2
59222885562
2
1
2
2
1
2
1
1
1
1
2
2
2
2
1
2
1
2
2
2
1
1
2
1
2
1
2
1
2
1
2
1
2
2
1
1
1
2
2
1
1
1
28166315106
1
2
1
2
2
1
20709313048
20740616356
1
2
2
2
2
2
2
2
1
2
2
1
2
2
2
1
1
2
1
2
1
2
2
1
1
1
2
2
1
2
1
2
1
2
1
2
1
2
2
1
2
2
2
1
1
1
14041721559
1
1
2
1
1
1
2
2
2
1
2
1
1
1
1
1
2
1
2
20426817813
1
2
2
1
1
2
2
2
2
2
2
2
1
2
1
1
2
1
2
1
2
2
2
2
2
1
2
2
1
2
1
2
1
2
2
2
2
1
2
1
1
1
1
1
2
2
1
26396778916
1
1
2
27247043203
2
1
1
2
2
36161516838
2
1
1
2
1
1
2
1
2
2
2
1
65371264506
1
2
1
1
1
2
1
2
1
1
52638784538
2
1
2
1
2
1
2
2
2
1
1
2
1
2
2
1
1
2
2
2
1
1
2
1
1
1
2
1
1
2
1
2
2
2
1
1
1
1
2
1
1
2
2
2
1
2
2
2
1
2
1
1
2
1
1
2
2
1
2
2
1
1
1
1
1
1
2
1
1
2
2
2
2
2
2
2
2
1
2
1
2
2
1
1
1
2
1
2
80107512116
2
2
1
1
2
1
2
2
91720404428
1
2
2
2
1
1
1
1
2
2
1
1
1
2
2
2
2
2
1
2
2
2
1
2
2
1
2
1
2
35150066511
1
1
2
2
2
2
2
2
2
2
1
2
1
2
1
2
2
1
1
1
2
1
1
2
1
1
2
2
1
1
2
1
2
2
2
2
1
1
2
1
2
2
2
1
1
2
2
1
1
1
2
2
2
1
1
1
2
1
1
1
1
2
9573206702
64026022238
1
87798025527
1
2
1
1
1
2
1
1
2
1
2
2
2
2
2
1
2
1
1
2
2
1
1
2
2
2
1
1
2
2
2
1
1
2
2
2
1
1
2
2
1
2
1
2
2
1
1
2
2
1
2
1
2
1
2
1
1
1
2
2
2
2
2
1
2
2
1
2
2
2
1
2
2
1
1
1
2
1
1
1
2
2
1
1
2
2
1
1
1
2
1
2
34463024637
1
2
1
1
2
2
2
2
79755381789
55935385120
2
2
2
1
2
30124288628
2
1
2
45122207249
1
2
1
2
2
2
1
1
1
2
1
2
63225532679
1
1
2
1
1
2
2
2
1
1
2
2
2
2
2
2
2
1
1
2
1
2
1
2
2
2
2
1
1
1
1
2
2
2
1
2
1
2
1
1
1
2
1
1
2
2
2
2
1
2
1
1
1
1
1
1
2
1
2
1
1
1
1
1
2
1
2
1
1
2
1
2
1
1
2
1
2
1
1
2
2
64968340088
2
2
2
2
2
2
2
2
2
2
2
1
2
1
2
2
1
1
1
2
2
1
1
2
2
1
1
2
2
1
2
1
2
1
2
2
1
2
2
2
1
2
2
1
2
1
1
2
2
1
2
1
1
1
2
2
1
2
1
2
1
1
2
1
2
1
1
2
2
2
2
2
1
1
2
2
2
1
1
2
2
1
1
2
1
2
1
2
1
1
1
1
2
2
2
1
1
1
2
1
2
2
2
1
1
2
6277799854
2
2
1
1
2
2
1
2
1
2
2
1
1
2
1
2
1
2
58499678001
1
1
1
2
1
2
2
1
2
2
2
2
2
2
1
2
99594049537
2
2
2
1
2
2
1
2
1
2
2
2
2
2
2
2
2
2
1
1
1
2
2
2
2
1
21375065364
2
1
1
1
2
2
2
2
2
1
1
1
2
2
1
1
2
2
2
1
1
2
2
2
2
2
1
1
2
58503268074
2
2
2
1
1
2
2
1
1
1
71624276362
1
2
2
1
2
2
28860944192
1
2
1
1
1
1
1
2
1
2
1
2
17689615958
22859476511
2
2
1
2
2
1
1
2
2
2
2
2
2
1
1
2
2
2
1
1
2
2
1
1
1
1
1
1
2
1
2
1
1
2
1
2
2
2
1
1
2
1
2
1
1
1
1
1
2
2
1
1
2
2
2
1
2
2
2
2
2
1
2
2
2
64776200922
2
1
2
1
1
1
2
2
2
1
1
1
2
2
1
1
2
1
1
2
2
2
1
2
2
2
2
2
2
1
1
2
2
1
1
1
2
2
2
1
1
1
1
2
1
1
2
2
2
2
2
2
2
2
2
2
2
2
2
1
2
2
1
2
2
2
1
2
2
1
2
2
2
2
1
1
1
2
2
2
2
1
1
2
2
1
2
1
2
2
2
1
2
1
1
2
2
2
1
2
2
1
1
1
1
1
2
1
2
1
2
1
2
2
2
2
2
1
2
2
2
2
1
1
2
1
1
1
1
2
1
2
1
1
1
1
1
14184467832
2
1
2
2
1
2
1
2
8921666002
2
2
1
1
2
1
1
1
1
1
1
2
86208900329
1
1
2
1
2
1
1
2
2
2
2
2
96509184113
1
46760931821
2
2
1
1
2
2
2
24679033912
1
2
2
1
1
2
1
1
1
2
1
1
2
2
2
1
1
2
2
1
2
1
2
2
2
1
2
2
2
2
1
1
2
2
1
2
2
2
2
1
1
1
1
1
2
2
1
1
1
87062434162
1
2
2
1
2
1
2
2
2
2
2
1
1
1
1
2
2
1
2
1
1
1
76592504230
1
2
1
1
1
1
1
2
2
1
2
2
2
1
1
2
2
1
1
1
2
1
2
1
1
1
1
1
2
2
2
2
1
2
2
1
2
2
2
1
2
2
1
1
1
2
1
2
1
1
1
2
1
2
1
1
1
1
1
1
2
1
2
2
48442893446
2
2
1
2
2
1
1
1
2
2
2
2
1
1
2
1
2
2
1
2
2
2
2
1
2
2
2
1
1
1
2
2
1
1
1
2
1
2
2
2
1
2
1
1
1
2
1
1
1
1
2
1
1
2
2
1
2
1
2
2
1
2
1
2
1
2
2
1
2
2
2
1
2
2
1
1
2
2
1
2
2
2
2
2
2
1
2
1
2
21112028653
2
2
61624039885
2
2
2
1
2
2
2
1
1
2
1
2
2
2
2
1
1
1
1
1
2
2
1
2
2
56919348035
1
1
1
2
2
1
2
1
2
62607822153
2
1
2
1
2
1
1
2
1
1
2
2
83825938159
1
1
2
1
2
1
1
2
1
2
1
2
2
1
2
1
2
1
1
2
1
2
2
1
1
1
1
2
2
1
1
1
2
1
1
1
1
2
1
2
2
1
2
1
1
1
2
1
2
2
2
2
2
2
2
1
1
1
2
78813043774
1
2
1
7329799100
94099747979
48416282566
2
2
22299070275
2
1
2
1
2
1
1
2
1
2
1
1
1
2
1
1
2
2
1
1
2
1
2
1
2
1
2
1
1
1
1
1
1
1
2
2
1
2
2
2
1
2
1
2
1
1
2
2
1
2
1
2
2
2
2
2
2
2
1
2
2
1
2
16521099706
2
1
2
2
1
2
1
2
2
2
1
2
1
2
2
76550104648
2
85831055875
2
1
17367459614
2
2
2
1
2
2
1
1
2
2
2
1
2
1
2
1
2
1
1
1
2
1
1
2
1
83364291540
2
1
1
1
1
2
2
1
2
2
1
1
1
19690954427
1
2
2
1
2
2
1
2
2
1
1
1
1
1
38478436394
1
1
1
2
1
1
2
2
1
2
2
2
1
1
2
2
1
2
2
1
1
2
77039884419
2
2
2
1
1
1
1
2
2
1
2
1
1
2
1
1
2
1
2
1
1
1
2
2
2
2
2
2
1
12742347075
1
1
2
1
1
1
2
1
2
80771410224
2
1
1
2
2
2
2
2
2
94406564902
2
1
2
2
1
2
1
2
2
1
2
2
2
1
2
1
1
2
1
57713767316
1
1
2
1
2
2
1
1
2
1
2
2
2
2
1
2
2
2
2
1
93114718530
1
2
1
1
2
2
2
1
2
1
1
2
1
1
1
2
2
2
1
1
1
1
1
2
1
1
2
1
1
1
2
1
2
1
1
2
92840147143
1
1
2
2
1
82140005933
2
2
2
2
2
2
2
1
2
2
2
2
2
2
2
1
1
1
2
2
1
2
2
2
1
2
1
1
1
1
48091012866
2
2
1
2
1
1
2
2
1
2
2
1
1
1
2
1
1
2
1
1
2
1
97522943128
1
2
2
2
2
2
17204342484
1
2
2
27729290026
1
2
1
1
2
2
1
2
2
1
2
1
2
26899806885
1
1
1
1
2
1
1
1
2
1
2
1
1
1
2
1
2
2
2
1
2
2
1
1
2
2
2
2
1
1
1
2
2
2
2
1
2
1
1
1
2
2
2
2
1
1
2
1
2
1
1
2
2
1
2
2
2
1
1
1
2
2
1
2
2
1
2
1
2
2
1
1
2
2
2
2
2
1
2
2
2
2
1
2
2
1
1
2
1
1
2
1
2
2
2
2
1
2
2
2
2
2
2
2
2
1
1
2
1
2
1
2
1
2
2
1
2
1
74047776741
1
77525846372
1
1
2
1
1
1
1
1
2
2
1
1
1
2
1
2
2
2
2
2
2
2
2
2
2
2
2
15035911
1
1
1
2
1
1
1
84269670102
1
1
1
2
50299704470
1
2
1
1
1
2
2
1
1
2
2
2
1
28641506795
1
2
2
1
2
2
2
1
2
2
1
24925613286
2
2
2
1
2
2
2
2
2
1
2
2
2
2
2
1
2
99784864832
2
2
1
1
1
2
1
2
1
1
93867610859
1
2
1
1
2
1
2
2
1
2
1
2
1
2
1
1
2
1
1
2
2
2
2
1
1
2
1
1
1
1
2
1
1
2
1
18206813819
2
1
2
2
2
2
1
1
1
2
1
2
89128338343
2
1
1
1
1
2
2
2
2
36708500229
1
1
1
1
2
1
1
2
2
2
1
1
2
2
1
1
1
2
2
1
1
2
1
2
1
2
2
2
1
1
1
1
2
2
2
2
1
1
2
1
2
1
2
2
2
1
2
2
2
1
2
2
2
1
1
2
1
2
1
1
2
1
1
1
1
1
2
2
2
1
1
2
1
2
2
2
1
2
1
1
29202950530
2
2
1
1
2
2
2
1
2
1
2
2
1
2
2
1
1
1
2
2
1
2
81100346158
2
1
1
1
2
2
2
38686024918
1
1
1
1
2
1
1
2
2
2
1
2
1
2
1
2
17833333535
1
1
2
2
2
2
1
2
1
2
1
1
1
1
1
2
1
1
1
1
2
2
1
1
1
2
2
2
2
1
1
1
1
2
1
2
1
50165966555
1
1
2
1
1
1
2
2
2
2
2
2
1
2
1
2
2
1
2
2
2
2
2
1
2
2
2
2
2
2
2
1
1
2
2
2
1
1
1
1
2
2
2
2
1
2
2
1
1
2
1
2
2
2
1
2
1
2
2
2
1
1
2
1
2
2
1
1
1
1
1
1
1
1
2
1
1
2
1
2
2
22604756723
1
2
1
1
1
27000624581
1
1
2
1
2
1
2
39421007843
2
2
1
1
1
2
1
1
2
2
1
2
2
1
1
1
2
1
2
2
1
2
2
11368541728
1
2
43834689501
1
1
2
1
1
1
1
2
1
1
1
1
1
1
2
2
1
1
2
1
2
1
1
2
2
1
1
1
1
1
1
2
1
2
2
2
2
1
1
1
1
2
2
2
2
1
92937697025
2
79444231999
1
2
1471870976
1
2
1
1
1
2
1
2
2
2
1
1
2
2
1
1
2
1
2
1016324313
2
2
69401577245
1
1
2
2
1
1
1
2
2
1
1
2
1
1
1
2
1
1
2
2
1
2
2
85050684907
3128309220
2
2
1
1
2
2
1
1
1
2
2
1
1
1
1
2
2
1
1
2
2
2
2
2
1
1
1
2
2
2
1
1
2
2
1
2
1
1
2
1
1
2
2
1
76929353415
2
2
2
2
2
1
2
1
1
1
2
1
2
1
2
1
1
1
2
2
2
2
26816106276
2
2
2
1
2
1
2
63356052442
1
1
2
2
2
26080459039
1
15947141511
1
1
1
1
1
2
1
1
2
41723509415
2
2
1
2
2
2
2
1
2
2
2
1
2
71332429529
1
2
2
1
2
2
2
2
2
1
2
1
2
1
1
2
2
1
2
2
2
2
1
2
1
1
2
1
1
2
1
2
2
2
2
2
1
2
2
1
1
2
1
1
1
1
1
1
1
1
14349684685
2
2
1
1
1
2
1
2
2
1
2
2
1
2
2
2
1
2
1
2
1
1
1
2
1
1
1
2
1
2
2
2
1
2
2
2
2
2
2
1
2
1
2
2
1
1
2
2
1
2
2
1
2
1
2
2
1
1
1
1
2
1
1
1
1
2
1
2
2
1
1
2
1
1
1
2
2
2
1
1
2
2
2
5487040024
47335594099
2
1
2
2
1
2
1
1
5179398446
2
1
2
1
2
2
2
2
1
2
1
1
2
2
2
2
1
1
1
12843099753
2
93905728773
1
1
2
2
2
1
21552040491
1
48151688754
2
1
2
1
1
2
1
1
1
2
1
2
76538968933
2
1
2
1
1
1
2
1
1
2
1
2
2
1
2
1
1
2
2
2
49551226818
2
1
2
1
1
1
1
2
1
2
2
1
2
2
1
1
2
1
1
2
1
1
2
1
1
19593704273
1
1
1
2
2
1
1
2
1
1
1
2
2
2
2
2
2
2
2
2
2
2
2
1
1
1
2
1
2
1
2
2
1
2
2
2
1
2
1
1
1
2
2
1
1
2
1
1
2
1
82775546171
2
1
2
2
1
1
2
1
1
1
1
1
2
1
1
2
2
2
2
1
1
1
2
2
1
1
1
1
1
1
1
1
2
1
2
97550116339
1
2
2
1
2
2
1
1
2
1
1
1
1
2
2
2
1
1
2
2
1
2
2
2
1
1
1
1
2
1
2
1
2
2
1
2
2
1
1
2
1
1
1
1
1
1
2
14045935778
1
2
1
2
1
2
12257704987
1
35523704765
2
2
1
1
1
1
2
2
2
2
1
1
1
1
1
1
1
2
1
1
2
2
2
2
1
1
1
2
1
1
2
1
1
2
2
55407448299
1
2
1
1
1
1
2
1
1
2
2
1
1
2
1
1
63816495258
1
17116355472
2
2
2
1
2
1
1
1
1
1
1
2
1
1
2
1
2
1
1
2
2
32550411674
1
2
2
2
1
1
1
2
2
2
1
2
2
2
1
2
2
2
1
1
1
1
1
1
1
1
2
2
1
1
1
79737400768
2
2
2
1
2
2
2
2
1
1
2
2
1
2
2
2
1
1
2
2
1
1
2
2
1
1
2
1
1
2
2
50647115694
1
2
1
2
2
2
2
1
2
1
1
1
1
2
1
2
2
2
1
2
2
2
1
1
2
1
2
2
2
2
2
1
1
2
1
2
1
2
1
2
1
1
2
2
1
2
1
1
2
1
2
1
2
2
2
2
2
1
48906381576
2
1
2
1
1
1
1
2
1
1
1
1
1
1
2
1
2
1
2
1
2
1
1
1
1
2
2
1
2
2
2
2
2
2
2
2
2
1
2
2
1
2
2
2
1
1
70540991625
1
2
2
2
55337781088
1
46947291301
2
2
2
2
1
2
1
1
1
2
1
2
2
2
2
1
2
2
1
1
1
2
2
1
1
2
2
2
1
2
1
1
1
1
2
2
2
2
2
2
1
2
2
2
2
2
1
1
2
1
2
2
2
1
1
2
2
2
2
2
1
2
1
1
2
2
2
1
2
2
1
2
2
2
2
1
2
2
2
1
1
1
2
1
1
1
1
2
1
2
2
1
1
1
2
2
2
1
2
2
1
1
1
2
2
1
1
1
2
2
45647609598
1
1
2
2
2
1
41268235260
2
1
32861454366
2
2
2
2
50568466263
2
1
2
1
1
1
1
2
2
2
2
2
2
2
2
1
2
1
2
2
1
2
1
2
2
1
2
2
1
2
2
2
2
1
1
2
2
1
2
2
1
1
2
2
2
1
1
1
1
2
2
1
1
2
1
1
2
2
1
2
30975151297
1
1
1
1
2
2
1
1
18879139006
2
2
1
2
53099875021
2
2
1
2
1
1
2
1
1
2
1
53483865687
2
2
2
1
2
1
2
1
2
1
1
1
2
2
1
2
1
1
1
2
2
1
61114237713
1
1
1
1
2
2
2
1
1
2
1
2
2
2
1
8434773051
2
1
76470721232
2
1
1
2
1
2
2
1
2
1
2
2
2
2
2
2
2
2
1
1
1
2
1
1
1
1
1
1
1
1
1
1
2
1
1
2
1
2
1
88238529624
2
1
2
2
1
2
2
2
2
1
1
1
2
2
2
2
2
1
2
2
2
43909918585
69416035419
2
51605693327
2
1
2
2
1
2
1
1
1
2
1
2
1
1
2
1
2
2
1
1
1
1
1
1
2
2
2
1
2
1
2
2
1
1
1
1
1
2
1
1
44569649808
2
2
1
1
1
2
2
2
1
1
2
1
2
2
1
2
1
2
2
2
2
1
1
19487010875
2
2
2
2
2
2
45412916370
1
2
2
2
2
1
2
1
2
1
1
2
1
2
2
1
2
2
2
2
2
2
1
2
1
2
2
2
1
1
2
1
73869122946
1
2
1
1
2
2
2
2
2
1
1
2
1
1
2
1
2
1
1
1
2
2
1
2
1
1
1
1
2
2
1
2
2
1
1
2
81680774527
1
1
1
2
2
2
2
1
2
2
1
2
2
1
1
1
2
2
2
1
2
1
2
1
2
1
2
2
1
1
2
2
1
1
1
1
1
2
2
2
1
1
1
2
2
1
2
1
2
2
2
2
2
2
2
2
2
2
1
1
1
2
58981379344
1
1
1
2
1
2
1
1
2
2
1
1
1
2
1
1
1
2
1
41634673375
2
2
1
1
2
1
2
2
2
1
1
1
1
1
2
1
1
2
1
1
2
1
1
2
2
1
1
2
1
2
16766725017
2
2
8216182991
1
2
1
2
1
2
2
1
1
2
2
2
2
2
2
1
2
2
2
1
1
2
2
2
1
2
1
1
59947541531
1
1
1
1
2
1
1
1
2
2
1
1
2
2
2
1
2
2
1
2
1
26601987879
2
1
1
2
1
2
2
2
2
81784184626
31380432397
1
2
1
1
1
1
2
1
1
2
1
2
2
2
1
1
2
1
2
2
2
1
1
1
1
2
2
2
2
1
2
2
39942138914
2
2
2
2
1
2
1
1
2
1
1
2
2
1
2
29860915103
1
1
2
2
1
1
2
1
1
2
2
1
1
1
2
1
1
1
2
40108225151
2
2
2
1
22331180829
2
2
1
2
2
1
1
2
1
2
51245283355
1
1
1
2
1
1
2
1
2
1
2
1
1
1
2
1
1
2
2
1
1
1
1
1
1
1
2
1
1
1
2
1
2
2
2
1
1
85425016457
2
2
2
1
2
2
1
1
2
2
1
2
2
2
2
2
1
1
2
1
1
23513457882
2
1
1
1
2
1
2
1
1
1
2
2
2
1
1
1
1
2
1
2
2
1
2
1
2
1
2
2
1
2
2
1
1
2
1
2
1
1
1
1
2
2
1
13057003774
2
1
1
1
2
1
2
1
2
1
2
81151417497
2
1
1
2
2
1
1
2
1
2
1
2
92293662032
2
2
2
1
1
2
2
2
2
1
2
1
1
2
1
2
1
1
2
1
2
1
1
1
2
2
2
1
1
2
2
1
2
2
99671525380
2
2
2
2
1
626373937
2
1
2
1
22241776291
1
2
1
1
1
2
1
1
2
1
1
1
2
1
1
2
2
2
1
1
2
2
2
1
2
2
1
1
2
1
2
65311955075
1
2
2
2
2
2
1
2
2
1
2
2
2
1
2
2
1
2
1
2
1
2
1
2
2
1
2
53426008514
1
2
1
1
2
1
2
2
1
1
1
2
2
1
2
1
1
1
2
2
1
2
2
2
1
1
2
1
1
2
1
1
33852196463
2
1
2
72944850091
1
2
2
1
1
1
2
1
19908175456
49147744861
1
1
1
1
2
2
2
2
2
51205796490
2
2
2
2
1
1
2
2
2
1
2
58029027528
2
2
2
1
1
2
59591451377
2
1
1
2
2
2
2
2
2
1
1
2
1
2
1
1
2
2
1
2
1
2
73631811492
1
1
1
2
2
2
1
1
2
1
2
1
1
1
1
2
1
2
2
2
1
1
1
2
1
1
2
1
1
1
2
2
1
79438406690
