1
2
1
1
429757233
1
2
1
2
1
97325315295
1
2
1
2
2
2
2
59566550896
1
2
93257485156
33706619277
2
1
1
43642315346
2
14251937648
48329781836
1
2
2
2
1
1
2
1
1
1
1
2
2
1
1
1
2
1
1
1
68954158142
1
2
1
2
1
2
2
1
87874959704
1
24085958220
2
1
2
2
56935437198
2
2
1
1
1
1
1
2
1
2
1
2
1
14614132066
1
83532183371
2
2
2
2
2
1
1
1
1
2
1
2
2
1
2
1
2
2
1
2
1
2
1
84968392919
2
2
1
2
1
12305011121
1
1
1
77447820576
1
1
22031666876
2
1
2
1
26689270074
2
2
2
1
1
1
1
2
2
2
1
2
1
2
1
2
1
1
2
1
1
2
1
1
2
2
2
2
2
2
2
1
1
2
1
1
2
1
2
2
2
1
1
1
2
2
2
2
2
1
2
2
1
1
1
2
2
1
1
2
2
2
1
2
2
2
1
1
15066785625
2
1
1
2
1
1
1
2
1
1
1
1
2
50338542496
2
1
1
1
1
1
85959924894
1
1
2
2
2
1
8875426333
1
1
2
2
2
1
1
1
1
2
2
2
68989629846
41006202975
1
1
2
1
2
1
1
2
1
18719665078
1
13381069376
64236918284
1
1
1
18372879534
1
1
87605007154
1
1
1
1
2
1
1
1
2
23727152201
2
1
2
1
1
84493761852
1
2
1
2
1
2
1
1
1
1
2
1
1
2
1
1
2
1
1
2
2
1
1
1
6127078575
1
85333697140
2
1
2
2
1
2
1
2
82303029869
2
1
1
2
2
2
2
1
1
2
2
2
1
2
2
1
1
1
1
2
2
2
2
1
2
2
78022969927
60166470422
2
1
2
1
1
47400804566
1
2
2
1
1
2
1
1
1
1
2
2
2
1
2
2
1
1
2
1
2
1
1
7639244064
2
2
1
2
2
1
1
1
2
2
1
1
2
2
2
1
2
1
1
2
2
1
2
1
1
2
2
2
1
2
1
71534620506
61805100665
2
2
2
2
2
2
92928600166
97042652294
2
2
1
2
62909579359
1
2
1
1
1
2
1
2
1
45279780226
1
2
1
2
2
2
2
1
2
2
2
1
2
2
1
1
1
2
1
1
1
78496128726
1
1
1
1
1
1
2
2
2
84338977556
2
2
1
62884522454
2
2
2
2
2
79905973630
1
1
1
1
1
1
2
2
1
1
52755847288
2
84690962318
2
41178300122
1
21626361945
1
2
2
1
2
1
2
1
11582133174
1
1
2
2
1
89060284280
59708753573
2
1
2
2
1
1
1
1
1
2
1
2
1
2
1
1
2
2
1
2
2
1
11970397091
1
2
2
2
2
1
1
1
2
2
2
1
1
1
2
29101572199
1
1
1
2
1
1
1
76090757460
1
84329863961
1
2
2
1
1
2
2
1
1
1
1
2
1
1
1
1
1
2
1
1
1
1
2
2
1
34460766064
2
1
98428633758
50185081853
1
2
1
2
2
2
2
2
2
2
2
1
1
2
2
93559509046
1
1
66861933033
1
1
2
1
1
1
2
2
2
2
4828049780
1
1
1
1
2
2
91614517074
1
2
1
2
45225370267
2
1
2
2
54747181490
1
2
1
2
2
1
1
1
2
74501901551
2
2
1
2
73325656951
2
2
38323266778
1
1
2
1
1
2
87634385588
1
1
1
1
2
1
1
1
1
3686839495
1
1
1
1
1
1
1
2
1
2
2
86299914476
37181668567
2
2
1
1
2
12509599737
1
2
1
2
2766143464
1
2
1
1
1
62049687727
2
1
1
1
1
2
2
1
1
6536405343
2
1
53457204000
2
1
2
1
1
2
1
4290746068
1
1
2
2
65040766607
2
2
1
2
1
1
2
1
1
2
1
1
1
1
81989457644
2
2
1
1
57442378740
1
2
1
1
2
1
1
1
2
2
15804254143
94607886322
2
93168321803
1
1
34636325439
2
1
2
2
1
1
1
2
1
1
1
2
2
1
84424722019
1
1
2
2
31568411620
1
1
23119345239
2
1
2
2
1
22274480392
2
2
1
4147828361
1
14311053853
1
1
1
2
1
33748372875
2
1
1
2
41238257752
2
1
1
2
2
1
2
1
1
2
2
2
1
1
1
46497967430
1
1
1
59439504255
2
31599228988
2
28834817602
1
2
1
1
2
1
2
1
2
2
1
1
1
2
2
2
2
5461930830
2
2
1
69512731516
1
2
2
2
1
2
2
2
2
2
2
1
1
73959877663
2
43886464829
1
1
1
1
1
2
99060574522
2
1
2
80558598781
1
96771234148
2
1
1
1
1
2
1
1
2
2
1
20045370697
1
1
1
11652379672
2
2
1
1
1
2
2
1
1
1
1
1
2
39843210381
1
2
1
2
2
74121627722
2
1
2
4517435261
2
1
2
1
2
2
2
2
36162063251
1
1
1
2
2
59943298343
1
2
1
1
1
2
1
1
29291716512
2
2
1
1
51238239072
2
2
2
2
2
1
1
1
2
1
1
1
2
2
1
2
2
72598710536
2
64359382004
63855985800
2
1
2
1
1
2
1
1
1
1
2
2
47740544565
1
19914513737
1
1
1
1
1
1
1
2
2
1
1
1
2
1
2
1
1
2
1
31825657256
1
1
2
2
2
2
1
2
1
2
2
2
1
2
2
2
2
2
2
1
2
2
1
20647584028
35893187267
1
7196943724
1
2
1
1
2
1
1
1
1
1
1
1
1
1
85626452195
83863549136
1
780617681
2
1
2
1
1
2
2
2
1
94004316863
2
71331245065
1
1
1
75911412325
2
2
2
1
2
1
2
1
2
1
2
1
2
2
1
1
1
1
1
21246040177
6731247715
2
2
2
1
99256660417
2
2
2
2
1
2
2
1
1
924975035
1
2
1
1
2
38274285817
1
2
26010880824
1
2
1
1
2
1
2
1
1
1
1
2
1
1
1
1
2
1
2
1
1
1
1
76712095752
1
1
1
1
1
1
2
2
54099217238
2
2
62370589730
2
1
2
2
1
36304890158
2
2
2
2
2
1
2
2
1
1
1
99305245034
43838830346
1
1
1
2
1
2
1
2
2
63491547311
68447460514
2
1
1
1
1
1
1
2
1
2
2874800675
2
2
38467122989
32024521893
2
2
29279054859
2
1
1
62242780830
1
2
1
2
1
1
16526590380
2
1
1
2
1
2
21802511300
2
2
1
1
1
2
2
1
1
1
1
1
1
2
2
1
1
82900929911
1
1
2
2
1
1
96174107351
2
2
1
96723589675
1
2
1
2
42836100762
66836992498
2
1
2
1
2
88342128443
2
2
2
1
2
1
1
2
2
1
2
1
1
1
51163076910
23970719541
1
2
2
1
2
1
6539276001
1
2
1
2
1
2
1
1
1
2
1
2
2
2
1
1
35594934437
2
2
1
1
1
2
2
2
2
1
2
1
1
1
2
1
1
1
2
2
51368731335
33285474159
1
81755812154
2
1
69942044423
2
1
1
1
2
1
2
59521308682
1
2
2
1
1
64343512445
2
60942787266
2
1
2
1
1
1
1
2
2
2
2
1
94022021838
2
1
2
2
1
2
2
70057804773
1
2
2
13345798823
2
1
1
1
1
2
1
1
1
1
1
1
2
1
2
1
1
1
2
1
20324099706
1
2
2
2
1
1
1
1
2
1
2
45990126402
1
1
2
2
2
23485429398
2
1
2
1
84408760822
2
1
1
1
2
2
2
2
2
1
1
2
1
1
1
1
1
2
1960273983
1
1
2
2
1
1
2
2
1
2
12148836645
1
2
87879927873
2
2
1
2
2
1
60135774100
2
4378572816
1
2
15857436843
2
2
2
1
2
1
1
1
2
2
38730502441
2
25340263071
62344890123
2
2
1
1
1
1
1
2
1
1
2
1
1
2
2
1
2
2
1
1
2
2
2
2
2
2
2
1
2
1
2
1
1
2
1
59174750330
1
1
2
2
1
1
2
22634683266
2
1
2
2
2
2
1
1
2
1
20010653970
2
1
2
2
1
2
83684312792
1
2
1
1
1
1
2
2
1
12713630415
1
1
2
2
1
1
2
91880198498
1
1
37338050974
1
2
2
1
2
1
1
1
2
1
2
1
2
1
1
1
1
2
1
1
1
66041425248
1
51832464326
2
1
2
1
2
2
1
1
1
2
2
1
95593714915
1
26847276249
2
2
22101816785
2
1
1
1
2
2
2
1
1
1
1
2
54458680858
2
1
2
1
1
2
2
1
2
1
1
2
1
1
1
2
39797893391
1
2
1
2
1
2
1
64070848287
1
2
2
2
1
1
88591263497
1
1
2
1
2
1
2
2
53029923728
82489661973
1
1
1
2
2
1
1
2
2
1
2
27740980343
1
1
2
1
2
1
2
1
2
1
1
1
2
1
2
50529461509
2
2
2
2
1
2
1
89105380582
1
35508441304
2
1
1
1
2
1
2
1
2
1
2
2
1
2
88412767725
2
36490986880
78390292858
2
1
96420345120
2
1
2
1
2
1
1
2
2
2
1
1
90551727317
1
2
2
2
1
1
2
3142963229
2
2
15944078898
2
2
1
2
2
2
1
2
2
1
1
1
1
1
2
1
2
1
2
2
2
2
2
74086787975
2
2
2
2
2
1
1
54526892494
2
2
1
2
1
1
66557054259
1
2
1
1
1
39280641613
1
1
23535738506
1
2
90022489373
2
2
2
2
2
8480854316
2
2
2
1
2
1
69687963851
2
1
2
1
2
2
1
1
2
1
2
1
2
2
1
1
1
1
1
1
1
2
1
2
49561419102
2
1
2
1
2
83335586200
1
1
5993406207
1
30886714321
2
2
1
73787277435
2
1
1
1
1
2
27284233710
1
2
1
2
2
1
1
2
2
14787358181
2
70381002306
1
1
41272849932
1
1
2
2
1
4364153000
1
1
1
1
1
57817357527
1
1
1
1
2
2
2
1
1
1
1
1
2
7784020143
1
75078047989
1
2
1
1
1
1
1
1
1
2
2
2
2
2
1
1
1
77228289985
2
2
1
1
2
1
2
47146648173
2
1
50478505063
1
2
61930364893
1
2
1
2
1
2
2
2
85705492909
2
1
2
2
1
2
1
1
2
1
1
1
21843228326
2
1
1
47362515694
2
2
66667574920
2
1
2
1
2
1
36720793435
2
1
2
1
62476684503
58798662337
2
66658849547
1
1
1
2
1869461325
1
1
1
2
1
2
2
1
2
2
2
78857351254
1
1
1
2
1
3544021222
1
31475485709
1
2
2
1
1
2
2
2
2
2
1
1
88993113900
51055569577
2
2
2
1
1
2
1
1
1
1
2
2
2
1
93582196032
1
2
1
1
1
2
1
1
51488117785
33805760024
1
1
1
2
2
2
1
2
1
2
2
1
2
1
2
2
9749821659
1
2
2
2
80405612042
58062922697
1
2
1
1
1
1
2
2
2
1
1
2
2
1
1
1
2
2
2
2
2
2
2
1
1
1
1
1
2
1
1
1
1
2
1
5138260331
2
2
2
1
2
2
2
1
1
86882913711
1
35169749954
1
1
1
25824011782
2
1
2
1
2
2
2
1
1
1
2
2
2
1
2
91462345964
1
1
2
2
1
2
1
1
1
1
1
1
1
2
1
2
91638251252
2
98730154347
2
1
61144068493
1
1
2
1
2
2
1
1
2
1
2
2
1
2
2
1
2
1
2
2
1
1
1
1
2
2
1
1
2
2
1
1
2
2
1
2
2
1
1
1
2
2
1
2
1
1
1
2
2
1
7415198916
1
72963364708
2
2
1
58796227133
2
1
1
1
2
1
2
1
1
1
1
1
1
1
1
1
1
1
2
1
1
1
1
2
2
1
2
1
1
2
1
1
1
2
2
2
2
1
50592723193
2
1
2
2
1
33614493775
973489557
2
1
1
2
1
2
1
1
1
1
1
2
1
2
2
2
1
1
68213886515
1
1
1
2
1
1
2
1
1
1
1
70586994454
1
2
1
1
1
1
1
74663951923
1
1
2
2
1
2
1
1
1
2
59422902527
1
97232154095
1
1
1
1
1
2
1
2
2
2
2
12474331655
1
1
2
1
1
2
2
2
1
22841951054
1
1
2
83765750786
2
1
1
2
2
2
1
1
67086572462
2
1
2
1
1
2
2
2
1
1
2
2
40275929376
45131717459
7304855080
23540228933
2
1
2
1
1
2
1
38251336949
2
1
2961417547
2
1
2
1
2
2
1
2
2
2
1
1
92026802090
1
1
1
1
1
1
2
2
1
2
2
2
2
2
1
1
1
98140655820
59174220947
2
1
2
92823765912
1
2
1
20871826972
2
1
2
2
2
2
1
1
1
1
2
1
1
1
1
1
1
93990011589
1
2
2
2
1
2
2
2
2
1
1
1
1
2
2
2
35509777735
2
1
4597667290
2
2
2
1
2
2
2
69571434571
1
2
2
1
2
2
91921990067
1
2
2
1
2
1
1
2
1
1
1
2
97142549723
2
2
1
1
1
1
1
2
82130416031
2
2
2
6208263006
1
1
2
2
1
2
1
2
2
1
2
2
2
2
2
2
59905005248
2
2
1
36825336830
2
27572534043
2
2
2
2
1
1
2
2
2
1
1
1
1
2
2
2
2
2
1
1
2
1
2
1
2
1
1
2
2
1
2
1
1
1
77197493463
1
1
78299048559
1
1
1
1
50209529476
2
2
1
2
2
1
1
2
2
1
1
1
2
1
84277209422
38405532392
1
1
2
1
2
2
2
2
1
1
99686993115
1
2
2
2
1
1
1
1
91251628211
2
1
1
58168053512
1
909815118
2
49054402246
2
2
2
1
2
2
1
2
1
2
2
1
1
2
2
1
1
2
1
1
2
1
2
1
1
2
2
1
2
1
1
1
1
1
2
2
1
1
92473770223
1
54973108181
1
2
2
1
1
2
1
2
1
2
1
1
1
2
2
1
1
1
1
1
1
1
1
2
2
1
2
1
1
2
2
1
61617723015
1
2
39149009977
2
1
1
89787620201
1
2
2
2
2
1
9015331238
1
1
1
2
1
2
25675279410
1
1
2
2
2
2
1
45252194372
2
2
50740800197
2
2
1
2
2
2
1
2
2
2
1
2
2
1
2
76185106285
1
1
2
2
2
1
2
2
1
2
2
1
2
2
1
1
57287406760
2
22526029326
2
2
63456231114
1
1
1
38702634770
2
13010567669
32967197429
1
2
52759516303
1
1
1
2
2
1
95334028627
83042320201
2
1
3921451337
1
2
2
16315048290
2
1
2
2
2
1
2
1
1
1
1
1
1
1
2
2
2
1
1
1
43620867337
1
2
1
1
1
1
1
2
2
1
1
2
17892071608
2
2
2
2
1
2
2
2
2
9696903928
2
1
1
15147520587
2
2
1
1
1
1
2
1
2
1
2
2
70889398956
99115711553
2
2
2
1
2
2
2
1
2
1
1
2
1
2
1
1
2
2
2
1
1
48385679426
1
2
63559986122
1
1
1
1
2
1
2
45351030905
1
1
2
2
1
1
1
2
1
1
2
2
2
1
1
25280907270
1
2
2
2
1
15584267644
2
2
30675362495
2
29268291265
2
41536931142
2
2
1
1
1
2
2
27658769445
2
1
1
2
1
2
1
1
2
2
2
2
2
1
2
1
1
2
1
1
2
1
2
1
1
1
1
2
1
2
2
2
1
2
59918561461
1
2
2
2
2
1
2
2
2
70403432916
1
1
2
1
1
34412244689
1
2
2
1
2
1
1
98739597925
1
1
2
1
45035218354
1
2
2
2
2
2
2
1
2
2
12581675707
1
2
1
2
1
1
2
2
1
2
99551071802
26321029045
2
1
1
2
1
1
1
1
1
2
2
1
64174633220
1
1
2
16033166216
1
2
1
1
2
2
2
1
1
1
1
37837558620
2
2
1
2
2
2
2
2
60848154191
1
2
2
1
2
94394834220
7574592546
32227414003
2
1
1
2
93193772395
2
85993552866
1
1
2
2
34358115677
63095973597
82059197945
1
2
1
1
1
2
2
2
2
2
1
2
2
21800300512
25609678272
2
1
1
1
2
2
2
74325298743
2
2
1
2
2
1
2
2
2
69945598557
2
51529694016
1
1
1
1
1
73142806278
2
1
1
14213183192
1
2
1
1
2
1
2
1
2
1
2
2
1
2460848547
2
297347621
2
2
2
2
2
2
1
1
2
1
1
2
1
1
2
2
2
67425907325
58253785905
1
1
2
1
1
2
2
2
2
2
1
1
1
1
1
37700511332
14953969598
1
2
1
2
1
2
1
1
1
2
1
1
2
2
2
1
2
2
2
6909135957
2
1
2
2
1
2
1
2
1
1
1
1
1
2
94796057340
2
2
2
49629716069
1
1
1
19721613266
2
2
2
1
1
2
1
1
1
1
2
2
1
1
1
9113717733
2
2
1
1
2
2
41798848475
2
86868141589
2
1
58220115860
55611088455
2
2
1
1
2
2
1
2
7597866609
2
1
2
2
2
1
2
2
2
1
66703546161
1
2
2
1
9774503993
1
2
2
1
2
2
1
2
1
1
2
1
1
2
1
1
2
1
21392808468
2
2
2
90686293277
2
69706613862
88590510263
2
1
2
1
1
2
2
12955267376
1
2
1
2
2
2
2
76928920040
2
1
2
2
2
2
1
1
1
88579826990
2
1
2
2
1
1
2
2
2
59324992610
2
2
1
86841643728
1
2
2
1
2
1
2
55694752604
2
1
1
2
1
1
2
2
1
2
1
70035175998
1
2
2
2
2
2
1
1
2
2
1
1
1
2
2
2
1
2
2
2
2
1
1
1
1
1
2
2
1
1
39876837552
1
1
2
1
1
1
17605450902
95194427944
1
2
2
1
1
2
1
2
2
2
1
19809739837
1
1
2
2
96056654916
2
2
1
1
1
2
1
2
1
25387586662
1
1
1
2
1
1
2
1
54165330091
2
2
2
1
1
2
1
1
1
2
2
2
48097016306
1
1
1
1
2
2
1
2
1
2
1
1
2
1
2
56896454816
9290783499
1
2
1
1
1
1
2
2
1
2
2
74711389291
1
1
1
31015989329
1
2
2
1
2
1
2
2
1
1
1
1
1
2
1
1
1
1
68047111226
2
1
1
89031049659
1
1
2
2
66263693569
1
1
2
1
2
1
53174895180
1
1
2
1
2
2
1
2
1
2
1
2
1
1
86311487767
2
1
2
1
2
2
2
1
1
2
61876102145
2
2
1
1
1
1
1
2
1
2
1
1
2
1
1
2
1
2
1
1
2
1
57830279715
2
2
1
2
1
2
2
1
2
2
1
1
50390145522
2
1
2
3163090575
1
2
2
2
2
1
1
2
1
1
1
1
2
1
2
1
1
1
1
1
2
54590777855
2
26916580125
2
2
2
65968517905
82929512446
1
2
2
2
2
1
1
2
2
2
7800477428
1
2
2
2
76781662660
2
1
1
65617704265
2
1
1
2
2
2
1
1
1
2
2
1
14314017617
2
2
1
2
1
1
1
33676729231
2
1
82903473952
1
63967875796
1
1
1
49684298896
2
2
2
2
2
2
1
2
2
1
2
2
2
1
2
1
2
2
13641318911
1
1
1
2
89816340486
1
1
1
1
1
2
1
2
1
2
1
1
1
1
97095024088
1
24493576610
2
1
2
2
2
2
2
2
2
1
1
1
1
1
1
2
2
1
2
2
1
1
1
2
1
2
1
1
2
2
22478620794
46335034883
35021335995
1
2
1
1
2
2
1
1
34271845945
1
1
2
1
1
2
1
2
1
1
1
2
2
1
2
2
1
1
1
2
2
1
2
2
2
2
2
2
66172920702
2
2
1
1
1
1
1
18996584277
2
2
36952370456
2
1
1
2
2
93905042500
1
2
1
1
23032409758
2
2
1
1
1
2
1
2
2
1
1
1
1
2
2
2
2
1
2
1
1
2
1
1
1
1
1
1
2
54462106480
2
1
2
1
1
51454006044
2
1
2
2
2
2
2
2
58661277875
2
1
2
1
1
1
2
27988315182
1
2
2
1
1
2
86783406267
1
1
1
2
2
1
1
1
17934407169
1
2
2
92386621654
1
1
1
1
1
2
2
1
2
1
2
1
1
2
2
1
1
2
2
1
1
2
1
1
2
1
2
1
2
1
1
2
2
2
47066779022
2
1
1
1
2
1
2
2
2
2
1
1
92304019983
17562073154
1
1
1
62795896190
2
18921593191
2
2
2
13480283478
40324237230
1
90734501743
124269015
83168377468
2
1
2
1
2
2
2
1
1
2
1
1
2
1
1
2
1
1
1
1
2
2
2
1
2
1
2
1
12728067130
1
2
1
2
1
1
89575187980
1
1
2
2
35178458240
1
2
2
1
1
1
1
1
1
2
1
1
2
2
2
1
1
2
2
1
1
2
2
1
1
1
1
2
2
2
1
1
1
26291066883
21704031576
40331566883
87480850856
1
1
1
1
2
1
2
2
1
2
1
2
7833113652
2
2
1
2
1
1
2
1
1
2
2
2
2
1
1
2
2
1
2
1
1
1
2
1
2
2
2
2
2
2
1
1
1
1
1
2
1
2
2
2
2
2
1
2
1
2
1
2
1
2
2
1
1
86301711611
2
2
33550541924
1
9764353361
1
2
2
2
57522031644
1
2
2
2
1
1
1
1
1
2
1
1
1
2
1
2
1
2
1
1
2
2
1
2
52487657874
1
2
1
2
1
1
1
2
92444921333
1
1
1
2
1
2
2
1
1
1
731405764
2
1
1
2
1
54168004881
1
1
1
88593277143
1
1
2
1
1
1
1
1
1
1
1855563293
2
2
2
1
23568174461
1
2
1
1
1
1
2
1
2
1
1
1
1
2
2
1
93544203258
2
1
2
1
2
1
2
1
1
77641579705
1
1
2
2
1
1
1
1
17617788384
2
2
2
2
1
1
2
1
1729651399
1
49560836780
2
2
2
1
2
1
1
2
1
2
2
90101440521
1
1
1
2
1
1
1
1
1
1
1
1
1
1
1
1
1
84661948417
2
1
2
2
2
2
1
2
1
2
2
1
2
1
1
1
54272054456
2
1
27540668175
1
2
1
1
1
2
1
2
1
2
1
1
2
15735928775
2
1
2
1
1
2
7371392370
2
2
2
2
1
2
2
2
1
1
2
1
1
2
2
1
1
2
1
1
25808934099
1
1
81060995827
1
1
2
1
1
1
2
1
74915418312
10845350323
2
2
2
17195406232
2
1
2
85093243272
2
1
1
1
1
1
16554231330
21835203610
2
1
9928301545
2
1
2
1
2
2
1
2
1
1
2
1
2
12895803046
1
1
2
1
92002346423
2
2
59984731107
2
2
1
83303807783
2
2
1
1
1
1
1
2
1063352032
1
1
1
1
2
21465537716
2
1
2
1
2
1
71216382509
2
2
2
93416760468
49489349489
2
1
1
2
1900859341
2
1
1
1
1
1
73344671058
1
1
1
1
2
1
2
71761183664
1
97929752781
2
2
2
2
2
2
1
2
2
67680270921
1
2
2
2
1
1
1
1
2
2
2
1
1
2
1
1
2
38678080289
1
97163125809
2
2
2
77460777824
2
88762648017
2
2
1
1
1
1
2
70525240673
1
2
1
1
1
1
1
2
2
1
1
2
1
1
1
1
1
2
1
2
1
1
2
2
1
1
2
1
1
2
2
1
2
2
1
1
1
1
2
84942647461
2
1
2
70264173582
56872911171
1
1
2
2
2
1
1
74311202548
1
1
40709517766
1
2
1
2
1
1
1
2
11889887420
1
1
1
2
81512381134
1
1
1
2
1
2
2
14235984963
2
2
2
1
1
2
2
2
2
85294850881
1
1
24503764489
1
1
46007871163
1
2
2
2
2
2
1
2
1
1
1
1
2
1
2
2
2
1
1
84048652161
1
1
2
1
2
1
2
1
1
61805359449
3984028653
1
1
1
2
1
1
1
1
2
2
1
152728633
2
1443293959
1
2
2
1
1
2
1
1
2
1
81880479222
87448875256
1
1
1
2
1
1
1
2
1
2
2
1
1
1
2
1
1
1
2
2
86312912826
1
1
2
2
1
1
94018924737
1
29152640695
1
1
2
1
11956225956
2
1
1
2
2
59522134766
2
23914236648
2
1
1
2
1
1
2
1
2
89756618410
1
2
1
2
2
2
2
1
1
1
1
1
1
2
2
2
2
1
2
1
21259428580
2
5186818842
1
1
2
2
1
1
2
2
1
1
1
1
2
1
1
1
1
1
2
2
2
1
2
2
2
2
75063165039
1
1
2
1
2
2
47245584382
2
2
1
1
48428686500
2
2
1
1
2
2
2
1
2
1
17634959971
1
2
2
1
1
58625116445
1
2
1
2
2
1
1
2
1
2
2
2
1
2
2
2
2
2
1
70457470619
2
2
1
2
1
2
2
2
2
1
69601623082
1
1
2
2
1
41453405685
1
1
1
2
1
1
72341030607
2
1
1
1
76735793729
1
2
2
1
2
1
2
1
1
2
2
2
2
1
2
2
1
2
94077002521
1
1
1
2
2
1
71200750358
1
1
1
1
1
1
1
2
1
1
1
2
1
1
1
1
1
2
1
2
1
11207690224
1
1
2
1
1
1
1
2
2
1
2
1
1
2
66922532635
1
2
1
1
2
1
2
89883285058
2
2
2
1
2
2
1
67288142990
1
2
1
2
1
2
1
1
1
2
2
63777840160
2
1
1
1
1
1
15917323962
1181365140
1
1
1
2
2
1
2
2
2
1
1
2
44528461738
1
2
2
1
1
2
2
1
1
1
2
1
1
7827376214
2
2
2
1
1
1
1
1
2
81695785842
1
1
1
2
1
22333173185
2
50053580417
2
2
2
2
2
2
1
1
2
2
2
30530003772
2
1
2
2
1
791877148
1
1
1
2
1
1
2
1
17400987059
2
1
1
1
2
1
2
2
2
24191268924
1
2
90916951932
1
1
2
2
2
56004421369
2
1
1
2
1
15527995793
1
81736174620
2
1
13491706191
2
2
59246319962
26430970369
2
1
2
1
1
1
2
1
1
2
1
1
1
1
2
47896860772
1
1
1
2
1
1
1
58854120503
2
2
13010531310
1
1
2
1
2
78734962707
2
60176180972
2
1
35594463966
22158339775
24583968416
5638112555
1
89587922867
1
23751384958
1
2
1
2
1
2
1
1
2
1
2
2
2
1
1
2
1
1
2
1
2
48881714443
1
1
2
1
1
1
2
2
1
1
2
1
1
30957150637
2
2
1
2
2
1
2
1
1
1
1
1
2
2
2
1
2
2
1
9411892495
1
2
2
43209890370
1
1
1
1
1
1
50486476325
2
50467194878
1
1
2
2
2
2
2
1
2
2
46769834907
1
1
2
2
2
1
62316609574
1
2
48719671543
1
2
1
1
2
2
2
2
2
1
2
1
51896988085
1
2
2
1
1
1
38477096326
1
1
2
12543193625
2
2
2
1
1
2
2
2
34917082226
2
2
1
1
1
1
76752584318
1
1
2
6284989594
2
2
1
1
2
2
2
1
1
1
1
2
1
69869802838
1
1
2
2
2
2
1
1
1
1
1
70539073085
1
1
2
1
2
2
2
1
1
2
2
1
1
2
2
1
49028037203
2
1
1
2
1
1
1
1
1
95601372779
2
2
25073505382
2
1
1
1
65666303416
1
2
1
2
1
1
2
2
2
2
2
2
2
2
1
1
64605314823
2
30496785337
1
70121709643
1
48547562246
41558577014
2
93866795082
32619618426
2
1
1
2
2
2
2
2
2
2
1
1
2
2
1
1
1
56769771107
1
1
83313330500
2
1
2
1
7419740165
1
2
22821071406
2
2
2
2
2
2
2
84728853350
6030196327
2
2
2
2
1
2
1
1
1
1
2
1
2
2
2
2
2
2
1
2
1
2
97969695602
1
33326438530
2
1
1
2
1
46525108293
2
1
1
2
89664021920
1
2
2
2
1
2
2
2
2
2
2
37326154924
2
2
1
1
1
1
2
24167375938
1
5517698533
1
1
2
1
11393816286
2
1
1
23712732084
1
1
1
2
1
1
41069495175
2
2
1
1
1
1
1
2
1
2
2
1
2
1
1
1
2
2
1
1
2
1
2
2
87322561504
1
2
1
2
1
35357257000
48639108307
2
1
1
1
2
2
1
2
81032634855
2
1
2
1
2
2
2
1
2
1
5298667251
1
1
1
1
89872437191
85778755822
77222513184
1
1
2
50021757814
1
1
1
2
1
1
1
1
2
2
1
1
70477232298
1
2
1
2
1
2
2
2
2
2
1
6110284665
2
2
63438405039
1
1
1
82705253558
2
1
81545859826
1
2
1
1
99269621529
1
2
2
2
2
5832516889
1
1
1
1
12125049541
77526923071
2
1
1
2
2
2
20679113135
1
1
1
2
1
1
2
1
2
1
1
1
2
2
2
2
54629068902
1
2
2
30823040057
1
2
2
1
1
1
2
1
2
1
1
2
2
1
1
1
7614232361
78129886830
52404963182
2
1
1
1
16137801960
55233195102
2
41120636494
1
2
1
1
1
21036818147
1
2
1
79299887595
1
2
1
1
1
2
54234295767
2
1
1
1
2355189507
2
2
1
1
1
2
2
1
1
1
2
2
1
2
1
1
1
1
60083364775
1
1
1
1
1
1
1
1
62062951262
1
2
1
1
2
1
2
2
2
2
1
1
1
2
2
1
2
2
2
1
2
1
1
81511569968
1
2
1
1
2
1
1
2
1
1
1
1
2
2
2
2
4425657899
1
2
2
2
1
2
1
1
1
2
2
1
2
1
71986936809
2
2
25433689237
1
1
1
1
34146489502
2
1
64962576244
1
1
2
2
1
1
2
57081364266
1
2
2
2
1
1
50333787023
1
2
2
2
2
2
1
34279333242
1
2
2
1
1
1
2
1
2
1
1
1
1
65331994734
1
1
1
2
1
2
2
1
1
1
1
1
16713930600
24515482410
2
2
2
2
1
1
1
9826623527
5975993877
1
72725651218
2
12572512355
62565192629
2
1
16046371725
1
21734243524
2
1
1
1
1
1
1
2
2
2
2
2
1
2
1
1
62019300061
2
2
1
1
2
2
2
2
2
1
2
1
2
805066994
1
26868531766
1
1
2
1
16531598957
1
2
1
1189864060
2
1
2
1
1
1
1
1
1
1
1
1
2
2
9317870215
2
2
1
1
1
1
87942579902
1
91197588815
1
1
2
1
1
1
1
1
2
2
2
1
2
2
1
1
2
1
1
1
1
2
2
23321253755
2
2
2
2
2
2
2
2
1
21582848331
2
67622846208
1
81436352798
1
37095526099
1
2
21998136027
1
1
1
2
1
1
2
2
2
2
2
1
2
1
1
1
1
2
2
2
1
2
34209898600
2
1
1
1
1
1
2
1
2
1
2
2
1
2
79075236925
2
2
1
1
1
1
2
1
2
2
83065217686
2
2
2
2
1
1
1
1
2
1
1
2
2
2
1
1
1
1
2
1
1
2
2
1
1
1
2
38316843926
1
2
1
2
2
64831517038
1
1
1
33753976764
1
1
1
2
1
2
2
2
2
1
2
2
1
2
1
2
1
27185633401
1
1
11513336621
50682923599
1
1
1
2
2
2
1
45771042237
2
1
89510695409
1
2
2
1
2
1
1
1
1
2
1
2
2
2
1
1
1
1
1
7285693065
1
99779433774
77509061550
1
1
1
2
2
1
98418386738
1
1
2
1
2
2
2
1
1
98865133325
1
1
2
1
1
38543542426
11941221090
1
1
2
40316879365
1
1
2
1
1
2
1
2
1
2
2
1
1
2
2
2
1
1
20333440284
2
1
1
2
77593494876
1
2
2
2
1
1
2
66298789170
2
1
98820701704
2
2
1
1
2
2
2
2
2
1
2
2
79982424835
32160774751
2
2
1
1
1
2
1
1
2
1
1
2
1
2
1
2
1
22752194113
1
1
2
2
1
1
2
2
1
1
2
2
2
2
1
1
1
57841429054
1
2
1
2
2
1
2
1
2
36778755530
1
36373654935
2
21099030038
70899419092
2
1
2
60544161986
2
1
2
1
2
1
1911775997
2
94673452348
1
2
1
94325025391
91735534778
77615899988
2
2
2
2
1
1
1
2
2
1
1
2
1
1
1
97255416323
1
13311777498
1
2
2
2
1
1
35377421947
2
2
2
66873885033
1
2
1
2
2
7988255263
2
2
1
2
2
60595414248
1
1
10831103608
1
2
1
1
81277329345
1
1
2
1
2
1
1
1
1
1
33608591831
2
1
2
1
1
2
85284600093
2
1
96109186772
1
2
1
1
2
2
1
1
1
2
1
2
1
1
1
1
1
1
2
2
1
2
1
1
2
42920981050
2
1
95178784917
97644671388
2
2
44676958158
2
2
47407726119
1
30513971421
2
1
81123279965
1
2
1
1
2
2
63502306906
2
2
2
14443629378
1
1
1
1
1
1
1
1
2
1
1
58442635254
95562346329
1
1
1
2
2
1
2
2
1
1
1
1
1
2
2
2
2
29964993105
1
1
1
2
1
25224661139
2
1
2
2
2
2
2
2
1
2
2
2
1
1
24878833237
1
2
2
1
2
19488470688
2
2
1
1
1
1
19638033469
2
2
2
2
2
1
1
2
2
1
2
2
62745451950
1
28496359930
3167930867
1
1
2
1
2
63947948699
1
1
1
1
1
2
1
1
2
2
2
2
1
2
1
2
2
1
1
1
1
1
2
95537132200
85858803881
2
2
2
2
2
1
2
1
2
1
1
1
1
1
93199360844
1
1
2
2
2
1
1
1
1
2
2
81247916191
1
1
1
2
1
2
1
1
1
2
973239962
2
2
1
1
1
1
2
76418155522
1
1
1
2
1
1
2
2
2324193925
1
2
1
2
1
2231907991
1
2
1
87777668214
50456371604
2
2
2
2
1
1
1
2
1
44566575300
2
58997369279
2
92065595966
2
17207528755
2
89350591451
1
2
77766329480
1
1
2
1
1
1
1
2
2
2
37529688083
2
1
69103754012
1
1
1
2
2
1
2
1
62950475406
2
2
2
1
2
1
2
1
1
1
2
1
1
78956519297
1
1
2
2
2
1
1
2
51481550938
67331958300
2
2
95408985860
1
2
1
1
1
1
1
1
42739673833
1
20416554998
1
3227483139
2
1
1
72314640146
1
2
2
2
2
23269647561
1
1
1
2
1
1
1
2
2
2
1
2
2
2
94359846895
1
1
78666058048
97511878903
1
8034697551
1
2
1
1
1
1
2
2
1
1
1
1
2
1
2
2
2
1
2
2
2
1
1
1
2
1
1
1
1
2
2
1
1
2
1
1
89830811748
1
1
2
1
2
56646347854
2
2
2
63822294302
2
3762206262
2
2
70727339876
1
78278027818
1
2
1
7586349918
2
2
2
2
1
2
78337018946
2
2
1
76775437634
2
1
2
1
2
1
1
1322424978
2
2
58381824710
1
5090813646
1
1
1
2
1
21239721037
79614471107
1
2
1
2
5128612404
2
42057701015
2
2
1
1
1
2
1
2
1
1
2
2
1
1
1
2
2
2
1
2
1
2
2
2
8047417806
1
1
2
2
83341684110
2
2
1
1
23091211001
1
1
1
2
28794480235
2
1
1
2
1
72669901175
2
2
1
2
1
1
2
2
1
2
2
1
1
2
1
52634398760
1
1
1
1
1
1
2
1
1
2
1
1
2
2
1
2
1
1
2
1
2
2
2
12638009592
1
1
2
2
2
1
2
2
1
1
2
2
2
1
2
1
1
1
2
2
2
1
1
1
6689616789
1
1
1
1
1
1
1
1
1
2
2
1
1
2
2
1
1
1
1
1
2
1
2
2
1
14569103626
2
1
2
2
1
2
17509107671
1
2
2
2
1
21909894322
2
2
1
2
1
2
1
2
1
2
2
1
63751734843
1
1
1
1
1
2
1
1
1
1
2
2
2
2
2
75288115379
1
1
96048752847
2
20129157789
1
49260976052
1
2
1
1
2
2
57591277412
1
1
1
2
34381154255
2
86906449932
2
1
64115440423
1
1
29207294318
2
73365713671
44249609139
1
2
37735435396
2
6200338407
2
2
93444995811
1
1
1
1
1
2
56361475824
2
87469826564
2
2
2
1
1
2
1
2
2
2
1
2
2
1
2
1
29967250009
2
1
2
1
1
1
5372272817
2
1
2
2
2
1
1
2
2
2
2
1
1
1
2
2
2
1
65051259939
2
2
1
2
1
1
2043553841
1
1
14038608090
1
2
2
1
1
1
1
1
87753956243
62720774930
2
1
2
2
1
2
1
1
1
1
2
1
1
2
2
93975168777
1
4656121480
27453163543
1
2
22803638037
2
2
1
2
1
1
1
2
2
2
2
2
1
2
2
2
2
1
1
52549284890
1
2
1
2
1
2
98091072642
1
1
1
2
1
1
2
2
1
2
1
2
74425912264
2
2
2
2
99145061566
1
1
1
2
2
1
2
2
1
1
2
1
1
1
80470589643
1
2
1
1
2
2
9642565861
2
1
1
1
1
1
2
2
1
1
2
1
1
1
2
2
1
2
1
1
1
2
1
1
1
1
2
1
34832253146
1
1
2
20439637939
2
2
1
2
1
1
1
1
2
1
1
1
2
1
2
2
2
2
1
2
5873555963
1
2
2
1
2
2
1
2
1
1
2
2
2
2
1
1
2
1
1
1
2
2
2
1
2
1
1
2
2
2
2
1
2
36642879945
1
1
2
2
1
2
1
1
1
2
2
2
2
1
57244182037
1
2
1
89022080570
1
1
2
2
2
1
2
2
2
2
1
2
2
22243269403
1
2
1
2
1
2
2
2
2
2
2
88804514232
1
1
1
1
2
2
2
1
1
1
1
1
22695256650
1
2
1
2
1
2
2
2
1
1
1
2
1
2
1
2
1
1
44883545481
1
1
1
1
2
2
1
1
1
2
2
2
2
94802898913
1
2
2
2
2
2
1
2
2
85638757140
2
2
1
1
2
2
2
1
2
2
2
1
2
1
1
1
1
2
2
1
2
1
1
2
2
2
1
1
1
1
1
2
2
1
1
2
2
1
1
1
1
2
2
2
1
1
2
2
2
1
2
2
1
1
2
87218974583
2
53692717987
2
2
2
1
1
1
2
2
36739681971
2
1
2
1
1
2
1
1
39994502890
1
1
1
1
2
2
1
2
1
2
1
2
1
2
1
41552113228
1
2
1
1
2
2
1
1
2
1
2
2
1
2
1
1
1
1
1
1
1
2
72986529277
1
44805293903
2
2
1
80899897737
1
2
2
1
1
64664953953
5834117874
1
2
15609049544
12944807111
2
2
1
2
2
2
2
2
1
1
1
24603897550
91776677784
11760547060
1
1
1
2
1
1
1
1
1
1
54922781072
26306260887
1
2
2
1
1
1
2
1
1
1
1
2
2
2
2
1
2
2
1
35212457255
2
1
2
1
2
2
90234522459
1
1
2
1
2
79547194411
1
2
1
1
1
2
1
1
2
2
1
1
2
1
2
2
2
2
1
2
1
2
1
1
1
1
1
2
2
2
1
1
2
1
2
2
1
2
1
2
1
1
2
2
1
1
24819262231
2
2
1
1
1
2
61977097033
93331930327
1
1
2
1
2
80838325455
1
2
2
2
2
56475555821
1
41897488386
2
32155215261
1
1
2
1
2
2
46910648954
1
1
1
1
2
2
1
2
2
2
1
1
1
1
1
2
1
2
1
1
2
2
1
1
1
2
2
76768049556
2
1
1
75279166837
1
2
61398686836
1
1
1
2
2
2
38392308555
2
1
2
1
1
2
2
43638767863
2
2
1
2
1
2
1
1
1
1
2
1
65590402328
1
1
15572897703
1
2
2
1
2
39105012524
2
2
85320268492
2
2
51785287646
1
2
2
1
2
2
1
2
2
2
1
2
2
2
2
2
2
1
1
33673297252
2
85098054656
1
16601930594
1
2
1
2
2
2
1
2
1
2
2
1
2
31644624979
1
2
2
82729864494
1
2
98913125511
1
1
2
2
2
2
2
1
66400408527
1
2
1
1
2
72044580927
1
1
1
2
2
1
2
2
1
2
1
1
1
1
2
2
2
2
2
2
1
1
2
1
2
99696128774
2
96699781264
1
2
1
1
1
2
1
1
2
1
2
2
2
83325825563
52441192011
2
1
51023003922
2
1
1
2
2
12456987845
2
1
2
2
1
2
62397016138
2
1
8230527004
2
1
2
1
1
1824032106
1
62473920464
1
1
1
2
85639446337
1
1
1
1
2
2
36999465280
2
1
1
1
2
1
1
37285018671
1
1
1
1
1
1
1
1
2
1
1
2
2
2
95807854179
1
46933406209
2
1
1
1
1
1
2
2
2
2
2
2
1
2
1
1
1
2
2
1
1
1
2
1
2
2
2
1
2
1
1
1
2
2
32504962071
1
2
75618033199
85636159234
1
2
2
2
6651260644
1
1
2
2
1
1
1
1
2
2
2
2
2
2
1
1
1
1
2
43323489390
1
2
1
1
2
2
1
1
94979883813
76252058936
64141493061
1
1
2
58714739075
2
2
76076202946
2
1
2
1
2
2
2
1
2
2
20944377172
1
1
2
2
92100999576
30696888445
34868651612
1
79304512703
1
2
2
2
30435893689
1
2
2
2
2
2
2
2
2
2
1
2
2
1
1
1
2
2
83978120988
2
1
1
2
2
1
2
1
1
1
1
1
2
1
2
1
1
2
1
2
2
2
2
2
2
1
1
14607509947
2
1
2
44412593249
1
2
2
2
1
73519020977
1
2
1
2
1
1
1
1
1
1
2
2
2
1
2
2
2
2
2
2
2
2
58155347585
1
2
1
1
1
1
2
1
75712376850
38465071926
1
1
1
2
2
1
1
1
2
2
1
1
2
1
1
2
2
96259244634
2
1
2
17926457156
1
1
2
1
2
2
1
1
2
1
1
2
2
47313935802
5814496241
1
2
1
1
1
2
2
1
1
2
1
45676496254
2
1
2
2
1
2
2
1
1
2
1
1
2
2
1
8219373242
1
94656167026
92187748585
1
25526908582
60356742889
1
2
1
1
1
1
2
1
81579055194
53092117632
1
57272203683
2
2
1
1
2
1
2
1
1
1
1
1
1
2
97441879317
32445198103
2
1
2
1
1
1
2
1
2
1
2
2
6872821659
1
2
68425031832
1
2
2
2
37346582246
1
2
2
2
1
2
1
1
2
1
1
1
1
2
1
2
2
2
1
2
1
1
2
35691224780
2
2
2
1
2
1
2
1
43292990213
1
53251753442
2496642307
1
2
1
1
92033362802
1
1
9716141476
2
1
1
2
2
2
1
2
1
2
1
37799795252
1
2
1
1
45746909433
2
1
68355861985
1
2
56912718757
1
2
2
1
1
1
23753208345
1
2
2
73886610170
1
25036300392
73985478280
81295001183
1
1
2
1
3992084381
2
1
1
1
99692457450
2
1
98404896560
28847406120
81303756497
1
1
2
2
1
1
1
2
1
2
2
2
1
2
1
1
2
2
2
2
54287974416
1
1
1
2
1
1
71577549879
1
1
2
2
2
2
95340757896
25631390756
2
1
2
1
2
1
1
1
1
2
2
1
2
1
1
39505594007
2
2
1
1
35768736515
2
2
2
2
2
1
1
2
2
1
1
1
1
1
2
2
2
52742017251
2
2
2
1
1
1
8199363206
2
1
64040360795
1
2
1
2
1
2
2
2
2
1
2
1
1
1
2
2
1
1
2
2
1
18000292707
1
2
8050455525
2
2
2
1
2
1
2
1
2921737803
2
2
74304462144
1
1
1
3445191903
83466018135
1
2
1
2
1
2
2
1
2
1
1
1
1
2
2
1
2
1
1
2
2
1
1
2
1
2
1
1
2
2
2
2
1
1
1
2
2
2
1
2
1
2
1
1
2
1
2
1
2
2
2
1
1
2
2
2
57189199180
1
1
2
1
2
1
1
2
2
1
2
1
1
1
1
41098458876
3734869221
1
81991858676
26856582431
1
2
1
1
1
2
2
1
1
1
2
2
2
1
1
1
1
97748559189
1
2
1
61466740526
4649924657
1
1
1
1
2
1
1
2
2
1
2
2
2
1
30175098457
2
1
1
3832429415
58666569092
2
2
1
1
10138811851
1
1
2
1
1
1
1
2
44176625182
1
2
1
2
2
1
2
1
1
2
2
2
2
4059431803
2
2
1
2
2
2
1
2
1
2
1
2
2
2
1
1
2
1
2
2
13565367202
1
2
2
2
1
2
40786996803
29832723362
1
2
2
1
2
2
1
1
2
1
1
1
1
2
2
1
2
1
2
2
1
1
1
2
1
1
2
1
94381160291
69539925427
2
1
2661978870
1
1
1
1
2
2
1
2
1
75913419774
17697380906
88676086602
68429606904
1
1
1
1
2
1
2
80586718292
2
2
1
1
1
1
6318193232
2
2
2
10289710907
1
2
2
2
2
2
2
2
2
2
21980372783
39794002291
2
1
2
1
2
2
2
1
1
1
1
1
1
1
1
2
1
1
2
8294413855
2
2
1
49697429848
1
2
2
1
2
1
2
13858109338
41649449031
27383910811
1
2
1
2
1
1
1
1
2
1
2
2
2
2
1
1
8277020366
1
1
1
1
2
1
2
2
2
71065184213
2
2
1
1
1
1
2
1
2
2
1
2
14785874855
1
1
2
1
1
1
2
2
1
1
1
1719645784
1
2
1
2
1
1
1
2
2
2
2
83521531609
1
2
2
1
25622689222
1
1
2
2
93708072404
1
1
1
2
1
2
52096054920
2
2
2
2
1
2
2
2
2
2
49182033449
1
2
2
2
1
1
1
2
1
2
2
1
1
1
59619863905
92329847757
1
1
1
2
2
1
2
25751424916
2
84168131223
7518103837
2
1
1
2
1
1
2
2
1
1391014027
2
1
2
2
2
2
2
2
2
2
1
1
2
2
1
2
1
2
2
1
1
2
1
2
1
29245347737
2
1
2
1
2
1
2
1
2
2
1
2
2
40005594618
2
2
2
81632856903
2
1
1
1
5073707675
1
1
2
2
1
2
1
2
2
1
2
2
1
1
1
2
1
2
2
83845316752
2
2
1
2
2
2
2
1
27439034825
1
1
1
1
1
1
2
1
2
1
1
2
1
59661641355
1
46334447713
2
1
76291442476
1
1
2
2
2
2
1
1
53802944781
2
1
2
1
2
2
1
1
2
1
1
2
2
25789852021
2
34601241675
1
1
47175765761
2
2
1
2
1
13882007588
1
1
2
1
2
1
2
2
1
54851425852
1
82193608675
2
1
3898432179
2
43712717908
2
1
1
2
2
2
1
94164648610
59558308156
2
2
63736621739
47798790031
1
1
2
1
1
2
1
1
90273112266
2
1
28470417184
2
1
1
2
1
1
1
2
2
2
1
1
2
2
1
1
1
2
72071095721
1
2
1
1
2
2
2
2
2
1
2
1
1
1
94726404996
1
1
1
1
1
1
1
2
2
2
2
2
2
2
2
77764065917
2
1
2
2
1
2
1
2
2
2
1
1
2
1
1
1
51626676361
1
2
1
1
2
1
2
2
1
2
1
2
2
68095818631
1
1
1
1
2
1
1
2
1
2
1
1
2
1
1
9737653151
2
2
1
2
1
2
1
93710002767
2
2
71803782180
1
1
9633210953
1
1
1
1
2
2
2
2
2
1
99098320761
27401019369
2
2
1
1
2
2
2
32145712754
2
2
1
1
17899695021
99196956869
1
8799406566
55949468057
1
2
2
2
1
29529309084
1
1
1
1
2
1
1
2
2
1
2
47144343990
1
1
18334088780
1
1
1
1
66281510809
2
1
1
2
2
1
1
1
2
1
1
1
2
1
2
2
1
1
1
2
2
1
2
2
1
69475984662
21845455169
82657190741
2
2
1
1
1
2
11374481795
1
1
1
42664179062
2
2
1
1
2
2
1
2
2
1
1
1
1
1
1
49547346287
1
2
2
2
2
2
1252691812
1
2
1
2
2
9751368914
10002730836
1
1
1
2
2
1
2
1
2
2
32628546851
2
1
2
1
2
2
2
2
45672820175
2
2
2
84865396753
1
1
2
2
2
2
1
44742879335
1
2
1
63399836384
44812380493
1
2
1
1
2
1
2
1
2
40642343669
1
2
2
1
1
2
1
1
2
84693511336
2
2
2
57222070543
1
1
1
1
1
24885415047
1
2
1
1
2
2
1
73968422202
1
1
1
2
1
4522700141
2
2
2
93041864212
1
1
1
2
1
1
2
2
28761295910
1
2
1
1
2
2
70609169242
2
2
2
1
1
2
1
2
2
1
2
2
1
1
2
2
2
1159457210
2
1
2
56919655024
2
2
2
2
2
2
1
25302294139
2
1
1
2
1
2
2
2
2
2
2
2
1
1
70213469281
1
2
1
1
2
2
2
99278993618
1
98200808124
1
1
1
28113427041
1
1
1
1
70969506566
1
1
1
1
37558162844
1
1
1
2
1
1
1
1
1
55257447167
1
2
2
30586411132
1
1
2
1
2
1
2
1
1
2
1
1
1
2
1
1
1
1
1
1
68440398980
1
2
1
1
1
1
1
2
2
1
34158520421
2
25868103236
54992566949
1
1
18487105112
2
1
2
2
19372057785
2
1
1
1
1
1
2
5371507127
2
1
1
1
2
1
1
1
2
1
2
1
5338844850
1
1
94011297173
2
46463687058
2
1
1
2
2
2
1
2
1
1
2
2
1
2
62172452283
2
1
1
1
2
2
2
1
2
1
2
2
39860288024
1
39572010516
2
1
2
1
2
2
1
1
2
1
2
1
79304000805
61996292852
2
2
1
2
1
2
2
2
1
1
74124862428
19062692921
1
2
1
2
1
1
65605996593
2
93680443294
2
2
2
88433118420
1
2
2
1
1
2
1
1
1
1
52159796944
2
1
1
2
1
2
25180204100
2
1
1
1
2
1
1
2
2
15615559918
1
1
2
2
2
19707891157
1
1735664658
2
1
1
2
2
1
2
1
55425033129
2
28764882406
2
1
1
1
1
1
73757547089
81859981869
1
1
1
2
2
2
2
2
2
2
1
2
2
15511905214
2
2
1
2
1
2
57087981169
1
2
2
1
57011491288
1
1
2
1
1
1
1
1
1
55242651957
48302275026
1
2
1
2
2
1
36566042397
1
1
1
2
1
1
2
1
1
1
48486417447
1
1
1
1
1
2
1
2
1
1
30059796118
2
1
4036306911
1
2
2
2
1
1
1
2
1
2
1
1
2
2
1
1
2
2
1
83481538651
2
2
2
58793491967
37836321885
1
1
1
31617596207
2
19863175745
1
2
1
91516878816
96303549790
1
2
16740015169
1
1
2
1
1
1
1
13664621036
52137639488
2
88031474020
1
1
1
1
1
2
2
2
2
1
2
2
32172656686
2
2
1
1
2
1
1
2
1
2
1
2
2
2
2
1
1
75643776168
2
2
2
2
78189923918
1
84633760542
1
2
1
1
2
2
1
1
1
2
1
2
1
2
2
17970360343
2
2
2
2
1
2
2
2
2
1
1
2
2
1
2
2
2
2
1
1
2
93656271408
1
2
1
1
1
2
2
16977676619
2
2
2
1
2
1
66383035188
2
1
1
2
1
1
1
2
62318317541
2
2
1
1
2
91509999171
1
1
2
2
1
2
1
72656811060
2
1
1
1
2
2
2
2
1
15392988038
2
2
2
1
1
2
1
1
1
1
2
1
1
1
2
1
2
2
2
1
2
2
2
1
2
2
65235404918
2
1
15467626957
2
1
2
1
2
66786792347
8965903165
10636681566
1
2
1
1
1
2
1
1
1
2
2
2
2
54317666521
2
1
2
1
1
90005853627
1
2
52362795861
1
1
1
2
1
35288278287
2
1
2
1
12928041833
2
2
1
2
2
1
2
1
1
1
1
1
2
2
2
2
1
1
2
19448680136
42963634476
1
1
2
1
2
1
2
1
53080832214
2
1
2
12760168981
1
2
1
2
1
1
1
1
1
2
1
2
1
1
2
1
2
1
2
2
2
2
1
2
2
72996600553
1
1
40329379387
2
2
1
1
2
1
1
1
1
1
1
2
36779992924
2
2
1
1
1
2
1
2
33760202708
66254944900
2
2
1
2
2
2
2
1
1
63451673581
1
2
1
2
2
2
1
2
1
16257619235
94601801145
1
2
2
1
1
1
1
2
1
1
2
2
1
1
1
2
79357269891
2
73716545617
1
1
1
1
1
2
2
1
56757005478
2
1
2
1
2
2
2
7443134240
1
2
2
60912957108
2
1
1
2
2
1
1
1
2
2
1
1
1
1
2
1
2
82094563501
1
1
2
2
1
1
1
2
1
1
1
2
1
2
2
2
2
2
2
2
1
78404447528
2
2
1
2
2
2
1
2
1
1
2
2
2
2
2
1
1
2
1
1
1
1
1
18576963994
2
1
1
2
92907997636
1
1
1
1
2
1
99991583039
2
1
1
2
2
1
84963355802
2
1
2
1
1
2
2
1
2
1
2
2
1
1
77392249234
2
1
1
2
2
1
2
1
1
1
84330282349
1
2
2
2
1
2
2
2
2
2
1
54174225450
2
1
2
2
1
1
1
1
2
2
2
28080911790
1
2
2
2
1
2
2
2
2
1
1
1
2
2
2
1
1
2
1
2
2
1
2
1
2
2
2
2
1
1
1
1
2
1
51392342381
1
1
2
2
2
1
2
1
1
2
2
1
1
85175427419
2
2
2
1
1
1
2
2
2
2
1
1
2
1
1
2
1
968520000
85674877526
2
1
1
1
2
1
2
1
2
2
16432043044
2
1
1
1
2
1
2
2
1
18913002433
2
1
1
61606510360
1
1
2
34862977358
2
2
60246559088
1
1
1
49743914885
2
1
39646433293
2
2
1
1
1
1
1
2
2
1
1
2
2
2
1
1
1
2
1
1
1
2
1
1
1
1
1
2
1
2
96187549748
1
2
1
30992826855
1
1
1
1
1
1
1
1
1
1
1
1
1
2
2
2
1
1
1
2
1
1
1
2
2
39113934105
2
1
1
2
2
1
1
1
2
1
1
2
1
1
2
2
2
2
2
2
2
1
2
2
1
1
1
1
1
1
1
2
1
1
24804193090
2
1
1
2
1
2
2
2
2
1
35862686698
74783502819
1
2
2
2
66002695724
2
1
2
2
2
1
2
1
1
1
1
2
1
2
2
1
1
1
2
80196190674
2
2
51951168439
1
1
1
1
1
1
2
2
1
1
1
2
99346848288
2
2
2
1
1
13175242249
1
1
2
1
1
1
1
1
1
2
1
1
11623460514
1
2
1
1
1168784825
2
2
2
2
2
51642171848
1
1
1
2
2
1
1
1
1
1
2
42443150948
1
2
2
1
1
2
2
1
1
2
2
1
1
2
1
1
1
1
1
2
1
2
45885613130
1
1
1
1
1
95178981091
1
2
1
1
1
2
72427869612
1
1
1
2
1
2
72658333615
1
1
1
2
1
2
37991682818
2
2
1
1
1
2
2
96485300471
2
36902076197
1955812898
1
2
2
2
2
1
2
2
32995924147
1
1
2
1
2
1
26712363361
1
44211008769
1
1
1
88613810916
1
2
2
1
2
2
2
1
2
1
1
1
2
2
1
1
1
1
1
1
1
1
2
1
2
2
2
1
42380520051
2
1
2
1
1
1
9606209508
2
2
2
2
1
1
2
1
1
1
1
2
2
2
1
2
1
1
2
2
2
2
1
2
95245037003
2
1
2
1
1
1
2
2
1
1
1
2
88609710789
2
1
2
1
2
1
1
2
47039218777
1
70115453737
1
1
1
1
1
98801686980
4174636920
1
1
1
18063820647
2
2
2
1
1
2
1
2
1
1
1
1
2
45715608997
1
1
1
2
1
1
703630829
2
1
2
2
88681816658
2
34888504555
2
1
2
1
2
2
1
16645238511
1
1
1
1
95350253667
2
1
2
1
4000404391
1
2
1
1
1
1
1
1
2
2
1
78355800108
1
2
1
2
2
64965890538
52914833843
2
1
2
2
2
2
1
1
2
1
53334497795
2
1
49005782638
1
36440317839
1
1
2
1
2
1
1
2
2
2
1
1
2
1
1
1
1
2
2
2
2
1
2
2
1
1
1
1
2
2
2
1
2
1
2790532845
2
2
2
2
2
2
1
1
1
1
1
1
2
7103244006
1
1
2
2
1
18993157298
2
1
46924332265
1
1
1
1
2
1
2
1
2
2
76195983350
28287154860
1
98463704640
1
1
1
1
2
2
1
1
1
46267466190
2
2
2
1
56722257305
1
1
86056957855
2
2
2
1
1
71939871461
2
2
1
1
1
34023143360
2
12054776091
1
1
2
11200241986
1
1
2
2
2
52667232132
1072913075
79575185048
2
2
2
1
2
1
1
2
1
2
1
2
1
1
1
2
1
1
2
2
2
2
2
1
2
76282853643
2
2
1
2
1
40807476700
1
2
2
2
2
2
2
1
2
1
30206928604
1
1
2
1
1
1
1
1
1
2
1
2
1
1
2
2
1
2
2
24887054138
1
2
2
1
3085000988
1
2
1
1
1
75109030652
1
1
2
2
2
1
1
1
2
1
1
2
2
2
2
2
1
42257210559
1
1
2
5558843927
2
1
2
48424427620
2
2
1
1
1
1
2
1
1
2
80685042970
2
1959858419
1
2
2
1
2
1
2
1
87483985405
2
2
2
1
1
1
2
2
1
48822507926
1
1
2
1
2
1
1
1
1
2
2
2
2
1
1
1
2
87034911015
1
57319690802
1
2
30421047642
2
2
1
1
1
2
1
1
1
37879528881
2
51405827278
2
1
2
1
1
1
1
1
1
1
1
1
1
2
5263320937
1
2
2
1
1
1
23525227083
1
2
2
2
1
2
1
1
2
1
2
1
2
1
2
2
1
2
96141714974
2
1
2
2
37896862348
1
1
2
2
1
1
1
2
1
1
2
2
1
2
1
2
39241879677
2
2
2
2
1
1
2
7021928453
2
2
1
2
1
2
2
2
2
2
2
2
2
2
1
2
2
1
1
89645943042
2
73489119264
65693128644
2
1
1
1
1
2
1
1
1
1
1
66055143932
2
1
2
86465779176
1
2
1
2
1
2
2
94365607800
1
69452055628
2
1
2
54677141902
2
92168326604
2
2
2
1
47345916404
2
1
1
1
1
2
1
96944668147
2
1
1
1
1
1
1
2
1
2
2
22376348378
2
2
2
1
2
1
2
1
2
2
1
1
1
1
1
44195517624
2
2
2
2
2
31260115584
2
1
2
1
1
2
1
2
1
1
1
1
1
2
1
1
1
1
30343099816
49789980907
1
1
1
2
2
2
1
1
1
2
2
2
1
1
1
2
1
1
1
1
1
1
1
1
85275664065
2
2
1
1
2
2
1
60800789084
1
1
1
12361629732
73698689374
61743523024
2
81713641233
1
2
1
8439652480
1
1
2
40660349571
2
18237192061
2
1
13986407154
2
2
1
1
1
2
1
1
1
1
2
1
2
2
1
1
1
2
1
1
1
1
1
2
66316230113
1
2
1
63853265666
1
1
1
2
1
1
2
1
43387670349
1
1
1
1
2
2
2
83921121025
2
1
95748776197
1
56339041159
59649305815
1
2
1
1
1
2
1
1
29781564083
1
1
1
1
2
3540995401
1
2
2
1
1
1
1
1
2
2
2
2
1
2
83806827681
2
64730434433
1
58402700772
1
23562094748
1
2
33743548524
2
2
1
2
1
2
1
2
2
2
2
2
2
2
2
1
57679593783
2
2
1
1
2
1
2
86406774033
1
1
1
1
2
1
76892117977
38083152230
1
1
2
1
5430004770
1
1
1
2
1
1
2
1
86737819447
2
1
1
1
1
1
2
2
69396920037
2
2
1
91905797539
1
2
7078921693
1
1
1
2
2
1
1
2
1
2
21447641656
2
1
1
1
2
2
2
1
44360238251
1
1
2
11586888403
70311823539
2
2
1
1
2
2
2
2
1
2
47680753229
2
2
2
2
77739534630
44679426257
1
2
1
2
2
1
1
1
1
25678828880
47430827056
1
1
1
1
2
19737083990
2
1
1
1
1
1
2
17481926783
1
1
2
2
1
2
2
2
82159558536
1
19910873755
1
2
1
2
1
1
2
1
2
1
1
1
1
1
1
1
55762369611
1
2
2
2
1
26101074262
2
2
80389817571
2
1
1
2
1
1
2
2
1
1
1
1
1
2
2
2
48668679670
2
59150282305
2
46313497568
1
2
2
2
2
1
1
2
1
1
2
2
1
2
1
1
1
1
2
1
1
30074364980
2
1
1
2
1
2
1
1
2
1
77329876574
2
2
97801413726
20850030800
2
1
2
1
1
1
4266524379
78032645748
2
2
1
2
1
2
1
2
32367794568
1
2
2
2
1
2
1
2
12504796762
2
2
2
1
1
7730730810
2
2
1
2
1
2
2
2
1
2
19483976496
2
2
1
2
1
83766126918
1
2
2
2
1
1
2
2
27225032955
1
1
2
9852447907
2
1
1
1
2
1
1
1
99244491156
99200295766
2
2
2
1
2
1
2
1
1
1
61799522164
2
2
1
1
1
2
1
1
1
1
2
1
1
1
1
1
1
1
1
2
1
2
2
1
1
5485422749
1
2
1
2
1
1
2
1
2
2
1
2
1
1
2
1
39733819870
2
2
1
1
1
2
2
2
2
38639435862
81483751879
37870183067
1
1
2
93634875795
2
1
1
1
65397423646
59301589298
1
1
1
1
1
96982911493
1
1
1
1
1
2
1
2
2
2
2
1
1
1
27200152850
1
2
51987235285
19688242552
1
2
1
1
95904403733
1
1
1
75443963408
2
2
2
2
67762142392
1
1
1
1
67507953213
1
2
2
1
1
2
1
2
2
1
2
12947302709
99827397424
2
2
1
87388010569
1
10773600669
2
1
1
1
1
1
2
2
2
1
1
2
24169551642
2
1
45843188740
1
1
1
2
26832423615
33255680790
49277577109
1
2
2
2
2
1
13875764802
1
2
1
1
1
2
2
1
2
39305625476
2
46455819403
1
1
1
1
2
1
2
1
76797221968
1
1
2
2
1
1
2
53864011133
1
1
2
1
1
2
2
26172010518
2
1
2
2
2
92846765572
1
2
1
84178599286
1
1
2
2
1
86243918923
99472424981
78840193522
2
2
1
2
2
1
1
1
1
1
2
2
2
2
2
1
1
44547725078
2
1
2
96209604703
16268914368
1
2
1
2
2
1
38178098380
1
1
2
1
1
1
2
1
94745427097
2
1
1
2
1
2
2
1
2
1
1
1
2
1
2
1
1
1
2
2
1
1
1
1
2
1
1
2
1
1
1
45874037589
11295814241
1
1
2
2
2
2
2
2
1
2
1
17617285218
2
1
2
2
2
1
1
2
2
1
2
1
2
2
1
2
2
2
2
2
2
1
1
2
2
2
1
2
2
98946152036
1
2
1
6890203925
2
1
2
1
1
2
1
38190701323
1
1
2
1
2
2
1
1
2
1
2
2
2
29730866448
2
2
1
1
1
1
67825808020
1
1
1
1
1
89065018830
76068848001
2
1
1
1
1
2
1
99376081084
1
58851919156
1
2
2
2
1
2
1
2
2
1
1
1
2
27400124088
2
2
62612627580
1
65288506751
2
72614975172
2
1
33671757868
31588757635
1
14537923761
2
1
1
2
1
1
2
2
1
2
73432194188
2
1
2
1
2
2
1
2
1
2
1
2
73978306368
2
1
2
1
1
1
2
1
2
15857033744
2
1
1
2
1
2
2
2
1
2
2
2
1
1
1
1
15526114253
1
54673222066
2
1
2
2
2
2
2
1
1
2
1
1
1
2
1
