1
2
2
1
1
1
2
1
1
2
2
1
1
2
2
1
1
2
2
2
1
2
1
2
2
1
2
1
2
1
1
2
1
2
2
2
1
1
1
2
2
1
2
1
1
2
1
1
1
2
1
1
1
1
1
2
1
2
1
1
2
1
2
1
2
2
1
1
2
1
1
2
1
2
2
2
1
2
1
1
2
1
1
1
2
1
2
2
2
2
1
1
1
1
1
2
1
1
2
1
1
2
2
2
2
2
1
1
2
1
2
1
2
2
1
1
1
2
2
2
46770062924
1
1
1
1
2
1
1
1
1
2
2
1
2
2
2
2
1
2
1
2
1
2
2
2
2
2
2
2
1
96027634683
2
1
1
2
2
2
1
1
2
1
2
2
1
1
1
2
1
26978972598
2
1
2
2
1
1
1
1
1
2
2
1
1
1
2
1
2
23418719144
2
2
1
1
1
1
2
2
2
2
1
2
2
1
1
1
2
2
2
1
1
1
1
1
1
1
2
1
1
2
1
2
1
94914158420
1
2
1
1
1
1
2
1
1
1
2
1
1
2
1
1
1
2
2
1
2
1
1
2
2
1
2
2
2
2
1
2
2
2
1
1
2
2
1
1
1
2
1
2
2
2
1
1
1
1
1
2
1
1
1
1
1
1
2
1
2
1
2
1
1
2
1
2
2
2
2
1
1
49117457301
1
1
2
68849493529
1
53382708569
2
1
1
1
1
2
1
1
1
1
2
1
1
2
1
2
1
2
1
1
1
1
2
1
2
1
2
2
1
2
1
2
23068928153
2
1
2
1
1
1
1
1
1
1
2
2
2
2
1
1
1
1
2
1
1
2
1
1
2
2
1
1
2
1
2
1
2
2
2
1
1
2
1
2
2
2
2
1
1
2
2
2
1
1
2
1
1
65759358082
2
2
2
1
1
1
1
1
2
2
2
2
1
1
1
1
1
1
2
2
2
1
2
2
1
2
1
1
2
2
1
1
2
2
1
2
2
1
1
1
1
2
1
1
2
2
1
1
2
1
2
1
2
2
1
1
2
1
1
1
2
1
45917752266
2
2
1
2
2
2
2
1
1
1
1
1
1
1
1
1
1
2
2
1
1
1
2
2
1
1
2
1
1
1
1
2
1
1
2
1
1
1
1
2
1
2
1
2
1
2
1
1
2
1
1
1
2
1
1
1
1
1
1
2
2
1
1
1
1
2
1
2
2
1
2
2
1
1
2
2
1
2
2
2
2
33965218588
1
1
2
1
1
13443170075
1
2
1
1
1
1
1
1
1
2
2
2
1
1
1
2
2
2
2
1
2
28517675966
1
2
79781479342
2
1
1
2
1
1
2
1
1
1
2
1
2
1
1
1
1
1
1
1
2
1
2
1
1
2
2
2
2
2
1
2
17878935378
2
2
1
1
1
1
1
1
2
1
2
1
2
2
1
2
2
2
2
2
1
1
1
1
97082965759
1
1
2
2
2
1
1
1
2
1
1
2
1
2
2
2
1
1
1
2
1
1
2
1
2
2
2
2
2
2
1
2
1
1
1
2
2
1
2
1
1
47422135213
2
2
2
2
1
1
2
1
1
1
1
1
2
2
1
2
1
1
1
1
1
1
2
1
2
2
2
2
2
1
1
2
1
1
2
1
1
1
1
1
1
1
1
2
2
1
2
1
1
1
2
1
2
2
2
2
1
1
1
2
1
1
2
2
2
42997776279
1
1
1
1
1
1
2
2
2
1
1
2
2
2
1
2
1
1
1
2
2
1
84302763833
2
2
1
2
2
1
2
1
2
1
1
2
2
1
1
1
2
2
2
1
2
1
1
2
1
2
2
1
1
1
2
1
2
92138123845
1
2
1
2
2
1
2
2
1
1
2
2
2
1
2
1
1
2
1
1
1
1
1
97830986688
1
2
2
2
1
1
1
2
2
1
1
1
2
2
2
2
92854399537
2
2
1
2
2
1
1
1
1
2
1
2
2
1
1
2
2
1
1
1
2
1
2
2
1
1
2
1
1
1
2
2
1
2
1
1
2
2
2
1
1
2
1
1
1
1
1
2
2
2
2
1
2
1
2
2
2
2
2
2
59975541072
71438669118
64904937396
1
2
2
2
1
1
1
2
1
2
2
2
1
1
1
2
2
2
2
2
1
1
1
1
1
1
2
1
2
2
2
2
2
1
1
1
2
1
1
1
1
1
2
1
1
2
1
1
1
2
1
2
1
1
1
1
1
1
2
1
2
2
1
2
2
1
2
2
1
2
1
1
2
1
1
2
2
2
1
2
1
1
2
1
2
1
1
2
1
1
2
2
2
1
2
1
2
1
1
2
1
2
1
2
1
1
2
2
1
1
2
2
2
1
2
2
2
2
2
1
43899138637
2
2
2
1
2
2
1
2
1
2
1
2
1
2
1
2
2
1
1
1
1
1
2
90914655904
9391527758
42245119163
2
1
2
2
1
2
1
1
2
2
2
2
1
54798791591
1
1
2
1
1
2
2
1
2
2
1
1
1
1
2
2
1
2
2
1
2
2
2
1
2
1
1
2
2
2
1
2
2
2
1
1
2
1
2
2
2
2
2
2
2
1
2
2
2
1
1
1
1
2
2
1
1
1
2
1
2
2
1
1
1
2
2
1
1
1
2
1
1
1
2
2
2
1
1
2
2
1
1
1
2
2
1
1
2
2
2
2
1
1
2
1
1
2
1
2
1
1
2
1
1
1
1
1
2
1
1
1
1
1
2
2
1
2
2
1
1
1
1
1
1
1
1
2
2
2
3499445118
2
1
2
2
1
2
2
2
1
2
2
2
1
1
2
1
1
2
1
1
1
1
1
1
1
2
1
2
1
1
1
1
1
1
2
1
1
2
1
1
1
1
1
2
1
2
2
1
2
2
2
2
1
2
2
1
1
2
2
2
2
2
1
2
1
1
2
1
1
2
2
2
1
2
2
2
1
1
2
2
2
2
1
1
1
2
1
1
2
2
2
1
1
2
1
1
1
2
1
2
2
27304823177
2
1
2
2
2
1
1
1
1
1
1
1
1
1
1
1
2
1
2
1
2
1
2
2
1
1
1
1
1
1
1
2
2
1
1
1
2
2
2
1
1
1
32401224534
1
2
32802596509
1
2
2
2
1
2
1
1
1
2
1
1
2
1
2
1
2
1
2
1
2
2
42488519433
2
1
1
1
1
1
1
1
1
2
1
1
2
2
1
2
1
2
1
94751199766
1
1
2
2
2
2
1
1
1
2
2
1
2
96332754594
1
1
1
2
1
2
1
2
2
1
2
2
2
2
86568696737
2
2
2
1
1
1
1
2
1
2
2
1
1
2
1
1
1
2
22332758546
1
1
1
1
1
2
2
2
2
1
2
1
1
1
1
1
2
1
2
2
1
2
2
1
1
1
1
2
1
1
1
1
1
1
1
2
1
2
68236908410
1
1
1
1
1
2
1
2
1
2
1
921701460
1
1
1
2
2
1
73729155624
1
1
1
2
2
1
1
1
2
1
2
2
2
25332831480
1
1
2
1
2
1
1
2
2
2
2
2
2
1
1
1
75508121013
1
2
2
2
44258460029
1
2
2
1
1
2
1
1
2
33634906925
2
1
1
2
1
2
1
2
2
2
2
2
1
1
1
2
1
51293977872
1
2
1
1
2
1
64389954444
1
1
2
2
2
1
1
2
2
2
1
2
1
1
2
1
1
1
2
2
1
1
2
2
1
2
2
1
1
2
2
2
2
1
65056057295
1
1
1
2
1
1
1
2
1
1
2
1
2
2
2
2
1
2
2
2
1
1
2
67958486276
1
1
2
1
1
1
2
1
46578805880
1
1
2
1
1
2
1
2
1
2
1
71319450041
2
2
2
1
1
2
1
1
1
2
2
1
1
1
1
2
2
1
2
2
2
1
1
2
2
1
87983868713
2
2
1
2
2
1
1
1
2
1
2
1
1
1
1
1
2
1
1
2
1
2
1
1
1
2
2
2
1
1
2
1
1
2
2
2
2
2
2
1
2
2
1
1
2
2
1
1
2
2
1
2
2
2
2
2
2
1
2
1
1
2
1
1
2
1
1
1
2
2
1
1
1
1
2
1
1
2
1
2
2
2
2
2
1
1
1
1
1
1
2
1
2
1
1
2
2
18570717990
1
1
1
1
2
1
2
2
2
1
1
1
2
1
2
1
1
1
2
1
1
1
2
2
1
2
2
1
1
1
1
1
1
1
1
2
1
15127747928
1
2
2
2
1
1
2
2
1
1
2
1
1
2
1
2
1
1
2
2
1
1
2
1
1
5817152660
2
1
2
2
1
2
1
1
2
1
2
2
2
2
1
2
2
2
2
1
1
1
1
2
1
2
1
1
2
2
1
2
2
2
1
1
1
1
2
2
2
2
1
1
1
2
1
2
1
1
1
1
1
2
1
1
1
2
1
2
1
2
1
2
2
2
2
1
1
1
2
2
2
1
1
1
2
2
1
2
1
2
1
1
1
1
1
2
1
1
2
1
1
1
2
2
1
2
1
1
1
2
1
2
1
1
1
1
1
1
2
1
1
2
2
1
1
1
2
1
2
1
2
2
2
2
2
2
2
2
1
1
1
1
1
1
2
1
2
1
2
1
1
1
1
1
1
1
1
1
2
1
1
2
2
1
2
2
1
2
2
1
1
1
2
2
2
1
2
1
1
1
1
1
98301776064
2
1
1
1
2
2
2
2
2
2
1
2
2
2
2
1
1
1
1
2
2
2
1
1
1
1
2
2
2
1
1
1
1
1
1
1
1
2
2
2
2
1
1
2
1
1
1
2
2
1
8324051880
1
1
1
2
1
2
1
1
1
2
2
2
2
2
2
2
2
2
1
1
1
1
1
1
1
1
2
2
1
2
1
1
1
1
2
1
2
2
1
2
2
1
1
2
2
1
1
2
1
1
1
1
1
1
2
1
80806413811
2
2
2
5628044088
1
1
1
2
2
35788545953
1
1
47106622310
1
2
1
2
97520531491
2
1
2
1
2
1
2
59805808576
2
1
39798542271
2
1
1
1
1
1
1
2
2
1
2
1
2
2
2
1
2
2
2
1
2
2
2
1
2
2
1
1
1
1
2
1
1
1
1
2
1
2
2
2
1
1
2
2
1
2
1
2
2
2
2
2
2
2
2
2
1
1
1
1
1
2
1
1
1
2
1
2
2
2
2
2
1
2
1
1
2
2
1
1
2
1
1
1
2
1
1
2
1
1
2
1
1
2
2
2
2
1
1
1
2
2
1
2
1
1
2
1
2
1
2
2
2
1
2
1
2
2
1
2
1
1
2
1
1
2
1
1
1
2
2
2
1
1
1
1
1
1
2
2
1
2
2
2
2
2
2
1
2
1
2
1
2
1
2
1
2
1
1
1
1
1
1
2
1
2
2
1
2
2
1
1
1
2
2
2
1
1
2
1
1
2
2
2
2
2
1
1
1
1
2
1
1
2
1
1
1
1
2
2
1
1
1
1
2
2
1
72204395996
1
2
2
2
2
1
1
1
1
2
2
1
1
1
1
2
2
2
1
1
78129594213
1
1
1
2
2
2
2
2
2
2
1
2
1
2
2
1
1
1
2
1
1
1
1
78469152984
1
2
2
1
2
2
2
1
1
1
2
79390646352
1
2
1
1
1
1
2
2
1
1
1
2
2
92956693939
1
2
1
1
1
1
1
2
1
1
1
2
2
2
2
1
2
2
1
2
1
1
1
2
1
2
2
1
1
1
2
1
1
2
1
1
61727926239
1
1
2
2
1
1
1
2
2
1
11715709993
2
2
2
2
1
2
2
1
1
1
2
2
2
1
1
2
1
2
1
1
2
2
1
2
2
1
2
2
2
2
1
62057396965
2
1
1
1
2
1
1
1
2
2
2
1
1
1
2
2
2
1
2
1
1
1
2
1
2
1
2
2
2
1
2
2
2
1
1
1
2
75862913121
2
1
2
2
1
1
1
1
2
1
2
2
2
2
2
2
2
2
2
1
1
2
1
1
1
1
2
2
1
56027166863
20677310086
2
1
1
2
2
2
2
2
2
2
1
2
1
2
1
1
2
2
2
1
1
1
1
2
1
1
1
2
2
2
1
1
2
2
2
2
1
2
1
1
1
2
2
2
2
1
2
1
1
1
2
2
1
2
1
2
2
2
2
2
2
2
1
2
2
2
2
1
2
2
1
2
1
2
1
1
1
1
1
1
2
2
2
1
1
2
1
1
1
2
1
1
1
2
1
1
1
2
1
2
2
2
2
1
2
2
1
1
1
1
1
2
1
2
1
1
2
1
2
1
1
1
2
2
1
2
1
2
1
2
1
2
1
2
1
2
1
1
1
1
1
1
1
1
1
1
2
1
2
2
1
1
1
1
2
1
1
1
1
1
1
1
1
2
1
1
1
2
2
2
1
2
1
1
1
1
1
1
2
2
1
2
2
1
1
2
1
2
2
1
1
1
2
2
1
1
2
2
1
1
2
1
1
2
2
1
2
1
1
2
2
1
1
2
1
1
1
1
1
1
2
1
2
1
1
1
1
1
1
1
2
1
1
1
1
1
1
1
1
1
2
1
1
2
2
2
2
1
1
2
1
2
2
2
2
83775668177
1
1
1
2
2
1
1
2
2
1
1
2
2
1
1
1
2
1
1
2
1
1
1
1
1
2
1
2
2
2
2
2
1
1
2
1
2
2
2
1
2
1
1
1
2
2
1
2
1
2
1
1
1
1
1
2
1
2
1
1
2
2
1
1
2
1
1
1
1
2
2
1
2
13729223729
1
1
2
1
1
2
2
1
2
2
1
1
2
1
2
2
2
1
2
2
1
2
2
2
87220548746
2
2
1
50513324578
1
1
2
1
1
1
2
1
1
2
1
1
2
1
1
1
1
1
1
2
1
1
1
2
2
2
1
2
2
2
2
1
2
2
2
1
2
1
1
1
2
1
1
1
2
1
2
2
2
1
1
2
1
2
2
1
2
1
1
1
2
2
1
1
1
1
2
2
1
1
2
1
1
2
2
2
1
1
1
1
2
1
1
1
2
1
2
1
1
1
2
2
2
2
2
1
1
2
2
1
2
1
2
1
2
1
1
1
1
2
2
2
2
1
1
2
2
1
1
1
2
2
1
2
2
2
1
1
2
1
2
1
1
1
1
2
2
2
1
1
1
2
1
1
1
2
2
2
2
1
2
2
2
1
2
2
1
2
2
2
2
2
1
2
1
1
2
1
2
1
2
2
1
1
2
1
2
1
1
1
2
2
2
2
2
1
1
1
2
1
1
1
2
1
1
1
2
2
1
1
1
2
1
1
2
1
2
1
1
1
1
2
2
1
1
1
1
1
2
2
2
2
1
1
1
1
1
2
1
1
1
17927681476
1
2
2
1
1
1
1
2
2
1
2
2
2
2
1
1
2
1
1
2
1
1
1
2
1
2
1
2
2
2
2
2
2
1
1
2
2
1
2
2
2
1
1
1
2
54216991718
2
1
1
2
1
2
2
1
1
2
1
2
2
2
2
95011299580
1
92898793782
1
2
1
2
2
2
1
2
2
1
1
1
1
1
2
2
2
1
1
1
1
35242991703
2
1
1
1
2
1
1
1
2
2
2
1
2
1
1
1
2
2
2
2
2
2
2
2
2
1
1
2
1
1
1
2
1
2
2
1
2
1
1
1
1
1
2
1
2
2
2
1
1
2
2
1
1
2
1
1
1
2
2
2
2
1
1
1
1
1
15704906804
1
2
2
2
1
2
1
1
1
2
1
2
2
1
2
1
2
1
2
1
1
1
2
2
1
1
1
1
1
2
1
2
1
1
1
1
1
2
1
1
2
1
1
1
1
1
1
2
1
1
1
1
1
2
2
1
2
1
71651095274
2
2
2
2
2
2
1
2
2
2
2
1
1
2
1
1
1
2
1
2
2
1
2
2
1
2
2
1
1
2
2
2
2
1
1
2
2
2
1
2
1
1
2
2
1
2
2
2
1
1
1
2
2
2
2
1
2
2
2
1
1
1
1
1
2
2
2
1
2
2
2
2
2
1
2
1
1
1
2
1
2
1
2
1
2
2
1
2
1
2
1
1
2
1
1
88870161120
2
1
2
2
1
2
1
2
1
1
1
1
1
2
1
2
2
2
1
1667169353
1
1
2
1
2
1
2
2
2
2
2
1
1
2
1
1
1
2
1
1
1
1
1
2
1
1
2
2
2
2
2
1
2
1
1
1
2
2
2
1
2
1
24523489356
2
2
2
2
2
1
1
2
1
1
2
2
2
1
2
1
1
1
2
1
2
2
1
1
1
1
2
2
1
2
2
1
2
1
1
1
2
2
2
1
2
1
59138442295
2
1
1
2
2
1
1
2
1
1
2
2
1
1
2
1
2
1
2
1
21880434569
2
2
1
1
2
2
2
1
2
2
23242331523
2
1
1
2
2
2
1
2
2
1
1
1
9896408567
1
2
1
2
1
2
2
2
1
2
1
2
2
2
1
1
1
2
2
1
1
2
2
86260219255
2
2
1
2
2
1
2
1
1
2
1
1
1
2
1
1
1
2
1
1
2
2
1
2
1
1
1
1
1
1
1
1
2
2
1
2
2
1
2
2
1
2
2
2
2
1
2
2
2
1
2
2
2
2
1
1
1
1
1
2
1
1
1
1
2
2
2
2
2
2
2
2
2
2
1
1
2
1
1
1
1
2
2
2
1
1
2
1
2
2
2
2
1
1
1
2
2
2
2
2
1
1
1
2
2
2
2
1
1
1
2
2
2
1
1
2
1
2
2
1
1
1
2
2
2
1
1
2
1
2
2
1
1
1
1
2
2
1
1
1
1
2
2
1
2
1
2
2
1
1
1
2
1
1
2
1
1
1
1
1
2
2
1
1
1
49115278321
2
1
1
1
1
2
2
2
2
2
1
2
1
1
1
1
1
1
1
2
2
2
2
2
1
2
2
2
1
2
2
1
1
2
2
1
60114033391
1
1
1
2
1
2
2
1
1
1
669784237
2
69213014877
1
1
2
1
1
2
1
1
2
1
1
1
2
1
2
1
1
1
1
1
2
2
2
2
1
1
2
2
64017961143
1
2
1
1
1
2
2
1
2
2
1
2
1
1
1
1
2
2
1
11926940190
1
1
1
2
1
1
2
1
1
1
1
2
2
1
2
2
1
1
1
2
1
2
2
2
2
2
2
2
2
1
2
2
1
2
1
1
1
1
1
2
2
1
2
1
1
2
2
1
1
2
2
1
1
2
2
1
2
2
2
2
2
1
1
1
23554566803
2
1
2
1
1
1
1
1
1
2
1
1
1
2
1
2
2
1
1
2
2
1
1
1
1
1
2
1
2
2
2
2
1
2
2
2
2
2
2
2
2
1
1
1
2
1
2
1
2
2
1
2
2
2
1
1
1
2
45233022708
1
2
95112871871
1
41170554733
2
2
2
1
1
1
1
1
1
1
1
1
2
1
2
1
2
2
1
2
2
1
2
1
2
2
2
1
2
2
2
1
18004456432
2
48375059044
2
1
2
2
1
2
1
2
2
1
1
2
2
2
2
1
1
2
1
2
1
1
2
1
1
1
1
1
1
2
2
1
1
1
2
2
2
1
1
1
1
1
2
1
1
2
2
1
2
2
1
51937697211
2
2
2
1
1
2
2
1
1
2
1
1
2
2
2
1
2
1
2
1
1
2
1
1
1
1
2
2
1
1
1
2
2
2
1
1
2
1
2
78109929802
2
2
2
2
1
74575213008
1
2
1
2
1
2
1
2
1
1
2
2
1
2
2
1
2
2
97542245071
1
2
2
1
1
79088426737
1
1
1
1
2
2
1
1
1
1
2
2
2
56812867585
2
2
1
1
2
1
2
2
1
2
2
1
2
2
1
1
1
2
2
2
1
2
2
1
2
1
1
2
1
2
2
1
1
1
1
2
2
2
2
1
2
1
2
2
2
1
2
1
2
1
1
2
1
2
1
2
2
2
2
1
2
1
2
2
2
2
1
1
2
1
3925068766
2
1
2
1
1
1
1
1
1
1
1
1
1
1
2
2
2
1
1
2
2
2
1
2
2
2
2
1
1
1
1
1
2
1
2
1
1
2
2
1
1
1
1
1
2
2
1
1
2
1
2
2
2
1
1
2
2
1
2
1
2
2
2
2
2
1
1
1
1
2
1
2
1
1
2
2
1
1
1
2
2
2
18157795808
1
1
1
67637165096
2
2
1
1
2
1
2
2
1
1
89649076764
1
1
2
2
1
1
2
1
1
1
1
1
2
1
1
2
2
1
2
2
2
1
2
2
2
63655377291
2
2
2
1
2
2
1
1
52192643598
1
1
1
2
1
1
1
2
1
2
2
2
1
1
2
2
1
2
1
1
2
2
1
2
2
1
1
1
2
1
1
2
1
2
1
2
2
1
2
2
1
2
1
1
1
2
1
1
1
2
1
1
2
1
45853129393
30579959906
2
1
2
1
2
2
1
2
2
2
1
1
2
2
2
2
2
1
1
1
2
1
1
2
1
2
1
1
43634623046
2
2
1
1
2
2
1
2
2
2
1
1
2
2
1
1
2
2
64073019919
1
1
2
2
1
2
40960130216
1
1
1
2
2
1
1
1
1
2
1
1
1
1
1
67652115655
1
1
1
1
1
1
2
1
2
1
1
2
2
1
59914914362
2
1
2
16297418724
1
1
2
1
2
1
1
26059949995
1
2
2
1
1
1
1
2
2
2
2
1
1
2
1
2
1
2
1
2
1
2
1
1
2
2
1
2
1
1
2
1
1
2
1
1
1
2
1
1
2
1
1
2
2
1
1
1
2
1
1
2
1
2
2
1
1
1
1
86450327304
1
1
2
2
1
1
1
1
1
2
2
1
2
2
1
48977177921
1
2
1
1
2
2
84763245259
2
1
2
1
1
1
1
2
1
1
1
2
2
1
1
1
2
1
1
1
2
2
2
1
1
2
2
2
2
1
2
1
1
2
2
1
1
2
2
1
1
1
2
1
1
2
1
1
1
2
2
1
1
2
2
2
2
1
1
2
1
2
1
2
2
1
2
1
1
2
2
2
2
1
12445904622
1
2
1
2
49386983591
2
2
1
2
1
2
1
2
2
1
1
1
2
1
2
1
1
2
78350025064
1
1
2
1
1
1
1
1
1
2
1
1
1
2
1
1
1
1
2
1
2
1
2
2
2
2
2
1
2
1
2
2
2
1
1
1
1
1
2
42349963848
1
1
2
2
2
2
1
1
1
1
1
1
2
2
2
2
1
2
2
2
1
2
1
1
2
1
1
2
2
2
1
1
1
1
1
1
1
1
2
2
1
1
2
1
2
1
1
1
1
1
2
1
2
2
1
2
2
1
1
2
1
1
1
2
2
1
1
2
1
2
2
1
2
1
2
1
2
1
2
3341262133
2
1
1
2
1
2
2
1
87546704559
2
2
2
1
2
1
2
2
1
2
95401914549
1
1
1
2
1
432425011
2
1
2
1
2
2
1
2
2
1
1
2
1
2
1
1
2
1
1
1
1
2
2
1
1
33746493891
2
1
2
1
1
1
1
1
2
2
2
1
2
1
1
1
2
2
2
2
1
1
1
1
2
14275737500
2
1
1
1
2
2
2
1
1
1
1
1
2
2
1
2
2
2
2
2
1
1
2
1
1
1
2
1
1
1
2
2
1
1
2
2
2
1
1
1
2
1
2
2
89823751360
2
2
1
1
1
2
1
2
2
2
2
49793551607
2
1
1
2
1
2
2
2
2
1
1
1
2
2
1
2
2
2
2
1
1
1
2
1
1
2
1
2
1
1
1
1
1
1
2
1
1
2
2
1
1
2
1
1
2
1
2
2
1
1
2
1
1
2
1
1
1
1
2
2
2
2
2
1
1
1
2
1
1
2
2
1
1
2
1
2
2
1
9541828753
2
1
2
2
1
1
1
1
91961017328
2
1
2
1
1
1
47651836549
1
1
1
1
1
2
1
1
2
1
2
1
1
1
2
1
2
35813446705
2
1
2
2
2
2
1
2
2
1
2
2
1
2
2
2
84316486244
2
1
2
2
2
2
1
1
2
1
2
1
2
2
1
2
1
1
1
1
1
1
1
2
1
1
2
1
2
35155072697
2
2
1
82509134227
2
2
1
2
2
1
1
1
2
2
2
1
1
1
1
2
1
1
2
1
1
1
2
2
1
2
1
1
1
2
90452345415
2
2
2
1
1
1
2
1
2
2
2
2
1
1
2
2
2
1
1
1
2
1
1
54486009036
1
2
1
2
1
31839785438
2
2
1
1
2
1
2
1
1
1
2
2
2
2
2
1
2
2
2
2
1
1
1
2
2
1
2
1
1
2
2
1
2
2
1
2
2
1
2
2
1
2
2
2
84746646606
1
2
1
2
2
1
2
1
1
2
2
2
2
1
1
2
2
2
1
29477234611
1
1
2
2
1
32887265649
2
2
2
2
2
1
1
1
2
2
1
1
1
1
2
1
1
2
1
1
1
1
2
2
1
2
1
2
1
1
1
1
1
1
2
2
1
1
2
1
2
1
1
1
1
1
1
1
2
1
2
2
1
1
2
1
2
1
2
1
2
2
1
2
1
1
2
2
2
2
2
2
1
1
2
1
2
1
1
2
2
2
2
2
1
1
1
2
1
1
34827097207
1
2
2
1
2
1
2
1
2
2
1
1
2
1
1
1
2
43250371372
1
1
1
2
2
1
2
2
1
2
2
2
1
2
2
2
1
2
2
2
2
1
46128141963
2
2
1
2
1
1
1
1
1
2
1
1
2
2
1
2
2
1
1
1
2
2
1
2
2
2
1
1
1
1
2
1
1
1
1
2
2
2
1
2
1
1
13542667508
1
1
1
87368000236
1
2
2
2
1
1
2
2
2
1
1
2
2
2
1
1
1
2
2
1
2
2
2
1
1
2
2
1
1
1
2
1
2
1
1
2
2
66694669143
2
1
2
1
1
21127530380
2
2
1
69818329175
1
2
1
2
1
1
1
2
2
2
1
2
2
1
1
1
1
2
1
1
1
1
1
1
2
2
1
55984594682
1
2
2
2
1
2
1
2
1
2
1
2
2
2
1
1
1
1
2
2
1
2
1
1
1
1
2
2
2
2
2
2
1
2
1
2
1
1
1
1
2
1
2
1
2
1
2
2
1
19041275340
1
2
1
1
2
2
2
1
1
2
2
2
2
1
1
1
1
1
2
1
2
2
1
2
2
1
1
2
1
1
1
1
2
1
1
1
1
2
2
1
1
2
2
2
2
1
2
2
1
2
2
54780174380
2
1
2
1
2
1
2
1
1
1
2
1
1
1
2
1
2
2
2
2
2
2
1
2
1
1
2
2
1
1
2
1
2
1
2
2
1
1
1
1
2
2
1
1
1
2
2
1
1
2
2
2
32157711687
2
2
2
1
2
1
1
2
1
1
2
1
1
1
1
2
1
1
1
1
2
2
2
73257202262
2
2
2
2
1
1
1
1
1
1
1
1
1
2
1
2
1
2
1
1
1
1
39858333254
2
1
1
2
1
1
2
1
2
1
1
1
2
1
1
1
1
1
1
2
1
2
1
1
2
1
1
1
2
1
2
2
1
1
88104660600
1
1
1
2
1
2
1
2
2
2
1
1
1
1
2
2
1
1
2
2
2
1
1
1
2
2
1
1
1
2
2
2
2
1
1
88320495363
2
1
2
1
1
2
2
2
2
2
1
1
1
1
2
48760036401
1
2
1
2
1
1
1
1
1
1
2
1
2
1
2
1
1
1
1
1
1
1
1
2
1
74627510925
1
1
1
2
1
1
2
1
1
1
1
1
1
2
1
1
1
2
2
1
1
2
1
2
1
2
2
1
2
1
1
1
1
1
2
1
1
2
2
44027438925
1
1
2
2
1
1
1
1
1
1
2
41005805455
1
1
2
1
2
2
2
2
1
1
1
1
2
2
1
1
1
1
1
1
1
1
1
2
2
1
1
1
1
2
1
1
2
2
1
1
2
1
1
1
2
16167884651
2
1
1
1
1
2
47078300743
1
1
2
2
2
2
1
1
1
2
1
2
1
1
1
1
25196866648
1
1
1
2
2
2
1
1
1
2
1
1
1
2
2
2
34200142718
2
1
1
1
1
1
2
2
1
1
1
1
2
2
1
1
1
2
1
2
1
2
2
1
2
2
2
1
2
2
2
2
2
1
2
1
2
1
1
2
1
6754385319
2
1
1
1
2
2
1
1
2
2
1
1
2
1
1
1
1
1
2
1
1
2
2
1
2
2
1
1
2
1
2
2
2
1
2
2
2
2
2
1
2
2
2
1
2
1
1
2
1
1
1
2
2
2
1
1
2
1
1
1
1
2
2
1
1
1
1
2
2
1
1
1
1
1
1
2
1
1
1
1
1
1
1
1
1
1
1
2
1
2
28193085419
1
2
2
2
1
1
1
1
2
1
1
1
2
1
2
2
2
2
2
2
2
2
2
1
1
1
2
1
2
1
2
1
2
2
1
2
2
2
1
2
2
1
2
1
1
1
33855606500
1
2
2
2
1
2
2
1
1
1
1
2
2
2
1
1
1
1
1
2
2
1841456498
1
2
1
2
1
1
2
1
2
2
1
1
1
1
1
2
1
2
2
1
2
1
1
2
2
1
1
1
2
2
1
1
1
1
2
2
1
1
2
2
1
1
2
1
2
1
1
2
2
2
2
2
2
1
1
1
1
1
1
2
1
34705739315
1
2
1
2
1
2
2
1
2
1
1
2
1
87268750538
2
1
1
2
1
2
1
1
1
2
2
2
1
1
1
2
1
2
2
1
2
1
2
1
1
1
1
1
2
2
1
1
2
1
2
1
1
2
2
1
1
1
1
1
2
1
2
2
1
4514623344
2
1
1
1
2
2
1
2
2
1
2
1
2
1
2
2
1
1
1
1
1
1
1
1
1
1
78189535564
1
92825817107
2
1
1
2
2
1
1
2
2
1
2
1
2
1
1
2
2
1
2
2
1
2
1
2
1
72577745677
2
2
1
2
2
1
2
1
1
2
1
2
2
2
2
1
2
1
1
1
1
1
1
2
1
1
2
1
1
1
2
2
1
2
1
2
2
1
2
1
2
2
1
1
1
1
2
1
1
2
2
2
1
1
2
1
2
1
1
2
2
2
2
1
1
1
1
2
1
2
1
2
2
2
2
1
2
2
1
2
2
2
1
2
1
1
1
2
1
1
1
1
1
1
2
2
1
2
1
1
2
2
1
1
2
1
2
2
1
1
1
2
1
2
1
1
2
2
2
2
2
1
1
1
2
1
1
2
1
1
1
2
2
1
1
4134329107
1
1
1
1
1
1
2
1
1
1
2
1
1
1
2
56095340649
1
2
2
1
2
2
1
1
2
1
1
1
2
1
2
1
2
2
1
1
2
1
1
1
1
1
1
13138175780
1
1
2
2
33536796924
2
2
1
1
1
2
1
2
2
1
1
1
2
1
1
1
2
2
2
1
1
2
1
2
1
1
2
2
1
2
2
1
2
2
2
1
1
2
2
1
1
1
2
1
1
2
12257107114
2
44423683358
1
1
2
2
1
1
2
1
2
2
1
1
2
1
94332328353
1
2
35675041734
1
2
2
2
2
1
1
2
1
1
1
2
1
1
2
2
2
1
2
1
1
1
2
2
1
2
2
2
1
1
2
2
2
1
2
1
21738207903
1
1
2
2
1
2
1
1
2
1
1
1
1
1
1
2
2
1
2
1
2
1
74130456787
2
68662347006
2
1
1
2
1
1
2
2
2
1
95128449803
2
1
1
2
2
1
1
2
1
1
2
1
2
2
2
2
1
1
2
1
1
2
2
1
1
1
1
1
1
2
1
1
1
2
2
79874469848
2
2
1
2
1
1
1
1
2
1
1
2
2
19564903056
1
2
13593287729
2
2
2
1
1
2
49432777266
2
1
2
1
2
1
1
1
1
2
1
1
2
1
2
1
1
1
1
1
1
2
2
2
1
2
1
1
2
2
1
1
2
2
2
1
1
2
1
1
1
1
1
2
1
1
2
2
2
2
1
1
1
1
2
2
1
1
1
2
1
1
1
2
1
1
2
1
2
2
1
2
1
2
2
24702610811
1
2
84821763461
2
2
1
1
2
2
1
1
1
1
2
2
2
1
2
2
1
2
1
1
2
1
67679591542
1
1
2
2
1
2
2
2
1
1
1
2
1
2
1
1
2
1
1
1
1
2
2
1
2
2
2
1
2
1
1
1
2
1
2
1
2
1
2
1
2
1
96238417337
1
2
1
1
1
1
1
1
1
2
2
1
2
2
1
1
1
1
2
85386945323
2
2
31918579888
1
1
2
1
2
1
1
1
1
1
1
2
2
1
2
1
2
1
2
1
1
1
1
2
2
1
2
2
1
2
2
1
1
2
2
1
2
2
2
1
1
1
1
2
1
1
2
1
1
2
2
2
1
1
2
1
1
2
2
2
1
2
1
1
2
1
1
1
1
1
1
1
2
2
1
2
1
1
2
1
1
2
2
1
2
2
1
2
89465566226
1
2
2
2
2
2
1
1
2
2
2
1
2
2
1
1
2
2
2
2
2
2
1
1
1
2
1
2
2
27332939648
1
1
1
2
2
1
2
1
2
2
1
2
2
2
2
1
2
81256647178
2
1
2
2
1
2
2
2
1
2
1
2
1
1
2
2
1
2
2
1
1
2
2
2
2
1
1
1
1
1
96705805908
1
1
1
2
2
1
1
2
1
2
1
1
2
2
2
1
2
2
1
1
2
2
1
2
2
1
2
2
2
1
64744053807
2
2
1
1
1
1
1
1
1
1
2
1
5610706881
1
1
1
2
1
2
1
2
1
1
2
2
1
1
2
2
9164874751
1
95718523089
2
1
57689721200
2
1
2
2
1
1
2
1
2
2
2
2
1
1
1
2
2
1
2
1
2
1
2
2
1
2
1
2
1
2
2
1
1
1
1
1
2
1
2
2
2
1
1
1
1
1
1
1
1
1
2
2
1
1
2
2
2
2
1
1
2
1
62102991683
2
1
1
1
1
1
2
1
2
1
2
2
1
1
2
1
1
2
2
1
1
1
1
2
1
2
2
1
1
1
1
1
1
1
2
1
2
2
2
1
2
2
2
1
1
2
2
1
2
1
2
2
2
2
1
1
2
1
2
63463905434
1
98989338559
1
1
2
2
2
2
2
34829888038
1
1
1
1
2
2
1
2
1
1
1
2
2
1
1
1
1
1
1
2
35016915955
2
1
2
2
1
1
1
1
2
2
2
1
1
1
2
1
2
1
2
2
1
1
2
1
2
1
1
2
1
1
1
2
1
2
2
2
2
2
2
2
1
2
2
1
2
1
1
1
2
2
2
2
2
2
1
2
2
2
2
1
10737469892
2
2
1
1
1
1
2
1
1
1
1
1
2
1
2
2
1
2
1
2
1
2
2
1
1
2
1
1
2
1
1
2
1
2
1
1
1
2
1
1
1
1
1
2
1
1
1
2
1
2
1
1
1
1
1
1
2
2
1
2
2
1
81678345350
1
1
1
92957754875
1
1
1
40002060369
1
1
2
2
2
1
2
1
1
1
1
2
1
1
2
1
1
1
2
1
1
1
1
2
1
2
1
2
2
2
2
2
2
2
1
1
2
1
2
1
1
2
1
1
1
2
2
2
1
1
2
1
1
2
1
2
74821837177
1
2
1
2
2
2
2
2
1
2
1
2
1
2
1
1
2
2
1
1
2
2
2
2
2
1
2
2
2
2
2
2
2
2
2
2
1
1
2
1
1
82595899117
2
2
2
2
2
1
1
1
1
1
2
1
1
1
2
1
2
1
2
1
2
1
1
2
1
1
1
1
1
2
2
1
2
2
1
2
1
1
1
1
2
1
1
2
1
2
2
2
1
2
1
2
2
1
1
2
1
1
2
2
1
1
2
32118041755
2
2
1
1
1
1
2
2
87917797127
1
1
1
1
1
1
1
1
2
1
1
1
1
1
1
2
2
2
2
1
2
1
2
2
1
2
2
2
1
1
2
2
1
2
1
1
1
1
1
1
2
2
1
2
1
2
1
2
1
2
1
1
1
1
1
2
1
2
1
2
1
1
80145758952
2
1
1
2
2
1
1
2
2
34763670782
2
2
1
2
2
1
2
1
1
1
2
2
1
1
2
2
1
1
2
1
2
1
1
2
2
1
1
2
1
2
2
2
1
1
1
2
1
1
1
1
2
1
2
2
1
2
2
2
2
2
2
2
2
1
1
1
2
1
1
1
2
2
2
1
1
1
2
2
1
2
1
2
1
1
2
1
1
1
2
2
2
1
32077465887
2
1
1
1
2
2
2
1
1
1
2
2
1
2
1
2
1
1
2
1
1
2
2
1
2
1
61853921858
2
1349263627
1
1
1
2
2
1
1
1
1
1
1
1
55801890822
2
1
2
1
1
1
2
1
1
2
2
1
1
2
74623043034
2
2
2
1
2
2
1
2
2
1
2
1
2
84025752518
2
2
2
1
1
2
2
2
1
1
2
63951158692
2
1
2
2
1
2
1
1
1
2
2
2
1
2
1
2
2
2
2
1
1
1
2
2
1
86990648668
1
2
22435076067
2
2
1
2
2
2
1
2
1
1
1
1
2
2
1
1
2
2
1
37034418019
1
2
2
1
2
2
1
1
2
2
2
2
1
1
1
2
1
1
1
1
1
1
1
1
2
1
2
2
2
2
2
2
2
1
2
1
2
26131676256
1
2
1
1
1
1
2
1
2
1
1
1
1
1
1
2
1
1
2
2
2
1
2
2
1
2
2
1
2
2
1
1
2
1
2
1
2
2
1
2
2
1
1
1
2
1
1
1
2
2
7765544095
2
1
2
2
2
1
2
2
2
1
1
1
2
1
2
1
1
1
1
2
1
2
1
1
1
2
1
1
2
1
2
1
1
1
2
2
1
2
1
2
2
1
2
1
2
1
1
2
2
2
2
1
1
2
2
2
2
1
2
1
2
2
2
1
1
2
2
2
1
1
2
2
1
1
1
1
2
2
2
2
2
1
1
2
1
1
1
1
2
2
1
1
1
2
2
2
2
1
1
1
1
1
1
2
1
2
1
1
2
51319124353
1
1
1
2
1
43896716310
1
2
1
2
1
1
1
1
1
1
2
1
1
1
1
1
1
1
1
1
1
1
2
2
1
1
1
1
2
1
2
2
1
1
1
2
2
2
1
2
1
10638398210
1
2
2
2
1
1
1
2
1
2
1
2
1
2
1
2
1
2
1
1
2
2
2
1
2
1
2
2
1
2
2
1
2
1
2
1
56071682286
2
1
1
2
2
1
2
2
2
1
2
1
2668825779
1
2
2
1
2
2
1
2
2
1
2
2
1
2
1
1
1
1
1
2
2
2
1
2
1
2
1
2
1
1
2
1
2
71575603554
2
2
2
2
1
2
1
1
1
1
1
2
2
1
2
1
1
2
1
1
2
2
2
2
2
2
1
1
2
1
2
1
1
2
2
1
1
1
1
2
1
2
2
1
1
1
1
1
2
2
1
2
1
2
2
2
2
2
2
2
2
2
2
1
2
2
1
2
2
2
2
2
1
62289805325
2
1
1
2
1
1
2
2
1
2
1
2
25619420727
2
2
1
1
2
1
1
1
2
2
2
2
1
2
2
2
2
1
2
1
2
1
2
1
2
1
2
1
2
2
1
1
1
1
1
1
1
2
2
71084958885
1
2
1
1
1
1
2
2
1
2
2
1
2
1
1
1
1
1
1
2
2
2
2
2
1
1
1
2
1
1
1
2
1
1
1
2
1
2
1
2
2
1
2
1
2
2
2
1
1
1
1
1
2
2
2
1
1
1
1
1
2
1
1
2
1
2
2
1
1
1
73098744427
1
2
1
2
2
2
2
2
1
1
2
1
1
2
1
2
1
2
2
1
1
1
1
1
2
1
2
1
2
1
1
1
1
1
84818215993
2
1
1
2
2
2
2
1
1
2
1
2
1
2
1
1
2
2
1
1
2
1
2
2
1
1
2
1
1
1
2
2
2
2
1
2
1
2
1
1
2
1
1
1
1
2
1
1
1
18268716421
29724360171
1
2
1
2
1
2
1
2
2
1
2
2
2
1
1
2
2
2
2
1
1
1
1
2
2
2
1
2
2
1
1
2
1
2
2
1251239285
1
1
2
1
2
1
1
49693386252
2
1
1
1
2
1
1
2
1
1
2
1
1
1
2
1
2
2
2
1
2
64985020391
1
1
2
1
2
2
2
1
1
1
1
2
5936403458
1
2
1
1
1
1
2
1
2
2
2
90518230462
1
2
1
40812448654
1
1
2
1
94111850567
2
1
1
1
2
2
2
1
1
1
2
2
1
1
1
2
2
1
2
1
2
2
1
2
1
2
1
1
43788832502
1
1
2
1
1
2
1
2
1
2
1
1
1
2
1
2
1
67738675982
1
2
2
1
2
1
1
2
2
1
1
2
1
2
53674311207
2
1
1
1
2
2
1
1
2
2
1
1
1
1
1
2
2
1
2
2
2
1
2
1
2
2
1
2
2
2
1
1
2
1
2
1
1
1
2
2
1
2
2
2
1
2
1
8920230556
1
2
1
1
2
1
2
1
1
69041441153
1
2
2
2
2
1
2
2
1
1
2
2
2
1
1
1
2
2
2
2
2
39838247735
1
2
1
2
1
2
1
2
2
1
2
1
1
1
45031627073
1
2
1
2
1
2
2
1
1
1
1
5063293604
2
2
2
2
1
1
1
1
1
1
1
2
2
2
2
1
1
1
2
1
1
2
1
2
1
1
1
1
2
2
1
2
1
2
2
1
1
2
1
2
1
2
1
2
1
35387839126
1
33245480241
2
1
2
2
2
2
38918220727
1
1
1
2
2
1
1
2
2
1
1
1
1
1
2
2
2
2
2
1
2
1
1
46152951781
1
95745066638
2
2
1
2
1
2
2
1
4985248120
2
2
2
1
2
2
1
2
2
1
2
1
2
1
2
1
2
1
2
1
2
2
2
2
2
2
1
1
2
2
2
2
2
2
1
1
1
1
2
1
1
2
1
2
23524553729
2
1
1
1
2
1
2
1
2
2
1
93962607146
1
2
2
1
1
2
1
1
1
2
2
2
1
2
1
2
1
1
2
2
1
1
2
2
77691181360
2
1
1
2
1
2
1
1
2
2
1
2
2
1
1
1
2
1
1
2
1
2
1
1
1
1
1
82499301744
2
2
2
2
1
1
2
2
1
2
2
2
1
2
1
1
1
2
1
1
2
2
2
1
1
2
1
1
15186368162
2
2
1
2
2
1
1
2
1
2
2
1
2
1
2
2
1
1
1
2
1
2
2
1
1
2
1
1
1
1
2
1
1
1
1
1
1
1
2
1
2
2
2
2
2
2
1
44678663466
1
1
1
60040058476
2
2
2
2
49595988532
2
1
2
1
2
1
2
2
2
1
2
2
2
2
1
1
2
1
2
1
2
1
2
2
2
1
2
1
1
1
1
2
2
57507150033
2
2
1
2
1
2
1
1
1
1
1
2
2768639798
14198959990
1
2
1
2
1
2
2
2
2
1
2
2
2
2
2
2
1
1
2
2
4197408067
1
1
1
2
2
1
2
1
1
1
1
1
2
1
2
1
1
2
2
2
1
1
1
1
2
1
2
1
2
1
2
1
1
1
2
2
2
2
2
2
2
1
2
1
2
2
2
1
2
1
2
1
1
2
1
2
2
2
2
2
1
1
2
1
2
1
1
2
1
2
2
1
2
2
2
1
1
1
1
1
1
1
1
2
1
2
1
2
2
2
1
2
1
43786499805
1
2
2
1
1
2
2
2
1
1
1
1
1
2
1
2
2
1
2
2
2
1
1
1
1
1
1
1
2
1
1
1
1
1
1
2
1
1
1
2
2
2
2
1
1
2
1
1
2
2
2
2
1
2
1
2
2
2
1
2
2
1
2
1
1
2
1
2
2
1
2
2
1
2
2
1
2
1
1
2
1
2
11991200285
2
2
2
1
1
1
1
1
1
2
2
1
21661009696
1
2
2
2
1
1
1
2
2
2
1
1
1
17025062019
1
2
2
1
1
1
2
1
2
1
1
1
1
1
2
98812405700
1
2
2
2
2
2
2
1
2
2
1
1
1
1
1
1
2
30360198517
1
2
2
1
1
1
1
1
1
1
2
2
1
35847843293
1
1
2
2
1
2
2
2
2
1
1
1
2
2
1
1
1
1
91094617290
1
2
2
1
1
2
2
2
2
1
2
2
1
1
2
2
2
2
1
2
2
36513763993
2
2
1
2
1
2
77902721843
2
2
2
2
1
1
2
92707306079
2
2
1
1
1
1
2
2
1
2
2
2
1
2
2
1
2
2
1
2
2
54492617605
1
2
1
1
1
1
1
1
2
1
74827580663
1
2
1
1
1
1
1
2
2
2
1
2
1
1
2
1
1
2
2
1
2
1
1
1
2
2
10865060487
1
82561192587
1
1
20419975510
1
1
2
2
2
1
1
1
2
2
1
1
1
1
1
1
2
1
1
1
1
1
82523904654
1
1
2
1
2
2
1
1
1
1
1
2
2
1
1
1
1
2
2
1
53098129861
1
1
1
52108299195
2
2
1
1
2
2
2
1
1
2
2
2
2
2
2
2
1
2
2
64133046621
1
1
2
1
1
1
2
1
2
81782741504
2
2
2
1
1
1
1
1
1
1
1
2
2
1
1
2
2
2
2
1
2
1
2
2
1
2
2
2
2
2
1
2
2
1
87202950472
2
2
2
2
1
2
1
1
1
2
2
1
1
1
1
2
1
1
1
2
1
1
1
2
1
2
1
1
2
34334331772
1
2
2
2
1
1
1
2
1
2
1
2
1
1
2
1
2
2
2
1
1
2
2
1
1
1
1
2
1
2
1
1
2
2
2
2
2
2
1
1
1
1
2
1
1
1
1
2
2
1
1
2
2
2
2
1
2
1
1
1
2
15511601070
1
87710493351
2
1
1
2
2
1
2
2
1
1
2
1
1
1
2
2
2
2
2
2
2
2
1
1
1
2
1
1
2
1
2
2
2
1
1
1
1
1
1
2
1
1
1
1
51584756002
2
1
1
1
2
1
2
1
1
1
1
1
2
2
2
1
1
2
1
1
1
1
1
2
2
2
1
1
1
2
1
2
1
2
2
2
2
66415546505
2
1
1
91206861453
1
27760288564
1
1
1
1
2
1
2
2
2
1
1
1
1
1
1
1
1
1
2
1
2
1
1
1
2
1
1
1
1
1
1
87782968296
1
2
2
2
2
1
2
2
1
1
2
2
1
2
2
1
2
20293092006
1
2
2
2
1
1
1
2
1
2
1
1
2
2
1
2
2
2
1
1
2
1
1
1
2
2
1
2
1
1
1
2
1
78741145347
2
1
1
2
1
2
1
2
2
2
1
1
2
2
2
2
1
1
2
1
2
2
2
1
2
1
2
1
2
1
2
1
2
1
1
1
1
2
1
2
2
2
1
2
1
1
1
2
1
2
2
1
1
2
2
2
2
1
1
2
2
1
1
1
1
1
1
1
2
2
2
1
1
2
2
1
1
2
1
2
2
1
2
61157912032
2
1
32490058093
2
1
2
1
2
2
1
2
1
1
1
2
2
1
2
2
2
2
2
1
2
1
2
1
1
2
1
51870600733
1
1
1
1
2
2
1
1
2
2
1
2
2
1
2
2
1
1
1
1
1
2
1
2
1
1
1
2
1
1
2
2
2
1
1
1
1
1
1
2
2
2
1
2
44128248837
2
2
1
2
1
2
1
1
2
2
1
1
1
1
1
1
1
2
2
1
1041295420
1
1
1
1
1
2
1
2
1
1
1
2
1
2
1
1
2
1
2
1
14841842539
2
1
2
2
2
1
1
2
2
1
1
2
1
1
1
2
50780858472
2
1
2
1
1
1
48846110993
1
1
2
1
1
1
1
1
1
1
2
2
2
1
2
1
1
1
1
1
2
1
1
1
1
1
77201152919
1
1
1
2
1
56896435481
2
1
1
1
2
2
1
1
1
1
2
1
1
1
34847698517
1
1
2
2
1
2
2
1
2
2
2
2
1
2
2
2
2
1
1
1
2
2
2
1
1
2
1
2
2
1
2
1
27079655392
1
2
1
1
2
1
2
1
2
1
1
1
1
1
1
2
1
1
1
1
1
2
2
1
1
1
1
2
2
2
1
2
2
1
1
1
1
2
1
1
2
2
1
2
1
1
2
2
2
2
2
1
1
1
2
1
2
2
2
2
2
2
2
1
1
2
1
2
2
2
1
1
1
2
2
1
1
2
1
2
2
1
1
1
2
1
2
1
2
1
68162225646
1
2
1
2
1
2
1
1
2
2
1
1
2
1
1
2
27866686315
1
2
2
2
1
2
1
2
2
1
1
2
1
1
2
2
79155455180
2
1
2
2
1
1
1
90071617095
2
2
2
1
1
2
2
1
1
1
1
2
2
2
2
2
2
2
2
1
2
1
1
2
1
1
1
1
2
1
1
2
1
1
1
64335475117
2
1
2
2
2
2
66388730053
1
2
2
2
1
1
2
2
2
2
2
2
1
1
1
2
2
2
1
2
1
2
1
1
1
10783262740
1
1
1
1
1
2
2
2
1
1
1
1
2
2
1
2
2
1
2
1
2
2
2
2
2
1
2
1
2
1
1
2
1
2
2
1
2
2
1
2
2
1
2
2
1
1
83073551087
2
3487626944
2
2
2
1
1
1
2
1
2
2
2
1
1
1
2
2
1
2
1
2
1
1
1
2
2
1
1
2
42874087623
2
1
1
2
2
2
1
2
1
1
2
2
1
2
2
1
2
2
2
2
1
2
2
1
2
1
1
2
1
2
2
1
3334944503
1
2
1
1
1
1
32307851297
2
1
2
1
1
2
2
2
1
1
1
1
2
2
1
2
1
2
2
2
2
1
2
1
2
39583778718
2
2
2
2
1
2
1
2
2
1
1
1
1
2
1
2
1
2
2
1
1
2
1
2
1
1
2
1
1
2
2
2
1
2
2
1
1
1
2
1
2
1
1
1
1
1
1
1
1
1
2
1
1
2
2
2
1
1
1
91832556199
2
2
2
1
65552272072
2
2
2
2
2
2
95547859708
2
2
1
1
2
2
2
2
1
2
2
2
2
2
2
2
51581417993
1
1
1
1
1
2
2
2
2
2
1
1
1
2
1
2
1
2
2
1
1
2
1
2
1
2
2
2
2
2
2
2
1
2
1
2
1
1
2
2
2
1
1
1
1
2
2
2
2
2
1
1
2
2
1
2
2
2
1
1
2
1
1
1
2
1
2
2
1
1
2
2
1
2
1
2
2
67486084909
1
1
1
25312389789
1
1
1
2
1
2
1
2
1
2
1
2
1
1
2
1
2
1
1
2
1
1
1
2
2
2
2
1
2
1
1
2
2
1
1
1
2
2
2
1
1
2
2
2
1
2
1
2
2
1
2
2
1
1
2
1
1
1
2
1
1
2
1
2
1
1
2
1
2
1
12945037103
2
1
2
2
2
1
2
2
1
2
1
1
1
1
1
1
1
1
1
1
1
1
1
1
1
1
1
1
1
1
1
1
1
2
2
2
1
2
2
1
1
2
2
1
2
1
1
2
2
1
2
1
1
1
2
2
2
1
1
1
2
34395951611
2
2
1
1
1
1
2
1
1
1
2
1
1
2
2
1
2
2
2
1
1
1
2
1
2
2
1
2
1
2
2
2
2
2
2
2
2
1
2
1
1
1
1
2
2
2
1
2
35074271112
2
2
1
1
1
2
2
1
1
2
2
2
2
1
2
1
1
2
1
1
1
1
1
2
2
1
2
2
1
1
1
1
1
2
1
1
1
1
1
72486524356
1
1
1
2
79301792023
2
1
2
1
1
2
2
2
2
1
1
1
1
2
2
1
1
1
1
1
1
1
2
2
2
2
1
1
2
1
2
2
1
2
2
2
2
1
2
1
2
1
1
1
1
2
1
2
2
2
2
2
2
2
2
1
1
6833529624
2
1
1
2
65512617212
1
1
1
2
2
2
2
1
2
1
1
2
2
2
1
2
2
2
1
2
2
78417953266
1
51622775755
1
2
2
21565315724
1
1
1
1
2
2
2
1
1
1
2
1
2
2
1
2
1
1
2
2
53983290419
2
1
1
1
2
2
1
1
1
1
1
2
1
1
2
1
1
1
1
2
1
1
1
1
2
2
53144146594
1
1
1
1
1
1
2
1
22647933474
1
1
2
1
1
2
1
2
1
1
2
1
2
2
1
1
2
1
2
2
1
36974595375
1
2
19080611339
1
2
1
1
1
1
2
1
2
1
2
1
1
51092442149
2
1
2
1
2
2
1
2
2
1
2
1
2
1
1
1
1
2
1
1
1
1
1
1
2
2
1
1
1
2
2
2
2
1
2
1
2
1
1
2
1
1
1
1
1
1
2
2
1
1
1
1
2
1
2
1
2
2
2
1
2
2
1
1
1
1
1
1
1
1
1
1
1
1
1
1
2
2
2
1
2
2
1
1
1
1
2
2
1
2
2
2
2
1
1
1
2
2
1
2
1
1
1
2
2
2
1
1
1
1
2
2
2
1
1
1
1
22959647103
1
1
1
1
2
2
2
2
1
2
2
1
1
1
1
1
2
1
1
1
1
2
2
1
2
1
1
2
1
1
1
2
1
2
1
2
2
1
2
1
1
1
1
2
1
1
1
2
1
1
2
1
1
1
1
2
1
2
2
1
1
1
1
2
1
1
1
1
1
92796743045
1
1
2
2
2
1
1
96539216838
1
1
2
2
2
1
1
2
1
1
1
1
1
2
1
2
1
1
2
2
1
1
82764513319
2
1
1
1
2
2
1
1
1
1
2
1
1
1
2
1
2
2
2
1
1
2
2
2
51106905942
2
2
2
1
2
2
1
2
1
1
1
1
2
1
1
2
1
1
2
2
2
1
1
1
1
1
1
1
2
2
2
2
2
1
2
2
2
1
1
2
2
1
99780846734
2
2
2
2
1
1
1
1
2
1
1
2
1
2
2
10738261224
1
2
1
2
1
2
1
1
1
2
2
2
2
2
1
1
1
2
2
2
10349139275
2
1
2
53015275709
2
2
1
1
1
1
1
2
2
1
2
1
1
1
2
1
1
1
1
2
1
2
1
1
1
2
2
1
1
2
2
62554892454
2
1
2
2
1
1
1
2
2
2
2
2
71192521032
2
1
2
2
1
2
2
1
2
1
2
1
1
1
1
2
1
1
1
1
2
1
1
1
1
2
2
2
1
2
2
2
1
2
1
1
1
1
2
2
58897331884
2
1
1
89374608054
2
2
2
1
1
2
1
1
2
2
2
1
2
1
1
1
1
2
1
2
14284020534
1
1
1
2
53672849487
2
2
2
2
1
2
2
1
1
2
2
1
2
1
2
2
1
2
1
1
80980352844
2
1
1
2
1
1
2
2
1
2
2
2
2
1
2
1
1
2
1
2
64421655427
1
1
1
1
2
2
2
1
1
2
2
1
63844145214
2
1
2
1
1
3403980503
1
1
2
2
1
1
2
2
1
2
2
2
1
1
2
84456926808
2
1
2
2
2
1
2
1
2
2
2
2
1
1
2
2
2
1
2
1
2
2
2
2
2
2
2
1
1
1
2
2
2
1
1
1
2
2
2
1
1
2
1
1
1
1
1
1
2
1
2
2
2
1
2
1
1
2
1
1
1
2
2
1
1
1
2
2
1
2
1
2
2
1
2
2
2
1
2
1
1
1
1
2
1
1
1
2
1
1
2
2
1
1
1
1
2
1
1
2
2
1
2
2
2
2
2
2
1
1
2
1
2
1
2
1
2
70839354977
1
2
1
1
2
2
2
2
1
1
2
2
63556581057
378826792
2
2
1
1
2
1
1
2
2
2
1
2
1
1
1
1
1
1
1
1
1
1
1
1
1
2
1
2
1
2
1
1
2
2
1
1
2
1
2
2
2
2
2
1
2
1
2
1
1
1
2
1
1
1
2
2
2
1
1
2
2
2
1
1
1
2
2
2
1
1
1
2
2
1
2
1
1
2
1
2
2
1
1
1
2
2
1
2
1
1
1
2
1
1
2
2
1
2
2
2
1
1
1
1
1
2
2
2
2
2
1
1
1
2
1
2
2
2
1
2
1
2
2
2
2
1
1
2
2
1
1
2
1
2
1
2
2
1
1
1
1
2
2
1
2
2
1
2
1
1
2
1
1
1
1
1
2
1
1
1
1
2
2
2
2
1
1
1
1
1
1
1
1
1
1
1
1
2
1
2
1
1
15354291573
2
1
85747418891
2
2
1
2
1
1
2
1
2
2
2
1
1
1
1
1
2
1
1
2
1
1
1
81859331239
2
1
1
1
1
1
1
2
2
1
2
2
2
1
82503629460
1
1
2
2
2
1
1
2
1
2
1
2
2
2
1
1
1
1
2
2
2
1
2
1
2
1
1
1
2
1
2
1
1
2
2
1
13730756484
1
1
1
1
1
1
2
1
2
1
1
2
1
1
1
1
1
2
1
1
1
2
1
2
1
2
1
1
1
1
1
1
1
1
1
1
1
1
1
1
2
2
1
1
1
2
1
2
1
2
1
1
2
2
1
1
2
1
1
1
2
1
1
2
1
1
2
2
2
2
2
2
2
1
2
1
1
1
2
2
2
2
1
1
1
1
2
1
1
1
1
1
2
1
1
1
1
56805231933
2
1
1
2
1
2
2
2
1
2
2
2
1
1
1
1
2
1
2
2
2
1
1
1
1
2
1
2
2
2
2
2
1
2
41565786750
2
2
2
1
2
1
2
1
1
1
2
1
2
1
2
1
2
1
1
2
1
1
2
2
2
1
1
1
2
1
1
2
2
1
2
1
1
1
1
1
1
1
2
1
2
1
2
1
2
1
2
2
1
1
2
2
2
1
2
2
2
2
1
1
2
1
2
1
1
1
2
2
1
2
1
1
1
1
2
1
1
2
2
55021773721
53289553442
1
2
2
1
2
1
1
1
2
1
1
2
1
2
2
1
2
2
2
1
1
1
1
1
2
2
1
1
2
1
1
1
2
2
1
2
1
1
2
2
2
2
1
2
1
1
1
1
1
1
1
1
1
2
1
1
2
1
15902266862
1
2
1
1
2
2
1
2
2
2
1
1
1
1
29712534247
1
1
1
2
2
2
1
1
1
45361885346
1
1
2
1
2
1
1
1
2
1
1
2
2
1
1
1
56505053184
1
1
2
2
2
1
2
1
1
1
1
1
2
2
2
1
1
1
1
2
1
2
2
1
1
1
2
1
2
1
1
1
1
2
2
1
1
1
2
2
1
2
2
2
1
1
2
2
2
1
2
80143036263
1
1
2
66483240690
2
2
1
1
1
2
1
1
1
2
1
1
1
1
1
2
2
1
1
2
2
2
1
1
2
1
1
2
2
1
1
1
2
2
1
1
2
1
2
1
2
1
1
2
2
2
2
2
2
2
1
1
1
1
1
1
2
1
1
1
2
2
1
2
1
2
1
1
1
2
1
2
1
1
2
2
1
2
1
1
1
1
1
1
1
1
1
1
66589838106
1
2
1
1
1
1
2
1
2
1
1
2
1
1
1
1
1
2
2
2
2
1
1
2
1
1
1
2
1
1
1
2
1
2
2
2
1
36415433501
2
2
1
2
2
2
1
2
2
2
2
2
2
1
1
2
1
1
2
1
2
1
2
2
2
2
1
2
1
2
2
1
1
2
2
1
1
1
1
1
2
1
1
1
1
8843060259
2
2
2
1
2
1
1
1
2
2
2
2
2
2
1
1
2
2
2
1
2
1
1
1
1
2
2
1
1
1
1
1
1
1
2
1
2
2
2
1
2
2
1
1
2
1
1
1
2
2
24390546884
2
2
2
1
1
2
1
2
1
2
1
2
1
1
1
1
2
1
1
1
1
1
1
1
2
1
1
1
2
2
1
2
2
1
2
2
1
2
2
88926249418
1
1
2
1
2
1
2
1
1
2
1
2
2
2
1
1
2
2
2
62481662866
1
2
1
1
1
2
1
1
2
2
1
2
2
1
1
1
1
2
2
2
2
2
2
1
1
1
1
2
1
2
1
2
2
