1
2
2
1
2
1
48086229046
1
2
1
2
2
1
2
2
4136221322
2
2
1
2
2
1
2
2
2
2
2
2
2
2
61745493320
2
2
2
2
2
1
2
2
28457761023
2
2
96622339817
2
2
2
1
2
2
1
2
2
2
2
2
74628409683
2
2
2
2
2
87298866805
2
91590258970
84880695716
2
2
2
2
2
2
45137457295
2
2
2
2
2
2
47288322815
2
2
2
2
2
2
1
2
2
1
2
1
2
2
1
2
2
2
1
49286908891
2
2
1
2
1
2
2
1
2
1
2
2
2
2
2
2
82798703843
1
2
2
2
2
2
2
2
2
2
2
2
2
1
2
2
2
2
2
2
1
2
2
2
2
2
2
2
1
2
74863747844
2
2
1
2
2
68824367526
2
1
2
2
2
2
86593375205
2
2
2
2
2
2
2
2
2
2
1
59535389627
2
2
2
1
1
1
2
2
2
1
2
2
2
1
2
1
60919032389
1
2
44941409219
2
2
2
2
2
2
2
2
1
1
2
20947729343
1
2
2
2
2
1
1
2
2
2
2
2
2
2
59243941042
2
1
2
2
2
2
1
2
1
48969044000
2
1
2
2
2
1
2
2
65808946295
1
1
2
1
2
35793718858
91999579257
1
2
2
2
2
45312795165
2
2
2
2
1
2
2
2
2
2
38610950683
2
5149742275
2
2
2
2
2
2
2
2
2
2
2
2
2
2
2
2
2
1
2
2
2
1
1
1
2
2
2
8197719424
2
92885921185
2
2
2
2
1
2
2
2
2
2
2
76508404641
2
2
1
2
2
1
2
2
2
2
1
1
2
1
2
2
2
2
2
2
2
2
2
2
2
2
2
29722373598
2
2
1
2
2
72197591164
48373088550
2
1
2
2
2
1
2
1
87334241301
2
2
2
2
2
2
2
2
2
2
2
1
2
2
2
2
2
1
1
61858770583
2
2
1
1
2
2
2
2
2
2
2
1
2
2
1
30577879778
2
84065984103
2
2
2
2
2
2
2
2
2
2
2
2
1
2
2
2
1
2
2
2
78277176875
2
2
2
2
2
18951451736
2
2
2
2
23188118784
2
1
1
2
2
1
2
2
1
2
33135195107
2
2
1
1
1
2
1
1
55849764798
1
2
1
2
2
69751966755
1
2
2
1
2
1
2
2
2
2
2
2
2
2
2
2
2
2
2
1
2
1
18218268756
2
2
10399258955
2
2
2
2
10092324860
26865537932
2
2
2
2
70553614032
2
2
1
2
2
2
1
2
1
2
2
2
2
1
2
2
2
1
32803683465
2
1
2
2
2
2
2
2
2
10229010159
1
2
1
1
2
1
2
2
2
2
2
2
613392500
2
2
1
2
76042417168
69720044184
2
2
1
1
2
2
2
2
2
1
2
27918884779
2
2
2
1454335222
90610207292
2
2
2
1
2
2
2
2
52303544241
2
1
2
1
2
1
5393535911
2
1
2
2
1
2
2
2
2
2
2
2
2
2
1
2
2
1
2
1
2
2
2
2
1
2
1
2
2
2
2
2
1
1
2
1
1
2
2
2
2
1
1
2
2
2
2
2
2
2
1
2
1
1
63217690834
2
2
1
2
32869984635
2
2
1
2
2
2
2
2
1
1
2
2
2
2
1458784729
2
2
2
1
1
2
2
2
2
2
1
1
2
1
2
2
867735741
1
1
2
79828126454
2
2
2
2
2
2
2
1
2
2
72096466092
1
2
2
1
2
1
1
2
2
62090488691
2
1
2
2
2
2
1
57660349401
2
1
2
2
1
2
2
2
2
1
2
1
2
2
2
2
1
2
2
2
2
2
1
55252570360
2
2
2
1
2
2
2
1
2
2
1
2
43725585861
2
2
2
2
2
1
2
2
2
2
2
1
1
2
2
2
1
2
1
21854636836
2
2
2
1
2
2
1
2
2
2
2
2
2
2
2
1
2
2
1
2
2
1
23060667578
2
2
2
1
2
2
1
2
46560605174
2
50245863961
2
2
2
2
2
2
90652667474
71671724357
2
2
2
2
2
2
2
2
2
1
2
2
2
2
2
2
2
40507290867
2
1
2
2
2
1
1
2
2
1
2
2
2
2
2
2
1
2
2
2
1
85827705400
2
1
2
2
1
2
2
2
2
2
2
2
2
2
2
1
2
2
2
2
2
2
1
2
2
1
1
2
2
1
2
2
1
1
2
2
2
2
1
2
2
2
2
69679297125
2
2
78228458476
2
2
2
1
1
1
2
1
1
2
2
2
61679312897
2
2
2
2
332999513
2
60367837052
2
2
2
2
2
2
2
2
2
2
34966327931
1
1
2
2
2
2
1
2
2
2
1
2
1
2
2
1
2
2
2
2
1
1
2
2
2
2
2
2
14791465749
2
55158460672
2
95135777691
1
87212586829
2
2
2
1
2
2
2
2
2
2
2
2
2
2
1
2
2
2
1
2
2
2
2
1
2
2
2
91360737496
1
2
25343422095
2
2
2
2
1
42422720154
2
2
2
36812147390
2
1
2
2
2
2
1
2
1
2
1
1
2
2
2
1
2
1
2
2
2
2
1
2
2
2
1
2
1
2
2
2
2
1
2
2
2
2
2
2
2
2
2
1
44412275063
2
2
2
1
2
2
2
2
2
2
2
2
2
2
2
1
1
1
2
2
1
2
29819141520
1
2
85579777168
1
2
2
1
2
1
1
2
1
2
1
56324794408
2
1
2
34884874178
2
1
2
2
2
2
2
2
2
2
14766801495
2
2
2
2
1
2
2
2
1
2
2
2
2
2
1
2
1
2
2
2
2
1
2
2
1
2
1
2
1
2
2
2
2
2
1
1
2
2
2
2
1
2
1
2
2
2
2
1
1
2
2
1
2
66425177280
2
1
79131134807
2
2
2
2
2
2
10832031437
2
1
2
90087549413
2
2
2
2
2
2
2
2
2
2
2
2
2
2
2
2
2
2
2
2
2
2
1
2
1
2
2
2
2
2
2
89588506536
84127327703
59186455284
89279296082
2
2
1
2
2
2
1
2
2
1
2
2
2
1
2
2
2
2
1
2
2
2
2
2
2
80347556177
1
1
1
1
2
2
2
2
1
2
1
2
2
2
2
1
61132124758
2
2
1
2
2
2
2
2
2
2
34399787542
1
2
1
2
2
2
2
2
5011967458
2
2
1
2
2
49697641823
2
2
44933385446
2
2
1
2
90950108811
2
2
2
2
2
2
2
2
27402773241
2
2
2
2
66709115652
2
1
2
1
2
2
2
2
5820959559
2
2
70866767850
2
33614137895
2
1
2
2
1
1
2
2
2
1
33884695439
2
32967177840
2
1
2
2
86164772514
2
2
2
1
1
2
1
2
2
2
2
1
1
80085805985
2
1
2
2
2
2
2
2
1
2
2
2
2
2
2
96641466781
62154905776
2
2
2
2
2
1
1
2
2
2
33602858659
1
2
2
2
1
2
2
2
2
4046967499
2
2
1
2
2
2
2
2
2
1
2
2
2
2
1
1
2
2
2
2
47497439809
2
2
2
2
2
1
1
2
2
1
1
2
2
2
2
2
2
2
2
2
2
1
1
2
57848348168
2
2
2
38569101994
2
2
2
2
3744678225
2
2
2
2
2
2
2
2
2
2
1
77584874945
1
2
1
77734158089
1
1
2
2
2
2
2
54039185801
2
2
2
1
2
2
2
2
2
2
2
2
2
2
2
13500488132
2
2
2
1
2
2
2
2
2
2
2
1
1
2
2
2
2
2
2
2
1
2
1
2
2
2
2
2
2
2
1
2
2
1
2
2
46977479900
2
2
2
2
2
2
2
1
2
2
67228773580
2
2
14140197766
1
1
2
2
2
2
2
2
1
2
2
1
1
1
2
2
2
2
2
37830952548
17178216907
2
2
20826139431
1
2
2
2
2
2
2
2
1
47224301481
43267865622
2
2
2
2
2
2
1
2
2
1
2
2
1
2
2
2
2
2
2
2
2
1
1
2
1
2
2
2
2
4044459761
11336610627
1
1
2
2
2
2
2
11515873162
2
1
2
1
2
2
2
28931628672
2
1
2
2
70347524284
2
2
2
26688726778
2
1
2
2
50457355403
2
2
2
2
2
1
2
2
2
2
63371722493
2
2
1
1
61491987509
2
1
2
202985494
2
2
2
2
1
1
2
2
2
92831413348
2
2
1
1
2
2
2
2
2
1
2
1
1
2
2
2
1
1
2
2
1
2
2
63012787716
1
1
1
89202632310
2
2
2
10247106883
1
2
1
2
2
2
2
2
77227552122
2
2
2
95366603031
2
2
2
2
2
2
1
2
2
2
1
2
2
2
2
2
2
2
2
2
2
2
2
1
2
2
2
1
1
2
2
20959843236
2
2
2
2
2
2
2
2
2
2
2
1
2
2
38929779043
1
2
2
2
2
2
2
1
2
2
2
2
2
2
2
2
2
2
1
2
1
49486027899
2
2
2
2
2
2
99650603561
2
2
1
1
1
2
2
2
1
1
2
2
93319578147
2
2
2
2
2
43228962924
2
2
49054797303
2
2
1
2
2
1
2
2
2
2
2
1
2
2
2
1
1
2
2
1
2
2
2
2
2
1
1
2
2
1
85084962331
2
2
15045149521
2
2
2
1
90964363894
93632112828
2
2
2
2
2
2
1
1
2
1
2
2
1
2
2
1
2
2
2
2
1
2
2
2
2
2
1
2
2
2
2
99326200736
92147450715
1
2
2
2
2
2
1
39552212495
2
2
2
2
1
2
2
2
1
2
2
77342966630
2
2
1
2
2
2
2
2
2
93614972313
1
2
2
1
1
2
2
2
2
2
2
72293588527
1
2
2
15400527741
2
1
2
2
2
1
2
2
2
2
1
2
2
2
52611597561
8042805564
2
2
2
2
2
2
2
2
2
2
1
1
2
2
2
15800809155
2
2
2
2
2
2
2
1
1
2
2
1
2
2
2
2
1
1
2
2
2
2
2
2
2
2
2
2
2
1
2
2
1
2
2
2
2
2
16267146558
2
2
2
2
2
15295957321
80667681618
2
2
2
2
2
2
2
2
1
2
2
2
1
1
2
2
2
1
2
1
1
2
2
2
1
2
2
2
2
2217230578
2
82181483803
2
2
6656997008
2
2
1
1
2
2
32390171918
2
1
1
1
2
2
2
2
2
2
2
1
2
82385290830
2
2
1
1
2
2
1
2
2
2
2
2
72568175258
2
2
2
2
1
2
2
2
2
2
2
2
1
2
2
2
2
2
96819534381
1
2
2
1
2
2
2
27523981082
2
1
2
2
2
2
1
2
2
2
2
2
2
2
2
2
2
2
2
1
2
2
2
2
1
27278194912
2
2
2
69112325061
1
2
2
2
2
2
21011705174
2
2
1
2
2
2
1
2
2
1
2
2
2
2
1
2
1
2
1
2
2
2
2
2
2
1
2
1
2
1
2
2
1
2
2
2
1
1
2
2
2
2
2
30469083662
2
2
58872590268
2
2
2
2
2
2
1
52840628854
2
2
2
1
2
2
2
2
2
2
2
1
10602960628
2
2
2
2
2
2
1
1
2
2
2
2
86933790714
1
1
2
2
2
2
1
95886395019
2
2
2
2
2
2
1
2
1
2
48060136677
2
1
2
20393652471
2
2
2
1
1
1
2
2
2
80044699586
1
2
2
416803114
2
2
2
89058776777
2
2
2
2
1
5236207615
2
2
2
2
2
2
2
2
2
2
86174327139
2
1
2
1
2
2
68018555992
1
2
2
1
2
2
2
2
1
2
34297823986
2
2
1
2
2
2
70893943020
1
2
2
2
2
1
1
2
2
1
2
2
1
2
2
1
1
2
1
2
2
2
1
2
2
7354174341
2
2
1
2
2
3842003079
2
2
2
2
2
30100768499
2
2
1
1
2
2
1
2
1
67885667771
1
2
1
1
28429191241
1
2
2
60195447631
2
2
22829938230
2
2
2
2
2
77468092372
2
2
2
2
1
2
2
2
2
2
85342467474
81656572140
2
2
2
2
2
2
2
2
2
2
2
2
2
2
2
2
2
1
2
2
2
2
1
1
1
58316624539
2
2
2
2
1
2
2
2
2
2
1
1
2
2
2
2
2
1
2
2
2
1
2
2
22968138185
2
2
2
44460171752
2
43759263396
2
2
2
2
2
93879897659
1
2
2
2
2
1
1
2
19221556996
2
1
2
2
2
2
2
1
2
2
2
25428307495
2
2
2
2
2
2
2
2
2
2
2
2
2
81987524202
2
54391468965
2
2
39385663710
1
1
2
2
2
89106588547
1
2
2
2
1
2
1
2
67354374592
23964641544
2
2
1
2
2
2
1
1
2
2
2
2
69286496454
2
1
1
1
2
2
2
1
2
2
2
2
2
2
2
2
2
1
1
2
1
1
2
2
1
2
2
2
2
2
2
2
2
2
1
2
1
46683254525
1
53304036118
2
2
1
2
1
2
2
18229465891
2
2
1
2
85857893701
1
2
2
56540886505
2
2
2
41430493781
2
2
1
2
2
2
2
2
2
2
1
2
2
46005871461
2
97905387355
2
2
2
2
2
2
2
2
2
1
1
2
1
2
2
2
2
1
2
1
2
1
2
2
1
83536787106
68669253974
1
2
1
2
2
2
2
2
2
1
2
2
9443311727
51066631962
2
1
2
2
1
2
1
2
2
2
2
2
1
1
2
2
2
2
2
1
2
1
2
1
1
2
2
2
2
1
1
1
2
2
2
2
2
1
2
2
2
2
1
2
2
2
2
2
1
2
2
1
2
1
2
1
2
1
2
12681819800
2
2
2
2
2
66214461298
1
61020871732
2
2
1
48023606638
2
1
2
2
2
1
2
53477414929
2
18698655955
2
2
2
2
2
2
2
48225432701
2
1
2
2
2
2
2
2
2
2
2
1
2
1
2
2
75579439835
2
2
2
27964218701
2
2
1
2
1
1
2
2
2
2
1
2
1
2
2
2
2
2
2
2
2
2
1
53230802318
2
2
2
1
2
2
2
2
1
2
2
2
2
2
2
2
68380067117
1
2
2
2
2
13912501571
2
2
2
1
2
1
2
18318318958
2
1
2
2
2
2
1
2
1
1
2
1
1
1
50833575812
2
2
2
2
1
1
1
2
1
2
17291571426
1
2
2
2
1
2
1
1
2
2
1
2
2
2
2
1
2
2
2
2
2
2
2
33677538060
2
2
2
60505756562
1
2
2
2
2
2
15363623238
2
2
2
1
2
2
2
1
2
97549338815
2
2
2
2
2
2
2
1
2
2
2
2
2
2
2
1
1
2
2
2
2
2
2
2
2
2
2
2
2
2
2
2
2
1
1
2
2
2
1
2
1
2
2
1
2
2
2
1
15021152001
2
2
2
2
36623421419
2
2
64432721294
2
1
2
2
2
2
2
2
1
2
1
2
2
2
2
2
2
1
2
2
11788767706
1
2
2
45731463296
2
2
2
2
2
2
1
2
2
1
75562705206
2
60259783547
1
69763620566
2
2
2
1
2
1
2
2
2
1
2
2
1
2
2
2
2
72270317089
2
75791331637
2
2
2
2
2
89621650035
2
1
2
2
22615630744
2
1
86870792909
2
2
1
2
2
2
1
1
2
2
2
2
1
85790692415
2
2
2
2
1
2
2
2
2
2
2
2
2
1
2
1
2
2
2
2
2
1
2
2
2
2
2
2
2
1
95960856458
1
1
69490268945
2
1
1
2
2
2
1
2
42994840370
2
51394922720
2
2
2
68514444410
2
2
2
2
2
2
1
1
2
2
2
1
520972075
2
1
2
2
2
2
2
1
2
2
28447409388
2
2
2
2
1
2
2
2
2
2
2
2
2
2
2
2
2
1
1
2
1
1
2
2
2
2
2
2
2
2
1
2
2860721440
2
2
2
50127869517
2
1
2
2
2
2
2
2
2
2
2
1
1
2
2
2
2
2
2
2
12239299904
2
90515685425
2
2
2
2
2
1
2
2
78793874022
1
2
2
2
2
2
2
2
2
2
2
2
2
1
2
1
1
1
2
2
2
2
2
2
2
2
2
2
1
2
2
2
2
2
2
2
2
2
2
1
2
1
2
1
1
2
2
1
2
1
2
1
1
2
54289362186
2
1
79721782013
2
1
2
2
1
2
2
1
1
2
84741589274
2
2
2
1
2
24689942744
1
18046186419
2
2
2
2
2
2
2
2
18803429669
2
1
1
2
2
2
2
1
2
2
2
2
2
2
2
2
2
1
2
2
2
1
2
1
2
2
2
2
2
1
2
9182429283
2
2
2
2
2
2
2
2
2
2
1
2
2
2
2
2
2
2
2
1
1
2
2
2
2
2
2
1
2
2
2
2
2
2
1
1
2
2
1
1
1
2
2
2
2
78629200357
2
1
2
1
2
2
1
2
2
2
2
1
51611013180
2
2
75901049101
2
2
2
2
2
2
2
2
2
2
2
2
2
2
2
1
1
33795702782
2
2
39710370558
2
1
2
2
2
1
2
1
2
2
45442360132
2
58888708329
2
2
2
2
1
2
1
2
1
2
2
2
2
1
2
2
1
2
2
2
2
2
2
2
2
1
2
2
73924821727
52137346889
2
1
1
2
2
2
2
2
1
1
1
1
1
2
2
1
2
9914781709
2
2
2
1
1
2
2
97848075798
1
2
2
26615671718
2
2
67788852673
2
77637529065
2
1
2
2
2
2
2
40775509724
1
1
2
2
2
2
1
2
2
20424674186
2
54278747709
51522580053
2
2
2
2
2
2
2
31601612614
92043684828
2
2
2
1
2
1
2
1
2
2
2
2
2
2
1
2
2
1
2
2
2
2
2
2
1
24578903489
1
2
2
2
1
2
1
25432379018
2
2
2
2
2
40836302852
2
2
2
2
2
2
2
2
2
2
1
2
2
2
2
2
2
2
2
2
2
2
2
2
27869917278
2
2
2
2
2
2
1
1
1
2
1
2
2
2
2
1
2
2
2
2
60883043029
2
4659084804
2
2
2
2
2
2
2
2
2
2
2
2
2
2
2
2
2
2
55614451078
2
2
2
2
2
2
2
2
2
2
2
2
2
2
2
1
51890531243
5070886679
2
2
2
2
1
2
2
2
1
2
1
74708077545
2
2
2
1
2
2
2
2
2
1
1
1
2
25999051867
2
2
1
2
2
2
1
26006739992
1
2
2
2
2
31979885783
2
2
2
2
2
2
2
2
39608279436
2
2
2
1
2
2
2
2
2
2
1
2
2
2
71520216798
2
2
2
1
2
2
2
1
2
2
2
2
2
2
1
94084297354
2
2
2
2
2
2
2
2
2
1
2
2
1
2
2
1
82706192413
66517282182
1
2
59450335316
2
32364967445
2
2
1
2
2
2
50665393346
2
15145347528
2
2
1
2
2
1
2
6267143272
2
1
2
2
1
2
79308927651
27375122449
2
2
1
2
2
2
2
1
14045188811
2
1
2
1
2
2
1
1
2
2
2
2
81615057696
1
2
2
2
2
2
1
2
2
2
1
1
2
2
2
2
2
2
2
88278384793
2
2
2
30129042379
1
2
1
86604632668
1
2
2
2
1
2
2
2
2
1
2
2
2
2278071785
2
1
1
2
2
2
2
1
72633523836
1
2
1
2
1
1
1
2
1
2
2
2
2
2
1
1
2
2
2
2
2
1
73820014233
2
1
2
2
54699120290
2
2
1
2
68893897129
1
2
2
1
1
2
1
2
2
2
1
1
2
2
2
64028903093
2
1
2
2
2
2
2
2
2
2
2
2
2
2
22491486497
1
80295553623
2
8468613102
2
2
2
2
2
2
2
2
2
2
2
2
2
2
2
2
1
2
1
2
2
1
2
2
86119908057
1
82592767634
1
2
24167750710
2
1
2
1
2
1
2
2
60901003646
2
2
2
2
2
1
2
2
2
2
2
2
1
2
2
1
1
2
1
1473396582
2
2
2
2
2
1
2
1
1
2
2
2
1
69992516228
2
2
2
14191520773
2
1
2
2
2
1
2
2
2
2
2
2
2
2
2
2
2
2
2
80356187010
99909171932
2
2
2
1
2
2
1
2
32654857959
2
23380645828
2
2
2
2
56557610042
2
2
2
83061642066
2
2
2
2
1
2
1
2
58378823452
2
2
1
2
2
1
2
6057352779
89769636096
2
2
2
2
1
2
2
2
2
2
2
2
2
34432033162
2
2
1
2
1
2
1
1
98005104322
1
1167810875
1
2
2
2
2
2
2
1
1
2
2
2
2
2
1
1
64825527605
2
78027574797
2
2
2
2
1
2
2
1
2
2
2
2
25525153011
1
2
2
2
2
1
2
2
2
2
2
1
2
2
2
2
2
2
2
2
1
43754450241
2
1
2
1
2
2
2
1
2
2
1
2
2
2
2
2
1
2
1
2
74996788877
71055884733
1
2
1
1
2
2
2
2
2
2
1
2
2
2
2
2
1
2
2
2
2
2
2
1
2
2
2
2
2
2
1
2
2
2
2
2
2
1
2
2
2
2
10301408927
2
2
2
2
2
2
36025153853
2
90009830201
2
1
2
1
2
2
2
1
2
2
2
1
1
2
2
2
2
2
2
1
1
2
2
1
2
2
2
2
2
2
2
2
1
1
2
2
2
2
2
2
2
2
2
2
2
2
2
2
2
2
2
2
2
2
1
1
91256160723
1
2
2
2
1
2
2
2
1
2
31697349400
1
2
1
2
2
2
2
2
1
2
81275505817
2
2
2
2
2
2
2
1
2
2
2
2
2
2
2
33565840644
1
2
2
37230115603
2
2
1
44179210282
2
1
2
1
2
2
2
2
2
2
2
1
63731716483
2
2
2
2
8375363578
2
2
9800946660
2
2
2
2
2
2
2
1
1
2
2
1
2
2
2
2
2
2
2
2
2
2
31532848616
2
2
2
6010863314
35816693337
2
1
2
2
2
2
2
2
30485703737
2
2
2
2
2
2
2
2
1
2
2
1
1
2
2
2
2
2
1
2
1
1
2
1
73734589338
11327166296
98484352510
2
2
2
2
1
23821100602
2
2
1
2
2
1
1
2
1
1
2
2
2
2
2
2
2
2
365009481
2
2
2
2
2
1
2
2
1
2
2
7000023835
2
2
2
2
2
1
1
1
1
2
2
2
1
2
1
2
2
2
2
2
1
2
1
2
2
2
2
1
2
2
1
2
1
1
2
2
2
2
2
1
2
2
1
2
2
1
1
2
2
2
2
2
2
2
2
2
2
2
2
2
2
2
2
2
1
71171614091
2
1
2
78953468581
2
2
1
2
40297193727
2
2
1
1
2
51772302425
2
1
2
2
2
2
1
1
2
1
1
2
1
1
1
2
2
2
70807285071
1
2
1
1
2
2
2
2
2
2
1
2
1
1
1
2
2
2
2
2
2
2
1
1
2
2
1
2
2
98785317218
55321282082
1
2
2
2
2
2
2
2
2
1
63155098998
2
2
2
2
1
2
2
2
63764311107
51382125157
2
2
2
2
70317296161
2
2
1
2
2
1
2
2
1
2
2
2
1
2
2
2
1
2
1
2
2
2
1
1
2
2
2
2
2
2
2
2
1
2
2
2
2
2
2
2
1
1
2
97302534780
1
2
1
1
2
2
2
2
2
2
1
2
1
2
2
2
2
2
2
2
2
1
2
2
2
1
54312580846
2
2
2
1
34802764848
1
1
2
2
1
2
1
75781776282
1
2
2
2
2
2
80633939518
2
2
2
96964377486
2
2
2
2
2
72357121244
2
2
41151658442
2
2
2
1
2
2
2
1
2
2
2
2
1
2
2
71577072936
1
2937444240
1
2
2
2
1
2
2
14734702947
1
2
1
2
2
2
2
1
2
2
2
2
2
2
2
62906808422
2
64735636942
2
58013036440
2
2
2
2
2
2
2
2
1
2
2
2
1
2
2
2
2
2
2
2
2
2
2
2
2
2
2
2
1
1
1
1
2
2
67203339216
1
1
2
2
2
1
1
2
2
2
57634822519
2
2
1
2
2
2
2
1
2
1
2
2
2
2
1
2
2
24407647081
2
2
2
2
2
2
2
2
72248570919
2
2
78683479894
2
96667852850
2
30166655643
2
2
2
2
2
2
1
1
2
2
2
2
1
2
2
2
2
1
24918311880
2
2
1
55568595646
2
2
2
2
1
2
2
2
2
2
1
2
2
2
2
2
2
1
2
2
2
2
2
2
2
2
2
1
2
1
55264135330
2
2
2
2
1
1
27772936965
2
2
1
1
1
2
2
2
2
2
1
2
2
2
2
2
2
2
2
2
2
2
2
2
2
2
2
2
2
2
2
2
2
1
2
1
62816982637
19605309464
2
2
2
2
12621595828
1
2
2
2
2
2
2
89358390482
2
2
1
2
2
1
2
96273729617
2
2
1
2
2
2
2
2
2
2
1
2
2
2
2
2
2
2
1
2
2
2
1
2
1
2
2
2
1
1
1
1
1
1
30803641489
2
2
2
1
2
2
2
2
2
1
2
2
2
2
2
2
2
2
2
2
2
1
2
1
1
1
2
2
2
2
2
2
19832397076
2
2
1
84790507334
2
2
2
2
2
2
1
2
2
2
2
2
35846300959
12720395211
2
2
2
2
2
2
2
2
1
2
2
2
41475130039
2
2
2
2
2
1
2
2
2
1722728893
2
1
2
39225257145
2
2
1
1
1
2
2
2
2
2
2
65463133217
2
2
2
2
2
2
1
1
11315015712
63946221652
1
2
2
8678475617
2
2
2
2
2
2
64561845870
2
2
2
1
2
2
2
2
2
45632108344
2
2
2
1
2
1
57407481054
2
2
2
2
2
2
2
2
2
2
2
2
2
2
2
2
46024574643
2
2
2
2
1
2
2
94016295880
2
2
2
2
2
2
90723824008
2
2
2
2
2
2
2
2
28014321943
1
2
2
2
2
2
2
1
2
1
1
2
2
1
2
2
2
2
2
2
2
2
2
1
27553923872
2
1
2
2
2
2
2
2
2
1
2
34917742743
25213057768
2
2
2
2
2
2
2
1
2
2
1
2
2
1
2
1
92070602768
1
2
1
2
55411240667
2
1
1
1
1
1
2
2
2
2
2
2
2
2
2
1
2
2
2
2
2
2
1
2
11275260886
2
2
2
1
1
2
1
2
2
1
74623033137
62979113945
1
2
1
1
2
2
2
2
2
2
1
1
2
57905794290
2
2
1
2
2
2
2
1
2
2
2
2
2
2
2
19546403525
2
2
2
1
2
1
21735501213
2
1
2
2
1
2
1
2
2
2
2
1
2
99842571455
41124223261
2
2
2
2
2
2
2
2
1
2
2
1
2
2
1
2
2
2
2
2
2
2
1
1
2
2
1
2
98057121502
2
2
718318207
2
2
2
1
2
2
2
1
2
2
2
2
2
1
1
2
2
2
17713584098
2
1
1
1
1
1
2
2
2
2
2
2
1
2
2
1
2
2
2
37658199263
1
2
2
2
2
83559858432
2
1
2
2
1
1
2
1
2
2
2
1
2
1
1
1
2
2
2
1
2
1
1
1
2
2
2
1
2
2
2
1
2
17985824246
5376302078
2
2
2
2
2
2
2
2
2
1
1
2
2
2
2
1
2
2
2
2
2
2
2
1
52707891405
1
2
2
2
2
2
48348771339
2
1
1
2
2
2
70240286811
1
2
2
2
2
2
1
2
2
1
1
2
2
1
23398064936
2
2
1
2
2
2
2
2
2
2
69845178482
1
1
2
2
2
2
2
2
2
2
2
1
78474923816
2
2
2
2
2
2
2
2
2
59569562933
2
2
2
2
1
2
2
2
2
2
2
2
2
2
2
1
2
2
2
2
2
2
2
1
1
2
88109663146
1
2
2
2
2
2
2
2
2
2
1
2
2
2
2
2
2
2
1
2
2
1
2
2
1
2
2
2
2
1
2
1
2
68170750106
2
2
2
2
2
2
1
2
2
2
62683257217
1
2
2
2
1
2
2
31980544382
35399962210
2
2
2
2
2
65246936340
23095837147
1
2
2
2
88352390727
2
1
1
1
2
2
2
2
2
2
2
2
17511289008
2
34910571985
2
2
46671925423
2
2
2
2
1
59543034953
2
2
1
2
2
2
2
2
2
55930712568
2
2
1
2
2
2
2
2
2
1
2
2
2
2
1
2
1
61931398827
1
2
87876509283
1
2
2
2
90088088121
2
2
2
2
2
1
1
1
54809069681
2
2
2
1
2
2
2
1
1
1
2
1
1
2
2
2
2
1
1
2
2
8005753333
2
2
2
1
2
2
2
2
2
2
2
2
2
32295748660
2
1
2
2
2
1
1
2
2
2
2
1
2
2
2
2
2
2
2
2
2
1
1
1
2
2
2
2
2
1
2
2
2
2
2
2
2
2
2
2
1
2
2
131374635
2
7008926056
2
2
75062035734
2
2
2
2
2
1
2
1
2
1
2
2
1
2
2
2
1
1
2
4754323808
2
2
1
77547638678
1
2
94536826128
2
2
2
2
2
2
95495915172
1
2
2
2
1
1
2
2
1
2
10955530677
2
59807484847
2
2
2
2
1
2
2
2
2
1
77815186035
1
2
2
2
2
2
2
2
2
2
2
2
1
1
2
2
2
2
2
29210248349
2
1
2
32944349771
2
1
2
2
2
2
2
2
2
2
2
2
2
1
81551158531
2
2
2
2
2
2
2
36779182247
2
2
2
2
75576094263
2
65569206431
2
2
2
2
2
2
2
1
2
2
1
2
2
1
2
2
2
90676397889
2
2
2
2
2
2
1
2
2
1
2
2
2
1
2
52405087084
1
2
2
2
2
2
1
2
2
2
1
1
2
2
1
1
2
2
2
58755902533
2
2
1
77991556126
2
2
2
2
1
2
2
2
2
2
2
2
2
2
2
2
2
2
2
2
1
2
2
2
2
2
1
2
2
2
2
2
2
2
1
2
2
2
2
2
2
2
2
61945145758
1
2
2
2
2
2
2
2
2
2
1
2
2
2
2
2
2
2
97811328173
2
2
2
2
2
2
1
93128232065
2
2
1
2
1
91591750927
2
1
2
2
2
2
2
2
2
2
2
1
2
1
2
2
1
2
90715459557
91387182174
2
2
1
2
2
2
1
2
2
2
62316222395
1
2
2
2
2
2
2
2
2
2
2
2
1
96932100961
1
2
2
2
2
1
1
1
2
41078819740
2
2
2
59905253488
2
2
56652050319
2
2
1
2
2
2
2
2
1
2
2
1
2
1
1
1
2
2
2
2
1
2
1
2
16542301000
1
1
2
27066535105
1
2
1
1
2
2
2
1
2
1
2
1
61911920380
61476868274
2
2
2
2
2
2
2
1
2
2
2
2
2
2
2
2
2
2
2
2
2
2
2
2
7565811761
1
2
2
2
2
2
2
2
2
1
2
25879627348
2
2
78670373665
2
10652293251
2
1
1
2
2
2
10775612594
2
2
2
2
80496035967
1
2
1
2
2
2
2
2
2
2
33596422446
95271843294
49242010032
1
40576332728
1
1
2
2
2
2
2
2
2
1
2
2
2
1
2
29890124049
2
2
2
2
2
2
1
1
2
2
2
1
2
2
31314229308
2
2
2
2
2
2
1
2
2
2
1
2
2
2
49070220956
2
2
2
2
2
2
2
2
2
36913784092
1
2
2
75819620532
2
2
1
2
2
2
2
2
1
18086892894
73149909799
2
2
7131344224
1
72898091020
2
1
35040654058
2
57974940800
1
1
2
2
2
2
2
2
2
2
1
2
2
2
2
2
1
58725560082
2
2
2
2
96959547176
2
2
2
2
2
2
2
2
2
2
2
2
1
2
2
1
2
2
2
1
1
2
1
2
2
2
24340672289
2
2
2
2
3596088363
91753877183
21606843680
1
2
2
2
2
1
1
2
2
2
2
1
2
2
1
2
2
2
2861517320
2
1
2
1
2
98422760979
56124379892
2
41726641449
2
2
2
2
2
2
2
2
1
2
1
2
2
2
1
1
1
2
2
2
2
1
2
2
2
83227140994
2
2
2
2
1
2
2
2
2
2
2
2
2
2
2
2
34398746663
2
1
2
2
2
2
1
2
2
2
1
2
2
2
2
2
18653807321
29032440844
2
2
1
2
2
2
1
2
1
2
3842821571
2
2
2
2
40703669486
1
2
2
3862013884
2
1
88788699353
2
2
2
2
2
2
2
2
2
2
68520647918
2
1
2
1
1
1
1
2
2
2
2
2
2
14867588872
2
48629385849
2
1
1
2
2
2
2
1
1
2
2
2
2
2
2
68869426138
2
61235811668
2
1
2
2
1
2
2
2
65208665861
2
2
2
1
41195686164
2
2
40110145443
2
2
2
2
70947579638
2
1
2
2
2
2
2
2
2
2
2
1
2
2
2
2
2
2
2
2
62124592911
74487956350
2
2
1
2
2
1
47554426465
2
2
2
2
1
2
2
2
2
2
2
2
2
1
2
2
2
2
2
2
1
2
2
2
2
1
2
2
2
2
2
1
2
1
1
2
2
2
2
1
2
2
1
1
2
4197890486
2
2
2
2
2
2
2
2
2
2
2
12092878543
26667450609
2
84148608966
2
2
2
2
2
2
2
1
2
2
2
2
2
2
1
1
2
2
2
2
2
2
2
53471258588
2
1
2
2
1
2
2
2
2
2
2
2
2
75395485428
2
2
2
2
2
2
2
2
1
2
2
2
2
2
2
1
13808025768
2
1
2
2
2
2
97194568640
2
2
2
2
2
2
1
2
2
2
2
2
2
2
1
2
2
1
2
2
2
2
35146128920
2
2
2
2
2
1
2
78517502172
2
2
2
2
1
2
1
2
1
2
2
2
57056065644
2
2
1
2
1
2
2
2
1
2
1
2
2
2
2
1
2
2
2
2
2
2
1
15652858072
2
2
2
2
1
2
2
2
2
2
2
2
2
2
2
1
2
2
1
2
1
1
2
2
2
2
1
2
2
2
2
2
2
2
2
83399257984
2
2
2
2
2
2
2
2
2
2
2
2
2
2
1
2
1
2
2
1
1
1
2
2
2
2
1
2
1
94290949358
1
1
2
2
2
2
2
2
96351559384
1
2
2
2
2
2
2
2
2
2
1
50783837640
2
2
97282959635
1
2
2
2
2
2
2
1
2
2
1
2
2
2
1
2
2
2
2
2
2
2
1
83174425419
2
2
12862874679
1
2
2
2
2
2
2
82675761976
2
2
2
2
1
1
2
1
2
2
1
2
1
58296201400
1
1
37443758897
2
2
2
1
2
42804778992
2
34087842326
1
2
2
2
2
2
2
2
1
2
2
2
2
2
2
2
1
2
1
2
1
2
90933197589
2
2
2
2
23818021366
1
2
1
2
2
1
2
2
2
2
2
2
1
2
2
1
2
2
1
2
2
2
2
2
1
2
2
1
2
1
2
95819987815
78211929101
2
2
2
2
2
7665786107
2
2
2
2
2
2
1
2
1
2
1
2
2
2
1
2
2
2
2
2
2
2
2
44435785981
2
2
2
2
2
2
23663301170
1
2
1
2
2
1
2
2
22538306568
2
2
80493627978
2
2
2
2
2
2
2
2
2
2
1
2
2
2
2
1
2
2
2
1
1
2
1
2
2
2
2
1
61576129508
2
2
2
2
2
1
2
2
2
1
2
2
1
2
2
1
70096148544
2
2
2
1
1
2
59479549446
2
2
2
23315267915
1
2
2
2
2
2
14406484448
2
2
1
1
2
2
2
1
2
1
9027246440
2
1
2
1
2
1
2
1
2
2
2
2
1
37574424004
2
2
2
2
2
2
2
2
2
2
1
1
2
85823200691
2
2
2
2
2
2
2
2
2
2
2
2
1
2
1
2
2
2
2
2
2
2
2
2
2
1
1
2
2
92022621951
2
2
2
2
2
1
23061805123
2
2
2
2
2
2
2
1
29370679939
1
2
2
2
2
2
1
2
2
2
2
2
2
2
2
2
2
2
48974312492
1
2
2
2
2
46604163485
1
2
2
2
1
2
2
1
2
2
2
2
2
1
2
2
1
2
2
2
50314361739
2
2
2
2
2
2
2
2
1
2
1
2
2
2
2
2
2
2
1
2
2
2
2
2
2
2
2
2
2
1
1
1
2
2
2
2
2
2
2
2
2
2
2
2
267481084
2
2
2
71776461154
1
2
2
2
2
2
2
2
1
1
2
2
2
1
1
83646499795
31042353885
2
13314963230
2
1
2
1
2
1
1
2
1
2
2
23136103529
2
2
2
2
2
2
75723610497
2
2
2
2
2
2
97546481760
2
27082626204
2
1
2
2
2
2
2
2
2
57211107908
2
1
2
2
2
2
87000429381
1
2
2
60773962024
2
1
1
2
1
1
2
11215902728
2
2
2
2
2
2
4271208923
2
2
2
1
1
2
1
10841969168
2
2
2
2
2
1
2
2
1
2
2
2
1
1
97970673365
2
2
2
2
2
2
2
2
1
2
2
1
2
2
2
1
85732446796
2
2
1
2
2
1
1
83088153345
2
2
2
2
2
2
2
2
2
2
2
2
2
2
2
2
1
2
2
2
2
1
2
2
2
1
2
2
1
2
2
2
2
2
2
2
2
2
2
2
2
2
2
2
2
2
2
2
2
2
2
69915191332
2
2
1
1
1
2
52247543068
2
2
1
2
2
2
1
1
2
1
1
2
2
2
2
1
2
2
2
1
1
2
73096042409
1
2
2
2
2
2
2
1
81241080494
2
2
1
88459088246
2
2
2
2
2
1
2
2
2
2
2
2
2
2
2
2
1
2
2
1
2
1
1
1
2
2
1
2
2
2
2
2
2
2
1
2
2
1
2
1
1
2
2
1
2
2
1
1
2
2
2
2
2
2
2
15683531832
2
2
78344737809
2
2
68445220584
2
67244954985
2
2
1
27596468614
2
2
2
2
2
2
2
2
48243412234
1
1
2
1
78359159203
2
2
2
2
1
2
2
1
1
1
2
1
11344698270
2
2
1
2
2
2
1
1
2
2
1
2
2
2
2
1
2
2
2
2
2
2
2
2
2
2
2
2
2
2
2
2
17372033259
2
2
2
2
2
2
2
2
2
2
1
2
2
1
1
2
2
82841400992
1
74194189135
2
2
2
2
2
2
1
2
2
1
1
2
2
2
2
2
2
2
2
2
2
1
1
2
2
1
1
2
81488807392
2
2
2
2
2
2
2
2
2
2
1
2
1
1
2
2
1
2
2
1
2
2
2
1
2
1
2
2
2
2
2
2
2
2
75282436510
2
2
2
2
2
2
2
2
2
1
2
1
2
2
2
2
1
1
1
2
1
2
1
2
2
2
91634636707
2
1
2
2
2
43615454222
2
2
2
1
2
1
1
2
2
13524055564
2
8862869901
2
2
2
2
2
2
2
2
2
2
2
2
2
2
2
2
65124187293
2
2
2
2
2
2
2
2
98006871784
2
2
2
1
1
2
2
2
2
2
2
2042577805
2
2
50816878071
65879256996
2
2
2
2
2
2
2
2
1
2
2
1
2
67266605621
2
1
2
2
1
1
2
2
2
2
2
1
1
2
2
2
1
2
2
2
69879552088
11093687328
2
2
2
42961062213
58542280477
1
1
1
1
2
2
2
2
2
2
19915570497
2
2
2
1
2
2
2
2
1
2
2
2
2
1
2
2
2
2
2
1
2
2
42240818418
2
2
2
2
1
1
2
2
2
1
2
2
2
1
2
1
2
1
2
2
2
1
2
1
2
2
2
2
55822451823
2
2
2
1
2
1
1
2
2
1
2
2
2
2
2
2
2
2
2
2
1
2
2
1
87531377377
2
2
97727396437
2
1
2
1
2
2
2
2
2
2
2
2
2
2
2
2
2
1
2
2
2
2
25503558550
2
37187142925
2
2
2
2
2
2
2
32068683674
24145618107
1
16072420108
2
82314873779
2
66367915409
2
2
2
22720737723
2
2
2
2
1
2
2
2
2
2
2
2
2
1
2
2
2
1
2
2
2
1
1
2
2
1
61229892692
2
2
2
2
1
2
1
2
2
2
1
2
2
2
2
1
2
2
2
2
2
2
2
2
2
2
1
2
1
2
2
2
1
96343889189
2
2376660244
1
2
2
1
1
71090522256
2
2
2
2
1
2
2
1
2
2
2
26772152323
2
1
2
2
2
2
2
2
2
1
2
1
1
2
2
2
2
1
2
1
2
2
2
1
2
2
2
2
2
2
1
1
2
2
2
2
2
2
2
2
2
2
2
2
2
1
2
2
1
2
2
2
1
79422943891
2
2
2
2
1
2
1
1
1
2
2
2
2
1
2
2
2
2
2
1
1
11162748324
70301373392
17371951017
18642155403
1
1
1
2
2
2
1
2
2
2
2
2
2
32531605390
2
2
2
1
2
2
1
2
2
2
1
2
2
2
2
44974857923
2
2
1
2
1
2
2
2
2
2
2
2
1
2
1
2
2
2
2
2
2
5204438702
2
1
2
2
2
2
2
2
2
2
91023843510
2
2
2
1
30344732891
2
2
2
2
2
2
1
2
24899566755
2
2
2
2
2
2
2
2
1
2
1
1
1
2
2
80232695420
2
2
2
2
1
2
2
2
2
2
2
2
2
2
1
2
2
1
2
2
2
2
2
2
1
2
1
2
2
2
2
2
2
1
2
1
2
2
10474938377
2
2
2
2
63862661835
92641803873
42056816769
1
2
2
85874008396
1
2
2
2
2
2
2
1
1
1
2
2
1
2
1
2
2
2
1
2
1
2
2
2
2
2
1
2
2
2
2
2
2
2
2
2
2
1
2
2
1
2
2
1
2
2
1
2
2
2
2
1
2
2
80625996180
2
1
2
1
2
1
1
2
2
1
2
24590552460
1
2
2
1
1
2
2
1
2
2
2
2
2
2
2
2
2
2
2
1
1
1
2
35353255455
2
2
2
2
2
2
1
2
1
1
2
1
2
2
1
2
2
2
1
1
2
2
2
2
64155140162
1
34725355938
2
2
1
1
1
2
2
1
1
1
1
2
2
1
2
2
2
2
2
2
2
1
2
2
2
28362923016
2
1
2
2
2
1
1
2
2
2
2
2
2
2
1
1
2
2
2
1
2
2
2
1
1
1
1
2
2
2
2
2
2
2
2
68537673918
2
64366857427
2
2
2
2
1
2
2
2
2
2
1
2
2
2
1
2
2
2
1
2
2
1
29740237502
2
1
1
2
2
2
1
2
1
2
2
2
2
1
2
2
1
1
2
2
2
2
2
2
2
2
2
13523017316
1
2
1
2
2
2
95666484708
1
2
48272160415
2
2
2
2
2
1
2
2
2
1
2
1
2
2
2
2
2
1
2
2
2
2
1
2
2
2
1
2
2
1
2
2
1
2
2
2
2
1
2
2
2
1
2
1
1
31691506855
1
1
1
1
1
2
1
2
1
2
1
51474171682
2
2
2
2
2
2
68054678475
2
2
2
2
2
2
2
2
2
2
1
2
2
2
1
2
1
2
2
2
2
2
1
1
2
2
2
71044025362
2
2
2
2
73975097032
2
2
2
2
1
41404453955
2
2
1
2
2
1
2
2
1
2
2
1
2
63686022761
2
2
2
2
1
2
2
2
2
2
2
31028548534
1
2
2
53827122803
2
2
1
2
2
1
1
2
31849598071
2
2
2
1
2
2
2
2
2
2
2
2
1
1
2
1
2
36662913799
2
2
2
2
2
2
2
82309148002
2
2
1
2
2
1
2
1
2
2
80214468463
2
2
2
2
1
1
2
2
44317371009
1
2
2
1
2
2
2
1
2
1
49052955311
2
2
1
2
2
59234869685
83569030617
2
2
2
2
60351892727
2
2
1
2
2
2
59598424266
2
2
2
2
2
2
2
1
2
1
2
1
2
1
1
99243656765
2
2
2
2
27528882899
2
2
2
2
2
2
1
7449789971
2
2
2
2
2
2
1
2
2
2
2
2
2
2
2
32370904431
2
2
2
2
2
2
2
2
1
2
1
1
1
2
2
2
2
2
2
98581957486
1
2
2
2
1
2
1
62382962675
2
2
2
84840106133
2
1
56370146214
2
2
2
1
1
2
2
1
2
2
2
1
1
2
6309765066
1
1
2
2
2
2
1
1
2
2
51582092503
2
2
2
2
2
1
2
2
2
2
2
2
2
1
2
1
95905364708
2
2
70543142212
32456545368
2
1
2
1
2
74531329399
2
1
2
1
2
1
2
4754561134
1
2
2
2
2
19431752258
2
1
1
2
89391556406
2
1
2
2
1
2
2
2
2
2
2
2
23682208993
1
54312079981
2
2
2
2
2
2
2
2
2
2
1
2
2
88171092909
2
2
1
2
2
2
2
2
1
2
1
2
1
1
2
2
2
2
1
2
1
2
1
2
1
2
2
2
2
2
2
89367596811
1
2
2
2
34260956584
2
2
2
2
2
2
2
2
1406158651
2
99930565879
2
2
1
2
2
75319604450
2
2
1
2
2
1
7319107193
2
2
1
2
2
2
2
1
2
2
1
1
2
2
2
1
1
2
2
2
2
2
2
1
2
1
2
2
2
2
2
2
2
2
2
1
2
1
2
1
2
2
2
2
2
2
1
1
2
2
1
2
1
1
2
2
2
2
2
2
2
1
2
2
1
2
2
2
2
2
2
58134049493
2
1
2
2
2
1
2
2
2
1
1
2
2
2
2
1
2
1
2
2
2
2
2
2
2
25998924874
2
2
42215885817
2
2
24119688252
89916947330
73200765893
2
1
2
2
2
2
2
2
2
2
1
1
86876486811
2
2
1
2
2
1
82307116432
2
2
2
2
2
2
2
33744106864
2
2
2
2
2
2
2
1
1
1
2
2
1
70392325156
1
2
2
2
31935942614
1
2
2
2
2
47699666222
1
2
2
3739580907
1
2
2
2
50893659804
2
2
1
2
2
2
2
2
2
2
2
2
2
2
2
2
1
1
2
2
2
2
2
7043720164
2
1
1
42513778006
1
2
2
1
44411725535
1
2
2
2
2
2
2
2
2
2
2
2
2
2
2
1
2
78149094751
1
1
2
1
2
2
64734670396
2
2
2
2
2
2
2
2
1
2
2
2
1
2
2
5981469486
1
2
1
2
2
2
2
2
1
2
2
2
2
2
2
1
2
1
1
99714786251
82485257261
1
2
44645210607
1
2
2
2
68736693624
1
48535288951
2
2
2
2
2
1
2
2
2
2
2
1
2
47017545774
2
87951616993
2
1
2
2
2
1
1
2
1
2
1
2
2
2
2
2
2
1
2
1
90887498940
1
2
61417669777
2
2
1
2
2
2
2
2
2
1
2
2
1
2
2
2
1
2
2
2
2
2
2
1
2
2
2
1
1
55018771380
2
2
55302525797
2
2
1
1
2
2
2
17776283651
2
2
2
1
2
1
2
2
1
2
2
1
1
1
23040942632
2
2
1
1
2
2
2
2
1
2
2
2
2
2
2
62600708977
2
2
2
2
1
1
2
2
2
2
2
6655351642
2
2
2
1
2
1
2
1
28110376505
1
2
2
1
71828205662
2
2
2
2
1
1
2
2
2
2
2
2
2
1
2
2
1
1
1
2
2
2
1
1
2
2
2
2
2
2
2
2
2
2
1
2
1
2
49034523708
62371018619
2
2
2
45406679339
1
2
1
1
2
2
2
2
1
2
2
2
2
1
73288273738
59195259843
2
2
2
2
2
1
1
1
15101160016
1
2
2
2
2
2
2
2
1
2
2
2
2
2
3154314358
2
2
1
2
9592255865
2
2
1
2
2
2
2
2
2
2
2
23066165856
2
2
2
2
2
2
2
82040340141
24160393520
3575610685
2
2
2
2
1
2
1
2
2
2
2
2
2
2
2
2
1
2
1
2
2
94258247122
2
1
2
2
2
2
2
1
2
2
2
2
2
2
2
2
1
2
2
18435700745
1
2
2
2
2
1
2
2
1
2
2
2
1
2
2
2
2
1
2
2
2
2
2
78869181779
2
2
2
2
2
2
2
2
2
2
2
2
2
2
1
2
56187003622
2
2
1
2
2
2
2
2
1
2
2
2
2
2
2
2
2
2
2
10340026813
2
49506553291
84851342217
2
1
2
2
2
2
2
2
6791026297
1
32494795345
1
2
2
1
2
1
1
53239304146
2
2
2
1
2
1
2
1
2
2
36825094654
2
1
2
2
2
2
2
2
1
2
2
2
2
2
1
2
2
1
1
2
2
2
2
2
2
23407759416
2
2
1
2
54492541925
1
1
68918079545
2
2
2
2
2
2
2
2
2
1
2
67735359119
1
1
2
2
1
2
2
1
1
1
2
2
2
2
2
2
2
80465295271
2
2
2
2
2
1
2
2
2
2
1
2
2
2
1
2
2
1
2
1
2
2
1
2
1
2
1
2
2
2
1
2
2
2
2
2
1
2
37652261928
2
2
1
2
2
1
2
2
18422517173
1
1
2
2
2
1
2
2
2
2
1
2
31775692419
1
2
2
2
2
95887633418
2
1
1
2
65478264194
2
2
2
2
2
2
1
2
2
40167827485
2
2
2
2
2
2
2
2
2
2
1
2
2
2
2
2
2
2
2
2
2
2
2
37653047247
1
2
2
2
2
2
2
1
2
2
2
2
2
2
1
2
2
2
2
49211127603
2
2
2
2
1
2
2
2
2
2
1
2
1
2
2
2
2
2
2
2
271841191
2
2
2
2
2
1
2
1
1
2
1
1
12233875423
44993592813
1
1
2
1
2
2
2
2
1
2
2
2
2
2
2
2
2
2
2
2
88668936719
2
1
2
2
2
71638577937
2
2
2
6482255333
2
1
2
2
33935285627
2
2
2
2
2
1
2
1
2
2
2
88065885042
2
1
8480479041
88585819542
2
2
2
2
2
2
1
2
2
1
27395367369
2
2
1
2
2
2
2
2
1
2
2
2
24194264876
2
1
1
2
2
2
2
2
1
2
1
2
30687862002
2
2
2
2
2
65380215889
2
2
2
2
2
2
2
2
2
2
2
55869979662
1
2
2
2
2
2
2
2
2
2
2
2
2
2
2
2
2
2
2
2
2
16589451646
2
2
1
2
2
67264129627
95057810093
1
1
2
1
2
1
2
1
2
2
2
2
2
2
2
1
2
2
82058888825
2
2
2
1
2
2
1
1
2
1
2
2
2
15451952720
2
1
2
2
2
11673360589
1
1
2
2
2
2
2
17807923698
2
1
2
61239618357
2
2
2
46524766219
2
2
2
2
77946226835
2
2
2
2
2
1
2
2
2
15391384314
2
2
2
1
2
2
2
2
54061426880
2
2
53106389356
2
2
2
19362701088
2
89907184568
2
2
1
49167866589
2
1
2
2
2
2
2
90258533637
2
2
1
2
73077137729
2
2
1
2
2
2
2
1
1
2
2
2
2
2
2
2
2
2
2
2
93739080863
1
1
1
2
1
1
2
1
2
15208149539
2
2
2
2
2
2
2
88852032664
2
1
1
2
2
2
2
1
2
14507793486
2
2
2
2
2
2
2
2
44570749900
2
2
2
2
1
2
2
57099006915
39605633301
2
2
98676556190
1
2
1
54349883441
2
2
2
2
2
2
40476446371
2
2
2
2
2
1
2
2
1
2
2
2
1
2
2
2
2
1
2
2
2
1
19886555143
2
1
2
2
2
2
2
2
1
76515656204
2
2
2
2
1
2
1
2
87797795890
2
2
2
2
2
37448018508
2
2
2
1
1
2
2
2
2
2
1
1
2
1
2
2
2
2
2
2
2
2
2
2
1
2
2
2
1
2
2
55566513517
1
72664715673
2
2
2
2
1
2
55444197320
2
2
2
60567110591
2
2
1
1
1
2
1
2
2
2
2
2
2
2
2
2
2
1
2
2
2
2
2
1
2
2
48202341425
2
2
1
2
2
2
44116776030
2
2
1
2
1
1
2
2
2
2
1
2
1
1
41277172911
2
2
2
2
96451914379
2
2
1
2
2
2
2
2
2
2
2
1
2
2
2
2
2
2
2
2
2
2
2
2
2
2
89044333660
2
2
2
2
2
2
1606026203
1
2
2
1
2
2
2
2
2
2
2
1
2
16735706165
2
2
44306412947
2
53216632562
70887274123
2
2
1
1
2
2
2
2
2
2
2
2
2
1
2
2
2
2
2
2
2
2
2
1
895581092
1
2
2
2
2
2
1
2
2
2
2
2
2
2
2
2
2
2
1
2
2
2
1
2
71137374917
1
2
64301830093
84966100131
2
2
2
2
2
1
29691451340
2
2
2
2
2
50866595562
2
2
2
2
2
2
2
1
1
1
2
2
2
2
1
39593005023
1
1
2
2
1
2
2
2
1
2
1
2
2
2
2
2
2
2
19516265687
2
1
2
2
2
1
2
2
2
81671380223
1
2
2
2
4652531668
2
2
1
2
1
2
2
2
2
2
1
2
9215994517
2
2
2
2
2
44608623755
2
2
1
2
1
70868718586
2
2
2
2
1
1
2
2
2
2
2
2
1
2
2
2
2
2
90466351806
2
1
2
2
2
2
2
2
2
2
2
2
2
2
1
1
2
2
2
2
2
1
2
30052479168
2
2
1
2
1
2
2
1
30856651774
2
2
2
1
16676529264
2
2
1
42948414291
2
2
72632733333
2
1
2
1
2
2
1
2
2
63337540205
1
2
2
1
1
2
2
1
2
2
2
2
2
2
2
2
2
2
2
2
2
2
2
2
2
2
2
1
2
2
2
1
36468567071
2
2
2
2
2
2
2
9400921481
2
2
2
2
2
2
2
1
89432323630
1
9287657030
56832129716
2
2
64765547924
23029517127
2
1
2
1
2
2
2
2
2
2
2
2
2
2
2
2
2
2
2
1
1
2
2
1
2
2
1
1
8632699849
2
1
1
2
2
82008425860
1
2
2
1
2
21296066740
2
2
1
2
2
74045722353
2
2
2
2
2
2
2
2
2
2
2
2
2
2
2
2
2
30034568856
1
2
2
2
2
2
2
2
2
1
2
2
2
2
92985405170
99231816058
1
1
1
2
2
2
2
2
2
2
2
2
2
2
1
2
2
2
1
2
32077523983
1
2
2
2
2
2
2
48687614685
2
2
2
1
1
2
2
1
2
67616273935
2
2
2
2
1
1
2
2
39679649752
77628268810
2
2
2
2
2
2
2
2
2
2
2
1
2
2
2
2
2
2
2
2
2
2
2
2
2
2
12041440777
2
2
2
2
1
2
1
1
2
2
69561313031
2
2
2
2
2
73235285292
1
90254708330
1
87264718234
2
1
58789031830
2
2
1
2
2
1
90882440300
2
2
1
2
1
2
1
2
2
2
2
1
2
1
2
87285718331
2
2
2
2
70064027445
1
2
2
2
2
2
2
2
2
1
1
6186301514
2
2
1
2
4609890588
2
2
2
2
2
1
2
2
2
1
2
2
1
2
2
2
1
2
2
405413111
2
1
2
2
62209212650
1
2
1
2
2
2
1
78682317892
2
92890160070
2
2
1
2
1
2
2
1
2
2
2
2
2
2
2
2
1
2
2
2
2
15509078464
2
45982583430
58646727381
2
2
2
2
2
2
2
2
2
1
2
2
1
2
2
96559112444
1
43324908933
2
2
2
1
2
2
2
1
2
2
13117849417
10238056568
2077844919
2
1
2
2
1
2
2
67901799677
2
25429438916
1
1
2
1
1
2
2
1
2
2
2
1
2
2
1
1
1
2
56642562642
92334757942
1
2
2
2
2
2
2
2
2
89432404012
72334495699
2
2
2
27618866630
1
1
1
2
2
2
31366460816
1
2
66322454887
1
2
2
1
1
1
37681918132
2
2
2
2
2
2
2
2
2
28542484618
2
2
2
2
2
2
2
1
1
2
2
1
2
1
2
2
25784635818
2
75206230526
2
2
2
2
2
2
2
2
1
2
2
2
1
2
2
73134887226
2
1
84211370864
1
2
1
1
2
2
2
1
2
2
2
2
2
2
2
95561609813
31743182178
1
2
2
2
2
2
2
2
2
2
2
2
2
2
63231382935
8519704581
2
32855580968
1
2
2
2
2
2
2
2
2
2
2
2
1
2
2
1
2
2
1
2
2
2
1
2
2
2
2
2
2
2
2
2
19423782034
1
2
2
1
1
1
14114689428
32919575048
2
2
2
72899599131
2
2
74096019738
1
2
1
2
9750117505
57730978289
2
2
43751134407
1
2
2
2
2
2
1
1
1
2
26277966273
2
2
2
1
2
2
2
2
1
2
2
78525308502
1
2
2
2
2
2
1
2
2
1
2
1
2
2
22630410237
2
2
1
2
1
2
1
2
64350059444
2
2
2
2
2
2
99317985690
1
2
18365253418
2
2
2
2
2
2
2
1
2
1
2
2
2
2
60836214229
2
2
1
2
2
2
1
1
2
2
1
1
2
2
60679555958
2
1
1
47565653115
1
2
2
2
2
16619333727
16950795688
2
2
1
1
63821615814
2
2
2
1
2
1
1
2
2
1
2
2
2
2
2
1
2
1
1
2
2
2
19535952414
2
2
2
1
2
2
2
2
2
1
1
2
2
78150149437
2
2
2
1
2
2
2
2
1
21071340645
2
1
92150736474
2
2
2
2
2
2
2
1
1
1
1
2
2
2
2
2
2
2
2
2
14569241174
2
2
4394216241
2
2
2
2
2
2
2
1
2
2
2
2
1
2
2
2
2
2
2
1
1
2
1
2
2
2
2
2
2
2
1
2
2
81542436248
2
2
62625775762
1
88927986367
2
2
2
1
2
2
2
1
2
7859614120
2
2
1
2
30816407241
2
2
2
48662748814
2
1
2
2
1
2
2
50169461490
2
2
2
60372659099
1
2
2
2
2
2
2
2
2
2
1
1
2
2
88405157737
1
2
2
2
2
1
2
2
2
6970152530
1
2
2
1
2
1
1
2
2
1
2
2
2
2
2
1
2
1
2
1
1
2
2
2
2
32465313831
2
2
2
2
2
1
2
1
2
1
2
2
73493088176
2
2
2
2
2
2
2
2
1
2
1
2
2
2
1
2
2
2
1
2
1
2
2
2
78332991748
2
84660654773
2
2
2
1
2
2
2
1
2
2
2
2
2
2
1
8452967772
2
2
29047610751
2
1
20327629738
2
2
66523455033
2
2
59539038839
2
2
2
1
9276381000
2
1
2
2
2
99417644765
2
2
2
2
2
1
1
2
1
2
1
1
2
2
2
1
2
2
2
2
2
1
2
2
2
1
2
2
2
1
2
2
89785731919
2
2
2
2
1
2
2
2
1
2
2
2
2
2
2
2
2
2
2
2
2
2
2
2
2
1
2
2
2
2
2
2
2
2
2
1
2
2
2
16836870039
1
2
2
2
1
1
2
1
2
2
2
2
2
2
1
70166247344
1
2
1
2
56823792296
2
1
2
2
2
2
2
2
1
2
2
2
1
2
2
1
1
2
2
2
1
1
1
2
1
2
2
82846425084
2
2
42662316815
2
1
2
2
1
78678831188
1
85698197292
1
67743824029
1
2
1
2
1
2
2
6706506758
1
1
2
2
2
2
1
2
2
2
2
2
2
2
98186703731
2
2
1
2
2
1
2
2
2
38358358181
2
45787891439
1
2
2
1
2
2
3452695707
2
2
2
2
2
2
2
2
2
2
2
2
2
2
2
2
2
2
1
76524191715
2
2
2
60831553384
1
2
57156558499
2
1
41894918636
2
2
2
1
2
2
2
27179640647
2
98017205609
1
1
2
2
2
2
1
1
2
2
2
2
2
2
2
1
2
2
2
2
2
2
2
1
1
2
45558278922
2
2
1
2
2
2
2
2
2
2
2
2
30532231587
2
56483364460
2
1
1
1
2
2
2
1
1
2
2
2
2
30276084357
2
2
2
2
35294075572
2
2
2
1
2
2
27690224741
2
2
2
2
2
2
1
2
2
2
2
1
2
58077935942
60144714245
2
2
1
2
2
2
2
2
2
2
2
7942146126
2
2
2
2
2
1
2
2
2
1
2
1
1
2
2
2
2
2
2
2
1
2
1
2
2
2
2
2
2
2
2
2
2
2
2
1
1
2
1
1
2
2
1
2
2
2
37148339247
2
2
2
1
2
2
2
1
2
2
1
2
55542751408
1
2
2
2
2
2
2
2
2
2
70114935124
2
2
2
60676033477
1
1
2
1
99792238585
2
79317018148
1
1
2
1
2
2
2
1
2
2
2
2
2
1
2
2
2
1
2
2
22182037483
56393521786
2
2
2
2
1
14321313270
1
2
2
58164149934
2
1
2
1
2
2
1
2
2
2
2
2
2
2
2
20811774731
2
1316905417
2
2
2
2
2
1
84096113767
2
2
2
2
1
2
1
2
1
1
41291801741
2
923161257
2
2
2
2
1
2
2
2
2
2
2
2
1
1
2
2
1
1
2
1
2
2
64332611338
1
65498524456
12318456445
1
2
2
1
2
1
2
2
1
19250629753
2
2
1
1
2
2
2
2
2
1
2
2
2
2
2
2
1
1
2
2
2
42810210798
2
2
2
1
1
2
2
2
2
2
1
1
71920093641
2
2
87907696886
1
2
2
2
2
2
1
2
1
1
2
2
2
2
1
2
2
1
1
2
2
2
2
62188284689
1
2
2
2
2
2
2
1
2
1
2
2
2
2
2
2
2
2
2
2
2
2
2
2
1
2
1
2
90558382223
2
1
2
2
2
1
2
2
2
97841439726
2
2
2
2
1
2
2
2
2
2
2
1
2
1
2
66141488045
2
2
2
2
2
2
2
2
2
2
2
1
2
97598539412
2
2
2
2
2
2
2
1
2
2
2
2
2
1
2
2
2
2
2
2
2
1
2
2
2
2
2
2
2
2
2
2
53795697689
86111320046
2
2
2
2
1
2
64121518435
2
1
2
2
1
2
1
2
1
2
1
2
2
1
2
2
1
2
2
2
2
2
2
1
26848141330
2
1
2
2
2
2
2
93005572086
2
2
1
1
2
2
2
1
2
1
2
2
2
2
2
2
2
2
1
1
2
2
2
2
2
2
2
49819305477
35228583942
1
2
2
2
23776950328
2
2
2
1
2
2
2
2
1489833039
78870183869
2
2
2
1
44872680170
2
2
86680667138
2
2
5470922721
2
2
2
2
2
2
2
2
2
2
1
2
2
2
2
2
91528912454
2
2
2
2
2
2
1
2
2
2
2
2
2
2
2
1
2
2
1
53856126690
2
2
86239460831
2
1
2
49641017872
70679126592
2
87003501281
13189314351
2
2
2
2
2
2
2
2
2
2
1
2
2
1
1
2
2
2
2
2
2
2
63706808154
1
2
2
1
2
2
2
2
1
57983278390
2
14250126571
2
2
2
1
39501388515
2
1
2
2
2
2
2
2
2
63464419851
2
1
59430037011
2
2
2
2
56268700505
1
2
2
2
1
27849284982
2
2
1
2
2
2
2
2
2
2
24859519970
1
2
2
1
38263320845
1
2
2
2
680598245
2
1
1
1
2
1
2
2
2
2
2
2
2
65038934121
2
2
2
2
2
1
1
1
1
2
2
2
1
2
83634852204
2
2
57887028681
2
2
2
1
1
2
2
79047262456
1
59155587657
2
2
2
2
2
1
2
1
2
2
2
1
1
1
2
2
1
2
2
1
2
1
1
2
1
2
1
1
2
2
1
2
2
1
2
2
2
1
1
2
2
18615825035
2
2
2
2
2
2
2
1
2
2
2
2
2
5082785044
2
8762503846
2
2
2
2
2
2
2
92904699640
2
82880847095
2
15608623161
2
43592463793
2
2
1
2
20599518525
2
2
1
2
2
2
2
1
2
1
2
2
2
2
2
2
2
99310327555
2
2
2
2
2
2
2
63595364562
2
2
2
2
2
2
2
2
2
2
2
2
2
2
2
1
2
1
2
2
2
2
2
1
1
2
1
2
2
1
2
2
1
2
1
2
1
1
13568304882
25716509121
1
2
2
2
2
2
1
2
2
2
2
1
2
2
1
2
2
2
2
1
1
66570876550
2
2
1
1
2
2
2
2
2
2
2
2
2
2
56427145202
1
2
2
1
1
2
1
13338315638
2
47449099655
2
2
2
2
2
2
2
2
2
2
2
2
2
2
1
2
2
1
1
1194600447
2
2
2
2
1
2
2
2
2
23609493029
2
2
91360838939
2
2
2
2
2
2
2
2
2
2
1
2
1
1
2
2
1
2
2
2
2
2
91068586166
2
2
2
2
1
2
1
2
1
2
2
2
2
2
6001556988
2
2
2
1
94166993886
2
31656031474
1
97700933418
2
2
2
2
2
1
2
2
2
2
15637408822
1
2
1
2
1
2
2
1
2
1
2
2
2
2
2
1
1
2
2
2
2
2
2
2
2
1
2
1
2
2
2
1
1
2
2
2
2
2
2
2
2
2
1
2
89557546491
2
1
2
2
82918352070
2
2
41776930460
2
2
2
2
2
2
2
2
2
2
2
2
2
2
1
2
2
1
2
2
1
2
2
1
2
1
2
2
32936737671
1
2
43738737931
1
2
63308488754
2
2
2
2
2
2
1
2
2
2
1
1
2
2
2
2
1
2
2
2
47448495358
2
1
1
1
2
2
1
2
2
2
2
2
2
2
2
2
2
2
1
1
2
2
2
2
2
2
2
2
2
2
2
1
81604871701
2
2
2
2
2
2
2
2
2
1
2
2
1
2
2
2
2
2
17393797956
1
2
2
2
2
78143121514
2
2
2
53585712703
2
2
1
87907910038
2
36618338841
2
1
2
2
37168109124
1
2
2
2
2
2
2
1
2
2
2
2
2
1
2
2
2
2
2
54696665709
1
2
2
2
1
2
2
3596722696
2
2
1
2
2
2
2
2
2
2
2
2
2
2
1
1
2
1
2
2
2
2
2
2
2
1
15126061239
2
2
2
19302645516
2
4670272487
2
2
2
2
2
1530286950
2
2
2
2
2
2
1
1
99408698928
1
1
2
1
1
1
1
2
2
2
2
75848357358
2
2
2
2
2
2
1
2
2
2
2
64752786217
2
1
2
1
80799555880
2
2
2
2
2
2
2
1
2
2
2
1
2
2
67942194897
2
2
2
2
2
2
2
2
1
2
2
2
2
2
2
1
2
2
51135174822
2
1
2
1
2
1
2
2
2
1
20235410528
2
2
1
2
71099326955
2
2
2
2
2
2
2
2
55401781758
1
2
2
89870673714
2
80880074784
2
2
2
98796939655
2
2
26898009871
2
2
2
2
2980239117
1
1
2
2
2
2
2
1
2
2
2
2
2
2
1
2
1
2
2
58829972910
1
2
39345056205
2
1
2
59100916600
2
2
1
38433012486
2
19230448241
2
1
2
2
2
2
58028258659
2
2
1
11917329242
1
2
1
2
2
2
2
2
43370339044
1
2
2
2
2
1
2
2
2
2
2
89366053866
2
2
1
1
76542227303
2
2
98026107684
1
83435148788
2
2
1
2
1
1
2
2
1
2
1
2
2
2
2
1
1
2
2
2
2
42697311752
1
1
2
2
2
2
2
1
2
2
2
2
2
2
88137351050
2
1
2
1
2
2
1
1
1
1
2
2
2
2
1
2
89947353839
2
2
2
2
2
2
1
2
1
2
2
2
2
2
2
14366341286
1
2
1
2
2
2
2
2
3966984832
2
2
28384108234
2
2
2
2
2
2
20574800122
2
2
2
42299698189
2
2
2
2
2
2
2
2
2
2
2
5807460144
10914669961
2
2
27023615726
1
12460086820
58755411392
2
2
2
2
2
2
2
2
2
2
2
2
1
2
2
2
2
2
19248448828
91826000113
2
2435918940
2
2
1
2
2
2
2
2
1
2
2
2
1
2
2
48011731892
1
2
2
2
2
54212946620
2
2
2
1
2
12329714036
2
1
581607617
1
1
2
2
65430894647
15394667600
2
2
1
2
2
1
2
2
2
32218130647
2
2
18245471575
2
2
68470065645
2
1
2
2
2
1
2
2
2
2
2
2
91627773163
2
2
2
2
1
1
2
2
2
2
2
2
2
2
2
1
2
1
2
2
2
2
1
2
2
2
2
2
2
2
1
2
2
1
2
44783872305
2
2
1
1
2
87032236302
2
2
2
2
1
1
50527233993
2
1
2
1
2
1
2
2
2
30518215954
2
2
2
2
2
1
2
1
2
2
26489104607
2
2
2
99056618146
2
1
2
2
1
2
2
2
2
2
1
2
2
2
2
1
2
2
2
2
2
1
2
2
1
2
1
2
89840337100
1
94306341590
2
1
1
2
2
2
1
14475251050
2
2
1
2
1
2
1
2
2
1
2
2
2
2
2
1
2
2
2
2
2
2
1
1
2
2
2
2
2
2
2
2
2
2
2
2
1
2
2
2
2
2
2
16719004895
9754371852
2
2
1
2
2
2
2
2
2
2
1
2
2
2
2
2
2
2
2
1
2
2
1
2
2
2
2
2
2
2
1
2
2
1
2
83180075519
49517038644
2
2
2
2
2
2
1
1
1
2
902392506
2
1
2
2
2
2
1
1
1854856128
2
2
2
2
1
2
1
2
2
1
2
2
7589177637
1
2
2
1
12075988153
2
2
2
2
1
1
1
58047977419
1
2
2
2
1
2
2
2
2
2
1
31598512293
2
2
2
2
2
1
2
2
2
1
2
54985950471
1
2
2
2
2
1
2
2
2
2
2
10952255513
2
2
63187793599
2
2
2
2
1
2
2
2
2
2
55363711246
2
1
2
2
2
2
2
1
16611647110
2
2
2
2
1
1
10588914710
2
2
62111254020
2
2
1
2
2
35628305665
1
1
2
2
1
2
2
2
2
2
2
2
2
2
2
2
87763128797
2
1
1
2
70501549989
2
2
2
2
2
2
97913772561
2
1
2
2
2
2
2
52569437998
2
2
1
2
1
1
2
2
2
2
2
2
2
69443359446
2
2
1
1
1
2
2
2
84239033515
2
2
2
2
2
53434116399
2
2
2
2
2
2
2
2
1
83059695976
2
1
2
1
29016769928
2
2
2
34752796148
2
42877720436
1
2
2
2
99136494059
2
2
2
2
2
75549986571
2
2
2
2
2
92703009303
1
2
1
1
1
2
1
2
2
57013068558
2
2
39638205973
2
2
2
2
1
2
2
1
2
2
2
1
2
2
2
2
1
2
2
2
1
2
2
2
2
2
2
1
21534551458
2
2
2
1
2
1
1
2
2
1
65653895318
2
1
2
2
2
2
2
2
2
2
2
2
2
2
2
2
1
2
2
2
2
1
2
2
2
2
2
2
38910619067
1
1
2
2
2
2
2
2
2
1
2
2
2
36037079341
2
2
2
1
2
1
2
2
1
32351365792
92376365993
1
96593325073
2
2
2962891569
2
2
1
2
2
1
1
1
2
77969549758
2
66231454645
2
2
77900766840
2
1
2
2
2
2
2
2
2
1
2
2
2
1
2
2
1
2
2
2
2
1
2
1
2
2
1
2
2
2
2
2
2
1
2
2
2
2
88723900543
2
2
1
7959342486
15405318883
2
1
2
2
2
2
2
2
2
73820746392
2
2
2
2
2
1
2
2
2
2
2
2
39114951900
2
2
237251689
1
2
2
2
2
2
2
2
2
2
2
2
2
2
2
2
70222220955
2
2
2
2
2
2
2
2
2
2
2
2
2
2
2
2
2
1
2
2
2
1
2
2
21574121052
2
2
2
1
2
2
2
2
2
1
2
2
2
2
2
2
1
2
47041237943
1
2
1
1
2
1
60480541681
2
2
2
2
1
2
2
1
2
2
85283216840
2
2
2
2
2
2
2
2
99728019119
2
1
2
2
1
1
2
2
2
2
1
2
2
2
2
2
2
1
1
2
361383540
1
2
2
2
2
1
2
2
66377492331
1
2
1
2
2
1
2
2
2
82177983760
2
2
2
2
2
2
1
2
1
1
1
2
36165024193
2
2
1
19856862657
2
2
2
2
1
2
2
2
2
1
1
2
1
2
2
2
89081858500
1
44079220030
2
2
2
1
1
1
1
2
2
2
1
2
2
9568203013
1
1
2
2
75747898968
2
2
2
2
2
1
2
2
1
1
2
1
2
2
7407943904
2
2
2
2
2
2
2
1
70279191702
2
2
1
2
2
1
2
2
2
2
2
2
1
2
2
32837435231
1
2
2
2
2
2
2
1
2
2
2
2
2
1
2
2
1
1
2
2
2
2
2
2
2
2
2
2
2
2
2
2
2
2
1
1
2
1
86984154880
1
2
2
2
2
2
2
1
2
1
1
2
2
2
2
2
2
2
2
2
2
2
1
2
36547354906
2
2
2
2
1
36328553276
2
76790672387
2
2
2
2
2
2
1
2
1
1
2
2
2
2
2
2
2
2
2
2
2
1
2
4128058934
2
1
1
2
14442208730
1
2
2
1
2
2
2
2
2
2
2
2
57496456885
2
2
2
2
2
2
2
2
1
2
2
2
86618133005
2
22447812739
1
1
2
2
2
2
2
2
2
2
2
2
2
2
2
2
2
2
2
2
2
2
2
2
2
69410804577
2
1
1
1
1
2
2
2
1
2
11389302738
1
2
2
2
1
2
24363166568
19991335435
2
1
2
1
2
2
2
2
2
1
2
2
2
1
2
2
1
2
2
17190517919
2
2
17268246273
2
2
27685512815
2
2
2
8958955870
2
1
69071707582
69598600072
2
2
2
2
1
2
2
1
1
2
2
2
2
2
2
1
2
2
2
2
2
1
2
2
1
2
2
2
2
2
2
2
2
78877984734
2
1
2
2
2
2
2
2
2
1
2
2
2
37043292230
2
14370202928
2
2
97442827300
2
2
2
2
2
2
1
2
2
2
2
2
2
2
2
1
2
1
2
41611833433
2
1
2
2
2
2
2
2
2
1
2
2
2
1
2
2
2
2
1
60547601735
2
2
2
2
2
1
1
61420397087
2
47127141085
2
2
2
1
2
2
2
1
2
2
2
1
2
2
2
2
2
2
2
2
1
1
94438575148
1
2
2
2
2
2
2
2
2
2
2
2
1
2
1
2
2
1
2
2
2
2
1
1
2
2
2
2
2
2
2
2
2
1
2
90371620149
2
2
2
2
2
2
2
2
1
2
2
1
1
2
2
2
2
2
2
1
2
2
2
2
2
1
1
2
2
1
2
2
2
1
41476927802
44393211073
1
2
1
1
2
1
2
2
2
2
1
2
2
2
2
1
96510025542
2
2
2
1
2
1
2
2
2
65569015166
1
2
2
2
2
2
1
2
2
2
1
2
2
1
2
2
1
2
2
2
2
1
2
2
2
2
2
2
1
2
2
1
21550545459
2
2
1
1
2
2
1
1
2
2
2
58476670285
2
2
23853954908
1
48792056116
2
2
2
2
96770619579
2
2
2
2
2
44172191008
2
2
2
2
2
2
2
1
2
2
2
2
2
2
2
2
1
2
2
2
1
2
31602278599
85897788200
1
2
2
2
50340181544
2
2
25730953624
2
2
2
2
2
2
2
2
1
2
2
2
2
2
2
2
2
2
2
2
2
1
1
2
1
2
2
2
30774329920
2
56576886545
2
70530857616
2
2
2
1
2
1
1
2
2
2
1
2
2
2
2
32423370679
1
1
2
2
2
97928738085
1
95339929687
2
2
2
66364743595
2
1
2
2
2
1
2
2
1
1
2
2
2
2
1
1
1
2
2
2
1
2
2
2
2
2
2
2
2
2
1
2
51805753868
40992519224
2
49507610483
1
2
2
2
95572678575
2
2
2
1
2
1
2
1
2
2
2
2
2
2
93172673815
2
1
2
2
2
2
1
2
2
2
2
2
2
1
2
1
2
2
67952645630
1
2
2
2
1
1
2
2
2
1
2
2
2
2
2
2
2
2
2
2
1
2
2
2
2
2
1
2
2
2
1
1
2
1
2
1
1
2
2
2
1
2
1
2
2
1
2
2
2
2
2
2
2
2
2
1
2
2
2
2
2
2
2
2
1
2
2
2
2
2
2
2
2
2
1084516467
2
2
2
2
1
2
1
2
1
2
2
19118011956
2
2
2
2
2
2
2
2
2
2
1
2
1
2
2
1
2
2
2
2
2
2
46647043370
2
2
2
47318783323
2
2
2
2
2
1
1
2
2
2
10640950092
2
2
2
2
93665962735
2
1
2
2
2
2
2
2
2
2
2
2
2
10376751934
1
69575840653
2
2
2
95538505518
2
2
1
1
2
2
2
2
2
2
1
2
2
2
2
2
2
2
37305763281
2
2
2
2
2
2
2
2
2
2
2
2
2
2
1
19897319882
1
2
2
2
1
2
2
1
2
2
2
2
2
2
2
1
1
2
2
1
2
1
1
2
1
2
1
1
2
2
2
1
1
2
1
2
33480396438
2
2
2
1
1
85492848712
1
2
2
65353784564
2
1
1
2
15732910621
2
2
2
2
2
2
2
2
2
2
2
2
2
2
12563908706
2
1
2
2
2
2
1
1
2
2
59744676334
2
2
2
1
2
2
2
2
2
1
2
2
2
1
2
2
2
2
1
2
1
2
1
2
2
2
2
1
2
2
53783647198
1
1
27351312743
1
2
2
2
2
2
1
2
2
2
2
2
2
58665609392
2
2
2
2
2
2
2
86640359238
2
2
2
2
2
3148231105
18080336896
2
1
2
2
1
2
2
2
2
2
2
2
2
2
1
2
2
2
2
2
2
2
2
2
2
2
2
2
2
2
2
1
2
1
2
42770797096
2
2
81186581283
1
14426708709
2
2
2
1
2
2
2
2
2
25900295275
2
2
2
2
2
2
2
2
2
2
1
2
2
2
1
2
2
2
2
2
2
2
2
2
78479192625
2
66909184481
2
1
2
75570173498
1
2
99784540202
1
1
2
2
2
2
2
2
2
1
2
37151335521
1
2
2
1
1
2
2
2
57542421774
2
2
78409012520
1
33214387965
2
2
2
2
2
2
1
2
2
2
57856003251
2
2
2
2
1
2
1
2
1
1
2
2
2
2
2
2
2
2
2
2
2
2
2
1
1
2
2
2
2
2
2
1
2
2
2
2
59460304427
2
2
2
2
2
2
1
2
1
2
2
2
2
2
2
2
2
2
2
53341757586
2
1
2
2
2
2
2
1
2
2
1
91596810905
2
2
2
2
2
1
2
2
2
2
2
2
2
8638116816
8051234210
2
2
1
79513316172
1
1
2
2
2
2
2
2
2
2
2
2
41908856457
2
1
99698903986
2
2
2
2
2
2
86457708697
2
2
1
36866900104
2
2
1
2
2
2
1
1
76449108806
2
2
1
81264797819
2
2
2
2
2
1
1
1
2
2
14869451572
2
2
2
2
2
1
1
2
1
2
1
2
2
46048799710
2
61689512015
1
1
2
2
1
1
2
2
2
22331499349
2
1
2
47535733783
1
2
2
2
1
2
1
2
2
2
2
1
1
1
2
2
1
1
2
2
2
2
2
2
93904045960
2
1
25737901366
2
2
1
1
2
2
2
2
2
2
1
1
1
2
2
2
2
2
2
2
1
2
2
1
1
1
2
2
2
2
2
2
2
1
2
2
1
2
1
2
1
2
2
2
2
2
2
2
2
2
1
2
2
1
2
2
2
2
2
2
1
2
2
2
2
2
2
1
2
2
2
2
2
52935676317
2
2
2
1
2
2
56770810721
84351232787
2
2
1
2
2
2
2
2
2
2
32629855412
2
1
2
2
1
2
2
1
2
2
1
1
2
2
2
1
2
2
2
2
2
1
2
1
2
1
1
2
4814513960
2
2
2
1
2
2
2
2
1
2
1
1
2
2
11778357394
2
2
2
11121975971
2
2
16446502977
2
2
2
2
2
2
48013187513
2
2
2
59240167106
2
2
1
2
16482870774
2
2823844652
2
2
2
1
2
2
1
2
2
2
1
2
2
2
2
42334847065
2
2
1
2
1
2
2
2
2
2
36193462290
95065301639
1650970682
2
2
2
1
3236685957
2
2
1
2
2
2
2
2
66312248390
1
2
2
2
2
2
2
2
2
2
2
2
2
2
2
2
2
2
2
1
2
2
2
78484372571
2
1
2
2
2
80647490969
2
2
42619210003
2
1
2
2
1
2
2
2
1
1
2
2
1
2
2
2
2
1
2
1
2
1
2
2
1
2
2
2
1
2
1
2
2
2
1
2
2
2
2
2
2
2
2
2
2
2
2
2
2
2
2
1
2
2
1
2
2
2
28733729222
2
1
2
2
45046926242
1
2
2
2
1
2
24333204955
2
1
2
2
2
1
2
2
1
2
1
2
1
2
2
1
1
1
2
2
2
2
2
2
2
2
2
2
2
2
2
2
2
1
2
2
2
2
2
2
2
2
2
2
2
2
2
2
2
2
2
2
2
59886288615
2
1
2
2
2
2
2
2
1
2
1
2
2
2
2
2
1
2
1
2
2
2
2
31361241716
40849567996
2
2
2
16841555359
2
1
1
1
2
1
2
2
2
2
2
2
2
2
1
2
1
2
2
2
2
2
1
2
2
2
2
1
2
2
1
1
2
2
2
2
2
2
2
15081837421
2
1
2
2
2
18870480895
1
37793591233
2
2
1
2
2
2
2
2
1
1
2
2
2
2
1
1
2
2
2
2
53609095549
2
2
9441633903
1
1
1
1
2
2
1
2
1
1
2
2
2
56412522533
2
2
2
2
2
1
2
2
2
2
2
1
2
2
1
54266214474
2
1
1
2
2
2
2
2
2
2
2
2
2
1
2
88674063275
2
1
73176130759
2
58617722805
1
2
2
2
77106147681
2
30184069703
2
2
2
2
2
2
2
2
19318089921
2
38084135370
1
1
1
2
17480875966
2
2
2
96444515334
2
54580066478
50029531816
2
2
78315119075
2
2
2
2
2
2
2
2
2
1
50705334033
2
2
2
2
2
2
1
2
2
2
2
2
2
1
2
1
2
2
1
2
1
1
2
12818359614
2
2
2
2
96872008483
2
2
9764930388
2
2
1
2
92547577767
1
1
2
2
2
31992521816
2
2
2
2
2
2
2
2
2
2
2
1
2
2
2
2
78780817692
2
2
1
2
2
1
2
2
1
2
2
2
2
74599761004
2
1
2
2
2
2
2
2
2
2
1
2
2
1
2
2
1
2
1
1
1
2
1
2
2
1
2
2
2
2
2
2
2
2
2
1
2
2
2
1
1
2
29696227558
2
2
82178388007
1
2
2
2
2
34514214892
2
90053748609
2
2
1
70679223003
85000214869
1
2
1
1
2
91085216118
2
2
2
2
2
1
1
74576257302
2
2
2
2
2
1
1
2
2
2
2
2
2
2
1
2
2
2
1
2
2
2
1
2
28196327276
1
2
1
1
2
63368273934
2
2
2
2
2
2
1
77122220911
2
2
2
1
2
2
1
2
1
2
1
1
2
1
1338479363
1
2
2
2
2
2
2
2
2
61135467704
1
2
2
2
34333036468
31555554234
2
2
2
12276174005
1
31041653946
2
2
1
2
2
2
56571663951
2
2
2
2
2
1
2
2
2
1
1
2
2
2
2
2
2
1882065473
2
2
2
2
2
1
2
2
72610572467
2
66767776983
2
2
2
38833640810
2
2
2
1
1
2
2
2
2
1
1
1
2
1
2
2
2
2
2
2
1
2
2
2
2
2
2
1
1
2
2
2
2
2
20955157617
2
2
1
1
2475186230
2
2
2
1
2
1
2
58428142832
1
2
1
2
2
2
2
2
2
2
95478565548
2
99350947833
2
2
2
2
40059122364
2
2
2
2
1
2
1
2
1
1
2
1
2
2
2
2
2
2
2
2
1
2
2
1
1
2
17866309213
2
2
2
2
2
2
1
1
72691765679
2
2
2
2
2
27653850655
2
1
2
2
2
2
2
1
2
2
2
1
2
1
2
92488476024
1
2
2
2
2
2
2
2
2
2
78421029564
2
2
2
2
2
2
95481939257
2
2
1
2
1
2
2
2
62756328421
2
2
1
2
1038847201
2
2
2
2
2
2
2
2
2
2
2
1
2
1
1
2
2
2
2
2
2
2
1
2
2
2
2
2
2
1
2
1
1
2
2
2
2
1
2
1
2
2
2
2
2
1
1
1
2
2
2
2
2
7710377765
2
2
2
2
2
2
2
2
28761795913
2
2
1
2
2
2
2
2
2
1
2
2
1
2
2
2
2
2
2
2
24313609960
2
2
1
1
2
2
2
1
63138649944
9493235603
2
2
1
2
2
2
2
1
2
2
2
2
2
2
1
2
2
1
1
1
2
2
2
1
1
2
2
1
2
2
2
2
2
2
2
1
2
1
2
2
2
2
2
2
2
2
1
1
2
2
2
2
2
2
2
2
2
1
2
2
2
2
2
2
1
1
2
2
2
2
2
2
2
2
1
2
1
1
2
2
2
2
2
2
2
2
2
2
2
1
2
1
2
55702988329
2
2
1
2
1
1
2
2
2
2
1
2
2
2
1
2
2
2
2
2
2
29232804912
1
99870980101
2
2
1
2
2
1
2
1
2
2
1
1
2
2
1
1
2
2
1
2
62837443033
24405541534
1
17562505908
2
2
2
93494613147
1
2
2
2
2
1
2
2
2
1
2
33935675466
2
2
2
2
42271717835
43927047723
2
1
2
29161056634
96465528244
1
1
2
96948732759
2
44812226329
2
2
2
2
1
22887441643
2
37942004603
2
2
2
1
2
1
2
2
2
2
1
1
2
2
2
2
1
1
2
2
1
2
2
2
2
2
2
2
2
2
2
2
2
2
2
2
2
2
2
2
2
2
1
80618001428
1
1
2
1681476875
61083582319
2
2
2
2
2
2
2
1
2
2
2
2
1
88981790137
2
1
1
2
2
2
2
2
2
2
2
2
2
2
2
2
67790790608
2
1
1
1
2
2
2
2
67072518456
1
2
2
2
1
2
2
2
2
2
2
2
2
2
2
1
2
2
2
1
1
2
2
2
2
2
2
19301122620
2
2
2
61084028203
2
2
2
2
2
2
2
2
2
1
2
2
2
2
1
1
2
2
2
1
1
2
2
2
2
2
2
1
2
2
2
2
2
6889693450
2
2
1
2
2
2
2
2
2
2
2
2
2
2
2
1
2
2
33864113474
2
1
1
2
2
2
2
2
2
2
2
2
2
1
2
2
2
2
1
2
1
2
2
2
2
1
2
1
1
2
2
2
2
2
1
2
2
2
2
2
2
2
1
2
2
1
2
2
2
1
2
2
1
1
2
2
2
1
1
2
2
1
24148016321
93272454859
2
2
2
2
2
1
69890755381
2
1
1
2
1
2
1
2
2
2
2
2
1
2
2
2
2
1
2
53476844369
2
2
70257688586
2
2
2
17685803202
2
41463433779
2
2
2
2
1
2
2
2
2
5516288459
2
2
1
1
2
2
2
2
2
1
50999183838
2
2
2
1
2
1
2
1
2
11481391244
1
2
2
2
2
2
2
2
2
2
7350716079
1
2
2
2
2
2
2
2
2
2
2
2
2
2
2
80793677260
26938988722
2
1
2
1
2
2
2
1
1
2
2
2
2
2
1
2
1
2
2
2
1
1
1
2
2
2
1
2
1
1
2
2
2
75499016900
2
2
2
2
2
2
1
80212199893
2
2
1
2
2
2
2
1
2
2
1
2
2
2
26138766321
8088816764
2
25669554221
1
2
2
2
2
1
2
2
1
2
1
91995393750
2
54113850808
2
2
92230837340
2
2
2
2
1
2
2
32104219797
10602264899
2
1
2
1
68154315385
1
2
2
1
2
2
2
2
2
2
2
2
2
2
865508727
2
2
2
1
2
2
1
1
2
1
1
2
2
2
2
1
2
7212421391
1
2
2
1
2
2
2
1
2
2
1
2
1
2
2
2
2
2
2
1
2
1
2
2
2
1
2
2
2
2
16886987732
2
2
2
2
2
2
2
2
1
2
2
2
1
2
1
1
2
1
2
2
2
14294735278
2
2
2
2
39527733264
2
2
2
2
2
2
2
1
1
96234868518
2
1
2
2
2
62202048066
2
1
1
2
2
1
2
2
1
60578686247
2
2
2
2
2
2
2
2
2
2
1
2
2
2
2
2
2
2
2
2
2
2
1
1
2
2
2
2
1
1
1
1
2
2
2
2
2
2
1
2
2
2
2
2
2
2
1
1
2
2
2
91669851700
2
2
2
48718739069
2
2
2
1
2
1
2
2
1
2
2
2
1
2
2
2
2
2
2
33553672133
2
17800261245
2
19000329790
2
15614958429
2
2
2
1
2
2
2
1
2
1
2
1
2
2
87174651043
1
2
2
2
2
2
2
2
2
2
2
2
2
2
2
2
2
2
2
2
2
2
2
1
2
2
2
2
2
2
2
1
2
2
2
2
2
1650390044
2
2
1
2
2
2
2
2
2
1
2
2
2
2
2
2
1
2
2
2
2
1
2
2
2
2
1
2
399454221
2
2
2
1
2
2
2
2
2
1
2
2
1
2
2
1
2
2
2
2
2
2
2
2
2
2
2
2
1
2
2
2
2
2
2
2
88171526000
2
2
2
87418259605
2
2
2
2
2
1
31676378611
2
97902425895
2
2
59647342305
2
1
2
2
2
60873238424
2
2
2
2
2
1
2
2
1
2
2
2
1
2
2
2
2
1
1
1
2
2
2
2
2
2
2
2
2
2
16953499061
2
2
2
2
2
30650481053
2
2
2
2
2
1
2
2
2
1
2
34833660178
2
1
20663464419
2
2
1
2
2
1
2
2
2
2
2
2
1
1
2
2
2
2
2
1
2
2
1
1
2
31901235179
2
58398032464
2
2
2
1
2
80986943112
2
1
2
68857932561
2
28578095459
1
2
2
2
89871471235
1
73802933775
2
2
2
2
2
2
1
2
1
2
2
2
2
1
1
2
2
2
2
1
2
1
2
2
2
2
74817286157
2
2
2
2
56800005241
2
1
2
2
1
73701886406
2
2
1
2
2
2
41334808393
2
2
2
46540680510
2
1
4784330569
2
1
2
2
1
2
2
2
2
2
2
2
2
2
2
1480338242
1
2
1
2
89643221654
2
1
2
2
65193780008
2
2
2
2
2
2
2
2
4222887007
2
2
2
2
2
2
2
1
1
2
2
2
2
2
2
1
2
2
2
1
24733284772
2
2
2
2
2
2
2
15477886272
45929677770
1
1
1
1
2
2
2
1
1
2
2
2
71443602521
2
2
2
2
8835217164
61396663459
2
1
1
2
1
2
2
2
2
1
2
1
2
2
2
2
2
2
2
1
2
2
2
2
42675454524
2
2
2
1
1
72885560573
18720145023
2
2
2
46795197127
2
2
2
1
1
2
2
2
2
2
2
1
2
2
2
1
1
1
26407556635
63058464108
55816157377
2
5300581773
1
2
1
2
1
2
1
2
2
2
2
2
2
2
2
2
2
2
2
2
2
2
2
2
2
2
2
2
2
2
2
35740463444
2
1
2
2
2
1
2
2
2
2
1
2
2
2
2
2
2
1
1
2
1
2
1
1
2
23149463598
2
2
2
2
1
2
2
2
2
1
2
1
2
2
1
2
2
2
1
2
2
2
2
2
2
2
2
2
1
2
2
2
2
2
2
2
2
2
2
2
74841944013
2
2
2
1
1
2
2
2
1
2
2
2
1
2
2
1
2
2
2
2
2
2
1
2
2
2
2
1
2
2
1
2
1
2
2
1
2
2
2
1
2
2
2
2
5917579322
2
2
2
2
1
2
2
2
2
2
1
1
2
84926451734
2
2
2
2
2
2
2
35974078832
1
1
2
66078561109
2
1
2
43857177024
1
2
3528632158
2
2
2
2
2
2
24240225837
2
88289839682
2
49387605661
2
2
2
2
1
1
2
2
2
2
2
72909176550
2
2
2
2
2
2
1
2
2
1
2
2
2
2
2
58712382286
2
2
2
2
2
2
56650488689
2
2
69059945003
1
2
85183714838
1
2
2
2
2
1
1
2
1
2
93938881398
2
1
2
1
2
2
2
2
2
2
2
1
1
2
2
2
2
2
2
2
2
1
2
2
2347522880
2
18872458148
2
2
2
2
2
1
2
47017186058
2
1
2
2
2
1
1
1
2
19187187837
2
2
2
1
2
68264544192
2
2
2
2
1
2
2
2
1
2
1
2
2
1
1
2
2
1
2
2
2
2
2
1
2
2
2
1
1
2
2
2
1
2
2
1
2
2
2
2
2
2
2
1
64268139141
2
65268982513
2
2
2
2
2
2
2
88009012767
2
2
2
2
1
2
1
2
1
2
84228753287
2
1
2
2
2
2
1
2
2
2
1
2
2
71832923970
2
2
2
2
2
2
1
1
2
2
2
2
2
2
2
2
2
2
1
2
2
1
2
2
2
2
2
23022603190
2
1
1
2
1
2
2
1
2
2
2
2
2
2
6150100689
2
2
2
1
2
2
2
2
2
2
2
2
2
2
2
2
2
2
2
84144315318
1
2
2
1
2
2
2
2
24649002146
11852748966
1
59561625327
1
2
2
2
2
2
2
1
1
2
2
11824861940
2
90781956951
2
2
2
1
2
2
2
2
2
2
2
2
2
2
2
2
2
2
2
2
8110137875
2
2
2
2
2
17130257050
2
1
2
2
2
2
1
2
2
2
2
2
1
6765519824
1
2
2
2
2
73499473502
2
2
2
2
2
68864389100
2
95620233440
1
1
1
2
1
2
2
2
2
1
2
2
2
2
80781489973
1
2
2
2
2
1
2
2
1
2
2
1
2
2
1
2
2
2
57954089419
2
2
2
2
22331172195
1
2
2
2
2
2
2
2
2
1
1
1
2
2
1
2
16370748117
1
2
2
1
97009573999
2
2
85998374945
24593176844
1
1
2
1
2
2
2
2
2
28586242843
47927551446
2
2
2
2
1
1
2
1
2
2
2
1
2
1
1
2
2
2
2
2
22847663123
2
2
1
2
2
2
1
2
1
2
2
2
2
2
2
2
2
2
98300507042
2
2
2
2
2
2
2
2
1
1
2
2
2
21074374862
2
2
2
2
2
2
2
2
2
1
2
62449842956
1
2
2
2
2
64100935560
1
2
2
2
2
2
5066348497
2
2
2
2
2
2
2
2
2
2
1
2
2
2
2
27868675610
2
2
2
2
1
2
1
1
2
2
2
2
2
2
2
2
2
2
2
2
2
2
2
2
2
2
2
2
2
2
2
2
1
1
33297043296
2
2
2
2
1
2
2
23861070328
2
2
2
42342223817
2
2
2
2
2
2
2
2
44476921144
1
41084739261
7271881521
2
1
2
1
2
863238348
1
2
2
1
9215291765
1
2
2
2
2
2
31849458001
2
2
1
1
1
2
2
2
2
2
2
2
1
28344771066
1
2
2
2
1
1
2
2
1
1
1
70697040087
2
1
67956782707
1
2
2
2
2
2
2
2
2
2
2
96829331598
2
1
1
2
2
2
2
2
2
2
1
2
2
1
2
2
2
2
2
2
1
2
2
2
2
2
2
2
2
2
2
2
1
2
1
2
1
1
2
2
2
2
1
1
1
1
2
2
2
2
1
2
1
2
2
96629842708
1
2
2
1
2
2
2
1
1
1
1
2
1
3755615983
2
63592244973
2
37614633103
1
2
2
2
2
2
1
2
2
89221030476
2
2
2
1
2
2
2
2
75397163050
2
2
9596310776
1
1
1
1
2
2
2
2
2
42859730497
2
2
29524033714
1
2
2
1
2
2
2
2
2
2
1
2
1
1
2
2
2
1
2
2
1
80375423075
2
1
2
2
2
1
2210087461
2
2
61634473016
2
2
2
2
2
2
2
1
1
2
1
2
1
1
2
2
2
2
2
2
2
2
2
2
1
2
2
59217611774
1
1
2377149692
1
2
1
2
2
2
2
26869807415
2
2
2
2
2
1
2
25258506019
2
2
2
2
2
2
2
2
2
1
2
1
2
2
2
2
2
1
2
2
1
2
2
2
2
1
2
2
1
2
2
54806905744
46892893437
2
2
2
1
2
2
2
1
2
2
2
2
2
2
2
2
1
36585940198
2
1
8402573829
1
2
2
1
2
1
2
1
2
2
94314722304
2
2
2
2
2
2
18817668246
2
2
2
2
2
2
2
2
91580929834
20973821162
2
2
2
2
2
2
2
2
1
1
2
2
2
2
2
2
2
2
68538824144
2
1
1
1
2
35984026971
2
52761793513
2
2
1
2
2
71607630558
2
57500629709
2
2
2
2
2
2
2
2
1
1
2
1
2
1
2
2
1
2
2
2
2
2
79050601587
1
2
1
2
2
2
2
2
2
2
2
2
99689885718
2
2
2
1
53705621729
2
1
2
1
2
1
2
2
2
2
2
2
1
2
33938418357
2
2
2
2
2
99911476321
2
2
2
2
1
2
2
1
1
2
1
11306970400
2
2
2
94928228608
75039950303
2
2
2
2
1
2
1
2
2
2
1
2
2
2
2
2
2
2
2
1
2
2
2
69156361907
2
1
2
1
2
2
2
2
37683917391
37999572932
2
2
1
37380931641
2
2
2
2
2
2
2
2
2
1
1
2
2
2
2
1
2
2
1
2
2
1
2
2
2
1
65488530527
1
75669510101
2
33648045766
2
2
2
2
2
1
2
2
1
2
2
2
2
8482669939
2
2
72176669822
1
1
2
2
2
1
2
1
1
1
2033650657
2
1
5429144559
2
2
2
72670357128
1
14430174145
1
2
1
2
2
2
2
2
2
1
2
1
2
2
1
2
2
2
23872875394
2
2
49917628319
2
43598391126
2
2
2
1
2
2
2
2
2
2
2
2
2
2
1
1
2
1
2
1
2
2
1
2
2
1
2
2
2
2
2
2
2
2
2
98268395858
2
2
1
2
2
2
2
2
1
2
2
2
55426182535
2
2
2
1
2
1
2
1
1
1
2
2
8640675555
2
2
58453907044
1
2
2
2
1
2
2
64228183768
71627385318
1
2
2
2
2
32462688734
1
2
1
2
2
5544600546
2
2
1
2
2
1
2
2
1
94998630884
2
1
45144056929
2
2
2
2
81756722694
1
1
1
1
2
2
2
2
55961073740
2
2
2
2
2
66465868518
2
2
2
1
2
1
2
2
1
1
2
2
2
2
2
1
2
2
1
2
2
2
2
2
1
1
39122387160
2
2
2
2
2
2
2
46805023559
1
2
33071653011
2
1
2
1
1
2
2
2
2
34431102518
1
1
2
19311876164
2
2
92377468441
2
2
2
2
2
2
50664605550
2
2
2
2
2
2
2
5329675040
2
2
2
2
2
2
2
2
2
2
2
2
2
2
2
2
75144193506
1
2
2
2
1
2
2
2
2
2
2
2
2
2
2
2
1
2
1
27146089672
94920024667
2
2
2
2
1
1
2
2
2
1
2
2
2
2
2
2
10188560096
2
2
2
2
2
2
2
2
2
2
2
1
2
2
2
2
1
2
34832537616
2
2
68092798779
1
2
2
2
2
1
38630195555
1
2
2
2
66409879028
2
2
2
2
1
1
2
2
2
2
2
79722008193
1
2019867140
2
2
2
1
2
2
2
79117063800
65724898101
2
2
78846763051
2
2
1
1
2
2
2
2
2
2
2
1
2
45496988948
2
2
2
1
2
2
2
1
2
2
1
2
2
2
2
2
2
2
2
18201738598
2
2
1
59670702986
2
2
2
2
2
1
1
1
1
2
2
2
2
2
2
2
2
2
2
1
2
2
2
2
2
2
2
1
2
2
2
2
23649344149
2
2
2
2
2
1
98178558412
1
2
2
2
1
2
98218036098
2
2
2
97437618122
65710493691
2
2
1
2
2
1
2
1
2
2
1
1
2
1
2
3570239227
2
2
2
2
2
2
2
22265916653
2
2
2
1
2
2
2
2
2
2
1
2
2
1
2
19058282505
1
2
27348198883
2
2
1
1
2
1
2
2
2
2
2
2
1
2
2
2
2
2
74912025987
2
1
2
2
2
1
2
2
2
2
85046258468
2
1
2
1
2
2
2
2
2
2
2
1
2
2
1
2
1
2
1
1
2
2
2
2
2
2
2
2
2
1
1
2
2
2
2
2
2
93878319719
51398621787
1
4768164240
2
2
2
2
2
2
2
3565231510
2
2
1
52700664142
2
2
70115551751
2
1
2
45846191562
1
2
1
2
2
2
1
20383149458
74925544007
1
1
2
1
2
2
1
1
2
2
2
2
2
2
2
2
2
1
2
2
2
1
2
2
2
2
2
2
2
2
2
2
2
2
2
1
2
2
2
2
45419284192
77982580426
2
2
2
1
3174314691
2
2
2
2
2
1
1
1
2
1
1
2
1
1
1
2
2
93853580731
2
2
2
2
1
1
2
47093083549
2
2
2
2
2
1
2
2
2
25469516122
2
2
2
2
2
38498561706
2
2
2
1
2
2
2
2
2
2
2
2
2
2
2
14876714267
2
1
2
2
2
2
89170671706
1
2
2
1
2
2
2
2
2
2
1
2
2
2
2
1
2
2
88738016123
2
2
99195847718
1
2
2
1
2
2
1
2
2
2
2
2
2
1
78519272962
2
2
1
2
2
2
38032569829
2
2
2
2
2
2
2
1
1
2
1
2
2
2
2
2
82508725146
2
2
2
2
2
2
58423875441
2
1
1
2
1
2
2
1
1
2
2
1
2
2
2
65727748014
2
1
2
2
1
2
2
2
2
2
2
2
2
43669540784
2
1
2
2
2
2
2
22830411614
2
2
2
2
1
2
2
2
2
2
2
2
1
2
2
2
2
2
2
2
1
2
1
1
2
2
2
2
2
2
2
2
1
2
2
2
1
1
2
2
2
26212817873
2
1
2
2
2
2
82964300694
1
2
2
1
2
2
2
2
2
1
2
2
2
2
1
2
1
2
2
2
1
2
2
1
2
1
2
1
2
2
2
2
1
2
2
10110798948
2
2
2
2
44746910568
2
2
2
2
2
2
1
2
2
2
1
1
2
2
2
2
2
2
2
1
2
2
1
2
2
2
2
2
2
2
1
1
2
2
1
1
1
2
2
2
77426172070
2
2
1
2
2
1
2
2
2
2
2
2
2
2
2
2
2
2
2
57124587490
2
1
1
40051294020
2
2
2
1
2
2
2
2
2
2
2
2
1
2
82418648057
30037965181
29382445243
2
2
2
2
2
1
2
2
2
343812526
2
2
1
2
2
1
2
1
2
1
2
1
2
2
1
1
2
2
56414286035
2
2
2
1
2
2
2
1
2
2
2
2
2
2
2
1
2
2
1
1
2
2
2
1
2
2
2
2
2
2
45095417667
1
2
2
2
2
2
2
2
2
2
1
2
2
2
2
2
2
2
2
2
1
2
2
87833073884
2
2
2
2
2
2
2
2
2
2
78494435214
2
2
2
2
2
2
2
2
1
1
2
2
2
2
1
2
2
1
2
2
47138387989
2
2
1
2
2
2
2
2
2
2
2
2
2
1
2
2
2
2
2
2
1
62969158138
2
32491368201
2
2
2
2
2
2
2
2
2
2
2
1
2
2
1
2
2
1
2
2
2
2
2
2
2
2
2
2
1
2
2
2
2
2
2
2
2
89708689581
2
2
2
2
2
2
2
2
2
2
2
2
1
2
1
53709007191
2
1
2
1
2
35006821461
1
2
1
2
2
2
2
2
1
2
1
2
1
2
1
77585935566
2
90457385499
2
2
84251176231
1
1
2
2
2
2
2
81734484200
1
2
2
2
2
1
2
1
2
2
2
2
2
2
1
2
2
2
61199242417
24312985277
2
1
1
2
94202388551
2
2
2
2
1
2
2
2
2
2
1
2
52321164134
2
2
2
59559596470
2
2
2
2
2
4453292456
2
1
2
2
2
2
55222210467
2
94428175520
2
2
67511322585
2
2
2
1
2
2
1
2
2
2
40682636226
2
1
1
2
2
2
2
39708127625
2
2
2
2
2
96151434832
1
2
2
2
2
2
1
1
44602114225
2
1
66670622556
2
2
1
2
19926216738
2
2
2
2
2
2
2
2
2
2
2
2
2
2
2
2
2
2
1
2
2
2
79863172565
1
2
2
2
85735748922
1
2
2
2
2
2
2
2
1
2
2
2
2
2
2
2
1
2
1
2
2
2
2
1
1
19826765509
2
2
2
2
2
2
2
2
2
2
2
2
27713432087
2
2
1
1
1
2
1
2
2
2
2
2
1
2
2
2
10247563992
1
2
2
1
2
2
54796598604
25559749208
1
1
1
1
2
2
1
2
2
1
2
1
2
2
1
2
1
2
2
2
1
2
1
13173381316
2
2
2
2
1
1
1
2
1
1
2
1
2
2
2
2
2
2
92859428773
2
2
2
2
2
1
1
2
2
2
1
2
3974961414
2
2
1
2
2
2
2
2
32120553059
2
23230417443
2
2
1
1
2
2
2
2
2
2
2
2
2
2
2
2
2
2
2
2
2
1
2
2
2
2
2
1
1
1
2
1
2
1
1
54670512986
2
2
2
1
2
2
2
1
2
93491752634
1
92238327151
2
2
2
2
2
2
1
2
2
2
2
2
2
2
2
2
2
2
2
2
2
2
1
99499699109
2
2
66536537052
2
1
2
2
2
2
2
2
2
2
2
2
17120007122
2
2
2
2
2
1
2
2
2
2
2
2
2
2
2
2
2
1
2
2
2
1
1
2
1
2
2
90409564543
2
2
2
2
2
2
2
2
2
1
2
1
2
2
1
2
1
2
69820001379
2
2
2
2
2
2
61637195172
51291627899
2
1
2
33010900749
2
1
2
1
2
2
1
2
2
2
1
2
2
1
2
1
95309042692
2
2
2
2
1
1
69303162610
1
1
2
2
2
7139957387
2
2
2
2
1
2
2
1
1
1
2
1
2
2
1
1
9380840117
2
2
2
2
2
2
1
2
1
48501329317
473191587
2
2
2
2
2
2
2
2
2
2
2
2
2
1
1
2
25533335763
2
2
42210536347
2
2
2
2
1
1
1
2
1
1
2
2
75703658667
2
97903510274
2
2
2
2
2
2
2
2
2
1
89119056141
2
2
1
2
2
2
2
1
2
2
2
2
2
2
1
2
1
2
2
2
2
2
2
2
2
2
2
2
1
2
1
2
1
2
1
1
2
2
2
2
2
2
2
2
2
2
1
2
9522540848
1
2
1
1
2
1
2
1
2
2
2
2
2
26075212067
1
2
2
82900015659
2
6533539270
1
2
2
2
2
2
12250791357
2
2
2
2
83492089456
2
2
2
2
2
2
1
1
2
1
2
49734618056
2
2
2
2
2
2
2
1
2
2
2
2
2
2
1
2
2
2
2
2
1
2
1
2
2
2
2
61202784684
2
2
2
1
2
2
1
1
2
2
61266628656
2
2
2
2
2
2
2
2
2
2
2
2
2
2
2
2
2
2
37206669364
2
2
2
2
2
2
1
1
2
2
2
2
1
2
2
2
2
2
2
2
4143622365
2
2
1
2
1
2
2
1
2
1
40667101413
2
1
55421723926
2
2
1
1
37645094440
82525042813
1
2
2
1
2
2
2
2
2
2
2
2
2
2
2
2
2
1
2
2
2
1
1
1
2
2
2
1
2
2
2
2
1
1
1
2
50005399273
1
2
2
1
2
2
1
2
2
1
2
2
2
2
2
2
1
92460439
2
2
2
1
2
2
2
2
2
1
2
2
2
1
2
2
2
1
2
84989408084
2
2
2
2
2
2
2
2
2
2
2
1
2
1
2
2
2
1
1
2
53551006062
1
1
2
2
2
1
1
2
2
2
2
2
1
31838225862
2
2
1
2
2
2
2
1
2
2
1
2
2
1
2
2
1
2
2
1
2
2
2
2
2
2
2
1
2
160954005
2
2
1
2
2
2
2
1
2
2
2
2
2
1
2
2
1
2
2
2
2
2
2
2
1
2
1
2
2
52257870643
2
2
2
2
2
1
2
1
1
2
1
2
1
87493506290
2
1
2
11906432983
1
2
1
2
2
2
2
2
2
2
2
80910992334
2
2
1
2
2
2
1
2
2
1
2
1
1
1
2
1
2
2
2
2
287589533
2
84842599049
2
2
2
2
1
2
1
2
2
1
2
1
2
70971806510
2
2
2
1
2
2
2
2
12220085959
2
2
2
2
53907834138
2
61715132591
2
2
2
2
1
2
1
73463422670
2
1
2
1
1
47302880662
2
45877630759
1
2
2
1
39147759554
1
2
2
1
1
2
1
1
1
2
1
2
2
2
2
2
2
2
2
1
2
2
2
40962641031
1
1
2
2
2
17579704067
4698427092
2
2
2
2
1
2
2
2
2
2
2
2
2
2
2
2
2
2
2
2
2
2
2
1
2
1
2
2
2
2
1
42402347984
2
1
15753463707
1
2
1
2
2
2
1
98056270766
2
1
2
1
1
2
2
2
2
2
2
2
1
2
2
2
1
2
2
1
2
2
2
1
2
2
2
1
1
2
2
2
2
2
2
2
2
1
2
2
2
2
2
1
1
1
2
2
1
2
2
2
2
2
2
2
14634830549
2
2
1
2
15210275863
2
2
2
2
2
2
2
2
2
2
2
2
2
76419867427
2
2
2
1
2
2
1
2
11628988994
2
2
2
1
2
1
2
2
2
2
2
27181620092
1
2
58932617036
2
2
2
1
34877742996
2
1
2
2
13109692975
18359761133
2
2
2
1
2
1
1
1
2
2
2
1
2
24487480880
2
28234161047
2
1
3360488523
2
2
1
1
2
2
2
28044378942
2
2
1
2
1
2
1
1
84800481179
2
2
2
2
2
2
1
2
2
83461284416
2
1
2
2
1
14402556501
2
2
2
2
2
2
2
2
2
2
2
2
2
2
2
1
1
2
74659387299
2
2
2
1
2
1
1
2
85134536985
2
2
2
2
2
2
79282906241
2
2
1
2
1
2
2
2
2
44162088882
1
1
2
2
2
5701185656
42677886398
34455077196
2
2
2
2
2
2
2
2
2
2
21038700487
1
2
1
2
2
95355169667
2
2
1
2
2
1
1
2
1
2
2
2
2
2
2
1
1
2
2
2
2
2
2
2
2
2
2
2
1
2
2
2
2
52328343263
2
2
2
2
2
2
1
2
2
2
2
2
23182642232
77595342
2
2
1
2
2
2
2
2
2
2
2
2
2
61094456367
2
2
2
2
1
2
2
2
2
2
2
2
2
2
2
82542067488
2
2
2
1
1
2
2
2
2
1
1
1
2
2
2
35687406457
2
1
21353805944
2
1
2
2
2
1
2
2
1
2
1
2
2
2
2
2
2
2
90908096397
1
2
2
2
2
2
2
2
1
2
67983913950
1
2
2
2
2
1
2
2
2
87715297595
2
2
2
2
2
1
2
2
52955650683
2
2
2
1
1
2
2
2
2
2
2
2
2
2
2
2
1
2
1
2
2
2
2
61178619388
2
2
1
2
1
2
2
2
2
2
2
2
2
2
2
2
2
2
2
2
2
2
2
2
2
2
1
2
2
31884864894
1
2
1
2
91278513249
2
2
1
97686659476
1
2
2
2
1
1
1
2
2
2
2
2
1
1
2
33257780822
2
82402369510
2
2
2
2
2
2
2
2
8065997146
2
2
2
83312598334
2
2
2
2
2
1
1
2
25986448659
2
2
2
2
2
2
1
2
1
2
1
2
2
2
3447041523
1
2
2
2
2
2
2
1
1
2
1
2
2
2
1
1
2
2
2
2
2
2
2
2
2
2
2
2
2
2
2
2
1
2
1
2
2
2
2
7914136459
2
2
2
42979440413
2
1
2
1
2
14356916712
55698479577
2
1
2
2
2
2
1
2
2
64903195998
2
99395035090
2
1
2
2
2
2
63369541939
2
33903391569
2
2
2
2
2
1
1
2
2
2
40275254747
2
2
2
2
2
2
2
1
2
2
2
1
1
1
1
2
2
1
2
2
1
2
1
1
1
54347338185
2
28191798543
1
2
2
2
2
2
1
1
2
1
2
2
2
10386283973
2
1
2
2
2
2
2
2
2
2
2
2
2
1
2
2
2
1
1
2
2
1
2
2
1
2
2
1
2
2
2
2
2
2
2
2
2
2
2
2
70482998922
2
2
2
2
2
2
2
6738070220
1
2
2
2
2
2
2
2
2
37660218835
2
2
2
1
1
2
2
2
2
2
1
1
2
2
2
1
2
2
2
2
1
2
2
1
2
2
1
1
2
2
2
2
74105719269
2
2
2
2
2
2
2
2
2
2
1
2
2
1
2
2
2
31541360167
2
2
2
1
2
2
1
2
2
2
2
2
2
2
2
2
2
2
2
1
2
2
2
1
70486986209
2
2
5539784446
2
2
2
2
2
2
69880087695
74390914532
2
2
2
2
2
54586022092
1
12031162864
2
2
2
1
1
2
1
2
1
2
1
45831687102
2
40257734051
2
2
2
2
2
1
2
2
2
2
2
2
2
2
30721147687
2
26792872767
2
2
2
2
1
2
2
2
1
2
2
2
2
2
2
2
2
7431283722
1
2
2
41364341336
2
2
2
1
2
2
2
28962082023
2
58117659888
2
2
2
2
2
2
2
2
2
2
2
2
2
2
2
2
2
2
2
2
1
28987611761
2
2
59175480960
2
2
2
2
2
1
1
1
2
2
3857762269
2
86113239897
2
410882746
1
1
2
2
25851650946
80732507496
1
1
2
2
2
2
2
12426856928
2
2
2
2
2
2
2
13131769431
2
1
2
2
2
2
1
2
2
1
2
1
2
2
2
2
1
2
1
2
30633545821
2
2
2
85100824640
2
2
2
2
2
2
2
40819452893
2
2
2
2
2
2
1
2
2
14262427739
2
2
2
2
2
1
1
64938168903
1
2
2
1
2
59670764898
1
2
2
1
61722761479
2
2
1
1
82873333736
13236009192
2
2
2
1
81001267637
2
2
2
2
2
1
2
2
2
2
2
2
2
2
2
2
2
2
2
1
2
2
1
2
2
2
96613053266
2
2
2
2
2
2
2
2
2
2
2
1
2
2
2
2
2
1
1
2
1
1
27704194694
2
2
2
1
1
2
2
2
2
2
2
2
2
1
1
2
2
2
2
1
23181636008
1
1
2
2
1
7391881687
2
1
1
1
2
68750960344
54579107980
2
74484972502
2
2
79261230220
1
2
2
2
2
1
2
2
68102454551
2
2
1
2
65172964533
2
2
2
2
90881299783
2
2
92292275045
2
2
2
1
57752093064
2
2
2
2
2
2
2
1
85460734304
2
69411740651
2
2
2
2
2
2
2
2
1
2
2
2
1
2
2
2
1
2
1
2
2
1
2
2
2
2
2
2
1
2
1
1
2
2
2
2
2
2
2
2
2
1
2
2
2
1
2
2
2
2
1
66546845735
1
2
33665142271
2
2
1
1
2
2
2
2
92043368099
2
2
2
1
1
1
2
2
2
2
1
1
2
1
32654681898
2
2
1
2
1
27245484050
2
2
1
2
2
2
2
2
89674210575
2
2
1
2
2
2
2
2
2
67378031530
2
2
2
1
94504655757
93193104860
1
2
2
2
2
2
2
2
2
2
2
1
1
1
2
2
2
2
1
1
27612782950
2
2
2
2
2
2
2
2
1
1
2
2
2
1
1
97634822742
1
2
2
2
2
2
2
1
2
2
1
2
1
1
2
2
15222981198
2
2
2
2
2
2
1
2
2
22489379914
2
5966017251
2
2
1
2
44247114138
1
2
2
2
2
11513147720
1
2
2
2
32150158650
2
1
2
49791720375
2
75750183157
2
2
2
2
2
2
2
2
2
2
2
2
2
2
2
2
2
2
2
1
36411228963
2
2
1
1
2
2
1
2
2
2
2
2
64640776471
2
2
1
2
2
2
2
1
1
2
1
2
2
2
1
2
47425905913
2
1
2
87851172163
2
2
2
2
1
1
2
2
98528343526
2
1
2
2
2
1
2
2
53273943243
2
2
2
1
2
1
2
2
2
67187683095
2
51991525838
2
2
2
95424775541
1
2
1
2
2
2
1
1
2
2
2
2
20075948001
2
2
1
2
1
2
2
2
2
1
2
2
2
2
74700913431
1
2
2
1
76413514099
2
2
2
2
1
1
2
1
2
2
24323523973
2
2
1
2
1
2
2
2
20135229722
2
2
2
2
2
2
2
2
2
2
2
2
1
2
2
2
2
2
2
5325346713
2
1
2
2
1
2
2
2
2
2
2
2
2
2
17691462998
2
2
2
2
41388282087
2
1
51219456787
2
2
2
2
17787695065
2
15485495198
2
2
2
2
2
2
2
2
98119390265
30404234389
2
2
2
2
2
1
2
2
2
2
2
64796437958
2
2
2
2
2
1
2
2
1
2
2
75073872874
2
1
2
2
2
80137255910
2
1
1
2
1
1
1
2
2
37876708051
2
1
9358131805
1
2
1
2
1
2
1
1
2
2
1
2
2
2
2
1
2
2
2
93571157806
2
2
2
1
2
2
30691008691
1
2
2
2
2
1
2
94784213117
14664921263
2
1
2
2
2
1
1
1
1
1
1
2
2
1
61397903182
91624279152
2
2
2
2
2
2
2
2
2
2
2
2
2
2
2
2
1
1
2
2
65370351685
2
2
2
2
81486647389
2
1
2
2
1
1
2
2
2
2
2
2
2
2
2
1
1
1
2
1
1
2
2
2
2
2
2
2
22011720425
2
2
2
82344724925
2
2
2
2
2
53779621815
1
2
2
2
2
2
2
2
2
2
2
2
1
1
2
2
2
1
1
2
2
2
2
2
2
2
2
2
1
2
2
1
36803395329
1
2
2
2
2
2
2
2
67936205958
1
1
48989147357
2
2
2
2
1
2
55571563991
2
2
2
1
2
1
2
1609187060
2
2
2
2
1
2
2
68958477954
2
57238251112
2
2
2
2
2
2
35648796960
2
2
2
2
2
2
2
2
1
2
2
2
2
2
2
2
1
1
2
1
23173387333
2
2
2
99020751047
2
2
2
2
1
2
1
2
2
2
1
2
2
1
2
2
2
2
2
55090909422
2
2
2
2
2
2
2
2
2
2
2
2
2
72252505759
2
2
2
2
1
2
2
2
45922684905
2
2
2
2
2
2
1
2
2
1
14661793884
2
1
2
2
2
2
2
2
1
2
2
2
2
2
2
2
1
2
2
315960599
2
1
2
2
59901324068
27083067650
1
2
2
2
2
25376514787
1
2
2
2
2
2
2
43862289023
2
2
1
2
1
2
2
2
2
2
9921949509
2
2
2
2
2
2
1
2
1
15246627922
2
2
2
1
2
2
3089144965
1
5493903106
2
96308041127
2
2
2
1
2
2
2
2
2
2
78450336246
2
2
2
2
2
2
2
2
2
2
1
1
2
55114100545
76311153672
2
2
2
2
2
2
2
2
1
2
2
1
1
2
94288311900
2
1
40453493394
2
2
1
2
2
2
1
2
2
1
1
1
2
2
2
2
1
1
2
1
2
2
1
85147309803
2
2
1
54146502029
94113939280
2
1
2
2
1
2
2
2
1
2
2
31083545273
2
2
2
1
2
2
1
2
2
1
1
1
95610662658
2
2
2
2
2
2
1
2
1
1
2
2
15692989234
58427276676
2
2
2
2
15428967263
2
2
2
1
1
2
2
2
2
94567131388
2
2
1
1
55145137622
2
80234293198
2
7233124437
1
2
34585116719
1
2
2
99998221249
2
1
2
58295734529
2
2
2
1
2
1
2
2
1
2
2
1
1
2
2
16283651752
2
2
2
1
1
1
78785809588
2
2
1
2
1
2
2
2
63918658966
1
2
2
2
2
2
2
2
78353450146
79414063626
18760977143
1
1
1
2
2
62703673570
2
2
2
55813314286
1
1
1
1
2
38836905834
2
2
2
2
1
2
19752974943
1
2
1
2
2
2
2
2
2
2
2
2
2
2
1
2
2
2
2
2
2
2
86374796067
2
2
77403823781
2
2
78004018226
18770557928
1
30969409224
2
2
2
2
2
2
1
1
2
1
1
2
1
2
2
2
2
1
1
2
26221715996
2
2
2
1
2
5363009511
2
2
2
50970804532
2
1
2
1
2
2
2
2
2
2
2
2
93468075023
24441844877
2
2
13000286164
2
2
2
67468359568
2
2
2
2
2
1
2
2
75201368839
2
2
2
2
2
2
2
2
2
1
2
2
2
2
1
1
1
2
2
2
2
2
1
2
2
2
2
2
2
2
2
67882209281
23965597856
2
2
1
1
2
1
51364026431
2
2
1
2
2
2
2
2
2
2
2
2
1
43017118568
1
67919121698
2
2
2
1
1
2
32911640142
1
2
2
71453619809
2
2
2
2
2
2
1
2
2
1
2
80923451208
1
2
2
2
2
2
2
2
2
2
49076318915
1
2
2
2
2
2
1
2
2
2
86072756350
1
2
1
2
2
2
2
2
2
2
2
2
1
81442392188
30106357815
93478226046
2
2
1
2
2
2
2
2
1
1
2
1
1
2
1
2
2
2
2
2
2
2
2
2
2
2
88036223796
2
2
1
2
2
35822933902
1
2
2
2
93338749472
2
2
87074579773
1
2
2
2
1
2
2
2
2
33424244350
2
74721152440
2
1
1
2
2
2
1
2
2
1
1
2
2
1
14849513197
2
2
2
67570452212
2
1
2
2
1
2
2
2
1
2
99368397031
41982511836
1
2
2
2
1
2
2
2
2
1
1
2
2
2
1
2
2
2
2
1
25507893883
2
1
2
1
2
2
2
2
2
2
2
2
56276577071
2
1
2
1
2
1
2
1
2
79964004734
2
83603200928
2
1
12091078233
2
2
2
2
2
2
2
2
2
2
2
2
2
2
1
2
1
2
62065609483
2
2
2
2
2
2
2
2
1
2
2
2
2
2
2
2
2
2
2
2
2
2
2
1
2
2
2
1
2
2
2
1
2
1
2
2
2
2
2
2
66952828834
2
2
2
2
2
2
2
2
1
2
2
2
2
2
2
2
2
2
2
1
2
2
2
2
1
2
2
2
2
2
18133573032
2
1
2
2
2
2
2
2
2
1
2
39560257670
2
80663033401
2
2
2
2
2
1
1
2
2
1
2
40752852398
2
2
2
1
2
2
2
1
2
1
2
2
2
2
2
1
1
2
1
2
2
2
2
2
84803827964
2
2
2
2
2
2
2
2
1
1
2
2
2
2
2
1
1
2
36027647295
1
2
1
2
2
1
2
1
2
2
2
2
2
2
2
2
2
2
2
95634205232
46534798261
21952397918
2
1
2
2
2
2
2
1
2
1
2
2
2
2
2
2
1
1
88010140492
2
1
33464701120
1
2
2
2
2
2
1
2
2
1
2
2
1
2
2
2
1
2
1
2
2
2
2
2
2
2
80207430197
2
2
2
2
2
2
85113501762
1
37434404580
2
2
2
2
21472220314
2
2
1
1
72199890903
2
1
2
94791900559
2
2092078629
2
2
1
2
2
2
1
2
1
2
2
2
98573257956
2
2
2
2
49372496110
2
2
1
2
2
2
2
2
2
2
1
2
2
2
2
2
2
2
2
2
1
2
2
2
1
2
1
2
81537544684
2
2
2
1
2
2
2
1
51936285765
2
2
1
2
2
2
2
2
2
1
2
2
98491586468
2
2
2
2
2
2
2
2
2
1
61199068701
2
2
2
2
2
1
2
2
2
2
2
2
2
2
2
2
2
48187746492
2
2
2
1
2
1
2
1
2
1
93986262388
1
2
1
2
2
2
2
2
2
2
2
2
2
2
2
2
1
2
2
2
2
2
2
2
2
2
2
2
2
2
2
2
2
2
2
2
2
1
2
63857532508
78330484095
2
1
1
2
2
2
2
2
1
2
2
2
2
