2
1
2
2
54457060608
80992552304
1
2
2
2
2
51701735475
2
2
2
1
2
36003314809
2
65387313679
2
1
2
2
733123889
2
6828090197
2
2
2
2
2
2
1
2
83289893845
2
2
809198016
2
2
2
1
2
2
2
2
2
2
2
5847337960
3786911059
2
2
2
2
19238182741
2
89812514447
2
2
98250498286
2
2
1
2
26680308789
2
2
2
2
2
2
2
2
2
2
52511086
2
2
2
2
2
2
2
2
1526700395
72196212976
2
2
2
2
53297977131
2
2
2
2
2
2
2
2
2
22830771281
2
2
2
2
2
2
1
2
2
2
2
2
2
2
2
2
2
2
1
2
2
2
2
2
1
2
2
1
2
2
62005716546
2
2
2
2
64819643854
2
1
94171162769
24419547942
2
2
64809908717
2
57995175772
2
2
17757407754
2
2
2
2
2
2
2
2
2
1
2
2
2
7257186577
2
2
1
2
93648223530
2
24296501205
75822659510
2
2
2
82468309331
2
8742285268
1
52971745444
2
2
2
2
1
2
2
1
1
2
2
2
1
2
2
2
2
2
25908580052
1
2
2
1
2
2
3573807255
54883224505
1
2
1
2
2
14532121915
2
2
24873008604
2
2
88758989287
2
2
2
2
2
25618296134
2
2
70803281566
2
2
32432317679
2
2
2
2
2
90235344156
2
2
2
2
2
1
2
2
2
2
2
1
2
2
2
2
84758069120
2
2
2
2
2
2
37259992187
96512383130
1
2
12839625162
2
2
2
59883295210
2
2
2
11385928881
2
2
2
2
2
2
2
2
1
2
2
2
2
1
2
2
22021675179
2
66137304162
2
1
2
2
2
2
20856895102
2
2
1
70416615726
1
2
2
2
2
2
1
2
2
68710527721
1
2
1
26243919839
2
2
2
1
7357341046
1
5289993259
2
2
2
2
1
2
2
2
2
2
68484017949
43639468982
2
2
2
2
2
1
51876175915
3990829354
2
47200578625
2
2
2
1
2
1
1
41774661710
2
2
2
33011668059
2
2
2
2
2
2
2
2
2
1
2
2
2
2
2
2
2
23511721292
2
2
2
2
2
2
2
2
2
2
2
2
2
36955732734
2
2
2
2
2
1
52306076579
46021480756
2
2
93862392348
2
2
2
1
1
1
2
1
2
2
2
2
2
2
1702752993
91529485510
2
2
76304250988
2
2
2
2
2
2
2
2
2
2
2
48944452724
2
1
36443410825
13216182517
60357864272
2
2
2
2
2
2
2
2
2
50319806620
2
1
2
2
2
2
2
2
2
1
11883585148
2
2
2
2
2
2
2
2
37928985414
1
2
2
2
2
2
2
2
2
39941249319
2
2
2
2
92866499266
2
2
2
2
2
2
2
2
2
2
2
2
1
2
2
2
2
2
89526706663
2
2
2
57178445742
98406773993
2
1
2
99086884240
2
54452950073
2
2
2
2
2
2
2
15545298687
2
2
2
85547490441
2
2
2
2
2
2
2
2
1
2
2
2
36257892107
2
2
92017079630
2
98681780047
2
2
2
2
51037593248
2
2
71662736337
2
2
2
51836228852
2
1
2
2
83924291625
2
2
2
1
1
2
2
59410214116
2
20310439801
2
2
2
1
31709676286
2
75031031638
1
2
2
1
1
1
1
2
1
1
2
2
2
2
2
2
2
35269132152
2
1
2
1
29144239112
2
98522231134
6299882614
45592927033
1
83980485600
2
1
2
2
2
33919739860
2
31085221599
2
2
23902769349
2
2
1
2
2
2
2
2
2
2
2
40083593562
1
2
2
1
2
2
2
2
2
1
1
2
2
2
2
1
2
3373741587
2
2
2
2
76544536807
91161890579
2
62476866317
2
2
1
2
2
2
2
56830830237
2
2
2
1
3820477249
2
55491041780
2
1
2
1
2
77761120863
2
2
2
2
2
2
2
2
1
2
26678599406
26806686412
2
2
53334830492
1
2
23322038013
2
1
2
2
63046075242
2
55909909734
1
2
2
2
1
1
2
1
2
1
2
1
30967244182
21823204482
2
2
2
2
1
2
4960058736
2
2
2
2
2
2
2
2
2
81651185063
8276532869
2
96061282696
2
2
2
2
2
2
1
2
2
2
2
2
2
21967203101
65447459964
2
2
48908146381
2
64036045552
2
2
86743540094
32072679599
2
1
2
2
2
2
97053643679
2
2
24442410225
81907716962
2
1
94423043602
2
2
29037036444
2
2
2
2
2
2
2
2
2
4426395537
2
2
2
2
2
2
2
1
17404142713
70230827149
2
22232508995
1
2
1
2
2
2
2
2
19653254398
97591744060
2
61087251236
53131802730
52670996313
2
2
1
2
2
2
75687462366
2
2
2
2
2
2
2
2
2
2
2
2
1
1
2
2
2
2
2
2
2
2
27102624347
1
2
80175702819
2
1
17562856637
47136758928
2
2
2
2
2
2
2
2
2
2
71665387809
2
1
2
2
43867865293
2
2
2
2
2
1
2
2
2
75364599322
2
2
93051495960
2
2
8735443016
24863763719
2
2
2
83182163608
1
2
2
56410265986
1
2
2
2
2
2
2
2
2
1
2
2
2
52812366944
85639255971
2
2
2
1
2
2
2
16507453193
2
2
2
11493994707
2
2
2
2
42646173804
91041700530
2
2
2
2
2
2
2
42174057575
58782235125
2
1
71958383681
2
2
2
55878534514
2
1
1
2
2
1
2
853383902
2
2
2
1
2
2
92929967718
2
2
97392354955
2
2
1
2
2
2
2
2
2
31692337379
2
2
2
2
2
1
2
2
8601099770
2
2
2
2
2
2
2
2
2
2
2
15769288618
2
2
2
2
2
2
2
2
73898081002
2
2
2
2
2
2
2
63902078416
8638366095
2
97833263329
2
1
35755617407
2
2
2
2
2
2
62033794812
2
2
1
2
2
2
2
2
2
1
90734191397
2
44830299174
2
2
2
59963430681
2
2
1
2
75197498923
2
64342177797
2
1
2
2
2
2
1
2
2
2
1
2
2
2
20414012702
2
2
98438063329
2
2
2
2
2
57671216685
2
2
2
2
2
2
2
2
2
37325245226
2
1
1
2
26787003242
2
12712838524
59555229302
2
26592947730
2
1
2
2
32821111094
2
2
1
10879635785
33114726302
2
29315992639
2
74914473676
2
2
2
2
81564678269
89836170797
1
2
2
37158796901
2
2
2
2
2
2
2
2
57480791175
2
52553845263
2
2
1
1
48692004683
38969470662
2
76421228808
2
2
2
2
2
19804924524
68156019941
2
2
2
2
2
2
49512508813
2
2
2
2
2
2
2
1
10370092044
2
2
2
2
2
2
2
2
1
2
2
2
2
2
2
36085612646
2
2
2
2
2
2
2
2
2
2
2
2
2
6845053032
2
2
2
1
2
2
2
1
2
2
23494182663
7302415962
2
20824520349
2
1
2
2
26566459444
2
2
76930419553
2
16800522273
2
1
2
2
2
2
15930015181
2
2
2
2
2
42932177016
2
2
2
2
2
2
2
2
2
2
36581596107
2
1
2
2
2
2
2
2
2
2
1
2
2
2
2
2
47556027093
2
2
2
3415407960
2
2
1
2
2
2
2
2
2
18857374518
2
2
2
2
2
1
2
2
2
2
2
1
2
39714730740
76245078961
2
2
1
2
2
3240078495
43209294602
2
2
1
1
2
2
2
2
2
2
2
2
2
2
2
1
2
2
2
2
2
2
2
21553794368
2
2
2
2
2
2
12772993781
2
2
2
2
2
2
2
2
2
2
2
2
2
2
2
2
64256068793
33469845982
2
2
1
2
2
2
2
2
2
2
2
2
40831727906
1
2
2
2
2
2
2
36628363813
2
2
2
2
95042081317
2
1
72422855511
40199113356
78015154860
2
11625169284
2
2
2
2
2
2
2
38065462276
1
2
9863740417
2
1
2
2
2
2
2
2
2
2
2
2
2
2
2
2
23578369505
2
2
2
1
2
1
2
2
2
77900125733
2
1
2
2
2
37072235230
9078318678
2
2
2
2
2
71552465927
41581104203
2
1
98727843580
2
2
2
2
14862355535
86654503005
1
2
2
27631981270
2
2
2
2
2
2
2
2
2
92134540906
2
2
2
48645213734
2
13011288888
2
2
2
1
2
1
2
2
2
55806460357
50899318615
2
2
2
2
1
52334442467
2
1
2
64937056152
1
84068607210
2
2
2
2
2
13565548825
86851956360
2
2
74053435108
56605951075
1
1
2
2
2
2
2
65795059353
2
2
2
2
2
2
2
62615061782
2
2
2
2
2
62619554707
2
10800222034
2
2
2
2
2
2
56708266079
2
2
2
2
2
2
1534855822
85624097815
1
1
94118512408
2
2
53506704776
2
2
2
2
2
2
2
2
1
2
2
96560831832
9400026940
2
2
2
32342683640
1
2
2
88444962685
2
1
5041828373
1
2
74784139964
2
2
2
1
2
2
60639265804
2
1
2
2
2
2
2
93981203355
2
2
2
2
2
2
68764628844
79327459137
2
58741654691
2
2
2
2
1
2
2
3849117312
2
2
2
2
1
78138811567
2
2
2
2
2
2
2
2
2
2
39037252575
2
2
2
23154983852
1
2
80259160715
2
2
2
2
2
2
2
29531950380
2
67472256871
2
55732531008
2
2
2
2
1
2
1
2
2
2
2
2
2
2
2
2
2
2
2
2
2
2
2
1
38609887395
2
2
2
2
26397915081
1
1
36555808483
2
2
2
2
1
2
39098334444
2
1
48266990252
2
2
2
1
2
2
1
14254418771
83494407619
2
24223282602
2
41290739876
2
2
2
2
73712092863
2
1
2
2
51879925096
2
2
1
2
2
2
2
2
2
2
2
2
1
2
2
2
2
20198143611
2
2
2
2
2
2
1
2
2
2
2
1
2
2
2
53428275738
53491002891
33521920037
2
2
7020037530
2
1
2
1
2
2
2
2
2
13349639324
2
2
2
2
2
2
2
2
2
2
2
76623023960
9616291372
2
2
1
2
88368387992
2
76911768180
2
2
2
2
20408078816
64874201878
41494035015
2
2
2
2
2
1
2
2
2
2
26918607538
2
2
91212973846
2
2
2
2
2
2
28374462758
2
1
2
60058284774
2
2
2
2
523896110
2
2
2
2
2
2
2
2
2
2
2
2
2
1
9463261688
2
2
2
2
31431149034
2
2
1
2
2
2
2
2
2
2
2
2
2
2
2
1
2
2
2
2
2
2
2
2
97124409985
2
2
1
2
53313706850
2
1
1
2
38460539240
2
1
2
26870987914
35064143504
2
1
2
33825140327
2
74348716014
2
2
4345066759
2
2
96735768324
2
1
39201168226
2
2
2
1
33953197270
2
2
2
26064001972
2
2
2
2
2
82091885631
2
2
2
2
1
2
2
2
2
2
2
2909109781
2
2
2
2
2
2
2
2
2
2
2
2
2
2
2
2
2
2
2
2
91449704903
2
2
55072437448
2
2
2
2
2
2
73051971386
2
2
30606188442
2
2
1
2
2
2
2
2
2
2
15596089964
2
11029251744
2
2
1
1
2
2
2
1
2
64101268713
2
2
2
2
34203851333
2
2
1
18922822430
1
2
2
2
1
2
23514630561
2
71102801234
43456466497
2
31181269778
4127273155
2
2
2
2
2
2
2
12173073922
2
2
2
49325613683
1
2
1
2
2
56700395319
16598569353
2
2
45432356104
1
2
2
2
13263851047
35326688825
2
2
2
2
1
1
2
2
2
62446930391
2
1
2
2
2
2
2
61048828777
98432929783
2
2
35105807372
2
2
96626123631
2
69351156797
2
2
2
72712078170
2
86139699144
2
2
2
21957895932
2
2
2
2
2
2
2
2
2
2
2
1
2
2
2
2
2
2
1
2
2
2
2
61872365775
2
2
2
2
2
1
1
2
2
12726407879
2
2
2
89348589535
61402176540
81857110596
2
2
2
2
1
2
1
2
2
43739632771
2
2
83881408577
2
2
2
2
2
34919499288
2
2
1
43925900526
2
2
2
2
2
16169098992
2
2
1
2
11012870124
21889487016
2
4305012126
2
2
2
2
1
2
2
2
2
2
2
2
2
2
2
2
32189348147
2
1
2
2
2
2
39369747232
2
1
31491380788
2
39781119054
2
2
2
2
23058762586
2
2
2
2
2
2
2
2
39725056698
2
2
2
2
2
2
1
2
92594331
40953909273
2
2
2
2
97884457393
2
2
2
2
2
2
2
51929245614
2
1260581982
1
2
80715094110
99122054079
1
2
2
2
52779464786
2
2
1214963266
1
2
2
2
35874382404
2
81345936438
2
2
2
1
2
57410659852
2
2
77389778161
1
37700803352
41398236803
2
18021304144
2
2
2
2
2
2
2
2
2
2
2
2
2
2
2
2
1
2
2
1
2
2
2
2
2439527029
2
1
60276669874
2
2
2
2
66681784104
44897445131
80861720436
2
56177927815
35779720514
2
2
2
2
79277507666
45986339449
2
2
1
2
2
2
2
42077924232
2
2
2
2
1
2
1
2
38089322259
68967485177
2
2
2
1
2
72224718881
2
2
2
1
2
2
2
69245960151
42929692640
31639179544
2
2
2
18904950536
18496098971
18552668911
1
81292645580
2
2
2
2
2
2
2
56435870547
2
2
1
36250779492
2
56994227192
2
2
2
2
2
2
2
83939443584
2
2
1
21275296076
1
2
1
1
2
2
2
1
2
2
1
2
65691996840
1
2
46965455517
43590274938
2
2
2
2
2
2
2
2
2
2
68021602989
2
2
1
88520663711
79539119134
2
2
2
2
2
85871957886
91978662547
2
52787742244
92093808833
1
2
2
2
2
2
2
1
2
2
2
2
2
2
2
1
2
2
5352754284
2
2
2
1
2
2
2
2
2
2
2
1
2
2
2
22805959172
2
2
1
2
16426904602
2
70768404901
1
2
2
2
2
2
2
38300390239
2
2
2
37662405619
2
2
80590477792
1
2
63245786467
2
1
2
2
5706426763
2
2
1153378502
2
2
16578494861
68551476297
2
2
2
36254294760
1
2
1
2
2
2
45506363449
2
6210730911
2
2
2
2
2
2
98825534888
2
2
2
2
1
2
2
2
2
1
2
36703823612
2
73311713968
50611788501
1
1
2
2
2
2
2
2
82707894196
2
2
2
67128442780
2
2
2
2
2
64430238268
2
2
2
2
2
1
55831547255
2
56952885338
2
20025100508
2
56927569327
2
2
91083551021
2
2
83653758125
2
96760922887
2
2
2
2
2
2
2
2
2
2
2
2
1
8488258771
2
2
60417182510
2
2
2
58124828974
2
2
2
2
2
2
2
63488773411
58524633341
2
2
2
2
2
2
2
2
2
2
92091150963
2
2
77120256438
2
2
2
2
93492091403
8297418684
2
2
2
2
2
2
2
2
1
2
83224270182
2
36036945813
2
46669480241
66187776016
2
16882088219
2
2
42379537679
2
2
1
2
1
2
61115560275
97042734330
36767828755
89702350536
1
71528109452
8652029445
1
2
50714088799
2
1
2
2
2
2
2
6614384561
2
81933786427
2
73998724571
87187908176
44991335317
2
2
2
2
2
87298252578
16448891856
1
2
2
2
2
2
2
2
2
2
28597539461
54609326047
2
2
2
2
2
2
29267176957
1
2
2
1
2
2
2
2
89992786238
2
2
2
1
1
85626524259
2
1
45600362882
50573252030
1
2
2
2
2
2
2
2
2
1
1
2
1
72602822250
2
83700233894
2
1
2
2
2
4324556413
79412806354
2
85165394474
2
2
1
2
1
2
2
50316844341
2
1
2
2
59123560947
2
34528835550
1
2
2
2
1
2
2
26491580831
64138971058
2
79371674454
2
2
2
2
2
2
2
2
18481497472
2
2
2
2
2
2
2
2
2
2
2
1
2
2
2
56196772760
2
2
48300482286
2
2
2
2
2
2
5227476785
2
2
2
50142836693
2
2
2
1
2
2
2
2
2
2
2
10840253752
2
2
2
2
2
2
2
2
2
65556098652
2
2
2
2
2
2
2
44974683765
83250217427
2
2
2
69478841908
2
2
27509725458
2
2
2
2
2
2
2
2
2
2
1
2
2
2
2
2
2
2
72882696172
2
2
2
1
2
2
2
84907164387
2
40715953371
93059544114
2
73068363598
1
1
2
2
2
2
2
2
29556947026
1
2
62097692179
65298554476
2
2
2
2
2
2
1
2
1
2
79738917383
17006543754
2
2
2
2
2
2
2
1
2
91341030438
2
2
2
94772610623
2
2
2
2
2
2
2
2
2
1
2
160907497
2
2
2
2
2
2
1
2
2
2
2
2
23997753345
2
2
2
2
2
2
2
2
2
2
2
1
1
2
41757358240
2
2
2
2
2
40527060572
2
2
17848641795
2
2
64519772257
2
20603711336
95231476771
2
2
2
2
40224440454
21433265685
2
2
2
55116089910
2
2
2
2
2
2
1
27122344813
2
2
2
2
2
2
2
16276477427
2
2
2
2
2
2
2
1
2
1
1
71866487612
2
80383285173
2
13070626337
2
2
2
2
2
2
53725845580
2
1
2
2
2
2
91005753769
2
2
1
2
2
2
2
2
99373219826
2
44437687299
2
2
1
2
2
2
2
70082055694
1
1
2
42461643593
1
2
69703025413
2
1
1
2
1
2
1
1
2
2
25319297195
2
2
74430095472
2
34462504865
2
2
2
2
2
2
2
2
14023681326
2
1
1
1
1
2
2
2
2
50266173156
2
49354771385
39920730367
25298237558
88175900091
2
1
2
2
2
2
2
2
2
29754619027
2
1
2
2
1
2
2
1
2
2
2
2
2
2
1
75783567098
83441314455
2
2
2
2
2
2
9326194488
1
1
2
2
2
1
2
1
53230279249
2
2
2
1
2
2
1
42786583121
2
19686808538
2
2
2
2
2
2
2
57699650788
2
2
2
2
2
13397988492
2
2
2
2
1
2
2
2
1
2
2
37342760001
1
2
2
2
2
2
2
2
2
2
2
2
2
13925890786
2
40190495932
2
2
2
2
2
2
1
2
2
2
2
62588729370
1
44319996918
2
2
2
2
2
6238597828
2
24849724331
2
87660540295
1
2
1
2
2
2
2
2
2
1
2
1
2
2
2
2
2
2
80589141919
2
86528385254
99553460218
2
1
2
2
2
2
50832053555
2
2
2
2
2
2
2
18033132676
2
31751707205
2
2
2
2
2
56377494936
1
2
2
2
2
6546744001
13854605521
84517176504
39402858683
2
1
2
1
2
2
2
13646831434
13942275193
41804648394
1
2
2
2
2
2
2
60173893026
2
2
2
87401989025
2
2
99601960666
2
1
2
2
2
71512329844
2
60622121636
2
2
2
95682624499
2
2
2
2
2
2
2
2
2
34735489926
60532784521
2
1
2
2
2
2
2
2
2
2
58854455509
2
2
2
35539298744
87132508116
2
72661753705
2
1
2
2
1
35479445645
2
2
2
2
79385112095
2
2
2
1
1
2
2
1
2
2
13233853946
20396719872
2
2
2
2
2
2
2
1
74310532458
2
2
2
2
86421010265
23339087618
80196471852
2
36330291597
2
2
2
82269461464
2
2
625806616
51662446086
2
2
49490354909
2
53428555082
2
2
2
1
2
2
2
1
2
2
2
2
79901930781
2
2
2
2
2
2
2
1
2
2
2
2
1
51431286563
2
2
1
2
2
2
2
2
2
2
2
1
2
70677253717
2
2
2
22230751577
2
15407924596
2
2
2
2
2
2
2
2
2
69004450444
21228793608
2
16810938887
2
2
57795837336
2
2
2
2
2
1
2
2
2
34337855142
2
2
2
2
2
2
1174047894
2
40076915451
2
2
2
2
2
2
2
2
1
2
2
2
55919210744
12463197849
1
76908562051
2
1
5490804081
2
95072882457
61487875904
97360458547
86495626947
1
67406731611
2
2
2
2
42751833647
2
94711488627
2
2
1
2
2
68855753611
2
52242422529
2
2
2
2
2
2
2
1
1
2
2
2
63620994412
2
37337629580
2
1
28205668312
518298439
2
2
1
2
2
2
2
2
2
2
2
2
2
2
2
2
2
1
2
47776535010
2
2
55802731625
6616964338
2
2
88683789277
2
14073351853
2
2
2
1
2
61796303037
2
2
2
2
2
2
2
2
2
94122641132
25548482958
2
2
2
2
2
2
1
2
2
1
2
89742710386
2
2
2
2
85950929143
6858218009
1
2
2
2
95766352565
2
2
2
2
1
18308615640
73766005283
2
2
2
2
2
1
2
1
2
2
1
1
2
1
2
86031146309
1
72531160797
2
34700577320
64338543519
13913807132
2
2
1
2
2
2
2
1
2
2
2
2
2
2
2
2
2
2
2
2
45363832580
2
90350351516
2
2
2
1
2
2
77163758366
2
57109995696
2
2
2
2
2
2
2
2
2
14616211309
2
2
40915931745
39263186178
2
79420263236
1
2
2
2
2
1
2
2
79127303966
2
2
2
2
2
2
2
2
1
1
2
2
88350137340
2
2
2
2
2
2
97764232315
2
2
11529941557
1
2
2
2
2
2
2
1
92745997824
1
2
2
2
2
40784777482
2
23948184711
2
9111903034
2
2
2
2
2
2
1
2
19712248412
2
2
2
1
2
1
2
2
1
2
2
2
2
2
2
2
2
2
2
95919403294
51868030042
26419207067
1
2
2
9057816785
2
76416468738
2
2
2
2
2
2
48278862297
2
2
2
2
2
2
2
2
2
1
2
2
2
2
2
2
85195770509
2
2
2
8051827959
2
2
2
1
2
1
2
2
1
2
1
2
1
2
2
2
2
44684966592
2
2
2
2
45583861210
2
2
92385911285
2
2
2
2
2
2
2
2
2
45034503940
2
2
1
2
2
2
2
12850093939
2
2
2
2
2
69580735604
1
45952219511
2
2
2
24891213216
2
2
2
2
2
2
1
2
2
28146211362
2
2
2
27881424679
36409210128
2
2
89033501937
43589741392
2
2
2
2
2
2
2
52689294163
2
2
2
2
2
2
2
2
2
2
2
2
2
2
1
2
1
63638747279
1
93681405801
2
2
2
86884315502
8656049806
2
2
2
2
1
1
99566281077
2
1
2
2
2
2
2
2
2
2
2
2
1
2
1
2
2
2
1
2
1
1
2
2
2
2
39693736428
1
2
2
2
82487448398
2
1
2
2
2
2
2
29569227955
39272746640
2
2
2
1
1
2
2
6219603418
1
2
2
2
2
1
2
2
5562236557
2
11455658235
2
2
2
2
32261373327
2
2
2
2
2
2
2
2
2
2
2
2
2
2
1
49360949092
2
2
33251967914
1
1
2
2
2
30399763054
1
2
2
2
2
11707039422
2
1
2
2
2
2
2
2
2
2
2
2
30259826513
2
2
2
2
2
2
2
2
2
19142011402
2
39100753382
2
1
2
2
41228059536
2
2
2
1
1
2
2
1
2
2
1
2
2
2
2
70939826833
2
2
2
1
2
1
2
58749507387
2
2
39388116085
2
2
2
2
96323903821
2
44131641551
2
2
7762721532
2
2
83056927538
2
2
2
2
2
2
2
2
2
2
2
78233583086
2
2
2
2
2
60464390592
2
2
2
11778964894
6337140012
2
16778836287
2
2
2
2
2
2
84361380195
2
2
2
2
2
2
2
1
2
2
2
2
2
2
2
2
2
38270249741
1
2
2
2
2
2
2
2
2
2
2404531647
2
2
2
2
2
2
2
2
2
2
36219829576
1
2
2
2
2
82679673773
2
2
2
2
2
2
2
2
2
1
45979675936
52961657526
2
2
2
2
2
2
2
2
57753972919
2
2
1
2
2
2
1
2
2
1
83027540020
2
71949013344
2
2
2
2
2
2
2
2
2
2
2
51660585193
2
2
2
2
2
2
2
50976781300
1
2
2
2
2
2
1
2
2
2
2
2
1
2
2
1
53891061693
1
20488327635
2
2
1
1
2
2
2
82072505627
2
1
2
2
2
1
2
2
2
1
13355732695
1
2
2
2
2
2
2
2
2
2
11967089118
2
90868253792
2
2
95309479648
2
2
7689397396
2
25950105234
2
77664068540
62187818180
2
2
2
2
2
1
2
2
2
2
2
2
2
2
1
93301697663
88700556941
2
78254502615
2
2
1
2
2
2
2
2
39153450280
2
2
52943859952
56923045459
2
2
2
2
2
2
2
2
1
2
2
2
1
73642630278
2
41781068725
2
2
2
2
2
2
2
2
1
2
46765015839
2
2
2
2
2
2
2
2
2
2
2
2
78352574876
2
61293623397
2
2
6995167456
2
2
2
2
34706688411
82062886521
2
2
36164091188
2
2
2
2
46114715532
1
2
2
2
2
66070944394
2
36579304682
2
2
1
2
2
2
34327532278
81303048917
2
1
2
1
2
2
34388033831
2
2
1
2
2
2
2
2
2
2
2
2
2
2
2
2
2
15815575999
19658537997
2
2
2
20900373669
33425855760
2
2
58729500019
1
2
2
2
2
2
1
42465737558
2
2
2
2
56977348038
2
37333052577
2
2
2
2
2
1
1
11079122205
2
55666481612
83940206905
2
2
1255482275
21567000211
2
1
2
11673542286
2
40096772575
2
3437859637
64440097918
2
1
1
2
2
2
2
2
2
2
2
2
62380548429
2
1
7307100872
2
2
2
2
2
2
1
2
24704534344
2
1
2
2
2
35224068134
2
2
11344586884
2
2
2
2
95705381264
2
99423454609
2
75631543209
2
2
2
2
2
2
1
84725583336
2
2
2
26635704594
2
1
59829933153
7424390393
2
2
2
2
2
2
2
2
2
2
47327685091
27562536604
2
1
1
1
2
2
2
1
2
9623249992
2
2
7065080659
33685426551
2
2
2
20386919241
2
2
2
2
1
6395707925
2
2
57711517636
1070883496
2
2
88907156808
2
2
2
2
2
2
1
78630652235
2
2
1
78678272259
1
2
2
2
1796686130
2
2
2
2
1
95426886195
2
87913924803
2
2
2
2
1
2
78593467026
2
3209924231
2
66790499150
2
39022993090
2
2
56875224074
2
2
2
1
2
2
2
2
42208035221
2
2
85446056341
2
2
2
70177106785
2
2
2
30605246816
2
2
2
69999418152
2
2
43703775112
2
1
2
1
2
2
2
2
2
2699287312
2
2
2
91453952612
2
33677553516
2
2
2
2
92652181267
2
88770748065
2
2
17993626013
72053985773
13151864450
2
1
1
56605282499
85552558132
2
2
1
2
2
2
98586954606
2
2
2
2
60125321343
2
1
1
2
2
2
2
2
2
2
2
2
2
2
2
35042023464
96997367794
2
2
2
1
2
2
2
2
2
66723636815
1
62379496257
2
26765933375
2
2
1
86648590678
2
2
2
1
2
1
2
2
1
2
97944907200
2
2
2
2
1
2
2
2
2
1
1
2
2
2
2
1
2
2
2
2
46458650961
2
2
93076575429
2
2
2
2
2
30206561854
2
1
2
66453755545
2
2
2
2
1
52179533226
2
2
2
2
2
2
42477309087
2
2
2
2
52159885721
2
1
94568733266
2
1
2
2
9902447970
2
71848920031
2
54484248287
2
1
2
2
2
2
2
2
2
2
2
2
2
2
1
2
2
65925924298
2
2
2
2
1
2
2
2
2
2
2
2
1
2
58232265272
2
2
32092112653
2
2
2
22100899742
2
24311559241
39172791655
2
2
2
35323018725
1
2
28843471171
2
2
1
88790844030
2
2
1
2
2
2
42382642023
2
2
2
2
2
47554356554
2
2
56064003733
2
2
2
31701934395
27742908154
2
1
97971521070
2
2
9559926750
2
45782397054
2
2
2
1
2
2
2
2
70528300477
2
2
31131634670
2
1
51776829975
2
2
2
2
2
2
2
18089676682
16882263853
1
2
2
2
2
2
2
1
2
1
1
1
4086500361
30699676586
2
2
2
2
2
2
2
2
2
2
49044082674
27313024514
2
2
24497561944
2
2908058887
1
2
2
55554566700
1
59451189374
2
2
2
1
2
2
34529945159
2
2
2
2
2
10542608989
1
2
1
2
74652553531
93347862027
2
2
2
2
2
2
17897287478
2
1
2
2
2
2
95644702245
52903709407
92836909137
2
2
4116758124
2
2
6409879781
2
2
2
59275014362
2
2
2
2
10091484308
2
2
79791962887
2
2
92961032605
2
95645001233
2
2
2
2
2
1
2
1
2
2
46420425416
40338523027
2
69238518120
2
1
2
2
63849000058
2
2
2
63174023450
2
2
2
2
2
2
2
2
2
2
2
2
59606261497
28211031311
1
1390560334
2
2
2
46435317983
2
2
2
34151378916
1
2
2
2
63676777367
2
94205557858
1
64970659202
2
2
1
1
2
45676928102
2
85746936953
2
76838236900
2
199893613
2
63572414821
2
1
2
2
2
1
2
1
1
2
2
2
2
2
2
2
2
2
2
2
2
2
25769610534
2
2
2
2
2
2
2
2
2
2
97955823670
2
2
1
65709461722
2
74093656033
2
66811419473
1
1
2
2
1
2
32200238756
88075751480
2
2
2
1
3865584135
2
2
50692773861
24710835066
2
2
1
1
75357598407
2
2
2
42378373859
91981377509
66340400346
2
2
2
2
2
2
2
2
2
2
2
2
1
1
2
31676704446
2
2
2
2
2
2
2
2
2
79660447245
1
2
2
2
2
77506376225
2
2
2
2
2
2
2
2
2
39109783966
1
1
2
2
2
2
2
60998928366
2
22164774892
2
2
2
2
2
98480237310
2
2
2
85218484132
32161085449
2
2
2
2
2
1
94544651202
2
36277291742
2
2
1
2
2
94700284773
32753208697
97750336639
2
1
2
54689190953
2
2
2
2
2
2
2
2
83097399189
2
72861926958
92163330087
2
96095935819
2
2
2
2
2
2
2
2
59557785849
66898556513
2
1
2
1
35555004896
2
2
83478263728
1
2
2
26773360049
2
50131437733
2
2
78953815291
2
24399376172
2
2
2
2
2
2
2
2
2
2
2
2
2
2
2
2
2
2
2
2
2
2
2
2
50648880025
2
2
1
2
2
2
2
1
47004895586
2
2
2
2
88190504028
2
2
2
2
1177580551
2
46594330977
75225016242
1
2
2
2
2
2
2
1
2
1
2
2
99884009020
89654094676
2
2
70511114208
2
2
2
2
2
2
2
2
94455439474
2
57351447240
2
98828720424
2
1
2
2
2
2
2
2
2
57023846283
2
2
2
75670085351
2
2
2
23257319919
2
2
2
2
2
38232380221
2
1
2
1
2
2
2
1
2
43691214828
73153234499
47478660650
2
2
1
1
25552145142
2
2
2
1
2
1
2
1
1
2
86306710569
2
2
98448108336
2
2
68512439109
2
2
1
2
2
2
2
2
2
2
1
2
2
2
2
2
73426729436
1
2
80595143530
2
1
83963746672
2
1
2
1
64157807381
1
2
2
2
2
96766158996
2
80035413054
2
16846179749
2
2
2
49981830628
1
2
2
59554157469
2
2
2
2
1
2
2
2
2
14385227221
2
2
2
58314101851
2
2
2
2
2
1
2
4264920286
2
1
2
68450968064
2
2
7736954403
2
94207496354
1
2
2
2
1
2
79569571170
2
2
1
2
2
33728322533
2
82523523540
2
1
2
2
2
2
2
86534770725
83340249686
88401412138
1
2
1
38290398820
1
2
82222783976
2
2
2
75095697702
96659747799
2
2
1
1
2
82827366333
2
2
2
2
2
91830252735
2
2
2
24255556202
7690671482
1
4820626857
1
2
2
1
2
2
2
2
2
1
84821110762
2
44952506076
1
2
1
2
2027055579
2
2
2
2
2
2
2
2
1
2
46746833486
2
2
2
2
2
2
2
2
2
2
2
66963886827
1
2
2
2
43757414939
2
1
2
2
2
1
1
2
2
2
2
2
2
99705449072
2
43479303291
2
2
2
63535272364
24904270582
2
2
66001748524
2
92744008054
2
2
1906083781
88483270720
2
2
2
64676157317
2
1
2
2
1
2
1
2
2
2
2
75261390449
26360075534
2
2
2
2
2
1
1
2
2
58153032547
9667023020
96053761769
2
56656703414
2
2
2
1
1
1
29341457322
2
1
2
2
2
2
2
2
2
2
2
2
2
20622474376
61607888782
2
2
2
2
2
7513264397
2
2
2
2
2
1
6635220584
2
2
2
2
2
1
2
2
2
2
2
1
2
2
2
1
57967160810
14605977550
1
2
2
2
2
2
2
96078331831
2
2
2
96250761087
78773671189
92335338362
2
2
30578094390
2
13153021799
2
2
2
2
2
1
2
2
2
2
2
2
2
2
2
5365679929
37804248065
32794759344
68593955927
2
63467375387
54336876616
2
2
2
2
24278874357
2
45575504163
2
2
59514282680
2
2
2
94777336872
2
2
2
2
1
2
2
2
2
49036751001
2
1
2
2
2
2
1
44501918657
2
2
41122589835
2
66138734506
86847003992
2
2
2
11749711781
52263564907
14836474695
2
1
2
2
1
2
2
2
27850062558
13023328476
5399901179
2
2
2
1
93839559092
2
2
2
2
2
1
81748528898
50369447142
2
1
2
2
2
2
2
7814992469
2
2
1
2
2
2
2
2
2
1
2
1
2
1
2
86116209958
2
2
32546425722
1
2
54173288837
2
2
2
2
2
2
2
2
1
2
2
2
18736145075
2
2
2
1
2
2
1
2
92071317644
2
2
2
2
2
2
2
2
2
1
2
44048878120
2
2
2
2
1
2
15223773311
2
2
2
2
2
2
2
2
2
1
1
3290746080
2
80906931990
1
13497248895
2
72383255535
2
2
15237403487
2
2
2
2
2
1
2
2
2
2
2
2
37329216667
2
2
2
81006552127
2
80413170802
2
92841826627
2
1
2
2
2
1
2
8024758729
2
2
16095880333
60374162631
2
2
2
2
2
1
2
2
2
1
97208262037
2
65402440176
2
5249926106
2
2
2
2
2
2
2
63653704102
1
2
2
2
2
2
2
2
2
2
2
66854786390
2
1
2
2
2
2
33793795799
2
1191375971
1
32388750887
2
2
62605642177
2
90339040953
2
12040467472
2
2
2
2
1
1
2
97488167110
2
2
71837395035
23273332021
1
2
2
2
2
1
2
2
2
45435070138
1
2
2
2
2
2
2
1
2
2
2
20284486358
2
2
2
2
84954614315
2
2
1
1
2
85635055411
2
2
2
1
2
2
2
2
1
58612075591
2
2
2
2
2
13078975730
1
2
2
1
2
2
2
2
2
2
98373822643
1
1
2
2
2
2
2
2
2
2
2
2
15905356286
2
2
2
2
2
2
1
2
78869093755
2
69974895
2
80498478069
2
2
2
2
2
2
2
2
2
2
2
2
2
2
90782521744
2
2
12106925306
2
25496304128
63089657982
2
2
2
2
2
1
2
2
2
33366690896
5972672297
2
2
1
2
2
2
42169072226
2
2
2
2
2
2
1
2
7554417843
2
22560007177
2
79572317597
83657630950
2
2
2
36515757798
1
2
63654070927
2
2
2
63308150278
2
2
1
2
2
1
1
2
2
2
2
1
2
22291902037
2
2
2
2
2
2
2
2
64517409652
2
2
2
23718183692
2
1
2
91856951334
41694500267
2
2
2
2
2
2
2
2
2
2
1
23272858318
2
1
2
1
2
2
2
2
2
2
2
76905358117
99549414140
90523447195
46461846007
2
2
2
2
2
2
2
1
2
2
2
2
2
2
2
2
2
2
2
90528355092
2
2
24585049332
2
2
2
2
36806441863
4327041745
2
2
2
2
72024217537
2
2
2
2
2
75017690019
2
2
2
1
2
2
8029814974
2
2
2
2
2
2
2
2
2
2
55739082510
2
90327749196
2
1
2
2
2
2
2
2
2
2
2
1
2
2
2
2
2
2
2
2
2
15663084044
2
10681973380
2
2
24062111309
2
2
2
2
2
27968693190
26719875266
2
2
46625828213
2
2
2
2
12174285915
1
2
50871977121
2
2
14271413555
1
1
2
2
11539732180
2
2
1
2
2
2
2
2
2
2
2
2
10161091854
2
2
55418243947
2
2
43632518554
2
2
2
2
2
2
2
2
2
1
2
2
2
2
2
2
1
2
2
2
2
1
46379229710
2
45527807513
13843736530
82762481650
2
2
2
64082898506
2
2
2
2
2
2
2
2
2
74150840469
2
2
2
2
2
2
2
2
2
1
2
2
2
2
2
2
2
10017820706
2
2
2
2
2
1
2
2
2
8825669595
2
2
2
2
2
2
2
1
2
2
2
56220776646
2
27703728276
2
2
2
2
90195019170
2
1
2
2
2
2
1
2
2
2
75316277473
2
2
2
1
2
17740809624
2
2
2
2
2
1
2
85800403529
2
2
2
2
2
2
2
2
2
2
2
2
2
1
2
65376030053
1
2
2
88393515537
1
2
2
2
96239475399
1
2
2
2
2
2
1
2
2
2180579342
2
2
2
24773795816
2
67858268532
2
2
74867615627
2
2
2
36197921092
2
2
1
2
36367452028
2
61968553945
74921289804
2
64271029525
2
2
79592104435
2
2
2
18527806569
91789093109
1
2
2
1
2
2
2
2
1
1
558200295
1
8992862595
46954481151
44168524856
70580328795
2
1
1
2
2
18539507165
1
2
2
2
2
1
2
2
2
2
2
1
2
1
72814688491
2
79811922838
2
1
2
2
2
3103368139
2
2
2
62396502578
2
2
95076219644
2
2
2
2
2
2
2
1
2
2
2
66647139058
2
2
2
2
2862824944
2
2
2
2
2
1
2
2
1
2
2
2
2
85421512047
5567085000
2
22239470180
2
1
2
2
68827033159
70357349888
1
2
61849435854
56051855723
2
43103964251
2
2
1
2
2
2
89432946131
2
2
2
2
2
2
2
2
2
2
2
2
2
2
2
2
59307009499
2
2
1
2
40987510675
2
2
2
2
2
2
2
2
1
2
2
2
2
18390729489
1
2
2
2
2
2
2
2
2
95695506517
2
2
29339951756
2
2
2
2
15075190935
47596867625
2
2
2
1
80239377249
1
2
2
2
1196947645
64721930723
1
2
2
2
2
2
10083841423
2
2
2
2
9794046575
2
1
2
2
1
2
29382758520
2
2
71186195823
2
1
2
1
2
2
2
2
2
74686368827
2
2
12554095974
2
2
85362912631
2
2
2
59751221491
2
89212052038
2
1
2
2
2
2
2
2
2
1
2
2
1
2
2
2
2
2
2
1
1
2
2
1
1
2
2
69156806992
2
1
2
2
2
2
2
1
2
1
2
2
2
1
2
2
2
1
2
2
2
2
2
1
2
2
99201943553
58008974749
39532010654
2
15642670353
2
2
1
2
2
2
2
2
2
2
25289666957
2
2
2
2
2
13085031993
20041387542
2
2
74074597414
2
2
1
2
97537420542
2
21668206146
2
2
2
2
2
2
2
1
2
1
63387682363
2
2
39157409729
2
2
2
1
31130684431
2
2
2
2
2
2
2
1
2
2
2
1
48197770572
2
2
2
2
2
2
2
2
2
2
2
2
2
38521070605
2
2
2
1
1
2
2
2
85898038902
2
1
2
2
2
2
2
1
2
2
2
2
2
2
2
2
1
2
2
48113444994
2
12319063528
2
2
1
2
2
94680117349
1
2
2
2
31973082927
2
2
67987383238
2
53276985055
2
2
2
40873065715
2
2
2
2
1207193897
1
69755721689
1
2
2
2
2
2
2
2
2
2
73955848726
2
2
2
2
2
2
2
2
2
2
89289398941
7620713135
2
2
2
2
1
79001803133
2
2
2
2
2
2
2
1
22142568530
2
2
2
1
2
2
1
2
2
2
2
2
2
2
2
2
91223305954
2
2
1
2
18081749193
97801282522
2
2
2
2
59152303050
1
2
2
2
2
21084753207
2
2
2
2
70068076643
2
2
2
2
2
2
2
30017056155
1
2
2
2
2
2
1
2
2
2
1
2
2
13586276582
2
2
2
2
1
55071717472
2
2
57825902564
2
2
2
1
17082416248
81962226997
47886875953
46742919137
2
2
2
2
1
2
1
2
2
1
2
2
26164869372
2
2
2
64702608675
2
2
2
39340682430
2
2
8424661794
2
2
2
2
2
2
2
2
2
2
2
2
2
2
2
2
2
2
2
10827898448
34373871309
43576144319
16093167212
2
2
12560960202
2
2
1110410387
53437633978
66509983845
30214062731
2
59785397463
2
98952739254
1
2
2
2
2
94869761023
2
2
2
2
2
2
74860715755
67641640419
2
7149354025
2
2
2
2
2
2
53396837150
1
2
2
2
71945291926
2
2
2
2
2
2
2
2
2
2
2
2
2
2
60181115251
2
2
1
79184779632
2
2
2
1
2
77990108916
2
2
46947887671
2
2
1
1
2
2
28948265626
2
2
2
2
2
2
2
2
83913039487
1
79793240007
2
2
2
37052215409
2
2
2
35242393815
2
2
2
2
2
2
2
2
2
2
2
87735987187
2
2
2
2
2
2
2
72608508731
2
2
2
18292898338
2
2
681810429
2
2
2
6594464642
1
2
2
2
2
1008728709
2
1
2
2
2
1
2
56270706574
2
1
2
2
2
2
2
77507239775
10851554612
12492120756
63830730009
2
2
2
2
59972366402
2
2
2
2
2
2
1
35721786836
2
2
1
2
97732272017
2
2
1
92514375621
1
2
2
2
2
59466663883
2
2
2
2
2
2
2
2
44297354179
2
2
37843771238
1
2
2
34675143191
50795684715
2
2
2
2
2
1
97932573567
2
2
2
2
2
2
2
1
2
2
2
2
2
2
2
2
99648348913
2
75891473800
1
1
2
56521727101
97980149894
2
2
2
2
1
2
2
2
2
2
2
1
2
2
38358805
2
2
2
2
2
1
30797472390
93733979065
2
1
2
56719910521
2
2
2
1
2
2
2
1
2
2
2
2
2
1
712571184
2
2
2
2
936808428
2
32712826957
48418759140
2
19247874735
2
30296938405
1
12326820299
9271425275
6365832051
95369566090
42915691807
2
2
2
1
2
2
2
2
1
2
2
2
2
2
2
2
2
2
2
20962738825
2
2
2
2
2
2
2
2
2
2
1
2
91426710807
2
2
2
31681671915
1
2
2
2
2
1
67294514454
2
2
1
1
2
2
2
2
1
31134820694
2
2
2
2
1
2
2
2
1
7391500876
2
2
2
2
2
2
2
2
17465880670
2
2
2
2
1
2
2
2
1
2
1
2
2
2
2
2
2
2
2
2
18394603390
2
87616864027
2
2
2
2
2
1
712041399
2
2
2
92666823768
2
13927794659
2
2
2
16527616278
2
2
2
1
2
2
2
2
2
2
2
2
1
2
2
2
2
31625731006
2
2
2
2
39176932762
2
2
2
50017418660
2
2
62172174723
2
2
2
76242039625
2
2
2
5661632327
2
2
21873143931
2
2
2
2
1
2
2
64106580872
2
1
2
77291706939
2
2
2
2
2
2
2
2
1
1
2
1
31098475552
26864570990
2
2
2
2
2
2
2
1
2
2
2
2
30423052599
2
81044455457
2
1
2
72368787369
1
2
2
28524765188
2
2
2
15070153630
2
2
2
2
2
2
1
2
2
1
1
2
2
2
2
2
2
2
2
2
2
24535101724
2
2
2
2
2
2
2
2
93811641646
2
2
2
2
2
20481634507
2
72017521685
2
2
1448124892
2
2
2
2
46112223752
1
2
34120204739
2
2
41854538113
1
2
2
2
84654625769
2
2
2
2
2
2
2
2
2
93973596208
1
2
2
2
2
17827226600
2
2
1
2
2
2
2
2
2
26585906663
2
2
1
2
2
2
2
1
2
2
2
2
2
2
67006468264
2
28299105417
2
2
1
2
1
2
74792589530
64970614902
2
1
71867397825
91741441367
1
99171575654
1
2
2
1
2
2
2
2
2
2
1
2
2
2
2
2
2
2
2
40051815044
1
2
2
2
2
55114398313
2
2
2
30194580309
2
2
2
2
2
2
82863571399
2
2
2
2
57163060310
2
2
15542260022
2
2
2
20190693912
83866932960
2
1
2
75044444729
56713565000
88231599132
2
17905610359
2
2
74954185101
53227829134
2
2
2
2
2
18409108817
2
2
2
2
64417345637
2
2
2
2
80743077424
2
2
2
1
2
2
2
29640190358
2
14795053678
2
2
2
2
2
2
2
2
2
2
22051642861
2
2
2
1
2
2
2
2
2
43895954495
2
1
2
1
2
2
93002476576
2
2
2
10272659315
2
2
2
86229511111
92331016782
2
66689435783
59928359778
90807916362
1
72025480581
88421036733
2
85767183200
1
2
2
2
2
2
2
29205496309
40246225253
2
2
2
2
2
2
1
8815583429
2
1
2
2
2
2
2
2
2
2
2
2
1
2
1
2
27749896207
83541860682
2
1
1
83586712722
5506747697
2
1
2
97024079545
98837378136
81962910956
2
2
2
2
2
2
2
2
27730766157
2
2
2
2
2
77620189964
2
2
2
2
85005830339
2
2
84224966423
60884553301
2
25848848963
2
2
14846654892
2
32883434057
35982553545
60824602800
1
2
72583387785
3086052107
13088743737
2
2
1
2
57012392460
2
13358812671
2
2
2
2
61846155871
1
2
25418381509
2
13045277829
2
2
78570450187
2
2
2
2
90744933378
2
2
2
18453745526
2
2
2
2
23663489674
86860603443
2
1
2
90607302320
23729543634
16089462380
17867635938
2
1
2
2
2
2
2
2
2
1
49212702886
2
2
2
2
87354975977
2
2
2
2
2
2
70980496379
2
2
1
2
2
2
2
2
11896640146
2
2
2
2
2
2
2
2
2
2
2
2
2
2
2
2
2
1
20801116546
2
2
39821887906
17761621009
2
2
2
2
2
2
2
2
2
2
93538456561
2
2
2
2
1
99297493881
1
74697810886
2
2
2
2
2
2
2
2
2
1
2
2
2
2
2
94401433830
2
1
2
2
1
2
2
63085787052
29295323681
2
2
2
2
1
2
2
2
92206773495
2
1
2
32962834201
2
2
2
2
50835664893
2
2
2
2
2
2
2
2
2
2
2
6893895169
2
2
2
1
2
2
1
94513645538
2
2
2
2
2
2
7887274168
2
59344066777
2
2
2
2
2
1
2
2
2
1
4616612720
1
58357328038
2
2
2
2
2
2
2
2
2
2
74449359342
83738856830
2
2
59931680501
1
2
1
29413231652
25054679811
2
44808500975
2
2
14495206859
2
89622876043
2
2
2
7950397338
288153911
2
2
2
6454247434
2
33444858089
2
2
1
2
2
2
2
1
2
1
13624920461
2
2
2
2
2
2
2
1
2
2
2
2
2
38239493915
2
2
6436096715
2
2
2
2
2
61643977368
2
2
2
51360048725
58615188070
27178203843
2
2
2
14480297303
2
2
2
2
2
2
2
2
2
25821077055
65987816338
2
2
2
79122225090
31309162031
17746318895
2
2
12215991379
98945234078
2
1
2
2
2
1
2
2
2
2
2
1
35071033454
2
2
2
2
2
2
1
2
2
2
2
2
2
2
2
2
2
2
2
2
2
95423202058
82813407409
2
2
1
2
2
2
1
2
2
2
2
2
71419194889
1
70785272678
2
2
2
2
1
2
2
1
2
2
1
23839456558
2
2
2
2
45517554933
2
2
2
2
2
2
2
90794821036
2
1
2
2
2
2
2
1
2
1
2
2
71374641003
2
2
74819468346
1
2
1
2
1
2
2
9397656183
1
33194227948
2
2
2
2
1
2
41300454464
76441681544
67646194802
2
1
2
2
2
2
2
2
2
2
2
60355853097
2
41012867630
89181169448
2
1
2
2
2
1
2
2
60178999658
1
62466972168
2
2
2
2
1
1
2
42631805792
2
5201650537
2
2
2
2
2
2
2
2
74355254294
2
2
2
2
2
1
2
21457995987
2
20146777527
2
2
7183404100
8958754893
2
1
71229646737
2
78900321353
2
2
2
2
93168812193
2
2
2
2
2
72900920095
43018909677
2
2
6528312003
24490020332
2
2
2
2
2
29932927746
2
2
47342437311
2
2
2
33583472592
1
2
1
2
2
2
2
2
1
2
2
2
92365389444
54860469033
2
2
75094133451
2
2
1
2
1
2
2
2
2
2
2
2
2
2
2
2
2
2
51654091585
2
2
8785734697
2
1
1
2
2
2
2
2
2
79895605889
2
2
88219434853
1
2
2
56098676366
2
2
38599285632
2
2
2
2
2
2
83108002370
2
71312223131
1
2
48089884410
2
2
2
97480688457
1
2
51379641812
2
2
2
87527403745
2
13729406687
2
57787142334
30560758531
2
32454128871
2
2
2
2
2
2
84394990156
2
2
2
31150676706
2
90524117449
2
2
2
1
2
2
2
79926930507
25517493655
2
2
57067576352
2
2
2
2
88452283120
2
2
2
17384236582
87600934885
2
2
2
2
2
2
67003540316
41843956322
2
89907350560
2
1
2
2
13040528038
2
1
2
2
1
91050606933
1
2
40264702106
2
43708292928
2
2
2
2
1
2
2
2
2
2
56720593369
2
2
2
2
2
2
2
2
2
2
2
2
2
2
2
2
77959389547
2
2
2
2
2
2
2
86480461242
2
2
2
2
2
2
2
13109189772
2
2
2
2
2
94737351033
2
52531172401
2
2
2
2
65350907859
2
2
2
2
2
46132802518
60307061711
2
2
1
2
2
2
31626398904
2
2
82297442947
2
1
2
2
2
2
2
2
2
1
2
2
23837794762
91822543867
2
1
2
2
2
2
2
2
41917848510
1
2
2
28937099558
2
2
2
2
2
2
2
2
2
2
98744312042
2
1
2
2
2
2
2
2
2
2
2
60977521787
2
2
1093802083
2
2
2
2
2
2
51400566937
2
2
2
2
2
2
2
2
2
2
73880477604
2
79694500390
2
44662919542
2
1
2
2
2
2
2
2
97525041123
96929693464
2
2
2
2
2
1
1
2
2
2
2
18900838049
1
44016662126
2
2
2
2
2
2
2
2
33172571171
2
89023612506
2
2
2
2
1
33271261073
2
2
2
3270406429
19298956685
2
2
2
2
2
2
2
2
57967706476
2
46360760787
89463228482
73132570612
25633119154
2
2
2
2
2
2
2
2
2
2
2
2
2
2
1
2
2
69907187849
2
2
2
2
2
2
2
1
2
59302495374
2
76533838705
2
2
2
45757012892
1
2
54456597955
2
2
46582285303
2
2
1
2
88872934981
2
2
1
2
2
2
2
2
2
2
2
2
2
2
58492701421
2
2
2
2
43577209900
2
2
1
2
2
2284046425
16394008715
2
23234292336
2
1
2
61318261562
2
2
1
2
2
2
2
2
2
2
83770999973
2
2
19718350498
1
2
2
2
2
2
2
1
11279412406
2
2
1
1
45743191934
2
2
2
1
2
61690605174
1
1
45222799697
2
2
2
2
83067814858
17197881614
2
2
2
2
44085271237
2
2
2
2
2
3165541150
2
2
2
2
2
2
2
2
65468438980
2
2
41252259956
2
2
2
2
88806691412
2
1
2
1
79552043680
2
2
2
80963860600
2
1
2
2
1
2
2
2
2
2
15887842995
2
2
2
2
2
2
1
2
2
2
2
2
2
2
98647188225
2
2
2
2
2
2
2
2
2
2
39659340987
2
1
2
2
48599874753
2
39063287157
2
15279105557
2
2
2
77799546156
2
2
2
2
1
2
26513769161
80607980407
2
5535974063
2
2
2
2
2
2
51635337818
1
2
2
2
2
2
2
22300680464
95496779622
2
2
53588274824
1
2
82887133726
2
2
2
2
2
2
2
2
2
2
2
2
1
2
2
71357418225
2
2
4380004653
2
2
2
2
1
2
2
2
1
2
2
22707663214
22125286680
2
9722912531
2
2
2
2
1
2
2
2
1
2
2
2
2
2
15537208582
2
76015286863
2
2
2
2
2
2
2
30120316362
2
22186669730
2
2260109239
2
2
2
2
2
2
2
2
2
2
2
21225667671
2
55961200266
2
2
2
2
1
1
49168183379
1
2
3694294158
2
2
2
2
2
2
1
2
2
1
2
2
71357552272
2
2
2
2
2
2
2
5986410574
2
4964297219
2
2
34072051715
2
2
46442224115
2
2546661698
49284647672
2
2
2
2
2
2
2
2
92516537574
2
2
2
29095091959
62917598273
2
2
2
2
2
2
2
2
2
2
81874648802
2
15755192361
2
2
2
76024615284
2
2
2
43692225275
21694136657
2
2
2
2
3476830409
2
2
1
2
2
30064147102
2
2
2
1
2
2
2
2
6052497323
10854282782
2
16776600676
2
2
2
1
2
30114732527
2
61870777578
2
2
1
78583695513
1
80716113815
2
2
2
49560223895
2
2
2
2
2
2
2
2
2
92810387330
2
53231417549
2
46890590707
7011037508
2
2
2
2
2
2
2
2
2
2
2
2
2
2
2
2
2
45390889086
2
2
1
86334981154
1
2
59128482595
2
1
2
2
2
2
2
2
1
5790984054
1
2
22224792503
2
2
63037528309
2
2
18797991615
2
2
2
2
2
48114057612
2
34504631574
1
1
1
2
2
2
2
1
2
24893361749
2
2
2
2
1
2
2
2
2
2
2
2
2
2
2
1
2
2
2
65007205696
2
2
2
27745817621
44293950760
2
1
2
27409510518
2
2
2
2
2
2
2
2
2
2
2
4458988020
2
2
2
2
78382333753
2
2
2
2
2
92260313535
28313082658
2
2
2
1
2
2
2
1
2
2
2
2
1
2
2
2
2
2
2
2
34896116117
2
48598287108
2
2
2
95920665606
2
1
2
2
2
86709869796
2
2
2
2
2
2
2
85091100220
1
2
27237116337
13669090788
53369668791
2
2
2
2
2
91271488097
18395963721
2
1
2
2
56646427415
2
2
98407826544
2
2
2
2
2
1
2
2
2
82660627830
2
1
2
2
15833968461
2
1
2
1
2
2
2
67593594521
46552587175
2
2
2
2
2
2
77303460078
2
2
2
2
2
2
2
83760596927
30796393070
89103766603
2
1
2
79271317080
7504709219
83634057484
2
2
64810821855
11783124010
2
79217291618
2
2
2
17051082778
2
75319721896
2
2
14280435388
42273295864
80261353046
2
1
2
2
15017051861
2
2
2
23882132699
1
29386348163
2
2
32777291630
2
2
2
2
1
75718683830
2
2
1
2
1
2
73215043093
2
1
32505091763
1
2
2
2
2
2
2
2
21621954713
2
2
2364855346
1
2
34218215891
2
2
2
62697298908
2
1
2
1
2
2
61789206880
2
2
2
1
1
2
1
45045923124
2
1
82698259241
2
2
2
56030027791
2
2
2
1
2
2
2
1
2
85989756044
2
2
2
2
2
2
43297169544
2
2
1
2
2
2
1
2
8733292669
2
2
2
35664984589
2
2
1
81733626055
2
2
2
47950609000
8552163658
2
2
2
95650299471
2
2
2
6961367921
2
2
2
74272324872
41049016588
2
2
1
2
2
48739501816
2
2
55627718088
92262179303
68637470848
2
25522008924
2
2
2
2
2
2
1
2
2
2
2
73746308300
26009013942
2
35553133970
87744094087
2
66204760311
2
2
74783795671
2
2
2
2
2
2
2
2
1
2
2
18065480498
95092112955
2
91136536471
2
2
2
2
2
2
2
2
2
2
2
2
1
2
31040062127
1
2
70718430105
2
2
2
2
2
2
2
2
2
2
2
1
2
1
2
2
2
76034319737
1
2
78900350947
44896788303
33176567839
2
2
66890327870
64976232299
2
10747067031
1
2
2
2
2
2
2
2
2
1
32521775966
2
2
2
2
33185626682
2
2
2
69399335759
78407929162
2
1
2
2
2
2
1
2
80298316694
2
2
2
2
1
2
97798177399
2
2
63396792155
2
2
2
2
2
2
2
2
2
10122045979
97020693621
35641192027
2
2
2
2
88301800406
61218621865
2
2
78602337274
2
2
2
2
2
1
2
2
1
1
2
2
1
2
1
2
1
2
58187281020
1
2
2
2
2
1
2
1
2
93050915193
1
83597745749
2
2
91341324177
2
2
2
65003608129
1
2
72476268555
2
86652061811
1
2
2
49243348805
29459859098
68879734936
2
39763183677
2
2
2
83843915014
2
2
2
2
2
2
2
2
2
2
2
2
77837474417
2
82341923866
2
2
1
2
2
2
2
2
2
2
2
2
1
2
1
87105336511
38322377298
2
2
2
1
2
64256749073
2
2
2
2
2
2
46062247786
2
2
2
2
62935712254
2
2
2
2
2
1
2
9715674887
53662313774
2
2
2
90222904654
2
1
26600847241
295798164
2
2
2
53373435668
60172094491
2
2
2
2
2
2
2
2
2
2
20561695991
2
2
2
2
69163161273
2
2
2
2
2
2
2
2
2
1
1
78924896227
31277561136
2
2
2
15425968539
34583720665
2
2
2
2
77373252617
70688570918
2
89280167571
848632221
2
2
2
89564102748
2
2
61128727657
2
2
2
2
1
2
2
2
2
2
89404692683
37995086371
2
2
2
2
2
2
2
69442738851
2
54699406462
2
2
1
2
2
2
18792444210
2
1
2
1656988986
2
2
2
2
2
2
2
5952493733
2
38833697742
2
2
2
2
2
2
2
2
2
49545549368
7129926945
2
1
2
2
2
2
2
2
69138359655
2
2
2
2
2
2
2
2
2
2
78569722695
2
2
2
19944386314
9530773207
2
2
1
52583769167
5658469028
2
2
1
2
2
1
83698250712
2
2
2
2
1
1
54924714138
96972967657
2
2
2
2
2
2
25265844901
2
2
2
2
2
2
59484515571
2
1
2
2
2
2
2
2
2
2
1
2
32872872531
34139674607
2
2
2
2
2
1
2
2
1
70717142942
2
2
2
2
1
2
2
29721939773
58270506725
2
2
2
2
2
63952690480
2
2
2
2
2
2
1
2
1
2
2
2
2
2
60017202499
2
2
2
91838302067
55371591632
1
2
71277461211
2
2
2
2
2
2
2
2
86586789738
2
1
2
2
32915465562
2
2
2
2
2
1
1
2
2
2
2
2
2
81094490028
2
1316989931
2
2
2
2
1
39977189735
2
2
48603837295
2
2
2
44764106209
2
2
1
59558990777
2
1
1
1
2
2
2
53525714008
2
1
2
1
2
2
2
1
2
2
2
2
2
1
2
2
2
2
2
2
6449963101
2
2
2
2
2
2
2
55893913095
2
2
16536716485
2
56409435376
2
2
2
2
2
2
2
2
2
2
2
2
2
2
2
2
11189957231
2
88354608758
2
1
1
1
1
2
2
2
2
2
2
2
2
2
2
2
4873118078
2
2
96607504275
2
95029784904
2
78842881794
8115457554
2
2
65021244553
87089895784
2
2
1757569711
2
2
2
2
72541402863
2
2
86775040372
2
2
2
2
2
2
2
2
1
1
2
1
82954867417
2
8269122551
25925794342
2
2
2
2
2
2
2
21487552795
2
49576424899
2
1
2
2
2
2
2
2
1
2
2
2
2
2
1
42314408168
2
50043076620
2
2
39169668932
2
2
2
2
2
2
2
2
2
2
2
1
2
2
1
2
2
94185156673
2
2
2
1
2
2
2
2
2
1
2
2
17590082760
2
1
2
72929747550
10810472482
2
2
2
2
2
83756074677
2
2
2
2
2
2
2
2
2
2
2
2
56426490077
1
2
74142839873
1
36192988949
2
2
2
76948187248
27163249762
2
2
1
2
2
2
2
2
2
2
1
2
2
36016989235
95166039729
2
2
2
2
37556480924
2
1
2
2
1
2
2
2
2
2
2
2
2
80162747153
87080913536
20158241686
1
2
2
1
48354884174
2
2
2
51195721756
2
2
1
59025621046
2
2
81149622743
2
2
2
10746916558
2
22396173787
2
2
47799988068
31600413542
2
11640338609
2
77239710182
2
2
2
2
2
27410014562
18604917296
2
2
49946921093
2
2
2
2
2
2
78925826504
2
1
1
1
2
2
1
2
2
2
2
2
1
2
2
2
2
2
2
23750690955
2
2
34869468988
2
2
2
2
2
1
2
2
1
37780369786
30048088178
2
2
2
2
2
2
2
1
2
2
51235591845
2
2
2
2
86872328917
88343532760
2
1
2
66507227451
2
41698139373
2
48829836708
2
2
2
2
2
2
2
2
2
2
1
2
13014884368
2
2
2
23328799522
2
2
2
7388068259
2
13052159242
1
1
2
2
56809881407
2
2
2
2
3147369483
2
2
2
2
2
2
2
2
2
76455470462
2
2
2
2
2
1
2
2
2
82342621863
2
2
2
1
2
2
2
2
95176284950
2
2
1
2
2
2
2
2
1
2
87369619391
77131311201
2
2
2
2
2
2
2
2
2
1
2
2
1
2
79324761659
2
31363595458
2
2
2377695128
75147912864
67659083000
44132048619
1
2
1
1
2
2
2
2
1
2
2
2
2
1
2
2
33313300251
2
2
2
2
2
1
2
2
86908929845
2
2
2
2
1
2
78798642327
2
2
1
2
2
2
2
2
2
28077128931
2
41853577610
2
2
2
84310076727
2
2
2
2
73316591914
1
27723618547
2
2
2
2
2
53192375007
2
2
1
2
2
2
53737815621
37327339210
2
2
2
2
2
2
31589426902
47433231182
62552108954
2
2
2
1
95448832437
2
66719009020
2
2
2
2
44688213987
2
2
77960751471
2
2
1
2
2
2
1
2
2
2
86290971282
2
2
2
2
72573389642
2
2
2
108740800
2
2
45537390208
2
2
2
2
2
2
1
1
2
2
2
2
2
42602355681
2
2
44537985424
2
2
1
2
2
10730564550
2
53935653180
2
2
70530109102
12620014989
2
2
2
2
2
1866339443
2
2
2
2
2
2
2
2
29807215784
97641196263
2
2
2
88924074362
2
2
71736426129
2
2
2
2
1
87956610992
2
2
2
2
24943307956
2
85565314380
2489656834
2
2
2
2
2
2
2
2
2
2
2
1
2
98316447326
2
2
2
2
63591625809
1
2
2
2
2
2
2
2
2
2851163076
2
39216980016
1
1
18524328949
2
2
2
2
2
2
2
2
2
2
92650249018
2
1
83744007195
73179030762
46228965863
46103258154
2
2
2
2
2
2
2
1
2
51706508430
2
2
92142241161
41004240050
2
2
2
2
2
2
2
1
96750867182
2
2
2
2
2
2
2
2
2
1
1
2
1
2
69158564054
2
1
2
2
29153987031
2
74879318728
1
2
2
2
2
2
2
2
2
2
2
2
75948697298
2
2
2
1
2
2
26967891788
2
1
2
2
2
31611211403
2
1
29354986532
2
2
2
57235459043
40752911541
2
48102171148
2
2
55625685022
2
54296669617
2
2
2
2
2
2
2
2
2
2
2
97317423669
2
88988873153
2
2
2
2
2
1
2
2
2
2
1
2
2
2
2
2
77514643400
2
13755527087
2
86983391539
18272844713
2
92986580749
2
72674924260
2
72226866756
41140622773
2
1
69411857676
2
2
2
1
2
2
2
1
2
2
2
2
2
2
2
2
2
1
1
2
2
2
95099215847
2
2
2
2
2
2
2
39503633360
2
2
2
21887724484
2
2
2
2
48112523294
2
2
2
1
1
2
2
54078327089
90860100031
41903765099
2
1
2
61335531825
2
88288268223
2
1
1
30078958831
16222359791
82038802187
2
2
9978554990
2
2
2
1
2
34708891862
2
2
49382819989
2
21251200183
2
2
2
1
2
2
2
2
2
2
2
2
1
2
2
41331340688
2
2
2
2
2
2
2
60001139088
2
2
1
2
36046866920
2
2
70122810112
2
34342351286
1
46030828312
2
2
2
2
2
52036383561
2
2
2
1
1
2
2
2
4435235623
27911024228
2
2
2
2
2
2
1
1
2
1
2
2
2
48740177440
73714130969
2
7157383186
2
2
2
2
2
2
2
2
2
2
65730010255
2
8228047434
74333936806
2
2
2
2
2
90347199478
82212603140
2
1
1
50283564310
2
2
2
62821171891
2
2
1
2
94590673356
2
2
6711370491
2
2
2
2
64484602443
2
2
2
2
2
1
2
51886404666
2
2
2
2
1
1
46246991850
2
2
54359595641
2
2
2
2
2
2
2
2
2
2
2
2
2
2
2
2
2
2
2
2
2
2
2
2
2
2
2
2
1
29364039442
22297166672
2
2
2
2
2
2
2
2
2
1
2
41288041124
2
1
5181365066
2
2
2
2
2
1
2
2
2
2
1
2
2
1
2
2
17230503934
2
97884740563
2
2
31296071704
73286243987
41849436673
2
88563681922
2
1
2
2
2
2
2
8602160723
2
60216036694
17892524332
2
2
17072810274
61944672037
2
1
1
51079264171
2
2
2
2
1
2
2
35334429616
2
2
64702775649
2
40991198876
2
2
643733272
2
2
91868774774
2
2
2
2
2
2
2
2
2
2
2
2
45792308185
99118723674
2
1
1
74910964624
1
2
2
1
2
1
2
37530822013
2
19813992689
2
10862474018
2
2
2
41324158538
2
24726883015
2
2
2
2
1
2
2
2
2
60791865734
2
89844742034
2
2
2
2
2
2
2
2
2
2
1
2
1
2
2
2
2
1
2
3396581502
25588213896
2
1
2
2
2
1
1
2
2
2
2
2
2
2
2
2
2
2
2
1
2
2
66141355414
2
2
76858720529
2
2
2
2
2
1
88471102455
2
2
1
97988384464
58154751575
2
2
2
2
41777630626
2
1
2
2
2
2
2
2
2
2
2
64310218554
2
2
2
66932063756
2
2
2
1
2
1
2
2
2
2
2
2
2
1
2
2
88422207677
70891909209
2
2
6429931377
2
2
2
2
2
2
2
2
2
27320647356
2
2
2
2
2
2
2
2
2
2
2
2
1
72864169837
2
2
2
2
2
54363274832
2
2
16007979259
2
2
2
2
2
2
2
2
2
2
2
2
1
50078293376
2
2
2
2
2
2
2
46602838069
2
2
21978934391
11668733422
42346112447
2
2
2
2
95320613906
2
2
2
2
39015286713
2
2
2
2
2
2
97714438799
2
2
1
2
2
2
68259511060
2
2
1
2
2
49303015695
33258276471
2
12849654299
2
2
2
47989028229
2
2
1
2
2
2
2
2
2
2
52754970042
2
2
2
1
31686119474
1
2
69172741149
30481694610
2
2
2
2
43190753746
2
2
67544995645
2
2
2
1
1
38309688438
2
1
37217827300
73168127219
2
2
1
55832457670
2
2
2
1
2
2
2
2
2
2
2
23755806460
2
2
2
11843576061
2
2
2
2
59340431197
2
2
1
2
2
2
2
53910337414
2
2
97205839441
99545126384
2
2
2
1
2
2
2
2
2
2
5290655390
2
1
2
2
2
2
71061899985
2
2
2
71828710440
2
2
2
2
2
13948435548
2
2
2
1
2
2
1
2
2
329592747
2
61254201286
2
31005611825
54492195682
2
36236018606
43033685555
2
2
2
2
78848762827
2
2
2
2
2
2
2
2
2
2
2
2
2
2
2
2
2
4251359056
2
55672171045
2
2
51059087822
2
1
2
2
2
26842014203
2
2
1
73566296032
1
1
2
2
96613412457
2
2
2
1
2
2
2
2
2
2
2
2
2
70582133366
1
2
1
20068749217
21092433550
2
2
12992596284
28546631561
2
2
99837703762
2
2
77965664432
29365573105
2
2
60953432440
2
2
2
20947946787
2
2
1
2
2
2
2
2
2
1
79399162882
82466844182
2
2
51461140603
2
77484780424
2
71538252176
2
87033316252
2
2
2
38275607568
2
75303948589
2
2
3869146671
2
2
50284323509
2
2
2
2
2
2
2
2
2
2
2
2
74289858024
2
2
2
2
76738620436
2
2
41027280059
2
65225904484
65298389953
2
2
2
2
1
94199165475
78513695215
2
1
2
2
41488414526
2
2
2
2
2
2
42130770558
26914230433
2
2
2
55831267981
2
2
2
69390267378
1
2
49811540050
2
56743193359
2
22875499514
1
2
2
2
2
2
2
2
2
1
23422238017
2
2
2
2
47225750740
1
1
2
2
15045589771
2
1
2
2
2
2
3041897621
2
2
83880538743
2
2
2
2
1
85029516342
2
2
2
1
1396531788
2
2
2
2
44886579362
2
2
1
2
2
70777927150
69616813607
2
2
95680611250
2
95825320860
2
2
58362525979
91404911809
2
84588852855
1
42610523171
2
2
2
2
2
2
60148548547
2
2
2
2
2
2
2
2
2
2
1
2
2
2
57497934252
2
1
2
2
2
2
2
2
2
2
2
59965032720
2
2
93191715692
2
17640124846
2
2
55335934264
1
1
1
2
55006926031
2
2
59487259679
1
82895154596
2
1
2
2
2
1
27874340823
2
2
2
2
1
2
2
80248219319
2
1
2
2
2
2
2
1
2
2
2
2
2
2
71921764380
1
2
1
1
2
2
2
2
2
2
2
2
46351353456
1
2
2
77778502403
13263538268
2
2
2
2
2
1
2
2
24489979175
2
2
2
2
2
2
14896720713
2
2
82554293769
2
2
13502297058
2
2
47515347363
2
2
2
37613297771
2
2
2
1
2
2
2
2
2
2
2
2
2
2
2
2
2
90565673909
1
2
1
2
2
2
47692860942
2
2
2
2
2
49241104058
1
69036633500
2
2
2
2
2
2
7401507304
2
2
29080706334
2
2
2
2
2
30457700011
1
80302642845
2
2
2
90391116783
2
2
2
2
54129244578
22032956767
2
2
2
47285190492
2
66374128414
2
2
2
2
2
2
2
2
2
2
2
2
2
2
2
2
1
2
37461524969
2
32778218646
2
2
17847554382
2
2
69977818413
2
38685863755
1
2
2
2
2
44263563065
2
2
78987561843
2
2
2
2
1
95018546459
50350161784
58141688929
37213282604
2
94338516718
1
2
2
2
2
2
2
10214275627
2
2
1
1
2
2
83008600901
2
2
2
2
2
2
26263824701
2
14225792889
2
1
2
1
2
2
2
48871974057
2
2
2
2
2
2
2
2
2
2
2
21618566398
2
2
2
2
2
2
2
1
1
1
2
2
72231099280
2
2
32093441176
2
36714219314
2
2
52350836406
2
2
2
2
81956636416
2
68711442352
2
2
2
2
2
2
3439673187
2
2
1
2
2
74858208150
2
2
57315325799
2
2
89086206439
2
2
2
2
1
2
41695367467
2
1
2
2
2
2
32851377356
2
2
2
83819827747
2
2
2
2
38467442365
2
2
6296565740
2
2
58106706792
95869467921
2
73586946362
2
18456011023
2
44059370656
2
2
2
1482606301
2
28033165235
4264724791
2
2
2
2
1
90654989059
2
2
2
37288708328
26165070934
2
10429048316
97803337337
1
1
2
2
2
2
1
2
2
2
1
2
2
2
4762387916
27485730997
1
2
15174558915
2
2
1
2
2
2
40612453985
2
2
85428793711
2
2
96216866051
58064507639
2
2
69601679263
48239150438
2
2
2
2
2
2
2
2
41069028986
2
2
1
2
19865496995
2
2
2
2
2
1
2
87487903501
44164181803
92518047248
2
2
2
43173694980
2
2
2
17509236521
1
2
2
2
2
2
61697439261
25487812681
2
2
1
2
1
2
2
87888562518
2
42298504070
2
2
2
1
2
2
1
2
2
2
2
2
18289441351
2
2
49687688181
49740959998
2
2
88889766707
2
2
2
5403273813
1
2
2
2
2
2
2
2
2
2
2
19833798298
2
2
2
2
2
2
2
780778303
83084081566
2
2
26404876900
2
2
53368374880
67500145995
2
72871974048
2
2
2
2
2
2
51350375071
2
2
1
2
2
42058978463
76041167240
2
2
2
2
2
2
2
2
2
2
24160416094
2
2
2
18749382626
1
2
2
2
2
96047192277
2
2
2
2
1
2
1
2
2
2
61954693548
2
2
2
2
2
2
2
2
2
2
1349733216
2
1
2
2
2
2
2
2
2721447003
2
2
2
2
2
49461514893
2
2
2
2
2
83873587779
2
2
2
1
71663581870
2
69044549103
2
2
2
1
2
1
2
1713145413
2
2
81350821368
53320946956
2
81437473485
2
76140426506
1
2
2
2
72844831054
6177068485
2
2
2
2
1
2
2
14931158470
2
2
2
2
2
54979124008
1
20673266306
2
2
2
2
2
2
2
66627603165
66726355110
2
2
2
1
20810259528
2
5859182781
7075636724
2
2
2
2
2
2
2
2
2
1
1
2
2
2
2
2
1
2
2
2
2
2
23689926219
1
2
72800244728
2
2
2
2
37818027530
2
2
2
55979835962
2
2
28730983228
57894336770
2
10466814657
52680673114
2
2
2
2
1
1
2
2
2
2
2
2
2
2
95242276572
2
2
2
2
2
2
2
2
1
2
2
88786351740
2
52234072382
72476951672
2
1
2
26432310403
93954310076
2
2
2
2
88668304993
85881205321
39499535984
1
2
2
2
2
91446424404
2
1
2
2
2
97806871077
8482004898
2
2
2
2
2
12204495890
2
2
2
2
2
1
2
2
2
2
89906473498
46293408240
1
2
2
43880757759
51624405764
2
57445101958
2
98465444981
2
43760006521
2
2
2
2
1
2
86367072901
2
2
2
2
2
1
10574337107
2
2
2
2
2
1
2
2
2
2
2
2
2
2
25843097048
96956018862
2
1
2
2
2
1
2
55470802499
2
1
2
21741438737
2
2
1
2
2
2
2
2
2
78893563596
2
1
2
2
1
2
2
2
1
1
44812376437
2
2
2
1
2
2
1
2
19297330226
2
2
1
1
85268918505
2
37914159788
2
2
2
2
2
2
1
2
2
1
2
2
2
38659796107
2
2
2
2
2
2
2
93231386906
68568245247
2
1
1
99085738737
2
2
2
2
2
2
2
2
2
91741178800
2
77243077905
2
2
2
72343144178
2
75838736446
47778233922
93966461247
2
2
2
2
2
2
88054436331
2
2
2
1
2
2
75500532165
2
2
2
22525900277
2
2
2
2
2
2
2
95458626191
1
2
2
2
2
2
2
2
2
2
2
2
2
96625141793
1
2
2
1
81343589989
2
2
2
2
6478817259
2
2
1
1
2
2
1
28602959165
2
43503890359
2
2
1
49582680326
2
2738673465
2
1
1
2
2
2
2
78217369388
25826911710
2
2
2
53266430858
95169615824
2
2
2
71193494019
24775942543
2
2
80085338539
2
2
2
2
2
2
2
2
2
2
52242073550
1
2
2
2
2
2
2
1
2
2
81310471048
1
2
2
43570470652
2
2
2
2
2
2
2
765099973
1
2
2
2
2
79896305190
1
2
2
2
2
2
2
2
2
2
2
2
2
37917181483
2
2
10071948435
2
9970205796
2
2
2
1
1
2
1
2
1
2
1
2
2
2
2
1
2
2
2
2
2
2
2
1
71381761120
40611986276
2
2
2
84027705083
26076567590
2
1
2
2
2
2
1
2
32719224569
2
2
2
2
1
2
2
1
2
2
2
1
2
2
2
2
2
1
2
48956261737
2
2
2
1
2
2
96258742263
2
1
2
2
2
1
2
1
2
2
2
2
1
2
2
2
29322876100
2
2
2
1
2
2
2
2
2
20705500226
2
1
2
2
2
2
2
1
2
1
2
2
2
2
2
14911172593
23224727993
2
2
2
2
2
2
2
2
2
2
42514392699
2
47505788135
14011940087
2
2
1
2
2
1
2
2
2
2
2
2
59207133162
2
2
2
2
2
2
2
21979446382
2
2
2
2
1
2
2
2
2
2
2
2
59451608155
71573979951
2
2
84616140499
16110733288
2
2
25478648386
2
1
2
2
2
91506985418
2
2
2
2
1
1
1
2
8303584711
2
2
2
1
2
2
2
2
2
2
2
2
2
2
38404291712
2
30253221017
2
98277463665
2
2
2
2
68232814094
2
2
2
2
2
2
2
2
2
2
2
83296881855
2
2
2
81924243022
2
1
2
2
2
1
2
2
9086689459
2
2
2
2
2
2
35023074729
2
2
2
1
1
95575258457
2
2
2
2
6552029712
1
2
91119826266
54797424206
2
1
1
2
99705183550
2
41507817255
2
2
2
2
19882686895
1
2
2
2
2
2
2
9519684289
2
94384425515
2
2
2
2
2
2
2
2
2
2
2
59550834084
2
53802874
88393651189
2
1
2
2
2
2
2
2
86386439093
37423098000
2
97782887796
2
5617654211
2
81411478612
2
2
2
2
2
2
31999868085
2
2
1
31750746242
46889311909
2
2
2
2
1
2
2
2
2
2
2
1
2
10180130679
2
2
2
2
19679542696
2
2
2
2
2
2
2
2
1
2
2
2
2
2
2
2
2
2
2
31663339229
1
2
2
2
47801038613
2
2
2
37450836912
2
57175410699
2
2
2
2
2
2
2
2
32547426908
2
2
2
2
4205278551
2
2
2
21053302679
2
2
2
2
2
1
2
2
2
2
2
2
2
65470410258
51279689464
2
36443523352
2
1
2
2
2
2
99152418896
2
15591830070
2
2
40396702791
46906564480
2
2
90820222153
82969241400
2
2
2
2
2
2
1
2
2
72750897706
2
2
1
2
2
2
2
42782522340
2
2
2
2
2
2
2
2
2
2
2
2
2
2
2
2
2
2
5098296127
2
1
2
77461859884
2
2
2
1
2
54437200423
2
2
2
91271561604
86213113574
1
2
67450247990
2
2
1
60992946619
90385666472
2
13380761502
2
55937119293
2
70167547893
57439805692
2
2
2
2
2
2
2
2
30737568718
62186865389
2
2
2
55415020148
2
2
2
58260128479
31866995802
2
2
2
1
2
52929537530
54546650050
9922569336
29672782572
2
2525543848
2
71964087797
2
2
2
1
2
2
2
2
2
2
2
2
2
2
2
2
1
2
2
2
7660286730
49423292607
2
37988396200
2
2
2
1
1
2
2
2
2
2
2
92166133877
2
2
2
2
1
2
85187438759
2
62000758095
2
1
2
2
2
1
2
16630791672
2
32215875885
1
67555532999
324512780
2
2
2
74732385105
2
1
2
28547475346
2
2
1
57864079077
2
86583328292
2
2
2
53658947751
2
2
2
1
11447487645
2
2
2
2
2
2
2
91218422146
61595265166
2
37889557393
71807740283
2
2
2
2
2
2
2
76911410884
2
1
2
2
1
2
2
2
4239302404
2
2
2
2
1
2
2
2
2
2
2
2
2
2
37988487028
2
18966806251
2
1
2
9748470796
2
1
1
2
64122333550
59118531965
63407875090
17939070204
2
754910190
2
56126021487
1
2
1
2
2
54612524423
69348808209
2
21368282249
2
2
81820678182
2
2
2
2
2
2
2
1
2
2
52965121999
2
1
2
1
2
2
2
2
2
1
2
2
2
2
2
2
2
2
13033437727
2
2
93307326313
2
42279783289
87490634281
1
1
2
5709694942
2
2
2
2
2
2
2
52474334281
2
53944278739
2
2
2
2
3993008979
2
1
2
2
2
2
2
2
2
2
2
2
58945858174
2
2
2
2
2
2
2
19195029520
2
2
2
2
2
86288063383
2
2
2
2
2
1
2
2
1
19157622782
19454424774
20179339570
78481666331
2
34858739900
1
2
78820045556
2
2
2
90325655112
2
2
2
2
88576180202
1
2
1
1
2
2
59248624018
2
2
2
2
81180038411
89351323389
2
27067489339
2
93995705989
1
2
2
2
71741804878
2
2
72420548199
2
2
2
2
2
2
65979077318
37216821925
2
2
2
2
2
2
2
66715244786
1
2
19968724395
19789456595
2
2
1
2
2
2
2
16804454588
2
2
2
2
2
2
2
2
2
2
2
93351152790
2
2
2
1
2
2
78255235453
55765086146
41294170412
2
25626216788
52522502383
2
2
2
2
2
2
2
2
2
1
1
2
1
16821272946
2
2
1
2
1
2
1
2
2
20732723481
2
2
1
2
2
2
2
2
2
1
2
58503832266
2
1
2
2
2
2
2
85425551296
2
1
2
2
2
2
2
2
2
2
2
2
2
2
2
2
2642889264
2
2
1
2
2
10740273289
2
2
2
36537813368
2
43689079081
18245175372
2
2
2
2
2
2
1
55543435608
2
1060853091
31009408899
2
2
2
2
71808303723
1
2
2
2
2
2
2
1
1
1
2
2
1
1
1
2
2
2
2
2
1
95451418786
2
2
2
2
2
1
2
2
2
1
1
2
2
2
2
2
2
34176216210
2
2
10192358385
2
2
2
2
2
2
52971936416
2
2
2
2
2
2
54004575441
58540251666
20702897899
1
50468899267
2
2
32678443195
1
2
2
2
56432356455
2
1
1
1
2
2
45845935020
2
34296078024
2
2
2
2
47831310531
2
2
34037977894
98910398444
61304890126
5779708040
2
2
2
12640602970
2
2
2
2
35203188567
2
69251301745
1
49671187487
19745011613
2
2
2
2
72324032351
2
2
2
1
2
26059779637
72477788210
2
1
2
1
58232702967
2
2
55457281493
1
2
30732624755
2
2
2
2
2
2
2
84699480664
2
1
59642861156
3631545818
2
2
2
2
1
2
1
1
2
2
2
2
2
2
2
2
2
48153802517
2
2
1
2
2
59534827360
2
2
1
12472872409
1
2
2
2
2
1
2
2
1
2
2
2
2
2
2
2
1
2
2
2
2
2
2
2
1385072855
20445563846
2
6693441475
77054884736
41097438870
14673582113
80849949055
2
19884708552
2
2
61206445995
2
2
74211185705
2
2
2
2
2
2
2
2
2
2
17423036198
2
2
2
2
2
56430885057
79043660423
2
2
58713289668
2
2
2
2
1
2
2
1510437011
2
2
2
2
32464968910
2
1
1
1286290173
2
40175447999
2
83270398133
2
2
2
2
8453366301
2
2
2
2
2
2
2
2
2
2
1
2
2
2
2
81546437611
2
2
2
85998847782
2
2
1
1
2
2
2
2
2
2
2
2
2
2
2
2
1
86866235162
2
2
2
2
2
2
86878838607
2
2
2
2
2
1
2
64552432143
83382921140
86645521948
47078340355
2
2
80676016638
2
2
1
2
2
1
68020049663
2
2
2
2
2
2
65091191133
2
15959048567
2
25750209852
57976651217
2
2
2064833733
1
1
2
2
1
2
1
2
2
2
59203623722
2
32963217101
2
2
2
58385583013
2
1
2
2
2
99704985038
2
1
2
70007817795
2
2
2
2
2
2
1
15673897387
2
2
2
2
23782785439
2
62248124981
2
35926447723
2
2
2
20687225755
2
73454397699
2
2
2
2
2
2
2
2
2
88583159028
2
2
1
2
2
2
2
90432109600
2
43845438899
2
2
2
15687478822
2
2
76560681961
2
2
2
1
2
2
2
2
2
44802982537
2
2
2
2
2
1
2
2
2
2
2
2
2
2
2
2
2
2
2
84270347335
2
68423259553
2
2
69538456332
80209874481
2
2
1
2
92322046820
2
2
2
2
2
2
2
2
2
2
2
10062483971
2
2
57207928551
2
92331003762
2
48607499565
2
2
2
32958268473
1
2
2
1
2
1
2
2
2
1
74286733641
2
5680800541
2
2
2
2
2
1
2
2
1
42169321951
2
2
2
1
2
2
69902242700
2
2
2
2
2
2
2
43843603627
4956272315
1
2
2
1
2
2
78364922309
72451277832
2
44778335152
1
1
2
1
2
2
83288073533
2
2
2
9296579899
2
2
18458593435
67404412619
1
2
2
69530604585
2
2
2
2
2
80485103883
1
2
2
2
2
2
85530333536
2
2
2
1
1
2
2
2
34159605345
2
2
2
55512258223
2
2
17472107967
1
2
2
23020106790
41178048930
2
2
2
2
2
6546236133
2
2
2
17301830524
2
1
2
2
1
1
2
72012641355
2
2
2
2
2
80932816245
2
2
1
18570407226
2
2
2
76377917399
54443165517
2
2
2
17438035677
2
2
2
1
2
2
2
55347809966
2
2
2
2
98231573973
2
2
2
2
2
2
2
2
2
32904252439
2
2
2
1
2
2
2
2
53164993831
2
87452649579
2
2
2
16055149465
2
2
2
86447431544
3076141319
2
2
68711833172
2
88689482861
2
1
1
2
2
2
2
2
2
2
53801569081
2
26324251849
2
38524396689
2
31448420941
1
20208004257
2
2
2
2
1
2
2
2
2
74237830572
2
94198098570
1
2
2
2
2
1
2
99529988975
15052572778
2
66733653699
2
2
2
32858912024
2
2
2
2
77850453939
48806968313
2
2
1
2
2
2
2
2
8873917542
2
2
1
2
2
2
66285323325
2
1
2
2
2
2
16044448601
6064235807
2
3398342222
2
1
1
2
1
62801957010
2
2
1
2
2
2
41392494553
2
2
2
2
2
2
2
2
2
2
2
2
64933189185
2
1
79299290114
2
66991338492
2
1
2
2
99927572571
2
1
2
2
2
2
2
2
2
2
47283650465
2
1
2
2
27078698284
2
2
2
2
2
2
2
2
2
2
2
6059488778
1
2
1
2
2
3118842529
2
1
4393171194
2
2
87049500909
2
2
2
2
2
1
2
2
2
1
2
2
2
2
94455407401
2
2
1
1
2
2
2
2
1
2
11641321792
61195781310
2
2
2
2
2
73286529380
2
1
2
1
2
2
2
48816262869
2
2
2
2
2
2
1
2
2
2
1
48402200993
2
2
2
25573642667
2
2
2
2
2
98088363825
4788831032
2
2
2
2
2
1
2
2
11805441034
2
2
2
2
1
1
2
2
1
2
2
2
2
1
56852036215
2
2
1
2
2
2
2
2
2
2
3199710671
2
2
71386575368
2
2
2
2
2
2
2
2
2
11965839108
2
2
79889255509
2
2
2
2
2
1
2
1
2
1
1
2
2
2
2
2
2
2
72925204649
2
53214253848
76094441371
2
2
2
2
2
2
2
2
1
82044440179
2
2
2
31894145830
1
10073331427
1
2
62374709970
2
2
2
2
85961944913
2
2
71153166491
1
2
2
89862520175
2
2
1
2
2
1
2
2
46642329398
97830118094
1
2
2
2
2
2
37282045340
70835565970
11518279776
2
2
2
59448910162
81864639800
2
2
2
2
2
2
2
2
56867689509
39452527439
2
2
2
2
2
8670305695
1
1
2
2
2
83245169056
2
2
2
81415355267
2
2
91669385389
2
3905653291
2
2
2
2
2
2
2
2
2
2
2
3590464987
2
7110222677
1
2
2
62859560623
2
2
2
2
59187588469
2
2
2
2
2341306218
2
2
2
2
2
2
2
2
25162869090
1
2
6239197551
19179000912
1
2
2
2
2
2
46493680547
2
2
2
2
2
29972906118
2
2
2
2
2
2
2
2
2
51367089372
2
2
2
2
2
2
2
2
43221065114
2
74789344857
2
2
5900672687
2
2
1
2
2
2
2
2
1
2
2
2
2
98266399053
2
1259597670
68760018384
83242271251
2
1
2
2
89048418317
1
2
77691219046
2
2
2
2
2
2
1
2
1
2
78652675733
2
2
2
1
2
2
2
1
2
12585208238
13282010120
1
2
12821268985
2
2
2
2
2
2
2
1
2
1
2
51886274284
2
2
17556184400
2
2
2
2
2
2
2
2
2
2
1
2
1
47399193344
2
2592035381
2
1
2
70110030796
2
7837389161
2
2
2
2
2
2
2
60158001343
2
1
2
2
72692237085
2
2
2
2
2
2
2
2
2
2
2
2
27525508630
2
21036694914
2
2
2
1
2
2
78276952022
1
2
2
2
2
2
1
2
2
1
55137450668
15052833377
2
79609659725
2
2
2
146216194
2
2
2
87441736071
2
1
2
2
2
2
2
2
72468057271
2
1792717692
2
2
6726458036
2
2
2
83259836772
2
2090900939
2
2
2
2
2
2
2
2
2
2
2
1
2
2
2
2
2
1
34700807182
1
2
2
31838811693
2
2
2
2
1
2
2
2
61502326905
2
62640435288
70607368861
2
2
36246214467
2
93493237952
4733353261
18381862540
1
1
2
2
77259866124
1
37496181480
19506626989
2
2
2
2
2
8902546106
28237231970
35598371067
1
2
30182146578
1
2
43787144251
2
2
2
2
2
2
2
2
2
2
2
2
48317804115
19352323840
2
2
95242083382
1
2
2
2
2
2
1
2
68582999415
2
2
2
1
2
30787756362
2
1
2
2
2344600937
2
2
85189004566
83356149413
2
21603890578
2
2
31114449065
2
61552204613
2
2
2
2
2
17306263553
2
2
29294222586
2
1
23068913545
2
1
2
2
2
89116939803
2
2
2
43439690299
2
2
1
1
2
2
2
2
9965731471
2
2
2
2
4119256603
79668848095
2
56147052697
2
2
2
1
2
2
2
2
1
1
52504051890
9644165400
2
2
79429714084
2
2
2
2
2
7144759391
2
2
2
2
89184642249
2
2
2
2
2
2
2
2
14425020089
2
2
2
2
2
2
2
2
17100437369
2
2
53900421283
2
1
91796110042
2
52431956516
1
26511736270
2
2
2
2
2
2
2
2
1
2
1
2
2
2
1
2
2
8970017155
2
15594877574
35341905762
2
2
2
73210492225
2
1
79348865484
2
2
2
2
2
39118534601
1
2
2
2
22685216659
1
2
2
29778104002
1
2
1
2
2
2
24679472768
2
2
95264564520
1
1
2
2
70134034743
99500059124
1
1
2
78030483425
2
2
2
2
2
2
2
2
2
2
2
2
2
2
33754880564
2
2
2
33429795850
2
2
2
2
2
2
61502900482
29544542182
2
2
41530159733
2
2
2
2
56925543931
1
2
87722273811
2
1213909899
1
2
2
2
2
2
2
2
1
2
2
1
1
2
2
2
52081876796
1
2
94062611088
2
2
2
2
2
2
1
2
1
2
1
2
60853037771
2
2
2
1
2
56094163141
2
2
2
2
1
2
2
2
2
2
2
2
2
2
47695817082
2
24322496754
2
2
2
1
2
2
1
2
74037543902
2
2
2
2
2
2
2
2
2
2
2
2
60357681981
2
16631141556
2
2
2
92279708350
2
99773975242
2
2
2
2
2
24969269114
9213504902
2
2
28319044997
2
2
2543653791
2
1
2
2
2
2
2
2
2
2
2
2
1
2
2
56300045647
2
2
28955658951
1
1
2
2
2
1
25874217503
9488949928
2
2
2
2
2
2
2
2
2
67721970122
2
2
2
2
2
42877652646
6529105831
2
2
2
1
2
2
2
1
2
49622382284
32778629703
2
1
2
2
356097862
2
2
2
2
2
2
2
2
2
2
6936328886
92548425876
2
2
2
61532788209
2
1
2
2
2
91400656837
1
57099168213
21008473756
2
1
2
16889858636
2
2
2
2
2
2
2
2
2
2
2
2
2
2
2
71327272449
2
2
1
2
84144651705
2
2
26566506024
2
2
2
2
92625543207
1
2
2
23933790257
2
2
18161007897
38354633119
1
1
2
2
65171273877
2
2
2
2
1
2
2
77879979725
2
2
89858285944
20800184513
2
1
2
2
2
2
2
1
2
2
33187410352
45451065239
2
2
2
2
1
52374742705
2
2
2
96543428986
2
40544355113
1
55520825985
2
2
2
2
2
2
6755706431
2
2
1
2
1
2
2
2
61342940100
2
2
2
2
1
2
2
2
2
2
1
2
2
35106790097
1047763417
2
2
15247253080
2
83330383584
2
2
2
2
2
2
87810485042
56905315576
2
2
2
2
2
2
1
67816316638
2
1
2
2
2
2
2
2
2
1
6878849102
2
2
2
2
35484172939
2
15097104768
53199269833
25332571770
1
2
2
11103884503
2
2
2
70143612455
2
2
52205427090
2
2
11836419466
66457654929
44024554063
2
2
2
2
2
81215161606
2
2
2
1
2
2
1
2
2
2
2
2
2
2
2
1
37138956081
2
1
82239459171
2
2
2
2
2
2
83238403691
2
35865536607
1
2
2
2
1
1
56233634272
2
56255924446
2
63920172391
2
2
2
2
2
2
2
54041185390
2
2
2
19145292211
2
2
2
67296228409
2
2
2
2
2
2
2
56855857024
10253301761
2
1
1
65998501795
2
2
2
2
643530439
2
1
34485820174
2
91604125330
2
2
1
2
2
2
2
1
64918651744
88341261915
2
2
53406752513
2
2
99137275270
2
2
2
2
2
1
2
2
2
2
2
42886309641
90826718153
2
2
1
2
49185992374
2
2
2
2
2
2
2
23853289186
2
2
52448994776
2
2
2
2
2
2
2
14101388258
2
2
2
2
2
2
2
2
2
71042554161
2
2
2
2
2
2
2
83340258661
2
2
2
2
1891526946
2
2
2
1
2
2
2
2
2
2
2
1622551659
2
2
1
52475919026
2
2
2
2
2
81030257055
1
2
5365257495
2
67914427933
2
2
2
2
1
2
70860723254
2
98312151912
2
2
2
2
2
2
69211527317
1
2
14601336966
19215795271
1
2
2
2
74466219820
2
92703206650
7563321999
58767197277
2
2
2
2
2
1
81425330930
38916928419
71637123949
2
2
42564521326
2
4613955768
2
2
2
2
2
2
2
2
58292138876
2
2
2
2
2
2
32836514969
2
2
2
1
2
7845471115
2
2
1
2
1
76551291300
1
2
2
2
2
2
2
2
2
2
2
2
1
2
2
2
2
2
1
93390759660
2
2
2
77472958633
2
23817011799
2
2
2
2
2
2
2
2
33634988034
2
2
2
2
2
35053318412
2
2
33153939923
2
2
2
75530494490
2
84572467293
2
2
2
2
1
2
2
2
2
2
2
2
2
53450726588
73007296594
30581948550
2
2
2
2
2
1
1
2
2
2
2
2
2
1637574220
81596062276
34426876225
2
12511565694
2
2
2
2
2
2
2
48094897525
2
1
2
2
1
2
2
2
609151034
58376271253
2
2
2
2
2
2
2
2
2
2
18344842595
2
1
2
2
2
2
1
2
2
2
2
2
2
49750279356
2
1
2
2
2
2
1
1
2
2
2
2
2
2
2
2
2
2
2
2
2
2
2
2
2
11183566813
2
2
2
2
2
2
2
2
2
2
2
1
1
2
2
49785333532
1
2
2
2
1
2
51731753932
2
93634305241
2
3114201692
2
28953955285
4319585066
23930162125
2
72838580305
2
2
12826184801
2
2
1
2
98519718479
1
68720213689
2
1
2
2
37130782482
2
2
2
2
2
2
2
2
32911411381
27993240624
2
2
21245966856
2
98822691070
2
2
14627840082
58719352736
1
2
2
2
2
1
92269645324
2
2
2
2
2
29387113775
2
1
1
54135289981
2
2
48868691790
2
1
2
2
2
2
2
2
2
2
2
63253331771
2
97683614232
1
53261189139
2
2
2
1
2
2
2
13203200851
2
61643785262
2
1
2
2
1
2
2
2
2
71256284170
2
2
2
2
36584730366
51900246730
2
2
1
1
23052908046
2
39761889670
2
2
2
2
2
2
2
2
2
2
2
29876997775
2
1
2
2
1
65678074573
2
2
64144116216
2
2
2
2
2
71122259045
2
80200296068
72749679141
1
2
2
2
1
1
2
2
2
2
69686453239
2
62952041284
55344715515
2
2
50886456671
2
2
2
2
2
1
2
2
2
4865694009
2
2
2
2
2
48058587598
27098812417
2
13818973092
2
94713167501
2
2
37867376734
2
2
2
1
2
2
2
66432122311
2
2
2
25273507936
2
2
2
1
1
2
2
2
75762956113
2
1
2
1
98292357491
1
2
2
2
2
1
2
7967986361
2
2
2
25546243492
70026763460
11098482506
85650171391
2
1
2
2
1
2
2
2
2
92843137380
2
1
2
2
2
2
1
2
1
98538971825
2
39149968240
2
2
2
1
2
1
2
28146489464
2
2
2
2
2
2
2
2
2
2
2
2
2
87309582357
73512420134
2
2
2
2
18166549392
2
2
2
2
2
2
64067654368
75065947772
75241918997
2
2
2
2
2
74136017828
21003971085
2
2
2
2
79134561814
2
2
2
2
2
2
2
2
90704927367
2
2
2
2
2
2
2
2
2
95012856461
2
2
2
1
2
2
2
2
11995925181
2
27899800133
2
2
2
2
2
2
2
21179555911
4522702623
2
2
2
90795430072
2
2
2
2
2
2
1
2
2
2
2
68406283577
2
2
2
2
2
2
2
2
2
2
2
2
2
1
2
56764561166
2
2
2
2
2
2
2
2
2
2
62536116338
2
63294802857
2
2
2
14851818411
1
54951666340
1
2
24753235757
2
20337153248
2
2
2
2
2
2
2
48098926050
2
2
36194523484
2
42575885450
78496719356
2
50757881962
288891787
2
2
9944628984
2
2
2
2
14259288047
2
2
1
2
2
2
2
2
2
2
2
9768355266
2
1
2
2
2
2
2
1
64905440342
2
2
2
2
8149937788
2
1
2
80576453352
2
2
2
2
2
1
2
2
2
1
1
1
2
1
2
2
41716206057
2
2
2
75138055373
2
2
2
2
2
1
98632047667
1
2
1
1
1
1
2
58848682932
61348581476
2
2
76185878284
2
2
2
2
2
2
46421546835
2
1
2
2
2
2
2
2
2
2
17192708397
65771750518
2
2
67871935556
2
2
2
2
49819657602
2
2
2
1
2
2
2
88128731207
72455778821
2
81634227289
2
1
8696216025
2
2
2
1
2
2
89890181645
1
2
2
2
2
2
2
1
53427954789
2
1
2
2
1
2
2
2
25789974582
2
2
20512410982
2
2
2
69177854504
2
2
2
1
2
2
54282279274
2
85540232154
74597805280
2
2
2
2
1
34845099557
2
2
2
2
21735901537
2
2
2
2
2
2
2
2
2
2
41404020066
79342028505
2
2
2
2
1
2
2
1
2
90947127662
2
2
2
2
2
2
2
1
2
2
1
2
2
2
2
68749578629
1
2
2
2
97727416225
2
2
2
1
2
2
99924037882
2
2
13634085589
2
25163597494
2
2
2
38593370032
19533479955
2
2
1
1
2
85145482466
2
2
2
2
2
38495793337
2
2
98950786231
2
2
32886811085
58814497411
2
2
2
2
2
2
2
2
2
2
43418881050
64200460656
2
2
2
2
2
2
2
2
97529990958
60068649432
2
2
10504422080
85330300465
1
2
73155175619
1
2
1
2
13876782320
52649223657
72389921071
1
98698011169
2
1
2
2
2
59587493044
2
2
1
1
2
86626804129
2
2
2
2
2
2
2
2
2
2
1
2
2
2
2
2
2
2
2
2
2
2
61371603880
2
77925105267
2
2
2
2
2
2
66074419669
2
1
2
1
2
2
2
2
2
49579030739
2
2
2
97505480430
1
2
2
63530725811
2
2
2
2
2
2
2
49003922016
2
2
2
2
2
1
2
2
2
2
2
187855774
15355456773
2
2
2
5351446286
2
2
2
1
2
2
2
1
2
2
2
2
2
25837358123
2
2
1
2
27026919235
2
2
2
2
2
1
2
2
1
2
2
2
2
2
2
2
2
1
2
2
2
64777282414
2
2
2
2
72034030138
1
2
2
29669356651
1
1
2
1
2
2
2
2011310123
1
2
2
44205783202
2
1
2
2
2
2
24543553696
54920528949
2
2
80196987842
2
74172324429
2
59759113589
2
2
2
2
2
2
2
2
26148879262
2
1
1
63602573555
2
2
2
2
2
87765743775
2
70483651929
1
66590144399
2
2
14893865138
2
2
2
1
80561531982
42227033265
1
2
2
2
66555116545
2
2
2
62948148609
2
2
2
1
2
33604106340
2
1
1
2
2
14200668452
10088307069
9267767254
2
2
2
1005389276
1
2
39328815318
97939693294
2
78018553182
2
22795723851
50210884471
2
2
95945892150
2
1
2
2
2
2
1
2
1
80982446299
2
2
2
2
2
12478228495
2
2
2
1
1
47616937720
2
2
57258399373
2
59852504554
2
2
47558142453
2
2
2
2
2
2
2
2
2
43685235494
2
1
2
2
2
99864005953
3256704662
2
2
2
2
1
2
2
1
2
2
2
2
2
1
1
2
1
26504597217
2
2
2
2
55582742581
2
2
2
17454236767
2
2
2
1
2
2
83555436507
2
2
2
2
2
23945084192
2
34355863387
2
57865975406
2
1
2
2
2
2
2
82353169339
1
2
2
2
7004428373
2
2
2
2
2
2
2
1
53193933441
82610351931
1
2
2
2
2
2
64424741490
2
2
37812226021
2
2
42794473151
97706265093
1
2
2
2
2
97374490306
2
2
1
2
2
2
22834533662
41705361094
86380754161
2
91340869675
2
2
2
88927155398
1
2
19634033336
1
2
2
2
2
2
1
2
2
2
2
2
2
2
2
2
2
2
2
2
1
2
2
2
2
2
1
2
2
2
2
2
1
1
2
1
2
2
2
2
2
23679531151
2
66616986385
2
733355885
2
2
1745558346
2
73815996880
59472331036
2
2
2
2
61683323930
93814475427
1
2
2
70105331740
1
2
90428589486
2
2
2
26059328719
93197116364
2
2
2
4151182047
2
2
2
1
2
2
2
1
2
2
2
2
1
2
1
2
2
1
36125273427
74910105409
2
2
38874034678
2
2
2
2
2
2
2
2
11196227054
2
1
27032580236
2
2
2
2
2
2
2
99033427040
2
2
2
2
2
2
60250908131
2
1
47928398908
2
2
2
2
2
2
90828550972
1
2
1
1
43107235550
2
2
1
2
2
2
2
2
2
2
2
2
36689710405
84761423915
2
2
2
1
2
84967576073
2
2
1
2
2
2
2
2
2
99860816128
73726358958
2
2
2
2
2
2
1
2
2
2
1
2
2
1
2
2
2
93791826514
99465795257
2
1
39021854666
1
2
2
2
48075676846
2
2
1
2
2
2
1
2
2
1
2
2
2
2
2
2
2
58693478638
2
2
2
2
15086528632
2
10467793076
2
2
2
2
2
1
2
1
2
2
2
2
1
44693005733
2
14697956287
2
2
2
2
63086995517
2
2
1
2
3800695908
2
1
2
2
2
87155603974
35299066880
2
8826674688
2
2
1
2
2
2
2
2
1
2
2
2
2
2
1
95547949187
2
2
2
2
2
25859802650
98965108581
2
1
2
1
2
21176965315
2
2
2
2
32242446190
2
2
51677574830
2
2
2
2
2
2
2
1970796027
2
10460453125
2
1
39733116009
2
2
2
2
1
2
2
2
42765247287
2
2
7576399233
2
2
55591321899
2
2
1
1
2
2
2
2
2
2
2
2
2
30268237378
2
2
2
2
2
2
32576276087
28373449587
2
2
2
2
2
2
3179708451
2
2
2
35205091340
2
2
2
2
2
1
2
46831695064
2
2
2
2
51736044641
13421044909
2
2
2
98619342131
63166103159
2
82082945060
88672414845
2
2
1
2
2
90634308800
2
2
14711599611
2
2
2
1
1
2
2
2
8627672509
2
2
2
1
2
2
2
2
2
2
2
2
91415564829
2
51405217419
2
2
2
2
2
2
2
2
2
86484395447
2
1
2
2
2
2
2
2
2
2
2
6625646441
2
2
2
1
2
3165867057
2
2
2
2
24380461439
1
2
2
2
2
2
2
2
2
2
17579227179
2
2
2
14224054019
23671737523
1
11446115616
1
2
1
1
10187508066
2
2
83033482087
8794358072
74059301133
2
2
2
2
2
2
1
2
2
2
1
1
2
1
2
2
1
2
1
2
2
57625572494
2
2
1
1
2
2
2
1
2
2
2
2
2
2
2
2
2
2
2
2
41482265909
2
2
1
2
2
2
2
2
2
22018285909
2
2
2
2
2
2
2
2
24488005423
2
2
2
2
2
2
2
2
52318548342
2
2
2
2
2
51779642114
1
2
2
2
2
2
2
6436141567
1
2
2
2
65654660721
2
1
2
21084275421
2
2
2
1
1
41646542000
44600107166
36130333952
2
2
70447572872
2
2
2
1
2
2
2
2
2
2
2
2
61026182137
9216532049
2
60079987021
2
2
2
2
2
2
2
2
2
52963412778
32029079407
2
2
2
2
2
2
1
2
1
2
2
1
2
2
2
1
2
2
91863989481
16941806903
2
1
2
2
92974148486
2
2
2
2
68612574267
2
2
2
2
2
2
2
2
2
2
1
2
2
2
1
2
2
2
2
2
2
2
97701587160
32345644948
1
99787908087
2
2
1
1
2
2
2
2
2
2
2
2
2
2
1
1
2
2
2
1
18056469219
21416196465
2
2
2
2
1
2
39853009993
2
2
2
1
2
2
2
2
2
2
2
2
2
41329173914
1
2
2
2
2
2
2
2
57919126865
2
2
2
2
48737046286
2
2
2
2
2
2
2
2
2
2
2
1
2
2
2
77443218007
2
79833738636
50757062695
2
2
2
2
1
2
60132380854
2
68409260543
58388721797
2
1
2
2
88399415682
2
2
1
1
2
2
14510585343
98823752491
2056339539
1
2
2
81195203609
2
1
86548541444
43024877998
2
2
13653165573
2
2
2
2
2
1
2
2
2
2
2
2
2
69758227888
5077555962
2
1
2
2
2
95791511752
2
2
84672016624
2
2
2
2
1
75557952170
61219278405
2
2
95480541203
2
2
2
2
2
2
2
2
41494205722
2
2
2
2
76067145291
1
2
2
2
62349999840
2
2
47915721166
2
2
2
2
2
31337433362
2
1
2
2
2
2
23091394028
2
2
81169294229
85107537210
2
46140096499
2
2
2
2
2
685929077
2
1
5796790810
94167999764
86505612974
2
2
2
2
2
2
2
2
2
2
2
2
2
2
2
2
2
2
2
2
2
2
2
2
1
6516987842
2
2
2
92188865228
41207688542
2
2
23749824384
2
2
2
2
2
2
2
2
2
2
2
2
2
94713389311
2
2
2
2
2
2
2
2
2
2
2
2
64688056634
2
2
2
2
2
2
2
2
42315621354
2
2
65264140131
7636552143
34402944570
2
2
2
55373123151
2
2
2
2
2
2
2
2
2
2
2
2
2
2
65957936409
1
2
1
2
2
91442882731
2
2
2
2
2
1
37605280141
2
95677346491
2
2
2
49723734083
2
1
2
1289401024
2
2
2
2
2
2
2
1
2
2
2
2
2
2
2
1
2
2
1
2
2
1
12508239309
2
2
2
2
16367802553
79701696638
2
2
1
2
2
2
93269254389
2
2
2
51025672913
2
12364215725
2
2
2
1
2
2
2
2
2
2
2
77590443058
1
2
2
1
2
2
2
2
2
2
2
2
2
2
2
2
2
2
419255713
2
43013802376
2
2
1
49949034060
90957836971
2
2
61247177932
2
2
2
2
65668131615
2
2
2
1
2
82816997071
2
8154688194
2
53660697273
2
2
2
2
2
1
2
2
2
2
2
26231839064
2
2
13908771765
2
2
11042032761
2
2
2
2
2
2
2
2
2
38966057731
2
2
2
51921774795
1
2
2
2
2
1
44752224643
33208978662
2
88656208376
2
2
2
74720481814
2
2
2
2
2
2
2
2
1
2
57366166760
2
2
2
2
1
20144601694
2
2
1
2
99964029200
1
47422957283
2
2
77610687193
2
2
2
2
2
2
2
2
2
27220243586
24462596660
2
2
2
2
2
2
2
1
2
87765573615
1
2
1
2
1
2
1
2
2
2
93637046800
2
2
2
2
2
2
1
2
2
2
2
2
1
2
2
88910766568
2
2
2
34896407316
16437250413
2
2
2
1
2
2
2
2
11177996544
2
2
2
2
84796939548
2
1
2
2
2
2
11197522481
2
2
2
37436907695
2
2
2
2
2
2
44389207675
2
2
2
2
2
2
2
2
2
2
1
2
2
2
2
2
2
2
2
2
1
2
23366106086
2
2
2
2
2
2
2
2
14071801419
1
2
2
2
2
2
2
2
2
14975451337
2
1885601189
2
2
2
2
2
2
2
2
2
2
2
94701930739
2
1
89321026459
2
2
2
2
2
2
2
2
2
2
2
2
2
2
2
2
2
2
1
2
2
45865182610
2
2
64043509062
10241397705
2
33658236421
2
2
80044170827
2
1
12562551286
2
2
2
2
2
2
2
2
2
2
2
2
2
75985941127
2
2
2
2
93989212191
2
2
2
2
2
2
1
2
2
1
1
1
2
51088059233
2
3341617733
50629590117
2
2
2
2
38345740123
2
2
2
2
44598640773
16544806550
75643513355
2
53446230647
2
2
2
48928689050
1
1667084432
2
2
2
2
2
2
2
2
1
87907566485
2
2
2
4799247199
2
2
2
1
2
11935875270
92318537401
2
2
2
2
2
2
2
2
2
2
2
94274984779
2
2
93248125592
1
2
1
2
2
2
77341294965
2
2
2
1
2
2
2
26591681227
2
2
2
2
2
2
2
2
72520655770
2
2
2
2
2
2
1
44314840162
1
1
2
2
2
2
2
82736448835
2
2
2
2
1
1
1
43007102446
2
2
1
1
2
49438778130
2
2
22794589152
1
17658135808
65691494392
2
2
2
72193782047
2
2
2
2
2
80342182050
34806348254
2
2
2
2
2
2
2
2
2
16997286654
55711585968
2
44824540649
2
1
2
2
2
2
2
44708798045
2
2
2
2
2
2
30182275558
2
2
2
2
1
2
2
2
43613716972
2
2
2
2
2
2
2
2
7745505330
2
1
2
2
2
2
2
2
2
2
2
2
2
49078702715
1
51613079125
10050698710
2
2
2
2
47314447649
2
1
2
1
2
2
2
2
71693749031
2
2
2
2
2
2
2
2
2
1
2
2
91955837741
1
2
2
2
2
2
42517851672
52585537016
63517953098
2
7845841372
2
2
75389152037
36925804339
2
63423558387
2
2
2
1
2
1
81729998929
2
2
2
2
30452780709
1
88854493026
2
9294178395
2
1037026393
2
2
1
2
2
97907998041
2
2
2
2
2
2
2
2
55070063272
1
1
2
2
59594226059
87016937104
1962103161
2
1
2
2
2
2
2
2
2
2
2
2
2
2
2
1229302402
69831594757
1
2
2
2
2
2
1
2
2
2
2
2
1
2
87534620318
2
1
73702958192
2
1
2
2
2
2
94289761912
66526504654
2
2
1
2
2
2
2
1
1
2
2
2
2
1
2
2
2
2
2
2
2
2
34642200174
82868673019
40661789209
2
2
2
2
2
1
2
14620671221
2
2
69525873974
2
2
2
2
30814499849
8964530075
2
2
36417058925
2
2
31212839458
2
1464943063
2
2
1
2
67738750940
1
1764244839
2
2
58078877547
2
2
2
2
23898461670
2
2
2
2
2
2
2
2
2
2
2
2
2
2
2
93715464024
2
85033183632
2
2
2
2
37051892044
1
40466947126
56983544589
2
2
75230766333
2
2
2
2
2
1
2
1
2
2
37352021339
1
29896667901
2
49112739268
2
175011041
2
2
2
2
2
2
2
2
1
88825562921
2
51351127899
2
2
2
2
1
4665995134
16753242982
2
2
59991024233
2
2
2
66786856839
2
2
2
2
2
2
46387402261
1
2
2
2
1
2
2
2
2
2
2
74205852852
2
42061452660
71914760230
2
2
53965840688
2
2
2
2
2
21147077431
73217017341
2
2
2
2
1
2
2
2
33540516678
2
1
1
309170195
2
72712814894
38474129810
85169502673
2
2
1
24923769837
2
2
2
2
2
2
2
1
2
1
2
92555118206
2
2
6520040164
2
2
72278354889
2
1
2
2
2
2
2
2
2
2
2
1
2
2
2
2
2
1
2
1
1
1
2
2
2
2
92984139993
2
3200165142
2
2
2
2578952940
2
1
2
1
2
2
2
2
2
2
23059030011
2
2
98117325290
1
2
80017575718
2
59715996766
2
1
2
2
2
79430861713
2
2
2
1
2
2
2
2
2
2
2
2
2
2
2
2
14297678720
2
2
2
2
7406493274
2
2
2
2
2
2
2
2
77034902391
1
2
2
2
2
2
30893104519
1
23713355578
2
2
1
2
2
2
2
62101753036
2
2
14177901206
48195664622
2
2
2
2
47516713779
47022418934
2
2
2
2
2
2
2
2
2
2
2
2
2
2
33448966749
2
2
2
2
2
2
2
29209511938
1
2
2
2
2
1
2
2
2
2
2
2
2
2
2
16275160946
2
2
2
85213570077
2
2
2
2
2
22659096583
2
30474342630
2
2
2
1
2
2
1
2
2
2
2
2
2
2
5698089456
2
1
2
55143450583
45357923585
2
1
87588046623
1
1
2
2
2
2
37693118295
2
2
2
2
1
39010474721
2
1
95202724712
2
2
2
2
2
2
2
2
2
6132112897
2
64155900435
2
2
2
1
2
2
2
1
2
18552097403
1
83057830568
1961601986
2
2
2
2
2
2
2
2
1
1
2
2
1
2
2
2
2
2
2
1
2
1
2
2
2
2
2
2
2
2
2
2
2
2
2
2
2
2
2
2
2
2
41965909058
2
1
2
79154543453
1
2
2
2
2
2
2
1
2
1
2
2
4974632175
2
2
2
54843811727
2
1
85949113781
59388492403
2
2
2
2
2
2
2
43918106381
2
2
2
2
2
2
2
2
1
2
1
2
2
83018303590
2
2
2
2
2
2
2
1
1
2
2
2
2
2
2
2
2
2
1
2
66178558046
2
2
2
78941017558
2
1
2
2
2
2
24150113293
2
2
2
2
2
35109425008
1
2
2
2
1
2
2
2
2
44539460771
2
2
58116695769
2
1
2
2
24614103031
2
27836412856
2
2
82579171912
2
2
2
2
2
2
2
2
2
2
2
16186141721
2
2
2
82080744963
1
29856829557
73046668942
2
2
2
2
2
2
3604724713
2
2
2
2
23162630503
42079408749
2
2
2
2
2
90267939552
2
2
2
2
2
67038546961
2
1
1
2
2
2
18676661940
49332892885
2
41281924963
2
45609327448
2
2
95856004028
2
87134840761
2
2
2
2637417417
2
2
57076635905
2
1683372187
9428977616
2
28315024167
12589534250
76686815670
99140408360
38415072429
2
12143407511
41753028750
2
67859837693
1
2
7098315102
2
2
63342025051
75291397709
2
2
2
50169918979
2
2
2
2
2
2
1
52141573262
29970406676
2
3588438794
2
2
2
2
2
2
2
2
1
2
2
2
2
2
6323762610
2
2
1
2
2
2
2
2
2
2
1
2
2
2
2
47216236171
2
2
2
72614086569
2
2
2
2
1
2
30181462571
2
2
2
2
1
2
2
2
12477280327
2
2
23935425539
2
77057731930
2
2
2
2
1
36452515420
741171454
47681551086
2
81978416045
2
2
2
2
2
2
1
2
2
2
2
1
2
2
2
2
2
2
2
2
57705363231
16619847224
2
2
2
2
2
2
2
1
2
2
2
2
63171720845
2
1
2
2
2
2
2
1
2
2
2
2
1
2
1
90362568970
2
2
67342249364
2
1
2
89372602532
2
2
1
2
2
2
1
2
2
2
1
80791337089
2
2
2
2
2
2
2
2
2
2
2
56562639204
2
38701968647
2
2
1
2
1
1
1
2
2
71686588307
2
1
2
2
2
2
2
2
16340724154
2
2
2
2
2
2
1
1
2
2
2
2
2
2
2
1
2
2
2
82469523423
84108140361
2
2
2
2
2
2
2
2
2
2
1
2
65009996829
2
2
2
2
2
2
2
58797448301
2
2
2
2
2
2
2
2
34309581323
2
2
2
2
2
2
2
2
2
1
83979959078
2
2
2
2
2
2
1
2
2
2
2
2
2
2
2
2
2
2
2
2
2
2
2
17408016690
1
1
2
33399915547
1
6328831561
2
2
72099240359
45857875209
2
39616173841
36291316008
2
5849322860
2
2
43946970329
2
2
2
82003259323
2
2
2
2
33822893888
2
2
2
22034379731
2
2
1
95976382446
57838319158
2
2
71560570305
2
2
1
2
2
2
1
2
2
2
2
2
2
2
2
2
53312239831
2
2
2
2
2
2
2
2
2
2
2
24568099388
2
2
2
1
2
1
2
2
2
2
2
2
2
2
5871974323
2
2
2
2
2
2
2
2
2
2
2
2
1
90616625667
2
2
1
2
2
2
2
32279418789
2
2
2
2
2
21299696884
2
41991399768
16810977729
2
2
2
2
2
2
1
1
2
1
2
2
2
2
13556050789
2
51516624427
2
2
2
2
2
2
81855520434
2
2
2
15199660321
42560015511
2
2
2
2
2
2
2
49885959576
2
2
2
2
2
12585563811
79642711240
2
2
2
2
2
2
2
2
2
2
2
1
48264591997
12786899231
2
2
2
2
76817951372
2
2
2
2
2
2
40975257009
68766068929
1
2
2
2
1
2
2
80214667692
49062323470
47547624901
2525169859
2
2
2
455971095
2
2
2
2
83850116714
2
10219255638
2
47104123479
1
2
1
1
2
2
2
1
2
1
2
2
2
2
2
72340108297
2
2
2
1
2
2
2
20507000217
2
2
2
25848887864
2
1
1
1
2
10019274164
43076337610
94049458262
32516059099
2
2
6171215492
2
2
2
50874921190
2
2
2
2
2
2
2
2
2
12518450398
2
81197445521
2
1
2
2
2
2
2
2
1
2
2
25359317828
2
2
2
2
2
2
2
2
2
81328906406
2
2
1
2
2
2
2
16249225450
1
2
2
2
2
2
2
2
2
2
89993451017
2
1
2
48292650089
2
1
1
2
2
1
2
2
2
2
2
2
19235437738
2
42162065219
2
2
2
7364198402
2
47916164086
2
2
1
2
1
2
19425669131
1
2
2
2
2
2
2
2
2
1
18826451837
2
2
2
2
2
2
2
2
1
2
2
2
2
2
2
2
2
44717668940
2
2
2
2
2
82657042172
2
2
2
2
2
2
1489779079
2
2
2
2
85530801893
2
1
1
2
1
1
97581565159
2
1
2
2
2
31397006681
24374656092
2
2
1
1
23942786557
1
2
2
2
2
2
832473648
17235781697
2
2
2
2
2
2
2
2
2
17614298591
2
1
2
2
2
17892985594
2
2
2
2
2
2
2
2
2
2
18992671548
2
1
2
2
2
1
47695221025
6468544650
2
2
2
45973551850
1
2
2
2
1
2
2
59226273392
1
2
2
15598514743
1
20773158074
2
2
2
2
2
81649798785
2
2
1
2
2
3978919672
2
2
31814902502
2
2
57779339748
2
2
74059165060
2
2
2
2
2
2
2
2
2
2
2
96762053674
2
2
1
2
61258904353
2
1
94046220027
27135020049
37002571280
45214665553
2
2
2
2
2
2
23306914654
2
2
2
2
2
1
2
99845217215
2
2
2
50161169264
2
2
63216380808
2
2
1
2
76550397864
2
2
23478794346
84395384011
2
2
2
1
2
2
32567863822
60902474273
2
2
2
2
2
41888299383
64215232188
63196824886
2
2
2
2
38739514678
2
2
2
2
2
2
44408439258
21342009720
2
2
87212558223
2
2
2
2
2
2
2
2
2
1
94675806354
2
84448494766
2
2
2
2
44895364990
2
2
16983004666
2
2
2
2
72904799169
2
2
2
48087889955
1
57318907680
85019930952
2
2
2
2
2
2
94625708982
2
2
2
58142456180
2
2
2
2
2
2
2
2
2
2
22012771081
2
62648105759
2
2
2
32776161632
577232963
2
1
2
2
2
1
21425516235
2
2
63042726694
2
1
2
2
2
2
2
2
2
1
2
2
2
1
2
1
2
2
2
2
2
2
2
2
2
2
2
2
25299755717
1
2
2
2
24359825247
2
1
1
2
2
2
32670098961
2
2
2
12193390733
78995165221
1
2
1
2
2
2
2
2
81355862564
2
2
2
1
1
2
2
2
1
2
2
87779352225
76811090352
1
38645983380
2
2
11438050357
1
1
2
2
2
2
1
2
2
2
2
1
37207304288
2
2
4731317176
2
2
2
2
1
2
2
2
2
67374968012
2
2
2
1
2
2
2
2
2
96419986481
2
2
2
2
2
39999317996
2
82249150285
72360515240
2
1
65448103431
2
1
2
2
2
2
2
2
2
2
2
2
1
2
2
2
2
2
2
2
2
93735427780
2
2
2
2
76295368721
1
2
2
2
2
2
31829779441
2
2
2
2
2
2
1
2
2
2
2
2
2
2
2
2
2
2
1
2
2
1
74034889171
2
68671996358
2
2
1
2
14511723531
2
2
2
2
2
2
2
1
2
1
2
88477230595
2
1
2
1
19183226649
2
5493423531
14564061366
2
2
2
2
2560974950
26376903223
1
1
12825609461
98119178518
2
2
2
2
73387912456
2
2
2
2
2
16199542322
2
24122327934
1
2
2
2
2
70912368627
2
50120093887
2
2
2
2
2
2
2
16195630731
2
2
2
2
2
2
2
2
1
2
2
2
5882615402
1
2
1
29716896080
16311292813
2
2
30045522710
1
2
2
2
94700405318
2
2
2
2
1
2
2
2
2
2
17441399630
2
2
9587212745
1
23410049205
25882217684
32783226483
7929076677
2
62789455982
2
2
2
2
1
2
1
2
29439044169
2
2
2
2
2
2
2
2
2
1
2
56614715374
2
2
2
2
2
2
1
2
70000945792
2
2
92779619572
1
2
24640297494
2
55993956688
56476538276
1
2
2
2
2
2
2
2
2
1
2
2
17526481612
80339802626
1
2
85641162502
85848163615
2
2
2
11463956408
2
2
2
2
2
2
2
2
2
1
2
2
2
2
2
51967182031
25280994274
2
2
43552556938
2
2
2
2
2
2
2
1
1
1
1
2
2
2
2
64650466665
2
2
2
2
2
2
2
2
2
2
2
2
1
2
2
2
2
1
71244537994
2
2
2
2
2
1
2
2
2
2
26921660575
1
78949811004
2
2
2
2
40080855748
2
2
2
2
2
2
2
2
8308472846
2
84428518622
2
1
2
2
1
2
39757914836
53117050368
2
2
2
2
2
27555501679
2
2
2
2
2
1
1
2
55381338767
1
2
96794825366
66065487785
2
2
51210348669
2
2
2
14642795820
2
2
2
2
1
2
2
2
2
57329050806
2
2
2
2
2
2
1
2
64990802463
2
2
99874999535
19699691288
93451283025
1
42469081136
2
1
2
1
2
2
2
2
2
2
2
10520169444
2
1
2
2
1
8321534354
2
2
2
2
34905820203
2
2
2
2
2
43537776359
1
2
1
2
2
99789360
2
2
88205445595
2
98700120221
2
601850144
32319069765
2
2
2
2
39704161340
2
2
75735115839
2
2
2
1
2
2
96513810684
60492370891
2
2
2
2
2
27325306080
61459041661
2
25431638962
9765098891
2
2
2
73086197316
2
37946936724
2
2
2
2
2
2
38707129527
2
18385574123
2
2
2
2
2
2
2
2
2
81673857551
2
2
2
2
1
2
2
2
2
77751587471
2
44506248984
2
2
1
65401864750
2
65582514622
1
2
2
2
66610888185
70958918680
2
2
2
2
2
2
2
1
2
67041297288
2
2
2
2
2
62697372730
2
2
2
1
2
2
2
2
87412143204
2
2
2
2
2
2
84705532063
2
2
2
2
1
2
2
63938725791
12158110848
2
2
62479551939
2
2
76997205524
2
1
2
1
2
2
2
2
2
1
1
23078735962
35798990754
2
2
2
2
2
2
2
2
2
2
2
2
69430428476
96463318947
1
2
2
1
2
2
1
2
95804260211
2
2
1
2
2
2
2
2
2
2
19742322215
31056462852
2
2
2
2
2
22141710030
81355877411
2
2
79413833733
2
2
2
2
2
2
2
1
2
2
18318870893
2
71440236485
7268515150
2
2
51420162594
34463797506
1
2
90710847222
2
2
1
2
2
2
1
2
2
2
2
2
2
2
2
2
16448167392
2
2
2
2
2
2
2
2
2
2
2
2
2
2
2
2
32609069038
3670469272
32871405249
2
2
2
2
2
2
2
2
2
2
2
2
1
41486970093
2
91699922137
1
2
2
2
22656512422
90303409337
1
2
2
57162925755
64347682313
2
2
2
2
2
2
1
2
2
2
2
2
65721103751
2
2
2
2
2
2
1
1
92615118184
55602418701
2
2
2
2
1
28743344944
1
2
2
1
67143424561
2
2
55968696413
15946049019
2
2
2
18811432253
2
2
2
18568209710
1
2
2
2
2
58340887353
2
2
77650306349
12711248786
2
2
2
2
16325206400
2
2
2
2
2
2
2
2
1
36178106808
2
2
2
2
2
2618528101
1
2
85423430917
43312196141
2
10899244340
2
2
2
1
2
2
2
2
2
2
1
2
2
2
2
2
23088576242
43831132114
2
2
2
2
2
2
2
2
1
2
2
2
2
2
56491295676
2
2
2
1
20655532117
2
2
2
2
2
2
2
99914445011
2
2
1
2
1
2327146674
2
2
2
89331458749
2
1
2
2
2
2
2
2
2
2
2
1
2
2
2
2
2
2
2
2
2
2
4583897326
2
30002637126
2
2
2
2
2
21468147202
2
2
2456967797
2
74678944345
2
2
1
2
2
2
2
2
1
2
2
2
2
2
2
