1
1
1
1
2
2
1
2
2
2
1
1
1
2
2
1
1
2
6768121150
1
1
1
1
1
1
2
1
2
1
1
2
2
1
1
2
1
36313597495
1
1
1
1
2
1
2
1
4667098740
2
1
1
1
1
87838155337
2
1
1
1
1
2
1
1
1
2
1
1
1
1
1
2
1
1
1
1
1
1
2
1
1
80824648424
1
1
1
1
39036343963
1
1
1
2
1
1
1
2
1
1
2
1
1
80790884818
1
1
1
1
1
1
2
1
2
2
1
1
50524539165
1
1
1
1
1
2
1
1
1
1
2
1
1
2
1
1
1
1
2
58961098403
1
1
1
2
1
2
1
1
2
1
1
1
1
1
2
1
2
64094001887
2
1
2
2
1
1
1
1
1
1
1
1
2
2
2
1
2
1
1
2
2
2
2
1
1
2
1
1
1
1
1
97200011190
2
1
1
2
1
2571619895
52112857256
2
1
1
1
1
37475792193
2
1
1
1
1
1
2
2
1
2
1
2
1
1
1
1
1
41024558060
72536099557
2
1
2
2
1
1
1
1
72176442288
1
1
2
1
2
1
1
1
1
1
2
1
1
1
1
1
60094610029
1
34227175935
1
1
2
1
2
2
1
1
1
1
2
2
1
1
1
1
2
2
1
1
1
1
71008228120
1
1
1
1
1
94499791814
1
2566259515
2
40934833292
1
1
1
1
2
1
2
1
1
1
2
76798901159
1
1
1
1
1
1
2
1
1
2
1
1
1
1
2
1
2
2
1
1
1
1
1
1
1
1
1
1
1
2
1
1
2
1
1
2
1
2
1
2
1
1
1
1
2
1
1
1
1
1
1
1
2
1
1
1
1
1
1
1
98364252475
1
1
1
1
1
1
1
1
1
1
1
2
2
1
2
1
1
48141689672
2
1
1
1
2
2
1
10489775497
2
1
1
95681822664
2
1
2
1
1
1
2
1
2
1
1
2
1
2
1
1
1
97240987377
1
1
1
31651305824
1
1
1
2
1
1
1
2
1
1
1
1
1
3419685280
1
1
2
1
65426089477
1
1
1
54218928110
83299545605
1
1
2
54713213515
1
1
1
1
1
2
59928705580
53941559595
1
1
2
1
2
1
1
1
1
1
2
1
1
2
1
1
1
1
1
1
1
2
2
1
2
2
1
1
2
1
1
1
2
2
1
1
1
2
1
2
1
1
2
61485960237
1
2
1
1
1
1
1
2
2
1
1
1
2
1
2
1
1
1
2
1
1
1
95830385741
1
1
1
1
1
2
2
1
1
1
1
1
1
2
1
1
2
1
1
2
1
1
2
2
2
1
1
2
34629732382
1
1694062938
1
1
1
1
2
1
1
1
2
2
66395328625
1
1
1
1
37643368405
1
1
1
1
1
1
1
2
1
2
1
42073109003
1
1
1
2
1
1
1
1
1
1
2
32907628218
2
2
1
1
1
1
1
1
1
1
1
1
1
1
1
2
2
2
1
2
28424126315
1
2
1
1
1
1
1
1
2
1
2
1
1
1
1
25884189176
25193181319
1
1
1
34912100283
65554956632
1
1
1
1
1
1
1
2
1
1
1
1
1
1
1
1
1
1
1
1
53879902532
1
1
1
2
1
1
36624916404
1
2
2
1
2
1
1
1
1
2
1
1
1
86817398066
1
2
2
90764677356
1
2
1
2
2
1
2
1
1
1
1
1
1
1
1
1
1
1
1
1
1
1
1
2
1
1
1
2
1
2
2
1
1
67619954781
1
1
1
1
1
1
2
1
1
1
2
1
1
2
10863681982
1
1
1
1
2
1
1
85066174218
1
1
1
2
1
1
2
1
1
1
1
1
1
1
1
1
1
1
1
1
1
1
2
2
1
1
1
1
1
2
2
2
1
1
1
2
2
1
1
1
1
1
1
1
1
1
1
1
1
2
12599892941
2
1
1
1
2
1
1
1
1
2
2
2
1
2
1
2
2
1
1
1
1
1
1
1
1
1
1
1
2
1
2
2
1
1
1
1
1
1
2
1
3394656815
2
1
1
1
2
1
1
1
2
2
1
1
1
1
1
1
1
1
1
19594480380
2
1
2
1
1
1
1
1
2
1
1
50681919881
1
1
1
1
2
81953709970
1
1
1
1
1
1
1
1
1
1
1
1
2819682224
1
1
1
1
1
2
1
1
23966258444
1
1
2
1
1
1
38187882921
2
1
1
1
98425278726
2
2
1
2
1
1
87155793451
1
1
1
1
2
1
1
2
1
2
1
2
1
2
2
2
1
2
1
2
1
1
1
2
1
1
2
18183896677
1
2
1
1
1
1
1
1
2
1
1
2
1
39025902500
2
2
1
1
1
2
1
1
2
1
1
2
1
2
1
1
2
2
2
1
2
1
1
1
1
2
1
1
36698469342
1
2
1
1
2
2
2
51839773013
2
1
2
1
2
1
1
2
1
1
1
1
1
2
1
2
1
1
1
1
1
1
2
1
1
1
1
1
1
1
1
1
1
67577484246
2
2
2
1
2
2
2
1
1
1
1
1
1
1
1
1
1
1
1
1
1
2
2
1
1
1
1
2
1
1
1
1
1
1
1
2
1
1
1
1
2
1
1
1
2
1
1
2
1
1
1
1
1
2
1
1
1
40390699607
2
2
1
1
1
1
1
1
1
1
2
1
2
1
1
1
1
1
1
1
2
1
2
1
2
1
2
1
1
1
2
2
1
2
1
1
1
1
1
1
1
2
57189429694
1
2
2
1
1
37964351364
1
1
1
1
29597643426
2
2
1
1
1
52163864087
1
1
1
1
1
12052808206
68467187022
1
1
1
1
1
2
1
1
1
2
14746642481
69844945769
1
2
2
1
1
2
1
1
1
1
1
1
1
2
1
1
2
1
1
2
1
66423691304
1
2
1
2
1
1
1
1
83865823482
2
1
1
1
80633402331
2
1
2
1
2
1
1
1
2
1
1
1
1
2
1
1
4039626965
2
26260656214
1
1
2
2
1
1
1
1
2
2
2
77138049532
1
1
2
2
1
2
1
1
2
1
2
1
1
2
1
2
2
1
72073173602
1
2
1
2
6049214100
1
2
1
1
2
1
1
1
2
1
1
1
1
2
1
1
2
1
1
2
1
1
1
2
7304821662
1
1
2
1
1
1
1
40950459623
1
62140511029
1
2
2
2
1
1
1
1
1
1
2
2
1
2
1
2
2
2
2
1
2
2
1
1
1
1
1
1
1
1
76084532901
2
1
1
1
2
1
1
1
2
2
1
2
1
1
2
1
1
2
1
2
2
1
1
1
2
1
1
2
1
1
1
1
1
1
2
2
1
2
2
5056827781
2
1
1
1
84612859643
1
1
1
1
1
1
1
1519918989
1
2
1
1
2
1
2
1
1
1
1
1
1
1
2
1
1
1
2
2
1
2
2
1
1
2
2
1
68234221097
1
1
2
1
1
2
1
2
2
1
2
1
2
1
2
2
1
1
1
2
2
1
2
1
2
1
1
2
1
2
1
1
1
1
1
2
1
1
1
1
1
1
1
2
1
2
1
1
2
1
1
1
1
2
1
2
1
2
2
2
2
1
73094641434
2
1
1
2
1
2
2
2
1
1
1
2
1
2
1
1
1
2
2
1
1
2
1
2
2
2
1
1
1
1
1
1
1
1
1
1
1
1
1
1
2
2
1
1
2
2
1
1
2
1
2
2
2
1
1
2
1
19366678016
1
1
2
2
2
1
2
1
1
1
1
2
1
1
2
1
1
6782412541
1
2
1
1
1
1
1
1
1
2
2
1
2
1
60554442705
2
2
1
1
1
1
1
1
93562143241
1
2
1
1
2
1
2
1
2
1
1
95907770874
2
2
1
2
1
1
1
2
2
1
2
41975978245
2
62031891506
1
12323981407
1
1
1
1
1
1
1
2
1
1
1
31872577037
2
1
1
1
1
1
2
1
11469329109
1
1
1
2
2
1
2
1
2
1
1
2
1
1
2
1
1
1
1
1
1
1
1
1
2
2
1
1
2
1
1
55279447748
1
1
200662830
1
2
1
1
2
1
1
20401708701
1
1
2
1
2
2
1
1
1
1
1
2
2
1
1
2
1
1
2
1
1
1
1
1
1
1
2
1
1
1
1
1
1
1
1
1
1
1
2
1
1
2
1
1
1
98091020075
1
2
1
1
1
1
1
1
1
1
1
1
1
2
1
1
71723803685
2
2
1
2
1
1
1
1
1
1
2
2
40496981786
1
2
2
1
2
2
1
2
1
1
2
1
1
1
2
1
1
1
1
2
1
1
2
1
1
1
1
1
2
1
2
1
1
1
1
2
2
1
2
1
1
1
2
2
2
1
1
1
2
1
2
45090618896
1
1
1
2
1
1
1
1
1
2
2
1
1
1
2
2
2
1
1
1
2
1
2
2
1
1
2
2
1
1
1
2
2
1
1
2
2
2
1
2
1
1
1
1
2
1
1
1
1
17604263858
48291219757
2
1
2
1
1
1
1
1
2
1
1
2
2
2
1
1
87227389586
1
1
2
1
1
1
2
1
1
2
1
1
1
1
1
865259513
1
1
1
2
1
2
1
2
2
1
1
1
1
1
1
1
1
1
2
2
1
1
2
71274943986
1
1
1
1
1
1
2
1
1
1
1
24921822273
2
1
1
2
1
1
2
2
2
2
1
2
1
1
2
1
1
1
1
2
1
1
1
1
2
1
2
1
1
1
1
1
1
2
1
1
1
1
2
2
2
1
1
1
1
1
1
1
1
1
1
1
1
1
1
2
1
1
1
1
12803080026
1
1
2
41095200161
69658026892
1
1
2
1
1
2
2
1
1
2
1
1
1
1
2
1
1
1
1
2
2
73312289009
2
1
1
1
1
1
39915839846
1
1
2
1
1
1
1
1
35018744434
2
1
1
1
2
2
4453370927
1
2
1
2
2
64454745726
2
1
1
1
2
1
1
2
2
1
1
2
1
1
1
1
2
2
1
1
1
1
1
1
1
1
1
1
1
1
1
2
2
2
1
2
7118677514
1
1
2
2
2
1
1
2
2
1
1
1
1
1
1
1
1
1
1
1
90145309434
1
1
1
1
1
2
1
2
1
2
1
70630276722
2
1
1
1
1
1
1
2
2
1
2
1
1
2
1
2
1
1
1
1
1
2
1
1
1
1
1
2
1
1
1
2
1
2
2
2
2
1
1
1
1
1
78299071851
1
1
1
1
1
52799967493
1
1
1
2
2
1
1
1
1
1
2
1
2
2
1
2
1
1
1
1
77465123724
1
1
2
1
1
13168506405
2
2
2
2
2
1
1
1
1
2
88797728380
1
1
2
1
1
1
2
1
1
2
2
57769316040
2
1
1
2
2
1
1
1
1
2
2
1
1
1
1
2
2
1
1
1
1
1
2
1
1
1
2
98384816159
1
1
2
1
2
1
1
1
2
1
2
2
1
1
1
1
2
1
12865421659
2
2
2
1
1
1
1
1
1
1
1
1
1
2
2
1
1
2
1
1
89993853987
1
1
1
1
2
2
1
1
1
2
2
1
2
1
1
1
2
1
2
1
1
1
2
2
1
1
2
2
1
1
2
2
1
1
1
1
1
2
2
2
1
1
1
1
1
1
1
1
1
1
1
1
1
9814813227
1
2
1
1
2
1
1
1
1
1
1
2
1
2
2
1
2
1
1
2
1
1
2
2
1
1
1
1
2
1
1
1
1
2
1
2
1
1
1
1
1
2
1
1
1
1
2
1
2
2
1
1
1
88453868457
1
1
1
1
1
1
2
12496528447
2
70193899267
1
2
1
1
2
2
1
1
1
1
1
2
2
1
1
1
1
1
1
1
1
2
1
1
1
1
1
1
2
2
1
2
1
2
2
1
1
1
1
1
2
1
1
1
1
1
52240491005
1
1
2
2
1
97428215975
2
1
58497753912
1
2
1
1
2
1
52699540552
1
26714741840
1
1
1
1
2
1
1
1
1
1
2
1
1
1
1
1
1
2
16183218223
94202945634
2
2
2
2
1
1
1
1
1
93093965790
1
1
1
1
1
1
2
1
1
2
2
1
1
1
1
2
1
1
1
1
1
2
2
1
1
1
1
1
1
1
1
1
2
1
2
1
2
1
1
2
1
1
1
1
1
1
1
1
1
1
86529584500
1
1
1
2
1
1
1
1
2
1
2
1
11551520217
1
1
1
1
1
1
1
1
1
1
1
1
2
1
1
2
1
1
2
13928089187
1
1
2
1
1
1
2
1
1
1
1
1
1
1
1
2
1
1
1
1
1
2
2
2
2
1
1
1
1
1
1
1
2
1
1
2
1
2
2
2
1
84694641546
1
2
1
1
1
1
1
1
1
93204438286
1
1
1
2
1
1
2
1
1
1
1
1
1
1
5974000611
2
1
1
1
1
1
59662672163
1
1
2
2
1
2
2
1
84738490631
1
1
1
1
1
1
73476112587
1
1
2
1
1
1
1
1
79357450858
1
1
61294171897
1
1
1
2
1
1
1
1
1
1
2
60136665143
1
2
2
1
1
1
1
1
1
1
2
1
1
2
1
1
1
2
1
1
1
1
1
1
1
1
1
1
1
1
1
1
1
1
1
1
2
1
1
1
1
1
1
1
1
1
1
1
1
1
74917239163
1
1
2
1
1
2
1
1
2
66930442613
2
1
33808343051
1
1
1
1
1
2
1
1
2
1
1
1
1
1
2
2
1
1
1
1
1
2
1
2
1
1
2
2
1
2
1
1
2
1
1
1
1
1
2
2
23696586430
1
1
1
1
1
1
2
1
1
2
1
1
2
1
2
1
1
2
1
2
1
1
1
2
2
1
1
1
1
1
2
1
1
1
1
1
2
1
2
1
1
1
1
1
1
1
63688538172
1
1
16971928554
2
1
1
1
1
1
1
2
2
2
2
1
2
2
1
2
1
2
1
2
1
2
1
1
1
1
1
1
1
2
1
2
1
1
2
1
1
1
1
2
1
1
2
2
2
2
1
2
53577591788
2
2
1
2
51941898379
1
1
1
2
2
1
1
1
1
1
1
1
2
1
2
18890658733
2
62661598610
28926238807
1
1
2
1
2
1
2
2
1
1
1
1
1
2
2
2
1
1
1
1
1
1
1
1
1
2
1
2
1
2
1
1
1
1
2
2
2
2
1
1
1
2
1
1
2
1
1
2
2
1
1
1
1
1
1
2
2
1
1
85237582531
2
1
2
2
1
2
2
1
62395506925
2
1
2
1
1
1
1
1
1
1
1
2
2
1
2
1
1
1
1
2
2
54038812323
1
2
1
1
1
2
1
1
1
1
1
2
1
2
1
2
1
1
1
1
1
1
1
2
1
2
15823748890
1
62840499206
1
1
1
6195275048
1
1
1
1
1
1
37232614733
1
1
1
2
2
2
1
1
1
1
2
1
1
1
1
7655911850
2
1
1
2
2
2
1
2
1
1
2
1
1
1
1
2
79207208568
1
1
1
2
47782349727
1
1
1
1
1
1
67915780998
1
2
2
1
1
1
1
1
1
1
1
2
1
1
1
1
1
2
1
1
2
1
1
2
2
1
2
1
1
2
1
1
1
2
2
2
1
1
1
1
2
1
1
1
1
1
1
1
1
2
1
1
1
2
1
1
1
1
1
1
1
2
1
2
2
1
1278716228
1
1
1
7873847089
1
1
1
2
1
1
82064128398
1
2
1
2
2
1
31582312015
1
1
2
1
2
1
2
1
2
1
1
1
1
1
1
2
1
1
1
2
1
1
1
2
2
2
1
2
1
71200580530
1
1
1
1
2
1
1
2
1
1
1
1
2
1
1
1
1
1
1
1
1
1
1
73933726719
1
1
2
2
1
1
1
1
1
1
1
1
81275964256
1
1
1
1
2
1
1
1
2
2
1
2
1
1
1
1
2
1
1
2
1
1
1
2
1
1
2
1
1
2
1
1
1
2
2
1
1
2
1
1
2
1
1
2
1
1
1
2
1
1
1
1
1
1
2
1
1
1
1
1
1
2
1
2
2
2
2
1
1
1
1
1
2
2
1
1
1
6726885414
2
68402880333
52167680663
1
2
1
2
1
1
1
1
1
1
1
2
2
1
1
1
98091614206
1
2
1
1
1
1
1
1
1
1
2
1
1
1
2
2
2
1
1
1
1
2
2
1
1
1
2
95615334820
1
1
2
1
1
1
2
13967636082
1
1
1
1
2
1
2
2
2
1
1
1
1
1
1
1
1
1
2
1
1
1
1
2
1
1
1
1
1
1
1
1
1
1
1
1
1
2
1
2
1
1
1
2
2
1
2
1
2
1
2
2
1
2
1
1
1
2
2
2
2
91975679933
1
1
1
1
1
1
1
2
1
1
1
1
1
1
1
2
65562543238
2
1
2
1
2
60532304609
1
1
1
92066971522
1
1
2
1
1
1
2
1
1
2
1
1
1
2
1
1
1
1
1
1
1
1
1
2
1
1
1
2
1
2
1
1
1
2
1
1
2
1
1
2
1
1
25515918208
1
1
1
1
2
1
1
1
1
1
1
36136810147
1
1
2
2
1
1
1
1
1
2
2
2
50958003267
1
1
1
1
1
1
1
2
2
88837356470
2
2
29947828555
1
2
1
1
2
1
1
1
1
1
80654624229
1
1
2
1
2
1
1
1
1
34996768152
1
2
1
1
2
1
51102613250
1
1
1
2
1
1
1
2
2
2
1
1
2
1
1
2
1
2181731707
1
1
2
1
1
87075123076
2
1
1
2
2
2
1
1
2
2
1
1
1
1
2
1
1
49336508717
2
2
2
1
1
2
80230802736
1
2
2
21640145126
1
1
1
1
1
1
1
1
1
1
1
1
1
89742023227
1
1
1
1
1
1
2
1
1
1
24277837794
2
1
1
1
1
1
2
2
1
2
1
2
1
1
1
1
2
1
1
1
2
1
1
2
2
1
2
1
1
1
1
1
1
1
1
1
71416880842
2
36196023328
1
1
2
2
1
1
1
2
1
1
1
2
2
1
1
1
73281757927
1
1
2
1
1
1
1
1
91528634498
2
1
2
1
1
1
2
1
1
2
2
1
1
1
1
2
1
1
2
1
2
1
1
2
2
1
1
1
2
1
2
2
1
2
2
1
2
98214201697
1
2
1
81992404334
47421928920
2
1
2
1
1
1
2
2
1
1
1
2
1
2
1
1
1
2
1
2
1
1
16326711355
1
1
1
1
1
1
1
2
2
7459816062
2
1
2
1
1
1
1
63799282027
2
2
2
2
1
1
1
1
1
1
1
1
2
1
2
1
1
2
1
2
2
2
2
1
1
2
2
1
67587906404
1
2
1
2
2
1
2
2
2
1
1
2
1
1
2
1
1
1
1
1
1
1
1
1
1
1
1
1
2
1
1
2
1
1
1
2
1
1
2
28198096132
1
1
1
97524712859
1
1
1
1
2
1
1
1
1
1
1
1
2
1
1
1
1
2
1
82109778418
1
1
2
1
1
2
1
2
1
1
1
1
1
1
1
2
1
1
1
1
1
1
1
2
1
1
1
2
1
60435614459
1
1
1
1
1
2
2
1
2
1
1
2
1
1
1
1
2
1
2
1
2
2
1
1
1
1
1
1
1
2
1
1
2
1
2
1
1
1
1
2
1
1
1
1
1
1
1
2
1
1
1
2
1
2
2
1
1
1
2
1
1
1
1
1
2
2
1
2
1
99288570340
2
1
1
2
2
1
1
1
1
1
1
1
1
2
1
68264760626
1
1
1
1
2
2
1
2
1
1
1
1
2
1
1
1
2
1
1
2
1
1
1
1
2
2
1
2
1
1
1
1
1
1
2
2
1
1
1
1
1
1
1
1
1
2
1
1
1
1
1
1
1
1
1
2
1
54449416219
2
1
79924662994
1
1
1
2
1
1
1
1
1
2
1
1
2
1
1
2
1
1
1
2
2
2
1
1
2
2
1
2
1
1
1
1
2
1
2
1
1
1
1
2
1
1
2
2
1
1
1
1
1
1
1
1
1
1
1
1
1
1
1
1
1
1
2
2
1
1
2
1
1
1
1
1
2
2
2
1
1
1
2
1
1
1
1
2
1
1
1
1
6214595263
1
2
1
1
1
95876346587
33823930899
1
1
2
1
2
1
2
1
1
1
1
1
1
1
1
2
1
1
1
1
1
2
2
1
1
1
2
1
2
1
1
1
1
1
2
1
2
1
1
1
1
2
2
1
1
1
36910654713
1
1
1
1
1
1
2
1
2
2
1
1
1
2
1
2
1
1
2
1
2
2
2
2
1
1
2
2
2
1
2
1
1
2
1
1
1
2
1
2
2
1
1
2
1
1
1
1
2
10426283884
1
1
1
1
2
1
1
2
1
2
1
1
2
1
1
1
1
1
1
2
2
1
2
1
1
2
1
1
1
1
2
1
2
1
2
2
1
1
1
1
1
1
1
1
1
1
2
1
1
1
1
1
1
1
1
1
1
1
1
1
1
2
1
2
1
1
2
1
1
37203608788
1
38185182949
1
1
1
1
2
2
1
2
1
1
1
1
2
2
1
1
1
1
1
1
2
58922316296
1
1
1
1
2
1
2
1
1
2
2
1
68277956825
1
1
1
1
1
1
1
1
1
1
2
1
2
1
1
1
1
1
1
1
69432792494
2
1
2
2
1
2
1
1
2
2
1
1
2
1
2
2
1
1
1
1
1
1
55746844720
28872331811
6324151071
2
1
2
2
1
1
1
1
1
1
1
1
1
26985575721
2
2
1
2
1
2
2
1
1
2
1
1
1
1
1
1
1
1
1
1
1
1
1
2
2
2
1
2
1
1
1
2
2
1
1
1
1
2
2
1
1
1
2
1
1
1
1
1
1
76606553447
2
1
1
1
2
1
1
2
1
1
2
1
2
1
1
1
2
1
2
1
1
1
1
2
1
1
34264133976
1
1
1
1
2
1
1
1
1
1
1
1
1
2
1
1
1
1
2
1
2
1
1
1
1
1
2
1
2
1
1
2
12788024242
1
2
1
1
2
55277484326
1
1
1
1
1
2
2
2
1
1
1
1
1
1
1
1
1
1
1
1
1
1
2
1
1
1
1
2
1
1
1
1
1
1
54500881082
45483532969
1
1
1
1
1
2
1
2
1
1
1
1
1
1
65817189676
2
2
83015089309
1
1
1
1
1
1
1
1
1
1
1
2
1
1
1
2
1
2
2
2
2
1
1
1
1
2
1
1
1
1
2
1
1
1
1
1
2
2
1
1
1
1
1
1
1
1
1
1
1
1
1
2
1
1
1
1
1
1
2
2
1
1
2
2
2
66276849288
84824457677
2
99117997081
1
1
2
1
2
1
2
2
62207418031
1
1
1
2
2
2
1
1
1
2
1
1
1
2
2
35151664682
2
2
1
1
81464658386
2
2
1
1
2
2
1
1
1
1
1
2
1
1
2
2
1
1
2
2
1
1
1
1
1
1
2
87308221919
1
2
1
1
1
2
2
1
1
2
1
1
1
1
1
2
1
2
2
1
12784684795
1
1
1
1
1
1
1
1
1
1
2
1
32811314216
1
1
11334747352
1
2
1
6864552311
1
2
83755456983
2
1
2
1
2
1
2
1
1
2
1
2
1
2
1
1
2
1
1
59202712411
1
1
1
2
2
1
1
1
1
1
1
1
67889793051
1
1
1
2
1
1
1
2
1
1
1
2
1
2
1
1
1
2
1
2
1
1
1
1
1
1
2
1
1
2
2
2
1
1
1
1
2
1
1
1
1
1
1
2
1
1
1
1
1
1
1
13125307777
1
1
2
1
2
2
1
1
1
1
2
1
2
62573424869
1
1
1
1
1
1
1
1
1
1
1
1
1
1
1
2
1
1
2
1
2
1
1
1
1
1
2
1
1
1
1
1
1
1
1
1
1
1
1
1
1
1
2
1
1
1
1
1
1
2
2
1
1
2
2
88151672503
1
7715643085
1
2
2
1
1
1
2
1
1
2
2
2
2
1
2
1
1
2
1
1
1
1
1
2
1
1
1
1
1
2
1
1
2
1
1
2
11989232958
1
1
2
1
2
1
1
1
1
1
2
2
2
1
2
1
2
1
2
2
75314249727
1
2
2
1
1
19810252528
1
2
2
1
2
2
44257868805
1
2
1
1
1
4219859426
1
1
2
1
2
1
1
1
1
1
1
1
2
1
1
1
1
2
2
1
1
1
2
2
1
1
32633828199
1
1
2
1
1
2
1
2
1
1
1
1
2
1
1
1
1
1
2
1
1
1
2
1
1
1
1
1
2
1
2
2
1
1
1
1
2
1
1
2
1
2
2
2
2
1
2
1
1
2
1
1
1
1
1
1
1
1
2
1
1
1
1
2
1
1
1
2
1
1
1
1
2
1
1
1
2
1
69686340598
2
1
1
1
1
2
1
2
1
2
1
1
1
2
1
1
1
83518803589
1
1
1
1
1
2
1
1
1
1
1
1
1
1
2
1
1
1
1
1
1
2
1
1
1
31524634322
1
2
2
48103331012
2
2
1
1
2
2
2
1
1
1
1
1
1
2
1
1
2
1
1
2
1
1
2
2
1
2
2
1
2
1
1
38712736490
2
1
1
1
2
1
1
1
1
1
2
1
1
1
81678390772
2
2
1
2
2
1
2
1
2
2
1
1
2
1
2
96932067624
2
1
2
8985334163
1
1
1
1
2
2
1
1
1
2
1
1
1
1
1
2
1
2
1
1
1
1
1
2
1
2
1
1
1
1
1
1
1
55140917991
2
2
48392734998
1
2
2
1
2
2
1
1
1
1
2
1
1
2
2
1
1
1
2
2
1
1
2
1
68883474457
1
2
1
1
2
2
1
1
2
1
1
1
1
2
1
2
1
1
2
2
1
1
2
2
2
1
1
2
1
1
1
2
1
1
1
2
1
268164001
2
2
2
1
1
1
2
1
1
1
2
1
2
1
2
1
1
1
1
1
1
1
1
1
1
2
1
1
1
1
1
2
1
1
2
1
2
1
1
2
1
1
1
1
1
1
1
1
1
1
1
1
1
1
1
2
2
1
1
1
1
1
2
2
1
1
2
1
2
1
2
2
1
1
1
1
2
1
71254200855
1
2
2
2
1
1
1
1
2
1
1
1
2
1
1
1
1
1
2
1
1
1
1
1
1
2
1
1
1
1
1
1
2
1
1
1
1
1
2
2
1
1
2
1
1
1
1
2
1
2
1
2
1
2
2
1
1
2
41835210610
1
1
72426746064
1
1
1
2
2
2
1
39926562009
2
19497678021
1
1
2
2
1
1
1
1
1
1
1
2
2
2
2
1
2
1
1
1
1
1
2
1
1
1
1
2
1
1
1
2
2
1
1
1
1
1
1
1
1
1
2
2
1
1
2
1
1
70308141166
1
1
2
1
52848714293
1
1
1
1
2
1
1
2
5286076894
2
1
2
1
2
1
1
1
2
1
2
1
1
1
1
1
1
47392858378
2
1
1
1
1
2
42310699094
1
1
1
2
1
1
1
1
2
1
2
1
1
1
1
1
1
1
1
1
1
1
1
2
2
1
1
1
1
2
2
1
2
1
2
1
2
1
2
2
91014897022
1
1
1
1
1
2
13698593601
2
1
1
1
1
2
1
1
2
1
1
2
36717354596
1
2
2
2
1
1
1
1
1
1
1
1
1
2
1
1
1
1
1
2
1
2
2
1
1
1
2
2
1
1
1
2
2
1
1
1
2
1
2
2
2
1
1
1
1
1
1
2
1
1
1
1
15318728331
1
1
2
1
1
1
2
2
1
1
2
1
66205581747
1
1
2
1
2
1
1
1
2
1
1
1
1
1
1
2
1
2
1
2
2
1
1
1
2
2
1
1
1
1
2
1
2
1
1
1
1
1
2
1
2
1
1
1
1
2
2
1
1
23041361703
2
1
17479871361
1
2
1
2
1
1
2
1
1
1
1
1
39728116269
2
40907254953
1
56486486916
1
2
1
1
1
2
1
1
2
1
1
1
2
1
1
2
2
2
1
2
1
1
2
1
1
1
2
2
1
6663446542
2
1
1
1
1
2
1
2
1
2
2
1
18138521444
1
1
94601507662
56003527316
1
1
42345940100
1
1
1
1
1
1
1
1
1
1
1
1
1
2
1
1
1
1
1
2
2
76445682565
2
1
1
1
2
1
1
1
2
1
1
2
1
1
1
1
2
1
1
2
1
1
2
1
1
2
85823113408
1
2
2
2
1
49569293150
1
1
1
2
1
2
1
1
1
1
1
1
1
1
60032509375
1
2
2
1
2
1
1
1
1
2
2
2
1
1
1
1
1
2
2
1
1
2
29513864033
1
1
1
1
2
2
1
1
2
2
1
1
1
1
1
1
1
1
1
1
2
2
39379964279
1
2
1
1
1
1
1
1
1
1
1
1
2
2
1
1
25691518773
1
1
1
1
1
18247510672
1
2
2
29191261147
2
1
83785438413
2
2
2
1
1
1
2
2
2
1
14920236876
1
1
2
2
1
1
1
2
2
2
2
1
1
1
2
2
1
1
1
1
1
1
1
43089700334
1
1
1
1
1
1
1
1
1
1
1
1
1
2
64206691206
1
1
1
1
1
1
1
1
1
2
2
1
1
1
1
65667252705
1
1
2
1
1
1
1
1
2
2
1
1
1
95611561036
2
2
1
2
1
1
2
1
2
2
2
2
1
2
1
2
2
1
1
1
1
2
1
1
1
1
2
1
1
1
1
1
1
2
1
1
1
1
1
2
1
1
2
2
20657024511
2
1
2
1
1
1
1266122003
2
2
2
2
1
1
34200505173
1
2
1
2
1
2
1
1
1
2
1
27389312215
1
1
1
1
1
1
1
2
1
2
1
1
1
2
1
2
1
1
2
1
2
1
2
23849832336
1
1
1
2
1
1
2
1
1
1
1
1
1
1
1
1
1
1
2
2
1
2
2
1
2
1
1
2
2
2
1
1
2
1
1
2
1
1
1
1
1
1
2
1
2
1
2
1
2
1
1
2
1
1
1
1
1
1
2
2
2
1
1
64165536712
2
1
1
1
10081038513
1
1
1
1
1
2
1
1
1
1
26867989967
2
1
1
1
1
1
1
1
1
1
2
1
1
1
2
1
1
2
2
2
67324779116
2
1
1
1
1
2
1
2
2
2
1
1
1
1
2
1
1
3583333707
2
25122214532
2
1
2
1
1
15585411223
2
1
1
2
1
1
1
2
1
1
1
1
1
1
1
1
1
2
1
1
2
1
42030527273
1
1
1
1
2
1
1
1
1
1
1
1
1
1
1
1
2
39667051850
1
1
1857886201
1
1
2
1
2
2
1
2
1
1
1
1
2
1
1
10232153816
2
1
1
1
1
1
1
1
1
2
1
1
1
1
2
1
1
2
2
1
1
1
1
1
65040466867
45636283766
1
2
1
1
1
39312601851
1
1
1
1
2
2
1
1
2
2
1
2
1
2
1
1
2
1
2
45436931973
1
1
1
4049376620
1
1
1
1
1
1
1
1
2
2
1
1
1
2
1
1
1
2
2
39481622671
5193139741
2
1
1
1
7313498637
2
1
2
1
1
1
2
2
2
1
1
2
1
1
1
1
1
77180233466
2
1
2
1
1
1
1
1
1
1
22131401584
1
1
1
2
2
1
2
2
2
1
1
1
2
1
1
2
31834187964
2
1
2
76195389284
1
1
2
1
2
1
2
1
1
2
1
1
1
1
71193316327
1
1
2
2
2
1
1
2
1
2
2
1
2
1
1
1
2
40968750297
1
1
1
13403903704
2
1
1
1
1
1
1
1
2
1
1
1
1
1
1
2
1
2
1
1
1
2
2
82100675804
2
2
1
1
1
2
1
1
1
2
1
1
2
1
1
1
1
2
1
1
2
2
2
1
1
1
2
1
1
2
1
1
1
2
1
1
2
63329602411
1
1
1
1
1
1
1
2
1
26032038119
77647436833
2
1
31196168694
1
1
1
1
2
1
1
1
2
64012964087
1
1
1
1
1
1
2
1
1
2
2
1
1
1
1
2
1
2
1
1
2
2
1
2
1
2
2
1
1
10508681604
2
1
1
1
2
1
1
1
2
1
1
2
1
2
2
1
1
1
4713373353
1
2
1
1
1
1
1
2
1
1
1
1
1
1
1
1
1
1
1
2
1
1
1
1
1
1
1
1
88212206804
1
1
2
1
1
2
1
2
1
1
1
2
1
14650278126
2
1
2
1
2
1
1
1
1
56350376594
1
1
1
1
1
1
1
1
2
1
1
1
1
1
1
1
2
2
1
1
1
1
1
1
2
1
2
2
2
1
2
50598961754
2
1
1
1
1
2
2
2
1
1
2
1
1
1
2
1
1
2
1
2
1
1
1
1
2
1
2
1
1
2
1
2
1
1
1
1
1
2
1
1
1
2
1
2
2
1
1
2
1
1
1
2
2
1
1
1
2
1
2
1
2
1
1
1
2
2
1
1
1
1
1
2
1
1
1
1
1
2
1
1
1
1
1
1
1
1
1
1
20749925709
57895824994
2
1
6792199718
1
1
1
1
1
1
2
1
1
1
1
1
34644552707
1
14383889218
1
1
1
1
1
2
1
1
1
1
1
1
2
2
1
2
1
1
1
1
1
2
2
1
2
1
2
2
1
1
1
1
1
1
1
1
1
57970882684
1
1
2
1
1
1
2
1
2
1
1
1
1
2
1
1
1
1
1
1
2
1
1
1
2
1
2
1
1
2
45582446341
1
2
2
1
2
1
2
1
1
1
1
1
2
2
1
13798607274
1
1
1
1
1
1
2
2
2
1
2
1
1
2
1
1
1
1
2
1
1
1
2
1
2
1
1
2
1
1
2
2
1
1
1
1
2
1
2
2
2
2
1
1
2
1
82795721485
1
1
1
1
2
1
1
1
1
1
2
1
1
1
2
1
1
1
1
1
1
2
1
1
2
1
2
2
1
1
2
1
1
1
1
1
1
1
2
2
1
2
1
1
1
2
1
1
1
2
1
1
2
1
1
1
2
1
2
2
1
1
1
1
1
1
2
1
1
1
36608045651
1
1
2
1
1
1
1
1
1
1
2
1
2
2
2
1
2
1
2
2
1
1
1
1
2
1
20550479452
1
2
1
2
2
1
1
1
1
2
60116866175
2
2
1
1
1
1
1
1
2
1
2
2
2
1
2
1
1
1
1
2
1
1
1
2
2
29051476643
1
1
1
2
2
1
1
1
1
1
1
2
1
1
1
1
2
1
1
1
1
47787767769
1
1
1
1
2
2
2
1
1
1
2
1
1
1
58582226168
2
1
1
2
71987479068
1
2
2
1
2
2
1
1
2
2
1
2
2
1
1
1
2
2
1
54695755221
2
2
1
1
1
1
2
1
2
1
1
1
1
1
2
1
1
1
1
2
1
2
1
1
1
2
2
1
1
1
1
2
2
1
1
1
1
1
1
2
1
1
1
1
1
1
1
1
1
1
14279716847
1
1
1
1
1
47956601565
2
2
1
1
1
2
1
2
1
2
1
1
2
1
1
1
1
2
1
1
66860044280
1
1
1
2
1
1
2
1
2
62413128033
1
1
1
1
1
1
1
1
2
1
1
2
1
2
57531212109
2
2
38984013941
1
1
62050579644
1
1
1
1
1
1
2
2
2
1
97741164866
2
1
1
1
1
1
1
1
2
1
1
1
1
1
1
18817747769
2
2
2
2
1
1
1
1
2
1
2
1
30559346413
1
2
2
1
2
2
2
1
1
1
1
1
2
1
1
1
1
1
1
1
1
1
2
1
1
2
1
1
1
1
2
1
1
1
1
79308170296
1
1
1
1
1
1
2
2
1
2
1
1
2
2
1
2
1
1
1
1
1
2
1
1
1
1
1
1
1
1
1
1
2
2
1
1
1
1
1
1
2
1
1
2
2
1
1
2
1
1
1
1
869503481
1
1
2
2
1
1
2
1
1
1
1
73695809295
1
1
1
1
1
1
34146486599
1
1
2
2
1
2
1
1
1
2
1
2
1
1
1
2374430297
2
2
1
1
1
1
56223290636
5389843954
1
1
1
2
1
1
2
1
2
82214122401
1
1
2
1
2
1
2
1
1
1
1
2
1
1
1
1
1
1
3204625682
2
1
1
1
2
1
1
1
2
1
1
2
2
1
2
1
2
2
20450163923
1
1
57240114494
1
1
1
1
1
2
1
1
1
1
1
1
1
2
1
1
1
2
2
1
1
2
2
1
1
1
32205645943
1
1
1
2
1
1
1
1
2
1
31267590372
85410990089
24865797215
2
1
1
1
1
1
2
1
1
1
2
1
49694019050
1
1
1
1
1
2
1
1
1
1
1
1
1
2
1
1
1
1
1
1
1
1
1
2
1
2
2
1
1
1
1
38168205973
64230630386
1
1
2
1
1
1
2
2
2
1
2
2
1
1
1
1
1
2
81606201484
1
1
2
1
1
1
1
2
1
1
2
1
1
2
2
1
1
1
2
1
1
1
1
1
2
2
1
1
1
1
1
2
1
1
2
1
1
1
2
1
1
1
1
1
2
1
1
1
1
1
1
1
2
2
2
39204202749
1
1
1
1
2
1
1
1
1
1
1
1
10975156160
2
1
1
1
1
1
1
23134643598
1
1
2
1
2
1
2
1
1
2
18460226447
1
1
2
1
1
2
2
1
1
1
1
1
1
2
2
2
1
2
2
66790862056
1
2
2
1387050921
2
51460388245
1
1
2
1
1
1
1
1
2
1
1
2
1
1
97156429881
54468191549
1
1
2
2
73392496548
1
1
6078014397
1
1
2
98661348492
2
1
1
1
2
1
1
1
1
2
2
22542353214
1
1
1
1
1
2
1
1
1
1
2
2
1
2
2
1
1
2
1
2
2
1
1
2
1
1
2
1
2
1
2
1
39833441976
1
1
1
2
2
2
2
2
2
1
1
1
1
1
1
1
2
1
1
1
1
2
1
1
1
1
1
1
2
2
1
1
1
1
1
1
1
1
89369445601
1
1
1
1
1
44660424472
1
1
1
35536277047
2
1
1
98917286107
2
1
1
1
1
1
1
1
1
1
1
1
1
2
59049776686
2
1
1
2
1
2
75948962084
1
1
2
1
1
1
1
11862188572
2
1
1
2
1
1
2
2
1
2
33964905222
2
1
1
1
2
2
1
1
2
2
1
1
2
1
2
2
1
1
1
88321955808
1
2
1
1
1
1
1
2
2
1
77254358053
1
1
1
2
2
2
1
1
1
1
1
1
67311882444
1
1
1
1
27844791920
1
1
2
2
2
1
1
1
1
1
2
2
1
1
1
2
2
54684049036
2
2
1
1
79190623586
1
2
2
1
1
49040313329
51536863473
2
1
1
32373486475
1
1
2
1
1
1
1
1
2
1
1
1
1
1
2
1
1
2
1
1
1
2
1
1
2
1
1
2
1
1
1
1
1
1
1
1
2
2
1
1
1
1
68040552957
1
2
1
2
1
1
1
1
1
1
1
1
36512495375
1
1
1
1
1
1
1
1
96722295615
1
2
55851816635
2
1
1
1
1
1
2
1
1
1
1
1
2
1
1
1
1
2
1
2
2
1
1
1
1
2
82366491403
1
1
2
1
1
1
1
1
1
2
1
1
2
2
1
1
1
2
1
2
1
1
1
1
1
2
1
2
2
1
1
1
1
2
1
2
1
1
1
1
1
1
1
1
2
1
1
1
2
1
1
99044316549
1
2
2
2
1
1
2
1
1
1
1
1
1
1
1
1
1
1
1
2
1
1
1
1
1
1
2
1
2
1
1
1
1
1
1
1
1
1
2
1
1
1
1
1
80488236235
12922125823
1
1
2
1
2
58449929228
1
1
1
1
2
2
1
1
1
2
1
1
1
1
1
24495673031
1
2
1
1
1
2
1
2
1
1
1
1
2
1
1
1
1
1
19402921079
1
1
2
1
1
1
1
1
2
1
1
1
1
1
1
1
2
37741731433
1
1
2
1
1
1
1
2
1
1
1
1
1
1
1
1
2
1
2
1
2
1
2
2
1
1
2
1
2
1
2
2
1
2
1
2
1
7867210264
1
1
2
1
1
2
1
1
2
2
1
2
1
1
1
1
1
1
69363851643
1
1
1
1
1
1
1
1
1
1
1
2
1
1
1
2
1
1
1
16358362369
1
1
2
2
2
1
1
2
1
1
1
1
1
2
1
2
1
2
1
1
1
1
4138817074
1
1
1
40926411046
1
1
2
1
1
1
1
2
1
1
1
1
70041282025
1
2
1
1
2
1
1
1
1
1
1
2
1
1
1
2
2
1
1
1
1
1
2
1
2
2
1
2
2
2
1
1
2
1
1
1
1
2
1
2
1
1
2
1
1
1
1
1
2
2
2
2
47007282984
2
40518402142
1
2
85955734219
2
1
1
2
2
1
2
2
1
1
1
1
1
1
2
1
2
1
1
1
1
1
1
1
1
1
1
2
1
1
2
1
1
2
2
1
1
2
1
1
2
2
1
2
2
1
1
1
2
1
1
1
1
1
1
2
1
2
1
1
2
1
1
1
1
1
2
1
49439077846
2
2
2
1
2
2
2
1
1
1
1
1
1
1
1
1
2
1
1
2
96046676425
1
1
2
1
2
1
1
2
2
1
2
1
1
1
1
2
1
1
1
1
1
1
1
1
1
1
2
1
1
1
2
1
1
1
2
1
1
1
2
1
2
2
1
1
1
2
1
1
89341925573
1
1
1
1
2
1
1
1
91914935602
1
1
8453171466
1
1
1
2
1
1
56336565645
2
1
2
1
1
1
2
2
1
2
2
1
2
2
1
2
2
1
1
1
1
1
1
2
1
2
2
1
2
1
2
2
1
2
33816122060
1
1
1
1
1
1
1
2
2
1
2
1
24194759043
1
1
1
1
1
2
2
2
1
1
1
1
1
1
1
1
2
1
1
98551139604
1
1
1
1
2
2
1
1
1
1
1
1
1
1
1
1
1
2
1
1
1
1
1
2
2
2
1
1
2
1
1
1
2
1
2
1
2
1
1
1
1
1
1
1
2
1
2
2
1
2
1
1
2
1
2
1
1
1
1
1
1
2
1
2
1
1
1
2
1
1
2
2
1
1
1
1
1
1
1
1
2
1
2
1
1
1
1
1
1
2
2
1
1
1
1
2
1
1
2
1
1
1
1
1
2
1
1
1
1
1
2
2
1
1
1
1
1
1
1
2
1
1
1
1
1
2
1
1
1
2
2
1
1
1
1
1
1
1
1
1
1
53063928980
2
1
1
1
1
1
1
1
2
39493677003
1
1
1
1
2
1
1
2
1
1
1
1
2
1
2
1
1
1
1
1
1
1
1
1
2
1
1
34485746371
2
1
2
1
1
1
1
1
1
1
2
1
1
1
1
2
2
1
2
2
1
1
2
1
1
1
1
2
1
53034335171
1
1
1
1
1
2
1
1
1
1
1
2
1
2
1
1
1
2
2
1
1
1
2
1
1
2
2
1
92506643772
2
77663873741
2
2
51602702770
48176109244
1
2
1
1
1
1
1
62060364513
1
2
83822291496
1
1
1
1
2
2
1
1
1
1
1
2
2
1
1
2
1
1
1
2
1
2
59832514694
2
2
1
1
2
1
2
24217172932
1
2
2
1
2
2
1
1
1
2
1
1
1
1
2
1
1
2
1
1
1
1
2
1
2
1
1
1
1
1
2
1
1
2
1
1
1
1
1
1
36799106657
2
1
43246875116
1
1
2
1
1
1
1
1
1
1
1
1
1
1
2
2
1
1
1
1
1
1
1
1
2
1
2
1
1
1
1
1
1
1
2
1
1
1
1
1
1
1
1
1
1
1
1
1
1
2
1
1
1
2
2
1
1
1
1
2
2
2
1
1
1
1
1
1
1
1
1
2
1
1
1
1
2
1
2
2
2
2
1
1
1
2
1
1
2
1
1
1
1
2
2
2
1
1
1
2
1
29672358444
1
1
1
2
2
1
2
1
2
45969344601
1
53345856367
1
1
2
2
1
2
1
1
2
61631186011
2
1
1
2
1
88496090541
1
1
1
1
2
1
1
1
1
1
1
1
1
1
1
1
2
2
2
1
1
1
1
1
1
1
1
1
1
1
2
2
81480902436
1
1
2
1
2
1
1
1
2
2
1
2
1
1
1
1
1
1
1
1
1
2
1
1
2
1
1
1
1
2
1
1
15854436296
1
1
2
2
1
1
1
1
1
1
1
1
1
1
80347541773
1
1
1
1
1
1
1
286974548
1
2
2
1
1
1
2
1
1
1
1
1
2
1
1
1
1
1
1
1
2
1
1
2
1
1
1
2
2
1
2
2
2
2
1
1
1
1
1
2
2
1
1
1
1
1
2
1
1
2
1
2
1
1
2
1
1
2
1
1
1
2
1
1
2
2
1
2
1
2
1
1
1
1
2
2
56449719828
1
1
1
1
1
2
2
1
2
1
1
1
1
2
1
1
2
1
1
1
1
1
1
1
2
1
1
1
1
1
1
1
2
1
2
1
2
1
82238647711
2
1
1
1
1
2
2
10131984501
2
2
1
1
6808509874
78840208128
1
2
1
1
1
2
1
1
2
2
1
2
2
1
1
1
1
1
1
1
1
1
1
1
2
1
2
1
2
1
1
1
2
1
2
1
1
1
1
1
2
1
1
1
2
2
2
1
1
53526565313
2
1
1
1
1
1
2
2
1
1
1
2
1
1
1
2
1
2
2
21952125101
1
2
1
1
1
1
1
1
1
1
1
2
1
1
2
2
1
1
2
2
2
1
1
2
1
1
1
1
1
2
1
1
1
1
1
1
2
1
1
2
1
1
1
2
6052464176
1
2
2
29730252660
2
1
1
1
1
2
13547075519
1
1
1
1
1
1
1
1
2
1
1
1
1
2
2
2
1
2
2
1
1
2
14439760372
1
2
2
1
1
1
1
2
1
1
2
1
2
1
1
2
1
1
1
1
2
1
2
1
2
1
21709606468
1
1
8175632801
2
2
1
1
1
1
1
1
2
1
1
1
1
2
1
1
2
1
1
2
1
1
1
1
1
1
1
2
1
1
1
1
2
1
1
1
1
2
1
2
1
74852570996
2
1
1
1
1
2
1
2
1
2
2
1
2
62526966799
1
2
1
1
1
1
1
1
2
1
1
2
1
1
1
1
2
1
2
1
1
2
1
1
1
1
2
1
1
1
1
1
1
1
1
1
1
1
1
2
1
1
1
2
2
2
2
1
2
20749661427
1
1
1
1
1
1
1
2
1
1
1
1
1
1
2
1
2
1
1
2
2
1
2
1
1
1
1
1
1
1
1
1
1
1
2
1
2
1
2
2
2
33443003291
1
1
1
1
1
1
2
1
2
2
1
1
1
1
1
1
2
1
2
2
1
1
1
2
1
2
1
1
1
1
2
1
1
1
1
1
2
1
2
1
1
47456392196
1
2
1
1
1
2
1
2
1
2
1
1
1
1
1
2
75939762965
1
1
1
1
1
2
1
1
1
1
1
2
1
2
1
1
2
1
1
2
1
1
2
2
1
2
1
1
1
1
1
1
1
1
1
2
2
1
1
1
1
1
2
1
1
2
1
2
1
2
1
2
1
1
2
1
1
1
1
2
1
1
1
2
1
1
1
1
7581887152
1
1
2
1
2
1
1
1
1
82690849635
1
1
1
1
1
1
1
1
28179398016
2
2
1
2
1
2
1
2
1
2
1
1
1
1
1
2
1
1
13920214674
1
88835509806
1
1
66652601861
2
1
1
1
1
1
1
1
1
1
2
1
1
17527050029
1
1
1
2
1
1
1
1
2
1
1
1
1
1
1
59196583535
2
1
2
2
2
1
2
2
2
2
1
1
1
2
1
1
1
1
1
2
2
1
1
2
2
1
1
1
1
1
2
2
1
2
1
1
1
2
1
1
1
2
1
2
2
1
1
1
1
1
1
1
2
1
1
1
1
1
1
2
1
1
1
2
65498820851
1
1
1
2
1
1
1
1
2
2
1
2
2
1
1
2
1
2
1
1
1
1
1
2
1
1
1
1
1
1
2
2
1
1
1
2
1
1
2
1
1
2
19393957409
1
1
2
2
1
1
1
1
2
2
1
1
2
1
61664451259
1
2
1
1
1
1
1
2
2
1
1
2
1
1
1
1
1
1
1
1
1
1
1
1
1
1
2
1
1
1
1
1
1
1
1
2
2
2
1
1
1
1
1
1
1
59101288405
2
1
1
1
1
1
1
2
1
2
2
1
1
1
1
2
1
1
1
1
1
1
2
1
1
1
2
2
2
2
1
1
1
1
1
1
1
1
2
4261047929
1
1
1
1
1
2
1
1
1
1
1
1
1
2
1
1
1
1
1
2
2
2
1
1
1
2
1
1
2
87370759076
1
1
2
1
2
1
2
1
2
1
1
1
2
1
1
1
1
2
79678828298
1
1
1
1
1
1
1
1
1
2
1
1
1
1
87374518962
2
2
2
11949888171
1
1
2
1
1
1
2
1
1
1
1
2
1
1
2
1
1
1
1
1
2
1
2
2
1
2
1
2
1
1
1
1
2
1
1
1
92660222258
87054467680
1
1
2
1
2
2
1
2
1
88219796399
1
1
1
2
2
1
1
1
1
1
1
1
1
1
1
1
2
1
1
1
1
1
1
40370905550
2
1
1
2
1
2
2
1
21701975187
25897386516
1
1
2
36133736128
1
2
1
2
1
2
1
85021290887
87187381859
1
1
1
1
1
1
1
1
1
2
1
1
2
1
1
1
1
2
1
62533960406
1
1
1
2
1
1
1
1
1
1
1
1
1
1
1
1
2
1
1
72109655473
2
1
86426433227
1
1
1
1
2
1
2
28126089835
90062033082
2
2
2
1
1
1
1
1
2
1
1
2
1
1
91366896468
2
2
1
1
1
1
1
1
1
1
1
1
1
1
2
1
1
1
1
2
2
1
1
1
2
1
2
1
1
1
2
1
1
1
1
1
1
1
1
2
2
32032428385
1
1
1
1
1
2
1
16968260899
1
62216593897
1
1
2
1
1
1
2
1
1
1
14804163017
1
1
1
2
1
2
1
1
80711945172
1
2
84060885952
1
1
2
1
1
1
2
1
2
6363308206
1
1
1
1
2
2
1
1
1
1
1
1
2
2
6173442720
2
1
1
2
1
2
1
1
1
2
1
1
1
13093787847
1
4109005052
12949692766
1
1
1
1
1
1
2
1
2
1
1
1
1
2
1
1
1
1
2
2
67735502988
2
1
2
2
2
1
1
2
1
2
1
1
1
386967829
1
1
2
1
2
2
2
1
1
1
2
1
2
1
1
1
1
1
1
1
1
1
1
2
1
1
1
1
2
2
2
2
1
2
2
2
1
1
1
1
1
2
1
2
2
1
1
2
1
1
1
1
2
1
1
1
1
1
1
2
89592741696
1
52030711550
1
1
1
1
1
1
1
1
1
1
1
1
1
1
1
2
1
56266256841
68972648481
2
2
1
1
2
1
1
2
1
1
1
93953485032
1
1
2
2
1
1
1
2
2
1
1
1
2
1
1
1
1
1
1
1
2
1
1
2
1
90779934015
2
1
2
2
1
1
1
25021491929
1
2
7375477290
2
2
2
1
2
1
1
1
2
83972954636
1
1
1
2
1
1
2
2
1
1
1
2
2
1
1
2
1
90111399380
1
1
1
10284050892
1
1
1
1
2
1
1
1
90873210245
2
1
2
1
2
1
1
1
1
1
74435334080
2
1
1
1
1
1
1
1
1
1
2
1
2
89775225165
2
1
1
1
1
1
1
1
1
1
1
1
1
50559736699
55024486688
1
1
1
1
1
1
8139479327
2
1
2
1
2
1
1
4382961309
2
2
1
1
1
1
1
1
1
2
1
1
1
1
1
2
1
1
1
2
1
1
1
1
1
1
1
2
1
2
1
1
1
1
74109674395
2
1
1
1
1
1
1
1
1
1
1
1
1
2
1
2
84006994083
1
1
1
1
1
1
1
2
1
1
1
2
2
1
1
35344537582
1
2
1
2
70188445585
1
1
1
1
1
1
14943815372
1
2
1
1
2
22759132898
2
1944345461
2
1
1
2
1
2
2
1
2
1
2
1
1
76669719786
56572256483
1
1
1
2
2
2
1
1
1
1
1
1
2
1
1
2
1
2
1
1
1
80827285256
2
1
1
1
1
2
1
1
1
2
1
1
1
2
1
68840035231
92055274636
1
1
1
2
2
2
1
1
1
1
2
1
1
1
1
1
2
1
2
2
1
1
2
1
1
1
1
2
1
52273187122
1
1
2
2
2
1
2
2
2
1
1
2
28939212348
2
1
1
1
2
1
1
1
1
1
2
1
1
2
1
1
2
2
1
2
2
87965392287
1
1
1
1
34102190470
2
1
1
1
2
1
51966169299
1
2
1
2
1
2
1
1
1
1
1
2
1
2
2
1
2
1
93891798675
17401038576
1
1
1
1
2
1
1
1
1
1
1
2
1
2
1
1
2
1
1
2
2
1
1
1
2
1
1
1
1
2
1
2
1
1
1
2
1
1
1
1
1
1
1
1
1
1
1
1
1
1
2
1
2
1
2
1
2
2
1
1
15204602571
1
1
2
1
1
2
2
1
1
86565254114
1
2
1
1
75454624490
1
1
1
1
2
1
1
1
1
2
1
1
1
1
1
1
1
2
1
1
1
1
2
1
1
1
1
1
2
2
68980549227
2
1
1
1
2
2
2
1
2
1
2
1
1
1
1
1
2
2
1
2
1
1
58010788896
1
1
1
87710732991
1
1
2
1
1
1
1
1
1
2
1
1
2
1
2
1
1
2
2
2
1
1
2
1
2
1
2
1
43701740549
32667961566
1
1
2
2
1
2
1
1
2
2
1
1
2
2
1
2
2
2
2
1
1
2
2
2
2
50606904154
76896148553
1
2
2
1
1
2
2
1
1
2
1
14455095148
1
33379614311
1
1
1
2
1
1
1
1
1
1
2
34180048879
2
97745983410
1
66423766829
1
1
1
1
1
1
85521415301
1
10141525669
1
1
2
1
47158855917
1
2
2
1
1
1
1
1
2
1
1
2
1
1
1
1
2
2
1
2
1
90622097836
1
2
1
2
1
1
1
1
1
1
1
1
2
1
1
2
1
1
1
1
1
1
1
1
2
2
1
10542723916
2
1
1
1
1
1
1
1
2
1
2
1
1
1
2
1
1
1
1
1
1
1
1
1
1
2
1
1
1
1
1
1
1
1
1
1
1
43152141278
2
2
1
1
2
54296757424
1
1
2
1
1
1
1
1
1
1
2
2
1
18704900822
72300145842
1
1
1
2
2
1
1
1
34028647608
1
1
1
1
1
1
1
1
1
1
1
1
2
2
2
1
1
2
1
2
2
1
1
1
13556306198
1
7924538502
2
1
1
1
1
2
1
2
1
1
1
2
1
1
2
1
1
1
1
1
1
1
2
2
1
2
89310568370
1
1
1
2
1
8842477817
1
1
1
2
1
2
1
1
1
1
2
2
1
1
1
1
2
1
2
1
2
1
1
1
1
2
1
2
2
1
1
1
1
57474562621
1
1
1
1
1
1
1
2
2
2
1
1
1
1
2
1
1
1
2
1
1
2
2
2
1
1
90833221917
2
2
1
1
2
2
2
2
1
1
1
1
2
1
1
1
1
22297934376
2
2
1
2
2
1
1
1
1
1
2
38430915546
1
1
1
1
2
1
2
1
2
78865334173
1
86726822346
2
1
1
2
1
2
1
2
1
1
1
2
1
2
1
1
1
21975072038
1
1
1
1
2
1
49711187403
1
1
2
2
1
1
1
1
1
1
2
1
1
1
2
1
2
2
1
1
1
1
1
1
1
2
2
1
1
1
1
1
1
1
2
2
1
1
1
1
2
1
1
1
2
1
1
1
2
2
1
1
2
2
2
2
2
1
1
1
1
1
1
1
1
1
2
1
2
1
2
1
1
1
1
1
55513041356
1
2
2
2
1
2
1
2
2
1
1
1
1
1
2
2
1
1
1
2
1
1
39195096982
1
2
2
1
1
1
1
1
1
1
1
1
1
2
1
1
1
2
1
2
1
1
1
1
1
1
2
1
1
2
2
2
1
1
2
73097931170
1
1
1
2
1
2
1
1
1
2
2
1
2
2
1
2
2
1
1
2
1
1
2
1
1
2
1
1
2
1
2
1
1
1
2
1
1
1
2
1
1
1
2
2
1
2
1
1
2
1
2
2
2
1
2
96316028171
2
1
2
1
2
1
1
1
1
1
1
1
2
85129723605
51457271599
2
1
1
1
1
26905688905
1
2
2
1
1
2
1
2
1
1
1
1
1
2
2
2
1
1
1
1
1
1
1
1
83196816457
1
1
1
1
2
1
1
1
1
1
1
1
1
1
1
2
2
2
2
1
1
1
1
1
2
1
1
2
1
1
1
1
2
2
1
1
2
1
1
1
2
1
1
2
2
1
1
2
1
1
2
1
1
1
1
1
1
1
2
1
1
97762404532
1
1
1
1
1
1
1
2
1
1
36908173893
2
1
2
1
2
1
1
1
1
2
1
2
1
2
1
22605108534
72137314394
2
1
1
1
2
1
2
1
1
1
1
2
1
1
1
2
1
1
1
2
1
1
34347991859
1
1
1
1
1
1
1
1
2
1
1
2
2
1
1
1
56989803851
1
1
1
2
1
2
1
2
2
1
1
1
1
2
1
2
2
1
31712239146
1
2
2
2
2
1
1
1
1
1
30033846716
8401930890
2
1
49814176671
1
1
46491776275
1
47999998240
2
1
1
1
1
2
2
1
1
1
1
1
1
1
1
1
17843963472
1
2
1
1
2
2
64406518298
1
2
1
1
1
30260489278
1
1
1
1
2
1
1
1
1
1
1
1325698307
2
1
2
1
68637960227
1
1
1
2
2
1
2
1
2
1
1
1
1
1
1
2
1
2
1
1
1
2
1
1
23740423604
1
2
1
1
1
1
1
1
1
1
2
2
1
1
1
1
1
2
1
1
1
1
35715197951
1
2
1
1
1
1
1
1
1
1
2
1
2
1
1
1306516963
1
1
1
1
2
2
1
2
1
2
1
57282412835
1
1
1
1
1
1
2
1
2
2
1
1
2
2
1
1
1
1
1
1
1
2
1
1
1
2
70990679688
1
2
2
1245304938
1
78086500400
1
1
2
1
2
1
1
1
1
2
1
2
1
1
2
59236792359
66013706474
2
2
2
1
1
2
1
2
2
1
1
2
2
2
1
1
2
1
2
1
1
1
1
2
2
2
1
1
2
1
1
1
1
1
1
1
1
1
1
1
1
1
2
1
1
1
1
2
1
1
1
2
2
1
1
2
1
1
2
1
4536046514
1
2
2
2
2
1
1
2
1
1
2
1
2
1
1
1
1
1
2
2
57319248948
1
1
1
1
2
1
1
1
1
2
2
1
2
1
2
2
1
1
2
1
2
2
1
1
1
1
1
1
2
1
1
1
1054389313
1
1
1
1
1
1
1
2
1
2
1
2
1
1
1
1
2
2
1
2
2
2
2
2
2
1
2
72406687609
1
1
1
1
1
2
1
1
2
1
1
1
2
1
1
1
2
1
1
2
1
1
1
1
872272182
2
1
1
1
2
1
2
2
1
1
1
2
1
1
2
1
2
1
1
1
1
98898278276
2
1
2
2
2
1
2
2
1
1
1
1
547764586
1
1
2
1
2
11669533421
1
1
1
1
2
1
1
1
1
1
2
1
1
2
2
1
1
1
1
1
87633220903
2
1
1
1
2
1
1
2
1
8267615019
1
1
1
1
1
1
1
2
99269035460
2
1
1
1
1
1
1
1
1
2
1
2
1
1
1
2
1
2
1
1
1
1
1
1
1
1
2
1
1
2
1
1
2
2
2
1
1
1
1
1
1
2
2
2
2
1
2
1
1
1
1
1
1
1
1
90112295922
1
1
2
1
1
1
1
1
29036139441
1
1
1
2
1
2
2
1
1
45514457129
1
2
1
1
1
2
2
1
1
1
1
1
1
1
1
1
1
1
1
1
2
1
1
1
1
1
2
1
2
1
1
1
2
1
2
1
8227546709
1
1
1
2
1
1
2
2
2
1
1
1
2
2
1
1
2
2
1
1
1
1
2
1
2
1
1
1
1
1
1
1
1
1
1
1
1
2
1
2
1
1
2
1
1
1
1
1
1
1
2
1
1799578374
1
1
2
1
1
1
1
1
1
1
1
2
51384956545
1
1
1
1
2
2
1
1
1
1
1
2
2
1
1
52200035976
1
2
1
1
1
2
1
1
1
1
94856213296
1
1
73430606771
91457630569
1
1
1
1
2
1
1
2
1
2
1
1
1
1
1
98804880415
2
2
2
1
1
1
1
1
1
60635923875
1
1
1
2
1
1
2
1
1
1
1
1
2
1
2
1
1
2
1
2
1
2
1
1
2
2
2
1
2
65184112684
1
2
1
1
1
1
2
2
2
1
18919167096
1
1
1
2
2
2
2
1
1
2
1
96333643018
1
1
2
2
1
2
1
1
1
1
1
1
1
1
1
1
1
1
1
72191803135
35586563236
1
1
2
2
1
1
2
2
1
1
1
1
1
1
1
1
68187283438
1
1
2
2
2
2
2
1
1
1
2
1
2
1
1
1
1
1
2
1
1
1
2
1
2
1
1
1
2
2
2345711171
1
1
1
1
1
1
55809761178
1
2
1
2
2
2
1
1
2
1
1
2
1
1
1
2
2
2
1
1
1
2
2
1
1
2
1
1
1
72906084610
1
1
1
2
1
1
2
2
1
2
1
1
1
2
1
1
2
1
1
1
2
1
2
1
2
1
1
69938996029
1
2
1
48399420520
1
2
1
1
1
1
1
1
1
1
1
1
1
1
1
2
1
1
1
1
1
91064881212
1
1
1
2
1
2
2
1
2
2
1
1
2
1
1
1
1
1
2
98902168904
1
1
1
1
2
2
1
1
1
1
1
1
1
1
1
1
1
73774757806
1
1
1
2
1
21629967668
1
39224266383
1
1
1
1
1
1
1
1
1
1
1
1
1
2
1
1
53017519947
1
2
2
2
1
1
1
1
2
1
1
1
1
1
1
8437799605
1
69856558226
1
1
1
1
87639498198
1
2
2
1
2
1
1
2
1
1
1
1
2
1
2
1
1
2
1
2
1
1
1
79989158031
2
1
2
2
1
27147547970
1
1
1
2
1
1
1
1
1
1
1
1
1
1
2
60766062015
1
1
8999759100
1
1
1
34658902513
39713362509
1
1
1
1
1
1
2
1
55578553828
1
1
1
1
2
1
1
17075530035
1
2
1
1
1
1
1
2
1
2
1
2
2
2
2
1
1
1
2
1
1
2
1
2
1
1
2
2
1
1
1
1
2
1
1
1
1
2
1
1
2
9061562851
1
2
2
1
1
1
2
1
2
1
2
1
1
1
2
2
1
1
1
1
23262208284
2
59360357754
1
1
1
2
1
1
1
1
1
2
1
2
1
2
1
1
88829436396
1
2
2
10888754895
1
1
2
1
21768823841
1
1
1
2
1
1
1
8236804041
2
2
1
2
2
1
1
29694803702
1
1
2
1
2
1
1
2
2
1
2
1
1
2
1
1
29811935707
1
38861961911
1
1
1
1
1
1
1
2
2
1
1
1
1
2
1
1
2
2
1
1
2
1
1
1
1
1
2
1
2
2
2
1
1
1
1
22434585537
1
1
1
1
2
1
1
2
1
1
2
1
2
2
1
1
1
79883629818
1
1
2
1
1
1
1
94608434382
1
1
1
1
1
2
1
1
2
2
1
1
2
1
1
1
2
2
1
2
2
1
2
1
1
1
1
2
2
1
2
2
1
2
1
2
1
1
2
1
1
1
2
1
2
26601290897
1
1
1
1
1
1
1
2
1
1
1
2
2
1
2
2
1
1
1
1
1
1
1
1
1
1
1
1
2
1
1
2
1
1
1
2
32199371705
1
1
2
2
1
2
1
1
1
2
1
1
1
2
2
1
72979746396
1
1
2
1
2
1
1
1
1
2
2
1
1
1
2
2
2
1
2
1
1
2
1
63618572082
1
1
1
2
2
1
1
1
2
1
55057213442
1
2
1
1
1
2
1
1
2
1
1
1
1
1
1
1
1
2
1
1
2
2
1
2
1
1
2
1
1
1
2
91624858607
1
2
94014778264
2
1
1
1
2
1
1
1
1
1
1
1
1
2
1
1
1
2
2
1
2
2
1
2
2438975665
2
1
1
38231268557
1
2
1
1
2
1
2
1
2
1
2
1
1
2
60569584945
1
1
30744935942
1
2
2
1
1
2
1
1
1
1
1
2
1
1
1
1
1
1
1
1
1
1
1
1
2
2
2
82367231158
2
2
1
1
2
1
1
1
1
2
1
1
2
69808160081
1
2
2
2
1
1
2
2
1
2
2
1
2
2
1
1
1
2
2
2
2
2
1
1
1
1
1
1
1
1
1
2
2
1
2
1
2
2
1
1
1
1
2
1
1
1
1
56637492188
1
1
2
2
2
1
2
1
1
1
1
31487052227
1
1
2
1
1
1
1
2
1
1
1
1
90522426811
2
2
1
1
1
1
1
2
1
2
1
1
1
2
1
1
2
2
2
1
1
4101681447
1
2
1
1
1
1
2
2
10554824155
2
1
1
1
1
1
2
1
1
2
2
1
1
1
39141391126
1
2
1
1
1
2
1
1
1
1
1
1
2
1
1
1
1
1
1
78595566477
1
1
1
1
1
1
2
2
2
1
1
1
1
1
1
1
1
45790113579
10883048162
1
2
47589494723
1
1
1
2
1
2
1
1
2
98846077160
2
2
1
1
1
1
1
1
1
1
82076584917
1
1
1
1
1
2
1
2
1
1
1
1
1
2
1
1
2
2
1
1
1
1
1
1
1
2
1
1
1
1
2
1
1
1
2
1
2
1
1
14675760024
2
2
1
2
48960045792
1
1
1
1
1
1
1
1
1
1
2
1
1
28297853952
1
1
1
1
2
1
1
1
1
2
1
2
1
2
1
1
1
1
1
1
1
1
1
1
1
1
1
1
1
1
1
1
1
2
1
2
1
2
2
1
2
1
2
1
1
1
2
1
2
1
1
1
85126744606
1
1
1
1
1
1
2
1
1
1
2
1
2
1
1
1
1
1
1
1
2
1
2
2
1
45466836265
2
2
1
1
1
1
1
2
1
1
1
1
2
1
1
1
1
2
1
1
2
1
1
96297951760
2
1
1
1
2
1
1
1
21017146746
2
1
1
2
1
1
2
67619241434
12297654411
1
2
52683298955
1
1
1
1
1
2
2
1
1
2
1
1
1
1
2
2
1
2
2
2
2
95255696758
1
1
2
1
1
2
1
1
1
1
1
2
1
2
1
2
1
1
2
1
1
1
74819190123
1
1
1
1
1
1
1
1
1
2
2
1
1
1
1
1
2
1
2
2
1
65855246189
1
1
1
1
1
1
1
2
2
2
1
2
1
2
2
1
1
1
1
1
1
1
2
1
2
1
1
1
1
1
1
2
1
2
2
2
1
2
1
58591769013
41882966654
27299535692
1
57021497861
1
1
1
16930931635
1
1
1
1
2
1
22721837752
1
1
2
1
2
1
1
2
2
1
2
1
1
1
2
3940316455
1
2
1
1
2
2
1
2
1
1
1
1
1
1
1
1
1
1
1
1
1
1
1
1
2
2
1
1
1
1
1
2
1
2
1
1
1
2
2
1
2
1
1
60431439535
1
1
1
2
2
1
1
1
2
1
1
1
1
1
2
1
2
2
2
1
1
1
1
25421443808
1
1
1
2
2
1
1
1
60738178345
1
2
1
1
1
1
1
2
1
1
1
2
2
1
2
1
2
1
2
2
1
1
1
1
2
27870502098
1
65023568759
2
1
1
1
1
1
1
1
2
2
1
1
1
1
74738888833
1
2
1
2
2
2
1
2
1
2
1
1
1
97840646775
34022654224
1
2
1
2
1
1
1
1
1
1
1
1
1
1
2
1
1
1
2
1
1
1
1
1
1
18511967696
1
1
1
1
1
1
1
1
1
2
2
1
2
1
1
1
1
1
1
1
1
2
1
2
1
1
1
1
1
1
1
1
1
1
1
1
2
2
2
2
1
2
1
1
2
1
2
1
2
1
1
1
1
2
1
2
2
1
1
2
1
1
1
2
1
1
1
1
1
1
2
1
1
1
1
2
1
1
1
1
1
20066880997
2
1
1
2
1
1
1
1
1
1
1
1
2
1
2
1
1
1
1
1
1
1
1
69432069169
2
1
1
2
1
1
1
2
1
2
91845934058
1
1
1
1
2
2
22322522313
2
1
15544595988
2
1
1
1
1
34467903525
2
2
2
1
1
2
1
1
1
1
2
1
1
1
2
1
1
2
1
1
1
1
2
1
1
1
1
2
1
2
1
1
1
2
1
1
1
1
1
1
51205748275
1
1
2
1
1
1
1
1
1
1
1
1
2
2
1
2
2
1
2
2
2
2
2
1
1
1
1
1
1
1
2
1
2
1
1
1
1
1
1
1
2
2
1
1
1
1
2
1
1
2
1
1
2
2
82200914374
2
1
2
2
2
1
2
1
2
1
1
1
1
1
1
1
2
1
1
1
1
1
2
1
1
1
1
1
1
1
1
1
1
1
1
1
2
1
1
83373497194
1
1
1
1
2
2
1
1
1
1
2
1
1
2
1
2
1
1
1
2
2
1
1
1
2
1
26717171451
1
2
1
1
2
2
1
1
2
2
66260476336
1
1
67702834775
2
1
1
2
1
2
2
1
97338832438
1
2
2
1
1
1
1
1
2
1
78926171745
1
1
21629845121
2
2
2
1
1
1
1
2
1
1
1
1
1
1
1
1
2
1
1
2
1
2
1
1
1
15980468729
1
1
2
1
1
2
66470079265
1
2
1
1
1
1
2
1
34865736367
1
1
1
1
1
1
2
1
1
1
2
2
2
1
1
2
1
2
1
1
1
1
2
1
1
2
1
2
1
1
1
1
40448179833
2
2
1
1
1
2
1
2
1
1
2
1
1
1
1
1
1
1
1
2
1
1
1
1
2
1
1
1
1
1
1
1
1
1
1
1
1
1
2
95441795233
1
2
1
1
3030076976
1
1
1
1
1
1
1
1
1
78722893963
1
2
2
1
1
2
90690970222
1
1
1
31669865250
2
1
1
2
2
38784249803
1
39715552366
1
1
2
1
1
2
1
1
1
1
1
2
2
2
2
1
1
1
1
99510682670
2
1
15241266403
1
1
1
1
1
1
1
1
1
35063202157
1
2
2
1
1
1
1
2
2
85402647985
1
2
1
2
1
1
2
1
1
1
65176593546
2
1
2
2
1
1
1
2
58795315350
2
2
2
1
1
1
2
43113318351
1
2
2
2
1
1
2
1
1
1
1
1
1
1
1
2
1
1
1
1
1
2
1
1
36004504528
1
1
1
1
1
1
1
1
1
2
1
2
2
1
1
1
1
1
1
1
1
1
1
1
23755605324
1
1
1
1
2
2
1
1
1
2
2
2
1
1
1
2
1
62434983402
2
1
1
1
2
1
1
2
1
48304581333
1
1
38112028534
2
1
2
1
1
1
1
2
1
1
1
62926922756
1
1
1
1
1
1
97400991648
1
1
1
1
1
1
2
2
2
1
1
14087050407
1
1
1
51916206041
1
1
2
1
1
1
1
1
52626804247
1
2
1
2
1
1
1
14695147776
1
2
1
2
1
1
32270831156
2
1
1
1
1
1
1
1
1
1
1
1
1
1
2
1
1
2
1
2
1
1
1
2
1
2
1
1
1
1
75613966128
1
1
2
1
1
1
5582878793
1
1
1
1
2
1
2
1
2
88922927466
2
1
1
1
1
2
1
2
1
2
2
1
2
1
1
2
1
93394625343
8900680734
2
1
53627625876
1
1
2
2
81299465875
1
1
1
1
1
2
1
1
2
1
2
1
1
1
2
1
1
1
1
2
1
1
1
2
2
1
1
1
18254492406
1
1
2
1
2
1
1
1
1
2
1
2
1
1
1
1
2
1
1
1
1
1
1
1
1
1
1
1
2
1
2
1
2
1
1
1
1
18917427310
55993804441
2
1
1
1
2
2
2
1
1
1
1
1
1
1
1
1
1
1
1
1
2
1
2
1
2
1
1
1
1
2
1
1
2
1
1
1
2
1
2
2
1
1
1
1
1
1
1
1
1
1
1
1
2
1
1
2
1
1
1
1
1
2
1
1
1
2
1
24969770636
1
1
56475206305
1
1
2
1
1
2
1
1
1
1
1
1
2
1
1
2
1
2
1
1
50114403656
1
1
1
2
1
1
2
1
1
1
1
2
1
1
2
2
1
1
2
1
1
1
1
1
1
2
2
1
1
1
1
1
1
2
2
1
2
1
1
2
1
1
1
1
2
1
1
1
1
1
1
2
1
1
1
1
1
2
1
1
1
2
1
1
2
1
2
2
1
1
2
1
1
1
1
1
97860927720
1
1
1
1
1
1
2
2
1
1
1
1
93665058678
1
1
1
1
38759766464
1
1
11267283155
1
1
1
1
1
2
1
2
87732872700
1
1
2
1
1
1
1
1
17416270193
1
1
2
1
1
1
38887953432
1
1
1
1
1
2
2
2
1
1
1
2
1
1
80657547540
2
1
2
1
2
1
1
1
1
1
1
1
2
1
1
1
1
1
2
1
2
1
1
1
1
64121813316
1
1
1
1
1
1
1
1
2
1
1
1
1
1
2
1
2
1
1
1
1
1
1
1
1
2
2
2
1
1
2
84193999836
1
1
1
1
1
1
1
1
2
1
1
1
23121708973
1
2
1
1
1
12711686091
1
2
11096447619
2
1
1
2
2
1
1
1
1
2
1
1
2
83060758695
1
1
1
2
2
1
2
2
1847717959
1
1
1
1
2
1
2
2
1
1
32560930476
1
1
1
2
2
1
2
1
1
1
2
2
1
2
1
1
1
1
32551963574
1
2
1
1
1
1
2
1
1
1
1
2
1
1
1
1
1
1
1
1
1
1
1
1
2
1
1
1
2
1
1
1
1
30174222898
2
60353425360
2
2
1
1
2
2
1
1
1
1
1
1
2
1
1
1
1
1
2
1
2
2
1
1
1
2
1
1
1
1
1
2
2
1
2
2
1
47559059991
1
2885375156
1
1
2
2
1
1
1
1
96883345796
1
2
1
1
1
2
1
2
1
2
1
2
12177079225
1
2
1
2
2
2
2
1
1
1
1
1
1
2
1
2
1
1
2
1
2
1
1
2
6675216475
1
2
1
2
2
39754893195
1
2
1
2
2
1
1
1
2
2
2
44903310552
2
1
1
1
1
62463409259
1
1
85481161335
1
1
1
2
1
2
2
2
1
1
1
2
1
1
1
1
2
1
1
1
1
1
1
1
1
2
1
31947150900
1
2
1
1
1
1
1
1
1
1
1
2
2
2
92864044759
1
2
1
2
1
2
2
89313762814
2
2
1
1
1
2
1
1
2
1
1
2
1
1
26141137470
1
1
1
1
1
1
1
1
1
2
2
1
2
2
1
1
2
2
1
1
1
2
2
50028026916
13277375535
2
2
1
1
2
1
1
1
1
2
2
2
1
1
2
1
2
1
2
1
1
1
1
1
2
1
1
1
2
1
2
1
1
95007349426
2
1
2
2
1
1
2
2
1
1
1
1
2
1
1
1
1
1
1
1
1
2
2
1
1
1
1
31989472348
2
1
1
1
2
2
1
1
2
1
2
2
1
2
1
95924518932
1
1
1
1
1
1
1
2
1
1
1
1
1
1
1
2
22919858205
1
1
2
1
2
1
1
1
1
1
1
1
1
1
1
1
1
1
1
1
2
1
1
2
1
2
1
2
87302274074
2
1
1
1
1
1
1
1
1
1
1
1
2
2
1
1
2
1
1
1
1
1
75090741586
1
2
1
2
2
1
1
1
1
2
1
1
1
1
1
2
35118391540
2
2
2
1
2
1
1
2
1
1
1
1
2
2
1
1
1
1
1
1
1
2
2
2
2
1
1
1
1
1
1
1
1
1
2
1
1
2
1
2
1
1
1
1
1
1
2
17293390428
1
2
2
2
1
1
1
1
2
1
1
1
1
1
1
1
1
2
1
1
1
1
1
1
1
1
1
1
1
9667764908
1
1
1
1
1
2
1
1
26644361577
1
7316503411
1
1
1
1
1
2
1
1
1
2
2
1
1
1
69202358487
1
1
2
2
2
1
2
11865128805
1
2
2
39034204842
1
2
1
1
2
1
82040304333
2
2
1
1
21586809826
2
1
1
2
2
1
2
2
1
2
1
1
2
2
1
1
1
1
1
1
1
1
1
1
1
1
1
1
2
1
2
1
1
2
1
2
2
1
1
1
1
1
1
1
1
1
1
1
2
1
1
1
1
46386332054
1
1
2
2
1
1
1
77950255114
1
2
1
1
1
1
1
1
2
2
2
1
2
1
2
65221436882
1
1
2
1
26178355899
1
2
1
1
2
1
1
1
2
2
1
1
2
1
2
2
81424382333
2
1
1
2
2
2
1
2
1
1
2
1
1
1
2
1
2
1
1
1
2
2
1
1
1
1
1
2
2
1
2
2
2
1
2
1
1
1
2
1
1
1
2
1
1
73398415957
1
1
96916919240
1
87654796038
1
2
2
1
1
2
1
1
1
61171028239
1
1
2
28038840023
2
2
1
1
1
61691866313
1
1
1
1
1
73012227315
1
1
1
4003937116
1
2
24081116374
2
1
1
1
1
2
2
2
1
1
2
2
26734472409
1
1
1
2
2
1
1
1
1
2
1
1
1
1
1
1
1
1
2
1
1
1
1
1
2
2
1
1
1
8208472802
1
1
97599836250
1
2
2
1
1
1
1
2
2
2
2
2
1
1
1
1
2
1
1
1
1
1
1
1
1
1
1
1
1
1
1
1
1
1
1
1
1
1
1
1
1
1
1
2
1
2
1
2
1
1
2
1
2
2
1
1
2
1
2
2
1
2
2
1
1
1
1
1
1
1
70828118994
2
1
1
2
1
1
1
1
1
1
1
1
2
66258496163
1
1
2
2
1
1
2
1
1
1
2
1
1
2
2
1
2
1
1
2
1
2
1
1
1
1
1
1
1
1
2
1
1
1
1
1
2
27663602996
2
19222704480
93001743206
1
1
83472027904
1
1
1
2
1
48295670611
1
1
1
1
2
1
2
1
1
1
1
2
1
3071067339
1
1
1
2
1
1
2
2
1
1
99034805337
1
2
1
2
9941948003
1
1
1
1
1
1
1
1
1
1
1
2
2
1
1
1
1
2
2
1
1
2
1
2
1
2
1
1
1
2
1
1
1
1
1
1
1
1
31309736152
2
1
1
1
1
1
1
1
1
1
2
2
1
1
1
1
1
2
1
1
1
1
1
1
1
1
1
1
1
2
1
1
1
1
1
1
2
2
99773528353
2
1
2
96441246548
2
2
1
1
1
1
1
1
1
2
1
2
1
1
1
1
1
1
1
1
1
2
1
1
2
2
28233617600
2
1
2
2
1
1
1
2
2
2
1
1
2
1
1
1
1
1
1
2
1
1
2
1
1
1
2
2
2
1
2
1
2
2
2
1
1
2
1
2
2
2
1
56607184480
2
1
1
1
1
1
1
1
2
2
1
1
1
1
2
2
59486791066
1
1
2
1
2
1
1
1
2
1
1
2
1
1
36726022553
2
12699931875
1
1
1
8581864453
1
1
2
1
2
1
1
1
90793977692
1
1
1
2
1
1
1
2
1
1
1
1
1
1
1
1
1
1
1
1
84650960172
2
5868836485
1
2
2
1
1
1
14742177579
1
1
1
1
2
1
1
1
1
1
1
1
1
1
1
1
34573862627
1
2
1
2
2
2
2
1
1
1
1
2
1
1
1
1
1
2
1
1
1
1
1
1
2
1
1
1
1
2
1
1
1
16162259529
2
1
1
1
1
2
1
1
2
1
1
1
2
1
1
1
1
1
1
2
1
1
2
2
1
1
1
1
1
2
98769359798
1
1
2
1
1
41771057037
2
2
1
2
2
1
1
1
1
1
2
1
1
1
1
1
1
1
1
1
1
1
1
1
63332814094
2
81295360499
1
1
1
2
1
2
2
2
2
1
2
1
1
43213510132
1
2
87871757644
1
1
1
1
1
1
1
1
1
1
1
1
1
1
2
1
1
1
1
2
2
1
1
1
1
1
1
7172872436
89890867499
2
2
1
2
1
2
1
1
1
1
2
1
1
1
1
1
1
1
1
2
2
1
1
1
1
1
2
1
1
2
1
1
1
1
2
2
1
2
1
1
49886225680
2
1
1
1
1
1
1
1
1
1
1
1
1
1
1
1
1
1
1
1
1
1
1
1
1
2
2
2
2
2
1
2
2
1
1
1
1
2
2
1
2
1
1
1
1
2
1
1
1
1
93117187967
1
2
1
1
1
1
1
2
1
1
1
1
1
2
1
1
1
1
1
2
2
1
1
1
1
1
1
1
1
1
2
2
2
1
1
1
2
1
1
1
1
1
2
2
1
1
49244161674
2
1
1
1
1
2
1
1
2
1
1
1
1
1
1
1
1
1
1
1
2
1
1
1
2
2
1
2
1
10270548053
1
1
1
1
1
1
1
1
1
1
1
1
1
1
1
1
1
2
1
1
1
2
2
2
1
1
1
2
1
1
1
1
1
2
1
2
1
1
2
1
1
1
1
21704293503
1
2
1
1
1
59455769331
1
1
1
2
1
1
1
1
1
1
1
1
1
1
1
1
2
34937786096
2
2266325669
1
2
2
1
1
1
1
1
1
1
1
2
1
1
1
2
1
2
1
1
1
1
1
1
34923744559
1
1
1
72175968253
1
95444572162
2
2
2
1
1
2
1
1
1
2
1
1
1
2
1
1
1
2
1
47275559006
1
40559337409
1
14125305443
1
1
1
2
1
2
1
42521964996
1
1
2
1
2
1
93867551908
1
1
2
1
1
2
1
1
2
9331294697
1
1
1
1
1
2
1
1
1
1
1
1
1
2
2
1
2
2
1
1
1
1
1
1
1
1
1
1
1
1
1
1
2
2
2
1
66794458339
1
1
2
1
93492385283
2
2
1
1
1
2
2
2
2
1
1
98654620722
2
1
1
1
2
1
1
1
1
1
1
1
1
2
1
1
1
2
1
1
1
2
2
1
2
1
845724494
1
2
1
1
1
2
1
1
1
1
1
2
2
1
1
1
1
2
1
1
1
1
1
1
2
1
1
1
2
1
1
1
1
2
1
38658169196
2
1
27134739943
81751114069
1
2
2
2
2
1
1
2
1
1
221807080
1
1
1
1
1
2
1
1
95570472725
1
1
1
1
1
1
1
1
58202766055
1
1
1
1
2
1
1
1
1
1
1
2
46899905762
1
2
2
1
1
2
13259863143
2
1
1
22474038028
1
1
1
1
1
1
1
1
62251434754
2
7914518063
2
1
2
1
1
2
2
1
1
1
2
1
1
2
1
1
1
1
1
2
2
2
1
1
2
1
1
2
1
1
1
1
2
1
1
1
1
2
1
1
2
1
1
1
2
1
1
1
1
2
2
2
1
1
1
2
1
1
1
1
1
1
2
2
2
1
2
1
1
2
1
1
1
2
2
16210761139
2
2
1
2
2
2
1
1
1
1
1
1
1
1
1
1
1
1
1
1
2
1
1
1
1
50727868055
1
1
1
1
2
1
2
1
1
1
1
2
1
2
1
37929883797
2
2
1
1
1
1
2
1
1
2
1
1
1
1
1
1
1
1
1
1
2
1
1
2
1
2
2
1
2
1
15840316213
1
1
2
1
56264417762
1
1
1
1
1
2
1
2
2
1
1
66686361225
2
2
2
2
1
1
1
1
72292650726
2
2
1
1
1
1
1
1
1
1
1
1
1
1
1
2
1
1
1
1
2
1
4023653159
1
1
1
1
1
1
1
57517056835
2
1
2
2
80590424944
1
1
1
2
1
1
1
3343321904
39683901163
1
1
2
1
1
1
1
1
1
2
1
2
1
2
1
1
1
1
1
2
1
1
1
1
1
1
2
2
1
2
1
1
1
99595980903
2
1
1
49969989770
2
2
1
2
1
1
2
2
1
1
1
1
2
2
2
1
2
94099995023
1
99931708779
1
1
2
1
1
2
1
1
2
1
195319750
1
2
1
2
1
91877338113
2
1
1
1
1
1
2
1
1
76598972588
2
1
1
1
1
1
50752936022
1
1
1
1
1
1
1
2
2
2
2
2
1
1
1
1
1
2
1
1
1
1
1
1
1
1
1
1
1
1
2
1
1
2
1
1
1
1
1
1
34827515048
1
1
1
48607702021
1
1
1
1
2
1
1
1
17364399794
1
2
1
1
1
2
1
2
1
2
2
1
1
1
2
1
2
2
1
2
1
2
1
2
2
97726153570
1
1
1
1
1
2
2
2
2
1
1
1
1
2
1
2
2
1
1
1
1
1
2
1
1
1
1
1
1
1
1
2
1
1
2
1
2
2
2
2
1
2
1
1
1
1
1
1
1
1
2
1
2
1
2
2
2
4024479221
1
2
1
1
2
2
1
2
1
65705317162
1
1
1
1
1
1
1
1
1
1
1
1
1
7049531221
2
1
1
2
1
1
1
2
2
58895819798
2
2
2
99584077110
2
2
1
1
1
89578433135
1
1
1
2
1
1
1
1
1
1
1
1
73166039345
1
2
2
1
2
2
7913650881
1
1
1
1
1
2
1
1
2
2
1
26919810863
2
2
2
1
1
1
2
59248595562
1
1
1
2
2
1
2
1
1
1
1
3610728775
1
1
1
1
1
1
1
2
2
1
1
1
2
1
2
6566872148
1
1
1
1
1
1
2
2
1
2
80187815334
1
1
2
1
1
1
1
2
1
1
1
1
2
1
79779108132
1
2
2
1
2
1
1
1
2
2
1
2
1
1
1
2
1
2
1
1
1
1
2
2
2
1
71905530490
1
1
1
1
1
1
2
2
1
1
2
23206491810
1
2
1
1
1
1
1
1
2
1
1
1
1
2
1
1
1
1
1
1
1
1
1
1
1
1
1
2
1
4941222935
2
1
1
1
2
1
1
1
1
1
1
1
1
1
1
1
1
1
1
1
1
1
1
1
1
1
36603763249
2
1
1
1
1
1
1
1
1
2
59879343439
2
1
1
1
1
64693302312
1
2
1
1
2
1
1
1
1
1
1
1
1
1
1
1
2
2
2
89911532844
1
1
1
62752114771
1
1
1
1
65894667447
1
1
1
1
1
1
1
1
1
2
2
1
1
1
1
1
1
1
1
1
1
2
1
9625142152
1
2
1
2
49945545240
1
1
1
2
1
2
1
1
1
1
1
54042694521
1
2
1
1
1
1
2
1
1
51684914946
1
1
19674040583
86542079499
1
70929910217
1
1
1
1
1
1
1
2
2
1
2
2
1
1
1
1
1
1
1
1
2
1
1
1
2
1
1
1
2
1
1
1
1
2
84197965482
2
1
1
1
1
1
1
1
1
2
93459174706
1
2
1
1
1
2
1
1
1
1
2
1
91694449352
1
1
2
1
1
1
1
1
1
1
1
1
1
1
1
1
1
1
1
1
1
1
1
1
1
18090441049
1
1
1
1
2
1
1
1
1
1
1
1
1
2
1
1
1
2
1
1
2
1
1
1
2
1
2
1
1
1
2
1
2
1
1
1
1
2
2
2
2
1
1
1
1
2
1
1
32412609897
61171874358
1
2
1
2
1
1
1
1
1
1
1
44814726232
1
1
2
2
1
1
2
1
1
89879834063
1
1
1
1
1
1
1
1
2
1
1
1
1
2
2
1
1
1
1
1
2
1
1
1
1
1
2
87079709493
2
1
1
2
1
1
2
42534509633
1
1
1
2
1
42279966958
2
1
2
1
1
1
1
75953609470
1
1
1
1
2
1
2
1
2
1
2
1
1
2
1
1
1
1
1
2
1
2
2
2
2
1
2
46156852963
1
1
1
2
2
1
2
1
1
74128969244
1
1
1
2
1
2
1
2
2
1
1
1
1
1
1
2
1
2
2
1
1
1
1
2
1
1
1
2
1
1
2
1
1
2
1
1
1
1
35859434667
1
1
2
2
1
2
2
2
1
2
2
1
2
2
1
1
1
1
2
1
2
1
1
1
2
1
1
2
1
1
2
1
2
1
1
1
98476860739
2
2
1
2
1
2
1
28602354918
1
2
1
1
2
1
1
1
1
1
1
8378440351
1
2
26789873743
2
2
2
1
1
1
1
1
1
1
2
1
1
2
23921541708
1
2
2
1
1
2
2
2
1
1
2
1
2
1
1
1
66209900188
1
1
1
1
1
1
1
1
1
927217429
1
1
1
84688485740
1
2
1
1
11872395168
1
1
54390990199
2
1
1
1
1
2
2
1
1
1
1
1
2
1
1
1
1
98205613004
1
1
1
2
1
2
5471207467
1
1
1
1
1
1
2
1
1
2
1
1
2
1
1
1
1
2
2
2
1
1
2
1
1
1
1
1
1
2
1
1
1
1
1
1
1
2
1
85428721195
2
1
1
1
1
1
81576664300
1
2
83939484202
1
2
2
1
2
1
1
1
1
1
1
2
1
1
1
2
1
1
1
2
2
1
1
1
1
1
1
1
2
16832571890
1
1
1
48078155785
2
2
1
1
1
1
1
1
1
1
1
2
1
22213574207
1
2
1
1
1
2
1
1
2
1
1
1
1
1
2
2
1
2
2
1
1
1
1
1
1
2
1
1
1
2
1
1
1
1
1
1
2
1
1
1
2
1
1
1
2
1
2
2
1
75792601524
1
1
2
2
1
1
94682237577
1
1
2
1
2
1
1
1
1
1
2
1
2
1
1
2
1
1
1
1
1
2
1
2
2
41159121608
1
1
1
41912835689
1
2
1
1
1
1
2
1
2
1
2
1
1
2
1
1
2
1
1
1
1
1
1
1
1
2
19974162573
1
2
1
1
2
1
2
1
1
1
2
1
1
2
1
1
1
2
2
1
1
1
2
1
1
1
1
2
1
1
1
1
2
1
1
1
2
2
1
1
1
1
2
1
1
1
2
2
1
1
1
1
2
1
97458925587
1
1
1
1
1
1
2
1
2
1
8815643696
1
2
1
1
2
2
2
1
2
1
1
1
1
1
1
28464126225
2
2
1
1
52943549410
2
1
1
1
1
1
2
1
1
1
1
2
1
1
1
1
1
1
1
1
1
1
2
2
48204815847
1
1
1
1
2
1
1
2
1
1
1
2
2
2
1
1
1
1
1
1
1
2
1
1
2
1
1
1
1
1
1
2
1
1
1
1
1
2
1
1
2
2
1
1
1
2
1
2
1
1
1
32931354702
2
1
2
1
1
24595787288
1
1
1
1
1
1
2
2
1
1
1
2
1
22392600045
1
1
1
2
2
1
1
1
1
1
2
2
1
1
1
1
1
1
1
1
1
1
1
2
1
2
1
1
1
1
86590823158
2
1
2
1
1
2
2
1
1
1
2
1
2
1
1
1
69225950955
1
1
2
97403415074
2
1
1
1
2
2
1
2
1
1
1
1
1
1
1
1
2
1
1
1
1
1
1
1
2
1
1
1
1
1
2
1
1
1
1
1
1
2
1
2
1
2
2
1
2
1
1
44463331481
1
1
1
1
2
2
1
1
1
1
1
2
1
1
1
2
1
2
1
1
15744353246
1
1
1
1
1
1
2
2
2
1
9741725208
1
1
1
15825330637
62793913894
1
1
2
2
1
2
1
1
1
1
1
1
1
1
2
1
1
99484432770
2
2
2
1
1
1
1
1
1
1
2
1
1
2
1
2
1
45805628559
1
16712202758
1
1
1
1
2
1
1
1
1
1
1
1
1
2
1
1
1
1
1
1
5856808792
1
1
1
2
1
1
2
1
1
1
1
1
