2
1
1
1
1
1
2
1
1
1
2
1
1
2
1
1
1
1
2
1
1
1
2
1
1
2
1
2
2
1
1
1
1
1
1
1
1
2
1
1
1
2
1
1
2
1
2
2
1
2
1
1
1
1
1
2
1
2
1
2
2
1
2
1
1
2
1
1
1
1
1
1
1
1
1
1
2
1
1
2
1
1
1
1
1
2
2
1
1
1
2
1
1
1
1
1
1
2
1
1
1
1
1
1
1
1
1
1
1
1
1
1
1
2
1
2
1
2
1
1
1
1
1
1
1
1
1
1
1
2
2
1
1
1
2
1
1
1
2
1
1
1
2
1
1
1
2
1
1
1
1
1
1
2
1
10312921109
1
1
2
1
1
1
2
1
2
1
1
1
1
1
2
1
1
1
1
1
1
1
1
1
2
1
1
1
1
1
1
1
1
1
2
1
1
1
1
1
1
1
2
1
2
1
1
1
1
1
1
1
1
1
1
1
1
1
1
2
1
1
1
1
1
1
1
1
25252135232
2
2
1
1
1
1
1
2
2
1
2
2
1
1
1
2
1
1
1
1
2
1
1
1
1
2
1
2
1
1
1
2
1
1
1
1
1
1
2
1
2
1
2
1
1
2
1
2
1
1
1
1
1
1
1
1
1
1
1
1
1
2
1
2
1
2
2
1
1
1
1
1
1
1
1
1
1
2
2
2
1
1
2
1
1
1
2
1
2
1
1
1
1
2
1
1
1
1
1
80287633448
2
2
1
2
1
1
49671738667
1
1
1
1
1
1
1
2
1
1
1
1
1
30782412730
1
1
1
2
2
2
1
2
2
1
1
2
1
1
1
1
2
1
1
1
1
2
1
1
2
2
1
1
1
1
2
2
1
92467070767
1
1
1
1
1
2
1
1
1
1
2
1
1
1
2
1
2
2
1
1
2
1
1
1
1
1
2
1
1
1
2
1
1
1
1
1
1
1
2
1
1
1
2
1
1
2
1
1
1
1
1
1
2
1
2
1
1
2
1
2
1
1
1
1
2
1
2
2
2
1
1
1
1
1
2
1
2
52416486105
1
1
1
2
2
1
1
1
1
2
1
1
1
1
1
1
2
1
1
1
1
2
2
1
1
1
2
99870697995
1
2
1
1
1
1
1
1
1
2
1
1
1
1
1
1
1
1
1
1
1
1
1
1
2
1
1
1
1
2
1
2
1
2
1
1
1
2
2
1
2
1
1
1
1
92090537493
1
2
1
1
2
1
1
1
1
1
1
1
1
2
1
1
1
1
1
1
1
1
1
1
2
1
1
1
1
1
1
1
1
1
1
1
2
1
1
1
1
1
1
1
1
1
1
2
1
1
1
1
1
1
1
1
2
1
1
1
1
1
1
2
1
1
88386195435
1
1
1
1
1
2
2
1
1
1748886242
1
1
1
2
1
1
1
1
2
1
1
1
1
1
1
1
1
1
1
1
2
1
1
2
2
1
2
1
2
1
2
1
2
1
1
2
1
1
2
45962093239
1
1
1
2
1
1
1
2
1
1
1
1
2
1
2
1
1
23661846679
1
1
2
1
1
2
1
1
2
1
1
1
2
2
1
1
2
1
2
1
2
1
1
1
1
1
1
2
1
1
2
2
1
22185060912
1
1
1
2
1
1
1
1
1
2
1
1
2
1
1
1
1
2
1
2
1
1
40097597299
2
1
1
1
1
1
2
1
1
1
2
1
1
1
1
1
2
2
1
1
1
1
1
2
1
2
1
1
2
1
2
1
1
2
1
1
1
2
1
1
1
1
1
1
1
2
1
1
1
1
1
1
1
1
2
1
1
2
1
1
1
1
1
2
2
1
1
1
2
1
1
1
1
1
1
1
1
1
1
1
1
1
1
1
1
2
1
2
2
1
1
2
1
1
2
1
1
2
1
1
2
1
1
2
31611063410
2
1
2
1
2
1
1
1
1
1
1
1
1
1
1
1
2
1
1
1
1
1
1
1
2
2
1
2
1
1
1
1
1
1
1
1
2
1
1
1
1
1
1
1
1
1
2
2
1
2
1
2
1
2
1
1
1
2
1
1
1
1
2
2
1
2
1
1
1
1
2
1
1
2
1
1
2
2
1
1
2
1
1
1
1
1
1
1
1
1
1
2
1
1
1
2
1
1
2
1
1
1
1
1
1
2
1
52148032279
1
2
1
1
1
1
1
1
1
2
1
1
1
1
1
2
2
1
1
2
2
2
2
1
1
1
1
2
1
2
1
2
2
1
1
1
1
1
1
1
1
1
1
1
2
2
1
1
1
1
1
1
1
1
1
1
1
2
1
2
2
2
31246657662
1
1
1
47056490082
1
1
2
1
1
1
2
1
1
1
86476355109
1
1
1
1
1
1
1
1
1
1
1
1
14179411843
1
1
1
1
1
1
1
1
1
1
1
1
1
1
1
2
1
1
1
1
1
1
1
1
1
2
2
1
1
1
1
68344431372
1
1
1
1
1
2
2
2
1
1
1
1
2
1
2
1
1
1
1
1
1
2
1
2
1
1
1
1
1
1
1
2
1
1
1
22213889179
2
20759437163
2
1
1
1
34745340931
1
2
1
1
1
1
1
2
2
1
1
1
87640671529
1
1
1
1
2
1
1
1
1
1
1
1
1
1
1
1
2
1
1
1
2
1
2
1
1
1
1
1
1
1
1
1
1
1
2
1
1
2
1
1
2
1
1
1
2
2
1
1
2
1
1
1
2
1
1
1
2
2
2
2
2
1
1
2
1
1
2
1
2
1
1
1
1
2
1
1
1
2
1
1
1
2
2
1
2
1
1
1
2
1
1
1
1
1
2
1
1
1
2
1
2
1
1
2
1
1
1
1
1
1
2
1
1
1
1
1
2
1
1
1
1
1
1
1
1
2
2
2
1
1
1
1
1
1
1
1
1
1
1
1
1
1
1
1
2
1
2
2
1
1
2
1
1
1
2
1
1
2
2
1
1
1
1
2
2
2
1
1
1
1
2
1
1
1
1
2
1
1
2
1
1
1
2
1
2
1
1
1
1
2
1
2
2
2
1
1
1
1
2
2
1
1
1
1
1
1
1
2
1
1
1
1
1
1
1
1
1
2
2
1
1
2
2
1
1
1
2
1
1
1
1
2
1
1
1
2
1
1
2
2
1
2
2
1
1
1
1
1
1
1
1
2
1
1
1
1
1
1
2
1
1
1
1
2
1
1
1
2
2
1
1
1
1
1
2
1
2
1
1
1
1
2
1
1
1
1
1
1
1
1
1
1
1
1
2
1
1
1
76416186221
1
1
1
1
1
1
1
1
2
2
1
1
1
84981534696
1
1
1
1
2
2
2
1
1
1
1
62488724527
1
2
1
2
2
1
1
1
1
1
1
2
1
1
1
1
1
2
1
1
2
1
1
1
1
1
2
2
1
1
2
1
1
1
2
1
97715672181
2
1
1
1
2
1
2
1
1
1
1
2
2
2
1
2
1
2
1
2
1
1
2
2
1
2
1
2
1
1
1
1
1
1
1
2
1
1
1
1
1
64077839892
1
1
2
1
1
1
1
1
2
1
1
2
1
2
1
1
2
1
1
2
1
1
2
1
2
1
2
1
1
1
1
1
2
1
1
1
1
1
1
2
1
2
1
1
1
1
1
1
1
2
2
2
1
2
2
1
1
2
1
1
2
1
1
2
1
1
1
38417120567
34704251857
2
1
1
1
1
1
1
1
2
1
1
1
2
1
1
1
1
1
1
1
1
1
2
1
1
1
1
1
1
2
1
1
1
1
1
1
1
2
1
1
2
1
1
1
2
2
2
1
1
1
2
1
1
1
2
1
22035898192
71659233444
2
1
1
1
1
1
1
1
1
2
1
1
1
1
1
1
1
2
1
2
2
1
1
1
2
1
1
1
1
1
2
2
1
1
1
1
1
1
1
1
1
2
2
1
1
1
1
1
31053979542
48824053253
2
1
1
1
1
1
2
1
1
1
1
2
1
1
1
2
1
1
2
2
1
1
1
1
2
2
1
2
2
1
2
2
1
2
1
1
2
1
2
1
2
2
1
1
1
1
2
2
1
1
2
14974539306
1
1
1
1
1
1
1
2
2
1
1
1
1
1
1
1
1
2
1
1
2
1
1
1
1
1
1
1
1
1
1
1
1
1
2
2
1
1
1
1
1
1
2
1
1
2
1
1
1
1
1
1
1
1
1
1
1
1
1
2
1
1
1
1
2
1
2
1
2
1
1
1
1
1
1
2
1
1
1
1
1
1
1
1
1
29378079981
2
1
1
1
1
1
1
1
2
1
1
1
1
1
1
1
1
1
1
1
1
2
1
1
1
1
1
1
1
1
2
1
1
2
1
1
1
1
1
1
1
1
1
1
1
1
2
1
2
2
1
1
1
1
1
1
1
2
53113605787
1
1
1
1
1
1
2
1
1
1
2
2
1
1
1
1
2
1
2
1
2
2
2
1
1
2
56928241155
2
4704790890
1
1
1
1
1
1
1
1
2
1
1
1
1
1
1
1
1
2
1
1
2
1
1
1
1
2
2
1
1
1
1
1
2
1
1
1
1
2
1
1
1
1
1
97060804172
1
2
1
1
2
1
1
1
2
1
1
83871202022
1
1
2
1
1
1
2
2
1
2
2
2
2
1
1
2
1
2
1
1
2
1
1
1
2
1
2252251853
1
1
85609630558
2
2
1
1
1
2
1
2
2
1
1
1
1
1
1
1
1
1
2
1
1
1
1
2
1
1
1
1
1
1
1
2
2
1
1
1
1
1
1
2
1
1
1
1
1
1
1
1
1
2
1
1
1
1
1
1
1
1
1
1
1
1
2
1
6993896999
2
1
1
2
2
1
1
1
1
1
1
1
1
1
1
2
1
2
16700688726
2
1
2
1
1
2
1
2
2
1
1
1
1
1
1
1
1
2
1
2
1
2
1
1
1
1
1
1
1
1
1
1
1
2
1
1
1
1
1
2
1
1
1
1
2
2
1
1
1
1
1
2
1
1
1
1
1
69746952296
97997614144
2
2
1
1
2
1
1
1
1
98359253267
2
2
2
1
62475389487
1
2
1
1
1
2
1
1
1
1
2
1
1
2
1
1
1
1
1
2
2
1
1
2
2
1
1
1
1
2
1
2
2
2
1
2
2
30574631588
1
1
1
2
2
1
1
1
2
1
1
1
1
1
1
1
1
2
1
1
1
1
1
1
1
2
1
2
2
1
1
1
1
1
1
1
1
1
1
2
1
1
1
1
1
1
1
1
1
1
1
1
1
1
2
1
1
2
1
22327354980
1
1
2
1
1
1
1
2
2
1
2
1
1
1
1
1
1
2
1
1
1
1
1
1
1
2
1
2
1
1
1
1
2
1
1
1
2
1
1
1
1
1
1
1
1
2
1
1
1
1
1
1
1
1
1
22233101201
1
1
1
1
1
1
1
2
1
1
1
1
1
1
2
2
1
1
1
2
1
1
1
1
2
1
2
1
1
1
1
1
1
1
1
1
12020534951
1
2
1
1
1
1
1
1
1
1
1
1
1
1
1
1
1
1
1
1
1
1
1
1
1
1
1
1
1
1
1
1
1
2
1
2
53398901054
1
2
1
1
1
1
1
1
2
1
1
1
2
1
1
52787230155
1
2
2
1
1
63198690650
2
2
2
1
1
1
1
1
1
1
1
1
1
1
2
1
1
2
2
2
2
1
1
1
1
1
2
1
1
1
1
1
2
1
1
2
1
1
1
1
1
1
1
2
1
2
1
1
1
1
2
1
1
1
1
1
1
1
2
1
1
2
1
2
1
1
1
1
1
1
2
2
1
1
1
2
1
1
1
1
2
60100546512
1
1
1
2
2
1
2
1
1
1
1
1
1
1
1
1
1
1
2
1
2
1
2
2
1
1
1
1
1
1
1
1
1
1
1
2
2
2
1
1
1
1
1
2
1
1
1
1
1
1
1
1
2
1
1
2
1
1
1
2
1
1
36534053528
2
1
1
1
1
1
1
1
1
1
1
1
1
55417408599
1
1
2
1
1
2
2
1
1
1
1
1
1
1
1
1
1
2
1
1
1
1
1
1
1
1
1
1
1
2
1
1
1
1
2
1
1
1
1
2
1
1
1
1
1
1
1
2
1
1
1
1
1
2
1
2
1
2
1
1
1
1
2
2
1
2
1
1
1
1
2
1
2
1
2
1
2
2
1
1
2
1
85392691684
1
1
1
1
1
2
2
1
1
1
1
2
1
1
1
1
1
1
2
2
1
2
1
1
1
1
1
1
1
2
1
1
1
1
1
2
2
1
1
1
1
1
1
2
2
1
2
63203861721
1
1
1
1
1
2
2
2
2
1
84590850346
2
2
1
1
2
1
1
1
1
1
2
1
2
2
1
1
1
1
1
2
1
2
1
1
2
1
42899891552
1
1
1
1
1
1
1
1
1
1
1
1
1
1
1
1
1
1
1
1
1
1
1
2
2
1
2
1
1
1
1
46196555559
1
2
1
1
1
1
2
1
1
1
2
1
1
1
2
1
1
1
2
2
1
1
1
1
2
2
1
2
1
2
1
1
2
1
1
1
1
1
1
2
1
1
1
1
1
1
1
1
1
1
1
1
2
1
1
1
2
1
1
2
1
1
2
1
1
49860205354
1
1
2
1
1
1
1
1
1
1
2
1
1
2
1
1
1
2
1
1
1
1
1
1
2
1
1
1
2
1
1
1
1
1
1
1
1
2
1
1
2
1
1
1
1
1
1
1
1
1
1
2
1
1
1
1
1
1
1
1
1
1
2
2
2
1
1
1
1
1
1
77061600310
1
1
1
1
1
1
2
1
1
2
1
1
2
2
1
1
1
2
2
1
1
1
2
2
1
1
1
1
1
1
1
1
2
1
2
36982611795
1
1
1
1
1
2
1
2
1
1
1
1
1
2
1
1
2
1
1
1
1
2
52742325412
1
2
1
1
1
1
1
1
1
1
2
1
1
1
1
1
2
1
1
1
40226542449
1
1
1
1
1
2
1
1
1
1
1
2
1
1
1
1
1
1
70417918027
1
1
2
1
1
1
1
1
1
2
2
1
1
1
1
18324569391
1
1
1
1
1
1
1
1
1
1
1
1
1
1
2
1
1
1
1
1
1
1
1
1
1
1
2
1
2
1
1
1
1
1
1
2
2
2
2
2
1
1
2
2
2
1
1
2
1
1
1
2
1
1
1
1
2
1
2
1
1
1
1
2
1
1
1
1
1
1
1
75341564127
1
1
1
1
1
2
2
2
1
2
1
1
2
1
1
1
1
1
1
1
1
1
1
50227736345
1
1
1
1
1
1
2
1
1
1
1
61910554255
1
2
1
1
1
1
1
1
1
1
1
2
2
2
1
2
1
1
1
1
1
1
1
1
1
1
2
1
1
1
1
1
1
1
1
1
2
1
1
1
1
1
2
1
2
1
1
1
1
2
1
1
2
2
1
1
1
1
1
1
1
1
1
1
1
1
1
1
1
1
1
1
1
1
1
1
1
1
2
1
2
1
1
1
2
1
1
1
1
1
1
1
43807690072
2
2
1
1
1
2
1
1
1
1
1
1
1
1
1
1
1
1
2
1
2
1
2
2
1
1
2
2
1
1
2
2
1
2
1
2
1
1
2
1
1
1
1
1
1
1
1
1
1
69505956793
1
1
1
1
1
1
1
2
1
2
1
1
1
2
1
1
1
1
1
1
1
1
1
2
24173583386
1
1
2
2
83285495459
1
2
1
2
2
1
2
1
1
2
1
1
1
1
1
1
1
1
1
1
1
1
2
49951287299
1
1
2
91864873182
1
58888481465
1
2
1
2
1
1
1
2
1
1
1
1
1
1
1
1
1
1
1
1
1
2
2
2
2
1
2
2
1
1
1
1
1
2
1
2
1
2
1
1
1
1
1
2
1
1
2
1
1
1
1
2
1
1
1
2
1
1
1
1
1
1
1
1
1
1
1
23322632735
2
1
1
1
1
1
2
2
1
1
1
1
66355055296
1
1
2
1
2
1
1
1
2
1
1
1
1
1
1
2
1
57204641274
1
1
1
1
1
1
1
1
1
1
1
1
1
1
1
1
2
1
1
1
1
1
1
2
1
2
2
2
2
1
1
1
1
1
2
2
1
2
1
1
1
1
1
1
1
2
1
1
1
1
1
1
1
1
1
1
1
1
1
1
1
1
1
1
2
2
1
2
1
1
1
1
1
1
1
2
2
1
1
1
1
2
1
2
2
1
1
1
1
2
1
1
2
1
1
1
1
1
1
1
1
1
1
1
1
1
1
1
16998887783
1
1
2
1
1
1
1
1
2
2
1
1
1
1
1
1
2
1
1
2
1
1
1
1
1
1
1
1
1
1
2
1
1
1
1
2
1
1
1
2
1
1
1
2
1
1
2
1
1
1
1
1
1
1
1
1
1
1
1
1
2
1
1
1
2
2
1
1
2
1
2
1
1
1
1
1
2
1
1
1
1
98112407523
2
1
1
1
1
2
1
1
1
1
1
1
1
1
1
2
1
1
1
2
1
1
2
1
1
2
1
1
1
1
1
1
1
1
2
1
1
1
1
1
1
2
60921238968
1
1
1
1
1
2
1
1
1
1
2
1
1
1
1
1
1
2
1
2
1
1
1
2
2
1
2
1
1
2
1
1
1
1
2
1
2
1
1
35286994571
1
1
1
1
1
2
1
1
1
2
1
1
1
1
1
2
1
1
2
1
1
1
2
1
1
1
2
1
60280014248
1
1
1
1
10140334381
1
1
1
1
1
1
1
1
1
1
1
42021633399
1
2
1
1
1
2
47646925027
1
1
2
2
1
2
1
2
1
1
2
2
1
2
2
1
1
1
1
1
1
2
1
2
1
1
1
1
1
85692437867
1
1
1
2
1
1
1
2
1
1
1
2
1
1
1
2
1
1
1
1
1
1
1
1
1
1
1
1
2
1
1
2
92523207693
1
1
1
1
1
1
1
1
2
2
1
1
1
2
1
1
31289174120
1
2
1
1
1
1
1
1
2
1
1
1
1
1
1
1
1
2
1
2
1
1
1
1
1
1
1
1
26414292782
1
1
1
1
2
1
2
1
1
2
1
1
1
1
2
1
1
2
1
1
1
1
1
1
1
1
1
1
41197478034
1
1
1
1
1
1
1
1
2
1
1
2
1
1
2
2
1
1
1
1
1
2
1
1
2
2
1
1
1
1
2
1
1
1
1
1
1
39054570149
1
2
2
2
1
1
2
1
2
1
1
1
1
1
1
2
2
2
1
1
2
2
1
2
1
1
2
1
1
1
1
1
2
1
1
1
1
46987003730
1
1
1
1
1
1
1
1
61257620936
2
1
1
2
1
1
1
1
2
1
1
2
1
1
1
1
1
1
1
1
2
1
1
1
1
1
1
1
2
1
1
1
1
1
1
1
1
1
2
1
1
1
1
1
2
1
1
1
1
2
1
2
1
1
1
1
1
2
1
1
1
2
1
1
2
2
1
2
1
1
2
1
1
1
2
1
1
1
87581284463
2
1
1
1
1
70556183851
1
1
1
1
1
1
1
1
1
1
1
1
1
1
1
1
1
1
1
1
1
2
1
2
2
9842497382
1
2
1
1
1
1
1
2
1
1
1
1
1
1
1
2
1
1
2
1
1
1
1
2
2
2
1
1
1
1
1
9816903993
2
1
1
1
1
1
2
1
2
1
1
1
1
1
1
2
1
1
1
1
1
1
1
1
2
1
2
1
1
2
2
1
2
1
1
1
1
1
2
1
89822119114
1
1
1
2
1
1
1
1
1
1
1
1
2
1
1
1
1
2
1
2
1
1
1
2
1
1
1
1
1
2
2
1
2
1
2
1
1
1
1
1
2
2
1
1
1
1
2
1
1
1
1
1
2
1
1
1
1
24966343012
1
1
1
1
1
1
2
1
2
1
1
1
1
1
1
2
1
1
1
1
2
2
1
1
1
1
1
2
1
1
1
1
1
1
1
1
1
1
1
1
2
1
14020558644
2
1
1
1
1
1
1
1
1
1
2
1
1
1
1
2
1
1
2
1
1
1
1
1
1
2
1
1
34004387023
1
1
1
1
1
1
1
1
1
1
1
2
1
2
2
2
2
2
2
1
1
1
2
1
1
1
1
1
2
1
1
1
1
81608546274
1
1
1
1
1
1
1
1
1
1
1
1
1
2
1
1
1
2
59255032120
1
1
2
1
2
2
2
1
2
1
1
2
2
1
1
1
1
1
2
1
1
1
1
1
2
84382440726
1
2
1
2
1
1
1
2
2
1
1
1
95411827311
1
2
1
1
2
1
1
1
1
1
1
1
1
1
1
1
1
1
1
1
1
1
1
2
1
2
1
1
2
44110547435
1
2
2
2
1
1
1
2
1
2
1
1
2
1
1
1
1
1
1
1
1
1
2
1
1
1
1
1
1
1
1
1
1
2
1
1
1
2
1
2
1
1
2
91721241761
2
80058474668
1
2
2
1
1
1
1
1
1
1
1
1
1
1
1
1
1
1
1
1
1
1
1
1
1
2
2
1
1
2
1
1
1
2
1
2
1
1
1
1
1
1
1
1
2
2
2
1
2
2
1
1
1
1
1
1
1
1
1
1
1
1
2
1
1
1
2
1
1
1
2
1
2
1
2
2
2
1
1
1
2
1
2
1
1
1
1
1
1
1
1
1
1
1
1
1
1
1
1
2
1
1
2
1
2
8536211134
2
1
1
1
1
1
1
1
2
1
1
1
1
1
1
1
2
1
2
1
1
1
1
1
2
1
1
2
1
1
1
1
1
2
1
2
2
1
1
1
1
2
2
2
2
1
1
1
1
1
1
2
2
1
1
1
1
1
1
37733533992
1
1
1
2
1
1
2
2
1
1
1
1
2
2
2
1
1
1
1
1
1
1
2
2
1
1
1
1
1
1
1
1
1
1
1
2
2
1
2
1
2
2
1
1
1
2
1
2
1
1
1
2
1
1
1
2
2
1
1
1
1
1
1
81495505414
1
1
2
1
1
1
2
1
2
1
2
1
1
1
1
1
1
1
1
1
1
1
2
1
1
1
1
2
1
2
1
1
2
1
1
1
1
2
1
1
2
1
1
1
1
2
2
1
1
2
2
2
1
2
1
1
1
2
1
1
1
2
1
2
1
2
1
1
1
1
1
1
1
1
1
2
1
1
1
1
1
1
53007507321
1
1
1
1
2
2
1
1
1
1
1
1
1
45438674489
1
1
1
1
1
1
1
2
1
2
1
1
1
1
1
19147489342
1
1
1
2
1
1
1
1
1
2
2
1
1
1
1
1
1
1
1
1
2
1
1
1
2
1
1
1
1
1
2
2
1
1
1
1
2
1
2
1
1
1
1
2
1
1
1
2
1
1
1
1
1
2
1
2
1
1
1
1
2
1
1
2
1
1
2
1
2
1
2
2
1
2
1
1
1
1
1
1
1
2
1
1
1
1
1
1
1
1
83667422890
2
1
1
1
2
1
1
2
1
2
2
1
1
1
1
1
1
2
2
1
1
2
1
1
2
2
2
1
1
1
1
1
2
1
1
1
1
1
1
1
1
1
2
1
1
1
1
1
2
1
1
1
1
1
2
1
1
1
2138570721
1
1
1
1
1
1
1
1
2
1
90949872370
1
1
1
2
1
1
1
1
1
1
1
1
1
2
1
1
1
1
1
2
1
1
1
1
1
1
1
1
1
1
1
98190259592
1
1
1
1
1
1
1
1
1
1
1
2
1
2
1
2
1
2
2
1
1
1
1
1
1
1
1
1
1
1
1
1
1
2
2
1
1
1
1
1
1
1
1
1
1
1
1
1
1
1
1
38040659118
1
1
6981726065
18323967522
1
1
1
1
2
2
2
1
1
1
1
2
1
1
1
1
1
2
2
1
1
1
1
1
1
1
1
1
1
1
2
2
1
2
2
1
2
19237127374
1
1
2
2
1
1
1
2
1
2
1
1
2
1
1
1
2
2
1
1
1
1
1
1
2
1
1
2
1
1
21598451109
1
33664823284
2
1
1
1
1
1
1
85296906206
1
1
2
1
1
2
1
2
1
2
1
1
1
1
1
1
1
2
1
1
1
1
2
1
2
1
1
1
2
1
1
1
2
1
1
969796940
1
1
2
1
1
1
1
1
1
1
1
1
1
1
1
1
2
1
1
1
2
1
1
1
1
2
1
2
1
1
1
1
1
1
1
1
2
2
2
1
1
1
1
1
1
2
2
2
1
1
1
1
1
1
2
1
1
1
2
2
1
1
1
1
1
1
1
1
2
2
2
1
1
1
1
1
1
1
1
1
1
1
1
1
1
1
2
1
1
1
1
1
1
2
1
2
2
1
1
1
1
1
1
1
1
2
2
1
2
2
1
1
1
1
1
1
1
1
2
1
1
1
1
2
2
1
1
1
1
2
1
1
1
1
1
1
1
1
1
1
1
1
2
1
1
1
1
1
1
1
1
1
1
1
1
1
1
2
1
1
1
1
1
1
1
1
1
1
2
1
2
2
1
1
1
1
1
1
1
2
1
1
1
2
2
1
1
1
1
1
1
2
2
1
1
1
1
2
2
1
58474311729
2
2
2
2
1
1
1
2
2
1
1
2
1
2
1
1
2
2
1
1
1
1
2
1
1
2
1
1
14730299327
1
1
1
2
1
1
1
1
2
2
1
2
2
1
1
1
1
1
2
1
1
1
2
1
1
1
1
1
1
1
1
2
2
1
2
2
1
1
1
1
1
1
2
1
1
1
1
1
1
1
2
1
1
1
1
1
1
1
1
1
1
1
2
1
1
1
1
1
1
1
1
1
1
2
1
1
1
2
2
2
1
1
1
1
1
36943427102
1
1
1
1
1
1
1
1
1
2
1
2
2
2
2
1
1
1
2
1
1
1
2
2
1
1
2
1
1
1
1
2
2
2
1
1
1
1
1
1
1
1
1
2
1
1
1
2
38425046946
1
1
1
1
2
1
1
1
1
1
2
1
2
1
1
2
2
1
1
1
2
1
1
1
9844169595
1
2
1
1
1
1
1
1
1
1
1
1
1
1
1
1
1
2
1
1
1
1
1
1
1
1
1
1
2
2
1
1
1
1
1
1
1
1
2
1
1
2
1
2
1
1
1
73238845774
2
2
1
1
1
1
1
2
1
1
1
1
2
1
1
2
2
1
1
1
1
1
2
2
1
1
1
1
2
2
1
1
1
1
1
1
2
1
1
82603065175
1
2
2
1
1
1
1
1
2
1
1
1
1
2
2
1
2
1
1
1
1
2
1
2
1
1
1
1
1
1
2
1
1
1
1
1
1
2
2
1
30398590835
1
2
1
1
1
1
1
1
1
1
2
1
1
1
1
2
2
1
1
1
3021816281
1
1
2
1
2
1
1
1
1
1
1
1
2
1
1
1
2
1
1
1
1
2
1
1
1
1
2
1
1
1
1
1
1
2
1
1
2
1
1
2
1
1
1
2
1
2
1
1
1
1
1
2
1
1
2
1
1
1
1
1
1
1
1
2
1
1
1
1
1
2
2
1
2
1
1
1
1
1
1
1
1
1
1
1
1
1
2
1
1
1
1
2
1
1
2
2
2
95051008506
1
1
1
2
2
1
2
1
1
1
1
2
1
1
1
1
1
2
1
1
1
1
1
1
1
2
1
1
2
2
2
1
1
1
2
2
2361759509
1
2
1
1
1
1
1
1
1
2
37652825946
1
1
1
1
1
1
1
1
2
1
2
1
1
1
2
1
2
1
1
1
2
1
1
1
1
1
1
1
2
2
1
1
2
1
1
1
1
1
2
1
1
2
1
1
1
1
1
40273285501
1
1
1
2
2
1
1
2
1
1
1
1
1
1
1
1
2
2
1
2
1
1
1
1
1
2
1
1
1
2
1
1
1
1
2
1
1
1
1
1
1
1
1
1
1
2
1
1
1
1
1
1
2
2
1
1
1
1
1
1
1
1
1
1
2
2
1
1
2
1
1
1
1
1
1
1
1
99621390934
1
1
1
1
1
1
1
1
2
1
2
1
1
10085902733
1
1
64885524073
1
1
1
1
1
1
2
1
1
1
1
2
1
2
1
1
1
1
27546146237
2
2
2
2
2
1
2
1
1
2
1
1
2
1
1
1
1
1
2
1
2
1
1
1
2
1
1
1
1
1
2
1
1
2
1
74203341398
1
2
1
1
2
2
1
1
2
1
2
1
2
2
1
37939288990
2
1
1
1
1
1
1
2
1
1
1
1
1
1
2
1
1
1
1
2
1
1
1
1
83934857588
1
1
1
1
27796832153
1
2
1
1
1
2
1
1
1
1
2
1
1
2702506753
41418422085
1
1
2
1
1
2
2
1
1
1
2
1
1
1
1
1
1
1
1
1
1
1
1
1
2
2
1
2
1
1
1
2
1
1
2
1
2
1
2
1
1
1
1
1
1
2
1
1
2
1
2
1
1
1
1
1
2
1
1
1
1
1
1
1
1
1
1
2
1
2
2
1
1
2
1
1
1
1
1
2
2
2
1
1
1
1
1
1
1
2
1
1
2
1
1
1
1
2
1
1
1
1
1
1
1
1
1
1
1
2
1
1
1
1
1
1
1
1
2
2
1
1
1
2
1
1
1
1
1
92178025560
1
1
1
2
1
1
1
1
2
1
2
2
2
1
1
2
2
1
1
1
2
1
1
2
1
1
1
1
1
1
2
1
2
2
2
1
2
1
1
2
1
1
31963609352
1
2
2
2
2
1
2
1
1
1
1
1
1
1
1
1
2
1
1
1
1
1
1
1
1
2
1
2
1
1
1
1
1
1
1
1
2
2
1
2
1
48532871333
1
1
1
1
1
1
1
1
1
2
1
1
2
2
1
1
2
2
1
2
1
1
1
1
1
1
1
1
1
1
1
1
1
1
2
1
1
1
1
1
1
1
11633408650
1
1
1
2
1
1
1
2
1
2
1
1
1
1
1
1
1
1
1
27709247359
1
1
1
1
1
1
1
1
1
1
1
2
1
1
1
1
1
2
1
2
1
1
2
1
1
2
1
1
1
1
1
1
1
1
2
1
1
1
1
2
1
1
1
1
1
1
1
72428441071
2
1
1
2
1
1
1
1
2
1
1
1
2
1
1
1
1
1
1
1
2
2
1
1
1
2
1
1
2
1
1
1
1
1
1
1
1
1
2
1
2
1
2
1
2
1
1
1
1
2
1
1
1
1
2
1
1
2
1
1
1
2
1
1
1
2
1
1
1
1
2
1
1
1
1
1
1
1
2
1
2
1
1
1
1
1
1
1
1
2
1
2
63266402220
1
1
1
1
2
1
1
2
1
1
2
1
1
1
1
1
1
2
1
2
2
1
1
1
1
1
1
1
1
1
1
1
2
2
1
1
1
2
1
1
2
1
1
1
1
1
1
1
1
1
1
1
1
1
1
2
1
1
1
1
1
36359229879
1
1
1
1
1
1
1
1
1
1
1
1
1
1
2
1
1
1
1
1
1
2
1
1
1
1
1
2
1
1
1
2
2
1
2
2
2
1
1
1
1
2
2
1
1
2
1
2
1
2
1
1
2
1
1
2
1
1
1
1
1
1
1
1
1
1
1
2
1
1
1
2
1
1
1
1
2
2
1
1
1
2
1
1
1
1
2
1
1
1
1
1
2
1
1
1
1
1
1
2
2
1
1
1
1
1
2
1
1
1
1
1
1
1
1
2
1
2
1
2
1
1
1
2
1
1
1
1
2
1
2
1
2
1
1
1
82440784421
1
1
1
2
1
1
1
2
1
1
2
1
2
1
2
1
1
1
2
1
1
1
2
1
2
1
1
1
2
2
1
1
2
1
1
1
1
1
1
1
1
1
1
1
1
1
1
2
1
1
1
1
1
2
1
1
1
1
2
1
2
1
2
1
1
1
1
2
1
1
1
1
1
1
1
1
1
1
2
1
2
1
1
1
1
1
1
1
1
2
1
1
2
1
1
1
1
1
1
1
2
1
2
1
1
1
1
1
1
1
2
1
2
1
1
1
1
1
1
1
2
1
1
1
1
1
1
1
1
2
1
1
1
1
1
1
1
1
1
2
1
70199037172
1
2
1
1
1
1
1
2
1
1
1
1
1
1
1
1
2
2
1
1
1
1
1
1
1
1
1
1
1
1
1
1
1
1
2
1
2
2
1
85350969421
1
1
2
1
2
1
1
2
1
1
1
1
52939113405
1
1
1
1
1
1
1
1
1
2
1
1
1
1
2
1
2
1
2
1
2
1
1
1
1
1
1
1
2
1
1
1
1
1
1
1
1
1
1
1
1
1
1
2
1
1
2
1
1
2
1
1
2
1
1
2
1
1
10499635129
1
1
2
1
1
1
2
1
1
1
2
1
1
2
1
1
1
1
1
1
1
1
1
1
2
1
1
1
1
1
1
1
2
1
1
1
1
2
1
1
1
1
1
2
1
1
1
1
8083242953
2
1
1
1
1
1
1
1
1
1
2
1
59163678734
1
1
1
1
2
1
2
2
1
1
2
1
1
1
2
1
1
1
2
2
2
1
2
2
71990357273
1
2
1
1
1
2
1
1
1
1
1
1
1
1
1
1
1
1
1
1
1
1
2
2
2
1
1
2
1
2
21778874891
1
1
2
1
1
1
1
1
1
1
1
1
1
20916751178
1
1
1
1
1
1
1
1
1
1
1
2
1
1
1
2
1
1
1
1
1
1
1
1
1
1
1
1
2
1
1
1
1
1
1
1
2
2
2
1
1
41963601798
1
1
1
1
1
1
1
1
2
2
1
1
1
1
1
1
1
1
1
1
1
2
1
2
1
1
1
1
60578757145
1
1
2
1
1
2
2
1
1
1
1
1
2
2
1
2
1
2
1
1
2
1
1
1
1
1
1
1
1
1
2
1
2
1
1
1
1
2
2
2
2
1
2
1
1
2
1
1
2
1
1
1
1
2
1
1
1
2
1
1
1
1
1
1
1
1
1
1
1
1
2
1
1
2
1
2
1
1
1
1
1
1
2
1
1
1
2
1
1
1
2
1
1
1
1
1
1
1
1
1
1
1
2
1
2
1
1
1
1
1
1
36097726006
1
1
1
1
1
1
1
1
1
1
1
1
1
1
1
1
1
1
1
2
1
1
1
1
1
2
2
1
1
1
1
77621846792
2
1
2
1
1
1
1
2
2
2
1
1
1
2
1
1
1
2
1
2
2
1
2
1
2
1
1
1
1
2
1
1
1
1
1
1
1
1
1
2
2
2
1
2
2
61058292420
1
1
1
1
1
1
2
1
2
1
1
1
1
1
1
1
2
1
1
1
1
2
1
1
1
1
2
2
1
1
2
1
43228614827
2
2
1
2
1
2
1
1
74560014336
2
2
1
1
1
1
1
2
1
1
1
1
1
1
1
1
1
2
1
2
2
1
1
1
2
1
2
1
1
1
2
1
2
1
1
1
2
1
1
1
1
2
1
2
2
1
2
1
1
2
2
1
1
1
1
1
67515741166
1
1
1
1
2
1
1
1
1
1
1
1
1
1
1
1
1
1
1
1
1
1
1
1
1
1
1
1
2
1
1
1
9427505703
1
2
1
1
1
1
1
1
1
2
2
1
1
1
2
1
2
1
1
2
2
1
1
1
2
1
34935764297
2
1
2
2
1
1
1
1
2
1
1
1
1
12597205031
94008801460
2
1
1
88516185837
1
1
1
1
1
2
1
1
1
1
1
1
1
1
14928705016
1
1
1
1
1
1
1
1
2
2
2
1
1
1
2
2
2
1
1
2
1
2
2
1
1
2
1
1
1
1
1
2
1
1
1
1
2
2
1
2
2
2
1
2
1
1
1
2
1
1
1
2
1
1
1
1
19990517764
1
1
1
1
2
2
1
1
2
1
2
1
1
1
1
1
1
1
1
1
1
1
1
1
1
1
1
2
2
1
1
1
1
1
1
1
1
2
1
2
2
1
16661258503
1
1
1
1
1
2
1
2
2
1
8752454032
1
1
1
2
1
1
2
2
1
2
1
1
1
87131960111
1
2
1
1
1
1
1
1
1
1
1
2
1
2
1
1
1
1
2
1
2
1
1
1
2
1
1
1
2
1
1
2
1
1
2
1
1
1
1
2
1
1
1
1
2
1
1
2
1
1
2
1
2
1
2
1
1
1
1
2
1
2
2
1
1
1
1
1
1
2
1
25952927209
2
1
2
1
1
1
2
1
1
1
1
1
1
1
1
1
1
1
1
1
2
1
2
1
1
1
1
1
1
1
1
1
1
1
2
1
1
2
1
1
1
1
1
1
1
1
2
1
1
1
2
1
1
1
2
1
2
1
72146212394
2
1
1
2
1
1
1
1
1
1
1
1
1
1
1
1
1
2
2
1
1
1
2
1
2
1
1
1
1
2
1
1
1
1
1
1
30358735402
1
2
1
2
1
2
2
1
2
1
2
1
1
1
1
1
1
1
2
2
1
2
1
1
2
2
1
2
1
1
2
1
1
1
2
1
1
2
1
2
1
2
1
1
2
1
1
2
1
1
1
1
1
1
1
2
1
1
1
1
1
1
2
2
1
1
1
2
1
1
1
1
1
2
2
1
1
2
1
1
87570970425
1
1
1
1
2
1
2
1
1
2
1
1
1
1
2
2
91678437279
1
2
1
2
1
1
2
1
1
1
2
1
1
2
1
1
1
1
1
2
1
1
2
2
1
2
2
1
24782516789
1
1
1
1
2
1
1
1
2
2
1
1
2
1
1
1
1
1
1
2
2
1
1
2
1
2
1
1
1
1
1
1
2
1
2
1
2
1
1
1
1
1
1
1
1
1
1
1
1
1
1
2
2
1
1
1
1
1
1
1
1
1
1
2
2
1
1
1
1
1
1
1
2
2
2
2
1
1
2
1
1
1
1
1
1
1
1
1
1
1
1
2
2
1
1
1
1
1
1
1
1
21129067877
2
4789157787
1
1
1
1
1
89033218784
1
2
1
1
1
1
1
1
1
1
2
1
1
1
1
2
1
1
1
2
1
1
1
1
2
2
2
1
1
1
1
69159739456
1
2
1
2
1
1
2
1
1
1
1
1
1
1
1
1
1
1
1
1
1
2
1
1
1
1
1
1
1
2
1
1
1
1
2
1
1
1
1
1
1
2
1
1
1
1
1
1
1
1
1
1
1
1
1
2
2
2
1
1
2
71411725186
1
2
1
1
1
1
1
1
2
1
2
1
2
1
2
2
1
1
1
1
2
2
1
55302832528
1
2
1
84695447053
1
1
1
37176284468
1
1
1
2
1
1
1
1
2
1
2
1
2
1
1
1
1
1
1
2
1
2
2
1
1
1
1
1
1
1
1
1
1
1
1
2
1
1
1
1
1
1
2
1
1
2
1
1
1
1
1
1
1
2
1
1
1
1
1
1
1
1
1
1
1
1
2
1
1
1
1
2
2
1
2
2
2
1
1
1
1
1
2
1
1
1
1
1
1
1
1
2
2
1
1
2
2
1
1
1
1
1
2
1
1
1
1
1
2
1
1
1
1
2
1
1
1
2
97339767066
1
1
2
1
1
1
2
1
1
1
1
1
1
2
1
1
1
1
1
2
2
1
1
1
1
2
1
1
1
1
1
1
1
2
1
1
1
2
1
1
2
1
1
1
1
1
2
1
1
2
1
1
1
1
1
1
1
1
1
1
2
1
1
1
1
1
1
2
1
2
1
2
43071202889
1
2
1
1
1
1
2
1
1
1
1
1
1
1
2
1
2
2
1
2
1
1
2
1
1
1
1
1
1
1
1
52960333573
1
1
2
1
1
1
1
1
1
1
2
2
1
1
1
1
1
2
7159026225
1
2
1
1
1
1
2
2
1
1
1
1
1
1
1
1
1
1
1
1
1
1
1
1
1
1
1
1
1
1
2
1
1
25997051532
2
2
1
1
2
2
1
2
1
2
1
1
1
1
1
1
2
1
2
1
1
1
1
1
1
1
1
1
2
2
1
1
1
1
1
2
1
1
1
1
1
1
1
1
1
1
1
2
1
1
1
2
56970969041
1
1
1
1
1
1
1
1
1
2
1
1
1
1
2
1
1
1
1
1
1
2
1
2
2
2
2
1
1
1
2
1
1
1
1
1
1
1
1
1
1
57743216814
1
2
1
2199029801
1
1
1
1
1
1
2
2
1
2
1
1
2
1
1
2
1
1
2
1
2
2
2
1
1
1
2
1
1
1
2
1
1
1
1
1
1
1
1
2
1
2
1
1
1
1
1
1
1
1
2
2
1
1
2
2
1
1
1
2
2
1
1
2
1
1
2
2
1
1
1
1
1
1
2
1
2
1
1
1
1
1
1
1
1
1
2
2
2
1
1
1
1
1
1
1
1
2
1
1
1
1
2
1
1
2
2
1
1
2
1
1
2
1
2
2
2
1
1
1
1
1
2
1
1
1
1
2
1
1
2
2
1
1
1
1
1
1
2
1
1
1
2
2
1
2
1
1
1
1
1
1
1
1
1
2
1
1
1
1
1
1
2
2
2
1
1
1
1
1
1
1
1
1
2
1
1
2
2
1
1
1
1
1
1
1
2
2
1
35747894475
2
1
1
1
1
3800653598
1
40872933966
1
2
1
1
1
1
2
2
1
1
2
2
1
1
2
2
1
1
1
1
2
1
2
1
1
1
1
1
1
2
1
1
1
1
1
2
1
1
1
1
1
1
1
1
1
1
2
1
1
1
1
2
1
1
1
2
1
1
1
1
1
2
1
1
1
1
1
2
1
1
1
2
1
1
1
1
2
1
1
1
35498454566
1
1
1
2
22210943066
2
1
1
1
1
1
2
1
1
1
1
1
2
1
1
1
1
1
1
2
1
1
1
2
1
1
1
1
1
1
1
1
1
1
1
1
1
1
1
1
1
1
2
1
1
2
1
1
1
1
1
1
1
2
2
2
1
1
2
1
1
1
45694548786
1
1
1
1
1
1
1
1
1
2
1
1
1
1
2
1
1
1
1
1
76942366444
1
1
1
1
1
1
1
1
1
1
1
1
94915234169
1
2
1
2
1
1
2
1
2
1
1
1
1
2
1
1
1
2
1
1
1
1
2
1
1
2
1
1
1
1
1
2
1
1
1
2
2
1
2
1
1
1
2
1
1
1
1
1
1
1
2
2
1
1
1
1
1
1
2
1
1
1
1
1
1
1
1
1
1
1
1
2
2
1
1
1
1
1
1
1
1
1
1
2
2
2
1
1
1
1
1
1
1
2
1
1
1
1
1
1
1
1
1
1
1
1
2
1
2
2
1
1
1
1
2
1
1
1
2
1
1
1
1
1
2
1
1
1
1
1
27472776622
1
1
1
1
1
2
2
1
1
1
1
1
2
2
1
1
1
1
2
1
1
2
1
2
2
2
1
1
1
2
1
1
1
1
1
1
1
1
1
1
1
1
1
1
1
1
1
1
2
1
1
2
1
1
1
1
1
1
1
2
1
2
1
2
2
1
1
1
1
71226081396
2
1
2
1
1
1
1
1
1
1
1
2
1
1
1
1
1
1
1
1
1
1
1
2
1
1
1
1
1
1
1
1
1
1
1
1
1
1
2
1
1
1
1
1
1
2
1
1
1
1
1
1
2
1
1
1
1
5473540208
1
1
1
1
1
1
1
1
1
56719655722
1
1
1
2
1
1
1
1
2
1
1
1
2
1
1
1
1
1
1
2
1
2
1
1
2
2
1
1
1
1
1
1
2
1
1
1
1
1
2
1
2
1
1
1
1
1
71090173438
1
1
1
2
1
2
1
1
1
1
1
1
1
2
1
1
1
1
1
1
1
1
1
42564742982
2
1
2
1
1
2
1
2
1
2
2
1
1
1
1
1
2
1
1
1
2
2
1
2
1
2
2
1
1
2
1
1
1
1
1
1
2
1
1
2
1
1
2
1
2
1
32433989076
1
1
1
1
2
1
1
1
1
1
2
1
1
1
1
1
1
2
1
1
1
1
1
1
1
94084648075
1
1
1
49804770927
1
1
1
1
1
1
1
1
1
1
1
1
1
1
1
1
1
2
2
1
1
1
2
1
2
1
1
1
1
2
1
1
2
1
96790121387
1
1
1
1
2
2
1
2
2
1
1
1
1
1
1
2
1
91103920603
2
1
1
1
1
1
2
1
80231814943
2
2
1
1
1
1
1
1
2
1
1
1
1
1
1
2
1
1
1
1
1
1
1
1
1
2
1
1
1
2
2
2
1
2
1
1
1
1
1
1
1
1
2
1
1
1
1
2
1
1
1
47441198409
1
1
1
2
1
1
2
1
1
1
1
2
1
1
1
1
1
1
2
1
1
1
86778469457
1
1
1
1
1
1
1
1
1
1
1
1
2
1
1
2
1
1
1
1
2
1
2
2
2
1
1
1
2
1
1
1
1
1
1
2
1
1
1
1
1
1
1
1
1
1
1
1
1
1
1
1
1
1
1
1
1
1
1
2
1
2
1
2
1
1
1
1
76590412454
2
1
1
1
1
1
1
2
1
1
1
1
2
2
1
1
1
2
1
1
2
1
1
1
1
10091706487
1
1
1
2
1
1
1
1
2
2
1
1
1
1
2
1
1
1
1
1
2
1
2
1
1
1
1
1
2
1
1
1
1
2
2
1
1
1
2
1
1
2
1
1
2
1
1
2
97698369768
1
1
1
1
1
1
1
1
1
1
1
2
1
1
1
1
1
1
1
1
1
1
1
1
2
1
1
1
1
1
1
2
1
1
1
1
1
1
1
1
2
1
1
1
1
1
1
2
1
1
2
1
1
1
1
1
1
1
2
2
1
1
1
1
2
1
1
33062739765
2
1
1
1
1
1
1
2
1
1
2
1
1
1
1
1
1
1
1
1
1
1
2
1
1
2
1
1
1
1
2
1
1
1
1
1
1
1
1
1
1
1
1
1
1
1
1
4882072150
1
2
1
1
1
2
1
1
2
2
1
1
86634166857
1
1
1
1
2
1
2
1
2
1
1
1
2
2
2
1
2
1692701290
1
1
2
1
1
1
2
1
1
1
2
2
1
1
1
2
1
85636651330
1
1
9563467300
2
1
1
1
1
1
1
2
1
1
1
1
1
1
1
1
1
1
1
1
1
2
1
1
1
1
2
2
1
1
1
1
2
2
1
1
2
1
1
1
1
1
1
2
2
2
1
1
1
1
1
2
1
1
93973383133
1
1
2
2
2
1
1
1
1
1
1
1
1
1
2
1
1
1
1
1
1
1
2
1
2
1
2
2
1
2
1
1
1
1
1
1
2
2
1
1
1
1
1
1
1
1
2
2
1
1
1
1
1
1
1
1
2
1
1
2
1
1
1
1
2
1
2
1
1
1
2
2
1
1
2
1
1
1
1
1
1
1
2
1
1
1
1
1
1
1
2
1
1
1
1
1
1
2
1
1
1
1
1
2
1
78873618581
1
1
1
1
1
2
1
2
1
2
1
2
1
1
2
1
1
1
1
1
2
1
1
1
2
2
1
1
1
1
1
1
1
1
1
1
2
1
1
1
1
1
2
1
1
60699092371
1
2
2
1
1
1
1
1
1
53903684981
1
1
2
2
1
1
2
1
1
2
1
1
1
1
1
1
1
1
1
2
1
1
2
1
1
2
1
2
1
2
1
1
1
1
1
2
1
1
1
1
2
1
2
1
1
1
1
1
1
1
1
1
1
1
2
1
1
1
1
1
2
1
1
2
1
1
1
2
1
2
2
2
2
1
2
1
1
2
1
1
1
1
2
1
1
1
1
1
1
2
1
1
1
1
1
1
1
2
1
1
1
1
1
2
1
2
1
1
2
1
1
1
2
2
1
1
2
1
1
2
1
2
1
1
1
1
2
2
1
1
1
1
1
1
2
1
1
1
1
1
1
1
1
1
2
2
1
2
1
1
1
1
2
1
1
1
1
1
1
1
2
1
1
1
1
1
1
1
1
1
1
1
2
40321222157
1
1
2
1
1
1
1
1
1
1
1
2
2
1
1
1
1
2
1
1
1
1
77716278024
2
1
2
1
2
2
2
1
1
1
1
1
1
2
2
1
2
2
2
1
1
1
1
1
1
2
1
1
1
1
1
1
2
1
1
1
1
2
1
1
1
2
1
1
17683849690
1
2
1
1
1
1
1
2
2
1
1
1
1
1
1
1
1
1
1
2
1
1
1
2
1
1
1
1
2
1
1
1
2
1
36936010417
1
1
1
1
1
2
1
2
2
1
1
1
2
1
2
1
1
2
1
1
1
1
1
1
2
1
2
1
1
1
1
1
2
1
2
1
1
1
1
2
1
1
1
1
1
1
1
2
16937602964
1
2
1
2
1
2
1
1
1
1
1
1
2
1
1
1
2
1
1
1
1
1
2
1
1
1
1
1
1
2
1
1
1
1
1
1
1
1
1
2
1
1
1
2
1
1
1
1
2
1
1
2
1
1
2
2
2
1
1
1
1
1
1
1
1
1
1
1
1
2
1
1
1
2
1
1
2
1
2
1
1
1
2
1
1
1
1
1
1
1
1
1
1
1
1
1
1
1
1
2
1
1
1
2
2
1
1
1
1
1
2
1
2
2
1
2
1
1
2
1
1
1
2
1
2
2
1
1
1
1
2
1
1
1
2
1
1
2
1
1
1
1
2
2
1
1
1
2
1
1
2
1
1
2
1
1
1
1
1
2
1
1
1
1
1
1
1
1
1
1
2
1
1
1
1
1
2
2
2
1
1
1
1
1
1
1
1
1
2
2
1
2
1
1
2
1
1
1
1
1
1
1
2
1
2
1
2
1
2
1
2
1
1
1
2
2
1
1
1
1
1
1
2
1
1
2
1
1
2
2
1
1
1
2
1
2
1
1
1
2
2
1
1
1
1
2
1
1
1
1
1
2
1
2
1
1
2
1
2
1
2
1
1
2
2
1
1
1
1
1
2
1
1
1
1
1
4129184239
2
2
1
2
1
1
2
1
1
1
1
2
1
1
1
1
10214832929
1
1
1
1
1
2
2
1
1
1
2
1
2
1
1
1
1
1
2
1
2
1
1
1
1
2
2
2
1
1
1
1
2
1
1
1
1
1
1
1
2
2
1
1
1
1
1
1
1
1
1
1
1
2
2
1
1
1
1
1
1
1
1
2
2
1
1
1
1
1
1
1
2
1
2
1
1
1
1
1
1
1
1
1
2
1
1
1
2
1
1
2
1
1
2
1
1
1
1
1
1
1
1
1
1
1
1
1
1
2
1
1
54230214260
1
1
2
1
2
1
1
1
1
2
1
2
1
1
1
1
1
1
1
1
1
2
1
1
2
1
1
1
2
2
2
1
1
2
1
1
1
1
1
2
1
2
2
1
2
1
1
2
1
1
1
2
1
1
1
1
1
1
1
1
1
1
1
2
1
1
1
1
1
1
1
1
2
1
2
2
1
1
1
1
1
1
1
1
1
2
1
1
1
1
1
2
1
1
1
1
1
33871172478
2
1
1
1
2
2
2
2
1
1
1
1
1
2
2
62438254108
2
1
1
1
1
1
2
1
1
2
1
1
1
2
1
1
1
2
1
2
1
1
1
1
2
1
1
1
1
1
2
1
1
1
1
1
1
1
1
1
1
1
1
1
1
1
2
1
2
1
1
1
1
50474133397
1
2
1
1
2
2
1
1
1
1
1
1
1
1
2
1
1
1
2
1
1
1
2
1
1
1
2
1
1
1
1
1
1
2
1
1
2
1
1
2
1
1
1
1
1
1
1
2
1
1
2
2
1
1
2
1
1
2
1
1
1
1
2
1
1
1
1
1
1
1
1
2
1
1
2
1
1
1
1
1
2
1
1
2
2
1
2
2
1
1
1
1
1
1
1
1
1
1
2
1
1
1
1
1
2
2
2
1
1
2
1
1
1
1
1
1
2
1
1
1
1
1
1
1
2
2
2
1
1
1
1
2
1
1
2
1
2
1
2
1
1
1
1
1
1
2
94807674359
1
1
5687490343
1
1
1
1
2
1
2
2
2
1
1
2
1
1
1
1
2
1
2
2
1
1
1
2
2
1
1
1
1
1
2
1
1
1
1
1
1
2
1
1
1
1
1
1
1
1
1
1
2
1
1
1
1
58274773444
2
1
1
1
2
1
1
1
1
1
2
1
2
2
2
2
1
1
2
2
1
1
1
1
2
2
1
1
1
2
1
1
1
1
1
1
1
1
1
32103518137
1
1
1
1
1
1
1
2
1
1
1
2
2
2
1
1
1
1
1
1
1
1
1
1
1
1
2
1
95612199635
1
1
1
1
1
1
1
1
1
2
1
1
1
1
1
1
1
1
1
1
1
2
1
1
1
1
2
1
2
1
1
1
1
1
1
1
2
2
1
1
1
1
2
1
2
2
1
1
1
1
1
2
1
1
1
1
2
1
2
1
1
1
2
1
2
1
2
1
1
1
2
1
2
1
1
1
1
1
1
1
1
1
1
1
1
1
1
1
1
62877454189
1
2
1
90342758223
1
43140618626
1
1
1
1
2
1
1
1
2
1
1
1
1
1
2
1
1
1
1
1
1
1
1
2
1
1
1
2
1
1
1
1
1
65806945395
1
1
2
1
1
2
1
1
1
1
1
1
1
1
2
1
1
1
2
1
1
1
2
1
94218318936
1
1
1
1
1
1
1
2
1
1
1
1
1
1
2
1
1
1
1
1
1
1
1
1
1
1
1
1
1
1
2
1
2
2
1
1
1
1
1
1
1
1
1
84510683311
2
1
1
1
1
1
2
1
1
1
1
1
1
1
2
1
1
1
1
1
1
1
2
1
1
1
1
1
1
1
1
1
1
1
2
1
1
1
1
1
1
1
1
1
1
7803586160
1
1
1
1
1
1
1
1
1
1
1
1
1
88565057187
1
1
1
1
2
2
2
12157950828
1
1
1
1
1
1
1
1
2
1
1
1
1
2
1
1
1
1
1
2
1
1
2
1
1
1
1
2
1
1
1
2
1
1
1
2
1
1
1
2
1
1
1
1
1
1
2
1
1
1
2
1
1
1
1
2
22541990266
1
1
1
1
1
1
1
1
1
1
1
1
2
1
1
1
2
2
1
1
2
1
2
2
1
1
1
2
1
1
1
1
1
1
1
1
2
1
1
1
1
1
2
2
1
2
1
1
1
1
1
1
1
2
1
1
1
1
1
1
1
1
2
1
1
1
1
1
2
1
1
1
2
1
2
1
1
1
1
1
2
1
1
1
1
2
1
2
1
1
2
1
1
1
1
1
1
1
2
1
1
2
1
1
2
1
1
1
1
1
1
1
1
1
2
2
1
2
2
1614719614
1
1
1
1
1
2
1
1
1
1
1
1
1
1
1
2
1
1
1
1
1
1
1
1
1
1
1
2
1
1
1
64722024194
1
1
1
1
1
1
1
2
1
2
1
1
2
2
1
1
1
1
1
1
1
1
1
1
1
2
2
1
1
1
1
1
2
69590198179
1
1
1
1
2
1
1
1
2
1
1
1
1
1
1
2
1
2
1
1
2
2
1
1
2
1
1
2
1
2
1
1
1
1
1
1
1
2
2
1
1
1
1
1
1
1
1
1
1
1
1
2
2
1
2
1
2
1
1
1
1
1
1
1
1
1
1
2
1
1
1
1
1
1
1
1
1
2
1
1
1
1
2
1
1
2
2
1
1
2
1
1
1
1
1
2
1
1
1
1
1
1
2
1
2
1
1
84007049811
1
1
1
1
1
1
2
1
1
1
1
1
1
1
1
1
1
1
1
1
1
1
2
1
1
1
1
1
1
2
1
1
2
1
2
1
1
1
2
1
1
85845228065
1
1
1
1
1
1
1
1
1
1
1
1
2
1
2
1
1
2
1
1
1
1
1
2
47420347886
1
1
1
1
2
1
2
1
1
1
2
1
1
2
2
1
2
1
1
2
2
1
1
1
1
1
2
1
1
1
1
1
1
1
2
2
2
2
1
2
2
2
1
1
1
1
75545985550
2
1
1
1
1
1
2
1
1
1
1
1
2
1
1
46251183219
2
1
1
1
1
1
2
1
2
1
1
1
2
1
1
1
2
1
1
1
1
1
2
1
1
1
1
1
1
1
1
1
16502920108
1
2
47253739285
1
1
1
2
2
1
1
1
1
1
1
32206389039
1
1
1
1
1
1
1
1
2
1
1
65396579115
1
2
1
1
1
1
1
1
1
1
2
39834191869
2
1
32295155512
2
1
1
1
1
1
1
75035163731
2
1
1
2
1
1
1
2
1
2
85784624387
2
1
1
1
1
1
1
1
2
2
1
2
2
2
1
1
1
1
1
2
1
1
1
1
1
6445791387
1
2
1
1
1
2
1
2
1
1
1
1
1
1
1
1
50828540179
1
1
1
2
1
2
1
2
2
1
2
1
1
2
1
1
1
2
1
1
1
67293960494
1
1
1
1
1
1
2
1
2
96379494952
1
1
1
1
1
2
1
1
2
1
1
1
1
1
2
1
1
1
1
2
1
2
2
2
1
2
1
1
1
1
1
1
1
1
1
1
2
1
1
2
1
2
1
2
1
1
1
1
94663816377
1
1
2
1
1
1
2
1
2
1
1
1
1
9272796826
1
1
2
1
1
1
1
1
2
1
1
1
1
1
1
1
1
1
1
1
1
1
1
1
2
1
1
1
1
1
2
1
1
2
1
1
1
1
1
1
2
2
1
1
1
2
1
1
1
1
1
1
1
1
1
1
1
1
1
1
1
1
1
1
1
1
2
1
1
1
2
1
2
1
2
1
2
2
31998772356
2
1
1
1
1
1
1
1
1
1
1
1
1
2
2
1
2
1
1
1
1
1
1
1
1
1
1
1
2
1
2
1
1
1
1
1
1
2
1
2
1
1
1
1
1
1
1
1
1
1
1
2
2
2
1
1
1
1
2
1
2
1
1
1
1
1
1
1
1
1
1
2
1
1
1
1
37970945588
1
2
1
1
2
36333336164
2
1
1
1
1
2
1
1
2
1
2
1
2
1
2
1
1
1
1
1
1
1
1
1
1
1
1
2
1
1
1
1
1
1
1
1
1
1
1
1
1
1
1
1
1
1
2
1
1
2
1
1
2
1
1
1
1
1
2
2
2
1
1
2
1
2
1
1
1
1
1
1
1
1
1
1
2
2
1
1
1
1
2
2
1
1
1
1
2
1
1
1
1
2
1
1
2
1
1
1
2
1
1
1
1
1
2
2
2
1
1
1
2
1
1
2
1
1
1
1
1
1
1
1
1
1
1
1
1
2
1
2
1
1
2
1
2
1
1
1
1
1
1
1
1
1
1
2
2
1
1
1
2
1
2
1
2
2
2
1
1
2
1
1
1
1
1
1
1
1
1
1
1
2
1
1
2
1
1
1
1
1
1
1
2
1
2
1
1
1
2
1
2
1
1
1
1
2
1
1
1
2
1
1
2
1
1
2
1
1
2
1
1
1
2
1
2
1
1
2
1
1
1
1
1
1
1
1
1
2
1
1
1
2
1
1
2
2
1
1
2
1
1
76833301722
1
1
2
2
1
1
2
1
1
1
2
2
2
2
2
1
34588040407
2
1
1
2
2
1
1
2
1
1
1
1
1
1
2
1
1
1
1
2
1
2
1
2
1
1
1
1
1
1
2
1
1
1
1
2
1
1
1
1
2
1
1
1
1
1
2
1
1
1
1
1
1
2
1
12058811059
2
1
1
1
2
2
1
2
1
1
1
2
2
1
1
1
1
1
1
1
1
1
1
1
1
1
1
1
1
1
1
1
1
2
1
1
2
1
1
2
1
1
1
1
1
1
1
1
1
1
94865368760
1
1
1
1
1
2
1
1
2
1
2
1
1
2
2
25034049045
1
1
1
2
2
1
1
1
1
1
2
1
1
1
2
2
1
1
1
1
1
1
1
1
1
2
1
2
2
1
1
1
1
1
2
2
1
2
1
1
2
1
1
1
1
1
2
2
1
1
2
2
1
1
1
1
1
1
1
1
1
1
1
1
1
1
1
1
1
2
1
2
1
1
2
1
1
27710381929
1
1
1
1
2
1
2
2
1
1
1
1
1
1
1
1
2
2
2
1
1
1
1
1
1
1
1
1
1
2
1
1
2
1
2
2
1
1
1
1
1
1
1
2
2
1
1
1
1
1
1
1
1
2
2
1
1
1
1
1
1
1
1
1
2
1
1
1
1
1
1
2
1
2
2
1
1
1
2
1
1
1
1
1
1
2
2
2
30042657526
2
1
1
1
1
1
1
1
1
1
1
1
2
1
1
1
1
1
1
1
1
1
1
1
1
2
1
2
1
1
2
1
1
1
1
2
1
2
1
1
1
1
2
1
1
1
1
1
2
1
1
1
1
2
1
2
2
1
1
1
1
2
1
1
1
2
1
1
1
1
1
1
1
2
1
1
1
1
2
1
1
1
1
1
1
1
2
1
1
1
1
2
1
1
1
1
1
1
1
1
1
1
83950331382
1
1
1
1
1
1
2
2
1
1
1
1
38420556123
1
2
1
1
1
1
1
1
1
2
1
1
1
1
2
1
1
2
2
1
1
1
1
2
1
1
1
1
1
2
1
2
2
1
1
2
1
2
1
1
1
1
2
10111497854
1
1
1
1
2
1
1
1
1
1
1
1
1
1
1
1
1
1
2
1
1
95981361636
2
1
2
1
2
1
1
1
1
1
2
1
2
1
1
2
1
1
2
1
2
1
1
1
2
1
1
2
2
1
1
1
1
1
1
1
1
2
2
1
1
1
2
1
1
1
1
1
1
2
2
1
1
2
1
1
1
2
1
1
2
1
2
1
1
2
1
1
1
1
1
1
1
1
1
2
1
1
1
1
1
1
1
1
1
1
2
1
1
1
1
1
1
1
1
1
1
2
1
1
2
1
67082240235
2
1
1
1
2
1
1
1
2
2
1
1
1
1
2
1
1
1
2
1
1
2
1
1
2
1
1
2
2
1
1
69490083279
1
1
1
1
2
1
1
1
1
1
2
1
1
1
1
1
1
2
1
1
1
1
1
1
1
1
1
1
1
1
1
1
1
1
1
1
1
2
1
2
1
2
1
1
2
1
1
1
2
1
1
1
2
50979219898
1
2
1
2
1
2
2
1
1
1
2
1
2
1
1
2
1
29893323682
2
1
2
1
2
1
1
1
1
1
1
1
1
2
1
1
1
1
1
1
2
2
1
2
1
1
1
1
1
1
1
1
1
1
2
1
1
1
1
1
1
1
1
2
1
1
2
1
2
1
1
1
2
1
2
2
1
1
1
1
1
1
1
1
2
2
1
1
1
1
1
1
1
1
1
1
1
1
1
1
2
1
1
1
1
1
1
2
1
1
1
1
1
2
1
1
1
1
2
1
1
1
1
1
1
1
1
1
1
1
1
1
2
1
25804287207
1
1
1
1
1
1
1
1
1
1
1
1
1
1
1
1
1
1
2
1
1
1
1
1
1
1
2
1
1
2
1
2
1
2
1
1
1
1
2
1
1
1
1
1
1
1
1
2
1
1
1
1
1
2
2
1
2
1
1
2
1
1
2
2
1
1
1
2
2
1
2
1
1
1
1
2
2
1
1
1
1
1
1
1
2
1
1
1
1
2
1
1
1
1
1
2
1
1
2
1
1
1
2
1
1
2
2
1
1
1
2
2
1
1
2
1
2
1
1
1
1
2
2
1
1
1
1
1
1
2
1
1
1
1
1
1
1
1
1
1
1
1
1
1
1
1
1
1
91500087152
1
1
1
1
1
1
2
1
1
1
1
1
1
1
1
1
1
1
1
9215109189
1
1
1
1
2
1
1
39487587053
1
2
1
2
1
1
1
1
1
1
1
1
1
1
1
1
1
2
1
1
1
1
1
1
1
1
1
1
1
2
2
1
2
1
1
1
2
1
1
1
1
1
1
1
1
1
1
1
1
1
1
2
2
54726223781
1
2
1
1
1
1
1
1
1
1
1
1
1
1
1
1
2
1
1
1
1
1
1
1
1
1
1
1
1
1
2
1
66707471176
1
2
1
1
1
1
1
1
1
1
1
2
2
2
1
1
1
1
2
1
1
2
1
1
1
1
2
1
1
1
1
1
1
1
1
2
1
1
33833242980
1
1
69443284484
1
90681771385
1
2
1
1
1
2
2
1
2
1
2
1
1
1
1
1
1
1
1
1
1
1
1
1
1
1
1
2
1
2
2
1
1
1
1
1
2
2
2
1
1
1
1
1
1
1
1
2
1
1
1
1
1
1
2
1
1
1
1
1
77492659223
1
2
1
1
1
1
1
2
1
1
1
1
1
1
1
1
1
1
1
1
1
1
2
19119692849
1
1
2
1
1
1
2
1
1
1
1
1
1
1
1
1
1
2
2
1
1
2
1
1
2
1
2
1
1
1
1
1
1
1
2
1
2
1
1
2
1
2
1
1
1
2
1
27376098875
2
1
1
1
1
1
1
1
1
1
1
1
1
1
1
2
1
1
1
2
1
1
1
1
1
1
1
1
1
10590494671
1
1
1
1
1
1
2
1
1
1
1
1
1
1
2
1
1
1
1
1
1
2
2
2
1
1
1
1
2
1
1
1
1
1
1
1
49790867057
1
1
1
1
1
2
1
1
1
1
1
2
1
1
51155985347
1
1
2
1
1
1
1
1
1
1
2
1
1
2
1
1
1
1
1
1
1
2
1
1
1
1
1
1
1
1
2
1
1
1
1
1
2
1
1
1
1
1
1
1
1
1
1
2
1
1
2
2
2
1
1
1
1
1
1
1
2
1
1
1
4491983604
2
1
2
1
1
1
1
1
1
1
2
1
1
1
1
1
1
1
1
2
1
1
2
1
1
1
1
1
2
1
1
2
1
39178476578
2
1
1
1
1
1
1
1
1
1
1
1
1
1
1
1
1
1
1
2
1
2
1
1
1
1
1
2
2
1
1
1
1
2
1
2
1
1
1
2
1
1
1
1
1
1
1
1
1
1
2
1
1
2
2
1
1
2
1
1
1
2
1
2
1
2
2
1
1
1
1
2
1
1
1
1
1
2
1
1
1
1
1
2
1
2
1
2
1
1
1
1
1
1
2
1
1
50294092412
1
1
1
1
1
1
2
1
2
1
1
1
1
1
2
1
1
2
2
1
1
1
2
1
1
1
1
1
1
2
2
2
1
1
2
1
1
1
1
1
1
1
1
1
2
1
2
1
1
1
2
1
1
1
1
2
1
1
2
1
1
1
1
1
1
2
2
1
1
1
1
1
1
1
1
1
1
1
2
33474801107
1
1
1
2
2
2
1
1
1
2
2
1
1
1
1
2
1
1
1
2
1
1
2
2
1
2
2
1
2
1
1
1
1
1
1
2
2
1
2
1
1
1
1
1
1
1
1
1
1
2
2
1
1
1
1
1
1
1
1
1
2
1
2
1
1
1
1
1
64695306630
1
1
1
1
1
1
1
2
1
1
2
2
2
1
1
1
2
1
1
1
1
1
2
1
1
1
1
1
1
2
1
1
1
1
2
1
1
1
1
86869244476
1
1
1
1
1
1
1
1
2
1
1
1
1
2
2
1
1
2
1
2
2
1
2
1
1
1
1
2
2
2
2
1
1
2
1
1
2
1
2
1
1
1
1
1
1
2
1
1
2
1
1
1
2
1
2
1
1
1
1
2
1
1
2
1
1
1
1
1
1
2
1
2
1
1
2
1
1
1
1
1
1
1
2
2
1
1
2
1
1
1
2
1
1
1
1
1
2
1
1
1
1
1
1
1
1
1
1
1
2
1
1
1
2
1
1
2
1
1
1
1
1
1
1
1
1
60147171033
2
2
1
1
1
1
1
2
1
2
44189588433
2
1
1
1
1
1
1
1
1
1
1
1
1
1
1
1
1
1
1
1
1
1
1
1
1
1
2
1
1
1
1
1
1
1
1
2
2
2
1
1
1
1
2
2
1
1
1
1
2
1
1
2
1
1
1
1
1
1
2
1
1
2
1
1
1
1
1
1
1
2
2
1
1
1
1
1
1
1
1
1
1
2
1
1
1
1
2
1
1
1
1
1
2
2
1
2
1
1
1
1
1
2
1
1
1
1
1
1
2
2
1
2
1
1
1
2
1
1
1
1
1
1
1
1
1
2
1
1
1
1
1
1
1
23105357292
1
1
1
1
1
1
1
1
2
1
1
1
2
1
1
2
2
1
1
1
1
1
1
1
1
1
2
1
1
1
1
1
1
1
1
1
1
1
1
1
2
2
1
1
2
1
1
2
1
2
2
1
1
2
1
1
1
1
1
1
1
1
1
1
1
1
1
2
1
1
1
73717211247
1
1
1
1
2
1
1
1
1
1
1
2
2
2
2
1
1
1
1
1
1
1
1
1
1
2
2
1
1
1
2
1
1
1
2
1
1
1
2
1
1
1
1
1
1
2
2
1
1
1
1
1
1
1
2
1
1
2
1
1
1
1
2
2
1
2
1
1
2
1
1
1
1
1
1
1
1
2
1
2
1
2
2
1
1
1
64258986590
1
1
2
1
1
2
2
2
1
2
1
2
1
1
1
1
1
1
1
1
1
1
1
1
1
1
1
2
1
1
1
1
2
2
1
1
2
1
2
2
1
1
1
1
1
1
2
1
1
1
1
1
1
1
1
1
1
1
1
1
1
1
1
2
1
2
1
1
1
1
1
2
1
1
1
1
2
2
1
2
1
1
2
1
1
1
1
1
1
1
1
1
2
1
2
1
1
1
2
1
1
1
2
1
1
2
1
1
1
2
1
1
1
2
1
1
1
1
1
2
1
1
2
1
1
1
2
1
1
2
1
1
1
1
1
2
2
1
2
1
1
1
1
1
1
2
1
99311552946
1
2
1
1
2
1
1
1
1
1
1
2
2
1
1
1
1
2
1
1
2
1
1
2
1
1
2
1
1
1
1
1
1
1
1
1
1
1
17566624269
2
2
1
2
1
1
1
1
2
1
1
1
1
1
1
2
1
1
1
1
1
1
1
36063326660
1
1
1
2
1
1
2
1
1
1
1
2
1
2
2
1
1
1
1
1
1
1
1
1
71728008090
1
1
1
2
1
1
1
1
1
1
1
1
1
1
1
1
1
1
1
1
1
1
2
2
1
1
1
1
2
1
1
1
1
2
1
1
1
2
1
1
2
1
1
1
1
1
1
2
1
1
1
2
1
1
1
1
1
1
1
2
1
1
1
1
1
1
2
1
1
2
1
28705262536
1
1
2
1
2
1
1
1
1
1
1
2
1
1
1
1
1
1
1
1
1
1
2
1
2
2
1
1
85866193863
1
1
1
12260232186
2
2
1
1
1
1
2
1
2
2
1
1
1
1
2
1
1
1
1
2
1
2
2
1
1
1
1
1
1
1
1
1
2
1
2
2
1
1
1
1
1
1
1
1
1
1
2
43854185715
1
1
6301934145
2
1
1
2
1
1
1
1
1
1
1
2
2
1
1
1
2
2
2
1
1
1
1
1
1
1
2
1
1
1
2
1
1
1
1
1
1
1
1
1
1
1
1
2
2
2
2
1
1
1
2
1
1
1
1
2
1
1
1
1
1
1
1
1
2
1
2
1
1
1
2
1
1
1
2
2
2
1
2
2
1
1
2
1
1
1
1
61550890689
1
2
1
2
2
1
1
1
1
1
2
2
1
1
1
1
2
2
2
1
1
1
1
41827239774
2
1
1
1
2
2
2
1
1
2
2
1
1
2
1
1
2
1
1
1
1
2
2
1
1
2
1
1
1
1
1
1
1
1
2
1
2
1
1
1
2
1
2
2
1
1
1
1
2
1
1
1
1
1
2
1
2
1
1
1
1
1
1
1
1
1
2
2
1
2
1
1
1
1
2
1
1
1
1
1
1
1
1
1
1
2
1
1
2
1
1
2
1
1
1
1
1
2
1
2
1
1
1
1
1
1
1
1
1
2
1
1
1
2
2
1
1
2
1
1
7216482760
1
1
2
1
1
1
1
1
1
1
2
1
1
1
1
1
6283072808
1
1
1
1
1
1
1
1
1
1
1
1
1
1
1
2
1
2
1
1
1
1
1
1
1
1
1
2
1
1
1
1
1
91133199869
37082742806
2
1
1
1
1
1
1
2
1
2
1
2
1
1
1
1
1
1
1
1
1
1
1
1
2
1
1
1
2
2
1
1
1
1
51163257235
1
1
2
1
1
1
1
1
1
1
1
1
45697745642
1
1
1
1
2
1
1
2
2
1
2
1
1
2
2
1
1
1
1
1
1
1
2
1
1
2
1
1
1
1
1
1
1
2
1
1
1
1
2
2
1
1
1
1
2
1
1
1
1
2
1
1
2
1
1
2
2
1
1
1
1
1
1
2
1
1
1
1
1
1
1
1
1
2
1
1
2
1
2
1
1
1
1
2
1
1
2
77768416544
1
1
1
2
2
1
1
1
1
2
1
1
1
1
1
2
2
1
1
1
2
1
1
1
1
1
1
2
1
1
1
1
2
2
2
1
1
1
2
2
2
1
1
1
1
1
1
1
2
2
2
1
1
1
1
2
2
1
2
1
1
1
1
1
1
1
1
1
1
1
1
2
2
2
1
2
2
1
1
2
1
1
2
1
1
1
1
1
1
1
1
1
1
1
2
1
1
1
1
1
1
1
1
1
1
1
1
1
1
1
2
1
1
2
1
1
2
1
2
2
1
1
1
1
1
2
1
2
1
1
1
2
1
1
75142167933
1
1
1
1
2
1
1
1
1
1
83469078312
1
1
1
1
1
2
1
1
1
1
1
1
1
1
1
2
1
1
1
1
1
1
1
1
1
2
1
1
1
2
64188119637
1
1
1
2
1
1
1
1
1
1
1
2
1
1
2
1
1
1
2
1
2
1
1
1
1
1
1
1
2
2
1
1
1
1
1
1
1
1
2
1
1
1
1
1
1
1
1
1
1
1
1
2
2
2
1
2
2
1
1
1
2
1
1
1
1
1
1
2
1
1
1
2
1
2
2
1
1
1
1
1
1
1
1
1
1
1
1
1
1
1
1
1
2
1
1
1
2
1
2
1
1
1
1
1
1
1
1
2
1
1
81132646304
1
1
2
2
1
1
2
2
1
1
1
1
1
2
1
2
2
1
2
1
1
2
1
1
1
2
1
1
1
1
2
2
1
1
1
1
1
1
2
1
2
2
2
1
2
2
1
1
1
2
1
1
1
2
1
1
1
2
2
1
1
1
1
1
1
1
1
1
1
1
1
1
1
1
1
1
2
1
2
58129998403
1
1
1
1
1
1
2
2
1
1
1
1
1
1
1
2
1
1
1
1
1
1
1
1
2
1
1
1
1
1
2
1
1
1
1
1
1
1
1
1
1
2
1
1
1
1
1
1
1
1
1
2
1
1
1
2
1
1
1
1
1
2
1
2
1
1
1
1
1
1
1
1
1
1
2
2
2
1
2
1
1
2
1
1
1
2
2
1
1
1
1
1
1
1
1
1
1
2
1
2
1
1
1
1
1
1
2
1
1
1
1
2
2
1
1
1
1
1
1
2
2
1
1
1
1
1
2
1
1
1
1
1
2
1
1
1
1
1
1
1
2
1
1
2
1
1
1
1
1
1
2
1
1
1
1
2
1
1
2
1
1
1
2
1
1
2
2
1
1
2
1
2
2
1
1
1
1
1
1
1
2
2
1
1
1
1
1
1
1
2
1
1
1
1
1
1
2
1
1
1
1
1
1
1
2
1
2
1
1
1
14302198222
1
1
1
1
1
1
1
1
1
1
1
2
2
1
1
1
1
1
1
1
1
1
1
1
2
1
2
1
1
2
1
1
1
2
1
1
1
1
1
2
1
2
1
1
1
1
1
1
1
1
1
1
2
1
1
1
1
1
1
1
1
1
2
1
1
1
1
1
1
2
1
1
2
1
2
2
1
1
1
1
1
1
2
2
1
1
1
1
1
1
1
1
1
1
2
2
1
1
1
1
2
1
1
1
1
1
1
1
1
1
2
1
1
1
1
1
1
1
1
1
1
2
1
1
1
2
1
1
1
1
1
1
1
1
2
94537920560
1
1
2
1
1
2
1
2
1
1
2
1
1
1
1
1
1
1
2
1
2
1
36457204942
1
1
1
1
1
2
1
1
1
1
1
1
1
1
1
1
1
1
1
1
1
1
1
2
2
1
2
2
1
2
1
2
2
1
1
2
1
1
1
1
1
1
1
1
1
1
1
2
2
1
1
1
2
1
1
1
1
1
2
1
1
1
1
1
1
2
1
1
2
1
2
1
1
1
1
1
1
2
1
1
2
1
1
1
1
1
1
2
1
1
1
1
1
2
1
1
1
1
1
1
1
1
2
1
1
1
2
1
1
1
2
1
1
1
1
2
1
2
1
1
1
1
2
1
1
1
1
1
1
1
1
2
2705291552
1
1
2
1
1
1
1
1
1
1
1
1
1
2
2
1
1
2
1
2
1
1
1
1
1
1
1
1
1
1
1
1
1
1
2
2
1
1
1
1
1
1
1
1
1
1
1
2
2
1
1
1
1
1
1
1
1
1
1
1
2
1
1
1
1
1
1
1
1
99766223972
1
1
1
2
2
1
1
2
2
1
1
1
1
2
1
2
1
2
1
1
1
1
50808118954
1
2
1
1
1
1
1
2
1
1
1
1
1
1
2
2
1
1
1
2
1
1
1
1
2
1
1
1
1
1
1
1
1
1
1
1
2
1
2
2
1
2
1
1
1
1
1
1
2
2
1
2
1
1
1
2
2
1
1
1
2
1
1
2
2
1
1
1
1
1
28597784016
1
1
2
1
1
1
2
2
1
2
2
1
1
1
1
2
1
1
1
1
2
1
1
2
2
2
2
1
1
1
2
1
1
1
1
2
1
1
2
1
2
2
1
1
1
1
1
1
2
1
1
2
1
1
1
2
1
1
2
2
1
1
1
1
1
1
2
1
2
2
1
1
1
1
19168085616
1
1
2
1
1
2
1
1
1
2
1
1
1
1
1
2
1
1
2
1
1
1
1
1
1
1
1
1
1
2
2
1
2
1
1
1
1
1
1
1
1
1
1
1
1
1
2
2
1
2
1
1
2
2
1
1
2
1
1
1
1
2
1
1
1
1
1
2
1
1
1
1
1
1
2
1
1
1
1
1
1
1
1
1
1
2
2
1
2
2
1
2
1
1
1
2
1
2
1
1
1
1
43174199173
1
2
1
2
1
1
1
1
1
1
1
1
1
1
1
1
1
2
1
1
1
1
1
2
1
1
1
1
2
1
1
1
1
1
1
1
1
1
2
1
2
1
1
1
2
1
2
1
2
2
1
1
1
2
1
1
1
1
2
1
1
1
2
1
1
1
2
1
2
1
1
1
1
1
1
2
1
1
2
1
2
1
2
35758306449
2
2
5828114221
2
2
1
1
2
1
2
1
1
2
1
2
2
1
2
1
1
2
1
1
1
1
1
2
1
1
2
1
2
1
1
1
1
56249053202
1
2
1
2
2
1
1
1
2
1
2
1
2
2
1
1
1
2
1
1
1
1
2
1
2
1
2
1
1
1
1
1
1
2
1
1
1
1
2
66991348463
2
1
1
1
1
1
1
1
1
2
1
1
1
1
2
1
1
2
2
1
1
1
1
1
1
2
2
1
1
2
1
2
1
39621129185
1
1
1
1
1
1
1
1
1
1
1
2
2
1
1
1
1
1
1
2
1
1
1
1
1
1
1
1
1
1
1
1
1
52441857478
1
1
1
1
1
1
1
1
1
1
1
1
2
2
1
1
1
1
2
1
1
1
1
1
1
1
2
2
1
1
1
2
1
1
2
1
1
1
1
1
1
2
35924991129
1
1
1
1
2
1
1
38822617780
1
2
1
1
2
35108724793
1
2
1
1
2
1
1
1
2
1
1
2
1
1
1
1
1
2
1
19730226330
1
2
1
1
2
1
2
1
1
2
1
1
1
1
1
2
1
2
1
1
1
1
1
1
1
1
1
1
1
1
2
1
1
2
1
1
1
1
2
2
1
1
1
1
1
1
1
1
1
1
2
2
2
1
2
1
1
1
2
1
1
2
1
1
1
1
1
1
1
2
2
1
2
2
2
2
1
1
1
2
1
1
2
1
1
41097175983
1
1
2
1
1
2
2
1
1
2
2
2
1
1
2
1
1
1
53987929166
2
1
2
1
2
1
1
1
1
1
1
1
1
1
1
13916771352
1
1
1
1
1
1
7111286454
1
2
1
2
2
1
2
1
1
2
2
2
2
1
1
1
1
1
1
1
1
1
98007974244
2
2
1
1
1
1
1
2
1
1
2
1
1
1
1
2
1
1
1
2
1
1
1
1
1
1
1
10757629020
2
1
1
1
1
2
1
1
2
1
1
1
1
2
1
1
2
2
2
1
1
2
1
1
1
1
1
1
1
1
1
1
1
2
1
1
1
1
2
1
2
2
1
1
1
1
1
1
2
2
1
1
1
2
1
1
1
1
1
1
2
1
1
95187680520
1
1
1
1
1
2
1
1
1
1
1
2
1
1
1
1
1
1
1
1
2
26198170015
1
1
1
2
1
1
1
1
1
1
2
1
2
1
1
2
1
1
2
1
1
1
1
1
1
1
1
1
2
1
1
1
1
1
1
1
1
1
1
1
1
1
1
2
1
1
1
1
1
2
1
1
1
1
1
1
1
1
1
2
2
1
2
1
1
1
1
1
1
1
1
1
30855909968
2
14572223366
2
1
1
1
2
2
1
1
1
1
2
1
1
2
1
2
1
2
1
1
2
1
1
1
2
1
1
1
1
1
1
1
1
1
1
2
1
1
2
1
1
2
1
1
1
1
1
1
2
1
1
1
1
1
1
1
1
1
2
2
2
1
1
2
1
2
1
1
1
1
1
2
1
1
2
1
1
1
1
1
1
1
1
1
2
1
1
1
1
1
1
1
1
1
2
1
1
2
1
1
1
1
1
1
1
2
1
2
2
1
1
1
2
1
1
1
1
1
2
1
2
2
2
2
1
1
1
2
2
2
1
2
1
1
1
1
1
1
2
1
2
1
2
1
2
1
1
1
1
1
2
1
1
1
1
1
1
1
2
1
1
1
1
2
2
2
2
1
1
1
1
1
1
1
1
1
1
1
1
1
1
1
1
1
1
1
1
1
81429231363
1
1
1
