1
1
1
2
2
1
1
1
2
1
2
2
2
1
27352966117
1
2
2
1
1
34983871991
1
1
1
2
2
1
2
2
2
2
1
1
1
1
2
1
2
2
2
1
1
1
2
1
2
1
2
1
1
1
2
2
2
1
1
2
2
1
1
2
1
1
2
2
2
1
2
1
1
2
1
1
2
2
2
75561943372
2
1
2
2
2
2
2
2
1
2
1
2
2
1
2
1
1
1
1
1
2
1
2
1
2
2
2
1
2
2
1
2
1
2
1
1
2
2
1
1
1
2
1
1
2
2
2
2
2
2
1
2
1
2
1
1
2
2
2
2
2
2
73398474359
2
1
2
2
2
2
2
2
2
1
1
2
72155072307
2
1
1
2
2
1
2
2
2
2
2
2
1
1
1
1
1
1
2
2
2
1
2
1
2
2
2
2
2
2
1
1
2
2
1
21240273505
2
2
2
35628276283
1
1
2
2
1
1
2
2
1
1
2
1
2
2
1
2
1
1
1
2
2
2
2
2
1
1
1
1
2
2
1
1
2
1
2
2
1
2
1
1
2
1
2
2
1
69935269465
1
1
1
1
1
2
2
2
2
2
1
1
2
2
2
2
1
2
1
2
2
1
2
2
2
2
1
2
75100975115
2
2
2
1
1
2
2
2
2
2
2
2
1
2
1
1
2
1
1
1
2
2
32107200081
2
2
2
2
2
2
2
2
2
2
2
1
2
2
1
1
1
2
2
2
2
2
2
2
2
1
1
1
1
1
2
2
1
2
1
1
2
1
1
2
2
2
2
1
1
2
1
1
2
2
2
2
1
43728585684
1
1
2
2
1
2
1
2
1
2
2
2
2
2
1
2
2
2
2
1
2
1
1
2
1
1
2
1
2
1
2
1
2
1
2
2
2
2
1
2
1
1
2
2
2
2
2
1
5234549484
2
1
1
2
1
2
2
2
1
2
1
1
2
2
2
2
1
1
2
2
1
1
2
2
2
1
1
1
2
1
1
2
1
2
2
2
1
2
1
1
1
1
2
2
2
1
2
2
2
1
2
1
1
2
1
1
1
2
1
1
1
2
1
1
2
2
1
2
1
1
2
1
2
2
2
2
1
2
1
1
2
2
2
54963850899
2
2
2
1
2
2
2
1
1
1
2
2
1
2
2
2
1
2
2
1
1
1
9764989539
1
2
2
1
1
2
2
2
1
2
1
2
2
2
1
2
2
2
1
2
1
2
1
2
2
1
1
2
2
1
1
92089304446
1
1
1
1
2
1
2
2
2
2
14944170802
2
1
2
1
2
2
2
2
1
1
1
2
27079990354
1
2
1
2
2
1
1
1
2
2
1
1
2
1
1
2
2
1
1
1
1
1
2
2
2
1
1
80909366664
2
1
1
1
1
2
2
1
2
1
2
2
2
1
2
1
2
1
2
2
1
1
1
2
2
1
1
1
72650160825
2
2
1
2
2
2
16630714974
1
2
2
2
2
1
2
2
2
1
1
2
1
1
1
2
2
29891131657
2
1
2
2
2
1
2
1
2
2
2
1
28763701060
2
2
2
1
2
2
2
2
2
2
2
72207277848
2
1
1
2
1
2
2
1
1
2
2
1
2
2
2
2
2
2
2
2
2
2
1
1
2
2
2
1
2
2
1
1
1
2
2
2
2
2
1
1
1
2
1
1
1
2
2
2
2
2
2
2
1
2
1
2
1
2
2
2
2
2
2
2
2
2
2
2
1
2
2
1
2
1
2
2
2
2
2
2
2
1
2
1
2
2
2
2
2
2
2
2
2
2
43517923563
2
1
2
2
2
2
2
1
2
78392943249
2
2
1
2
1
2
2
1
2
2
2
1
1
1
1
1
2
2
1
1
2
2
1
1
2
2
1
1
1
2
2
1
2
2
2
2
1
1
2
2
2
2
2
2
2
1
2
2
2
1
2
1
72927198112
1
1
2
2
62761908464
2
2
2
1
1
1
1
1
1
1
1
2
2
1
1
2
2
2
2
60982814680
2
2
1
1
2
2
2
1
1
2
1
2
1
2
1
2
2
2
2
2
2
1
2
2
2
2
1
2
1
2
1
2
2
2
2
1
2
2
2
2
1
2
2
1
2
2
2
2
2
2
2
1
2
2
41744760685
1
1
2
2
2
1
1
1
1
2
2
2
2
2
1
2
1
2
1
2
2
2
2
2
1
2
2
1
27390323101
1
1
1
2
2
1
1
2
1
2
2
1
2
2
2
1
2
2
2
2
25468451443
2
2
1
2
2
1
1
1
2
2
2
2
2
1
2
1
79806996739
1
1
2
1
2
2
2
2
2
2
69289602740
2
2
2
2
2
1
1
2
2
1
2
2
2
2
2
2
1
2
2
1
2
2
2
95995355702
2
2
2
2
1
1
2
2
1
2
1
2
2
1
2
1
2
2
1
1
2
2
1
2
2
76473083232
2
2
2
1
2
2
2
2
2
2
2
2
1
2
2
2
2
2
2
1
1
1
2
2
1
2
2
1
1
1
2
2
1
1
1
1
1
2
2
2
2
1
1
2
2
1
2
2
2
1
1
1
2
1
2
1
2
2
1
2
99249483818
2
2
1
1
2
2
2
2
2
2
2
1
1
1
2
1
2
2
1
1
2
1
1
1
1
1
2
2
1
2
2
2
2
2
2
1
2
1
2
2
2
1
2
2
1
2
1
22838199846
2
1
1
1
1
2
66220536184
1
2
2
2
2
2
2
2
1
1
2
1
2
1
1
2
2
1
99438531460
2
2
1
1
2
2
2
75321468403
1
1
2
1
1
2
1
2
2
2
2
1
2
2
2
2
1
2
1
1
2
2
2
2
2
2
1
2
1
35499913863
2
1870503560
97491856854
2
2
1
2
2
2
2
1
2
2
2
1
2
1
2
1
9247850463
2
1
1
1
2
1
2
1
1
2
2
1
1
49006825651
2
2
2
2
2
2
2
2
2
1
1
2
2
1
2
1
2
1
1
2
2
1
2
2
2
2
2
2
2
2
1
1
2
1
2
1
1
2
1
1
1
2
2
2
2
2
2
1
2
2
2
1
1
2
2
2
2
2
1
1
2
1
1
2
2
1
2
2
1
2
1
2
2
1
1
2
2
2
2
2
1
2
2
1
2
2
2
2
1
1
2
2
1
1
1
2
2
2
1
1
2
1
2
13486909417
1
2
2
1
1
1
2
2
2
2
1
1
2
2
2
2
88557052216
2
2
1
2
1
1
2
2
1
2
1
2
2
2
1
1
1
1
2
1
2
2
2
1
1
2
2
2
1
1
1
1
2
2
1
2
2
1
1
1
2
1
1
2
1
60263341928
1
2
1
2
2
1
2
2
2
2
2
2
1
2
2
2
2
1
1
2
1
2
2
1
2
1
2
1
1
2
1
2
18849980512
2
14343615645
2
1
18725605816
1
2
1
2
2
2
2
2
1
1
2
1
1
2
2
2
2
1
2
2
2
2
2
1
2
2
2
1
2
2
2
2
2
1
1
1
2
2
2
2
2
1
2
1
1
2
1
2
1
2
2
2
2
2
2
2
1
1
2
2
1
2
1
8650788356
2
2
2
1
2
1
1
1
1
1
2
2
1
2
2
1
2
2
1
1
2
2
1
1
1
2
50332548291
1
2
1
1
2
2
2
2
2
2
1
2
1
2
2
2
2
2
2
1
2
2
2
1
2
2
2
2
2
2
1
1
1
1
2
1
1
2
2
2
1
2
2
2
1
2
1
1
2
2
57082306529
2
2
2
1
96846215214
2
94261341458
2
1
2
2
97478939487
2
2
2
1
1
2
2
2
2
2
2
1
1
1
1
2
2
90335152396
2
1
2
2
1
1
2
2
2
1
2
2
2
1
1
1
2
2
1
2
2
2
2
2
2
1
2
2
2
2
2
2
1
2
1
2
2
1
1
1
1
2
2
2
2
1
2
1
1
1
2
2
1
2
2
2
1
2
2
2
2
1
1
1
2
2
1
2
2
1
1
2
2
2
2
2
1
2
2
2
1
2
1
8638947065
1
1
2
1
1
2
1
2
1
1
1
2
1
2
1
2
1
2
1
1
2
1
1
18597239917
1
2
1
2
1
38883350040
2
2
1
2
2
2
1
1
35464111463
2
1
2
2
1
1
2
1
2
1
1
1
1
2
1
2
2
1
1
1
2
2
1
2
1
2
2
2
1
1
1
1
2
2
2
2
1
2
1
2
2
1
1
1
1
2
2
2
1
2
2
1
1
1
1
2
2
1
2
2
1
1
2
1
2
2
1
1
2
1
2
2
2
2
2
1
1
2
1
1
1
2
2
1
1
2
2
1
2
1
1
2
1
2
2
1
2
1
2
2
2
1
1
2
2
2
2
1
1
1
1537126746
1
1
2
1
1
2
2
2
2
2
2
1
2
2
2
1
2
1
2
1
2
2
2
1
2
1
2
18256851154
1
2
1
2
1
2
1
1
2
1
2
2
2
1
2
2
2
1
2
1
2
1
1
2
2
1
2
2
2
3552693493
2
2
1
1
1
83984071962
2
2
2
1
1
1
2
2
1
2
2
1
1
1
1
1
2
2
1
2
2
1
2
2
2
1
2
1
1
1
2
1
1
2
2
2
2
1
2
2
2
1
2
1
1
1
2
1
1
2
2
1
2
2
1
2
1
2
2
2
2
2
1
2
1
1
2
2
1
2
2
1
1
1
2
2
2
2
2
2
2
2
1
2
2
1
1
1
2
2
1
1
1
1
1
1
2
1
2
1
1
1
1
1
1
1
1
2
2
2
2
1
49219948254
75917365177
2
2
2
1
1
1
1
1
1
2
2
1
2
1
2
2
1
1
2
2
2
2
2
2
1
1
1
1
2
2
2
1
1
1
45079985975
1
26239599576
1
2
2
2
1
2
1
1
2
2
2
1
1
97266339801
2
1
1
2
2
1
2
2
1
2
2
1
2
1
1
1
1
2
44401552872
1
2
2
1
1
1
2
1
1
1
1
2
2
1
2
2
2
2
2
2
2
1
1
2
1
2
2
1
2
2
53643749227
1
1
2
93581135008
1
2
2
1
2
2
59401889215
2
2
1
2
1
1
2
1
2
2
1
2
2
1
2
2
2
2
2
2
2
2
2
1
1
2
2
2
2
1
2
2
1
1
2
1
2
2
2
1
2
2
2
2
1
1
2
2
2
2
2
2
1
1
2
1
2
1
1
2
1
1
1
1
2
2
1
2
2
2
2
2
2
2
2
2
1521192480
1
1
1
2
1
2
1
1
1
2
2
1
1
1
2
2
2
2
2
1
2
1
1
1
1
1
2
1
2
1
2
1
2
2
1
24944768517
2
2
2
1
2
1
2
2
2
2
2
2
1
2
1
2
2
2
2
1
1
1
2
1
1
2
1
35340767973
1
1
1
1
2
1
2
2
2
1
1
2
2
2
1
2
2
1
2
1
2
1
2
2
1
2
2
1
97491462304
1
1
1
2
1
2
2
1
2
1
66414217630
1
2
1
2
2
2
2
1
1
1
1
2
1
1
2
2
2
2
1
1
2
2
1
1
1
1
2
2
1
1
90241007676
1
2
2
2
2
1
2
1
2
1
2
1
2
2
2
1
2
1
2
1
1
2
2
2
1
1
88270683237
2
2
563098586
2
2
2
2
1
2
2
2
2
2
1
1
1
1
2
2
2
2
2
2
2
2
1
2
2
2
1
2
2
2
2
2
2
2
2
2
1
1
2
2
1
2
1
1
2
2
1
1
2
1
1
2
2
2
2
1
2
1
2
2
2
2
1
1
1
1
2
2
2
1
2
1
2
2
2
1
2
2
2
2
1
2
1
2
1
77184816358
2
1
19350986187
1
2
1
2
1
2
2
2
1
2
2
2
1
1
1
1
1
2
1
2
2
1
2
2
2
2
2
1
2
2
2
1
2
1
1
1
2
2
1
1
2
2
1
1
2
2
1
2
1
2
1
1
2
1
2
2
2
2
1
1
2
2
10180195132
2
2
2
1
2
2
2
2
2
1
2
2
1
2
1
2
2
2
2
1
2
2
2
1
2
1
1
2
2
2
1
1
2
1
2
2
1
2
2
1
1
1
1
2
2
2
2
2
1
2
1
1
2
2
2
1
2
1
1
2
2
2
1
1
2
1
2
2
1
2
2
2
2
2
1
1
1
2
2
1
2
1
1
1
2
1
2
2
1
1
1
2
1
2
2
1
2
2
2
2
2
1
2
1
57252645955
10942334795
1
2
2
2
2
2
1
2
2
1
2
2
1
2
2
1
2
1
2
2
2
2
1
1
1
1
2
2
2
1
2
1
2
2
1
2
2
2
2
2
1
1
1
1
2
89375029084
2
1
2
2
2
2
2
2
2
2
2
2
2
2
1
2
2
1
2
2
1
1
1
1
1
2
1
2
2
2
1
2
2
1
1
1
1
2
2
2
2
2
2
1
2
1
1
1
1
43581998009
2
2
2
2
1
2
2
2
1
1
2
1
2
2
2
2
2
2
1
2
1
59144195694
2
1
1
2
2
1
1
2
1
1
2
95926555283
2
2
53660303319
1
78939441006
2
2
1
2
2
1
2
2
1
2
2
2
2
55554156986
2
2
2
1
2
2
1
2
1
1
2
2
57402406908
16468266893
2
2
2
1
1
93278718132
2
1
1
2
2
1
2
1
2
2
2
2
2
2
1
2
1
2
5915379548
2
53725155589
2
1
2
1
2
1
2
2
2
2
1
2
2
2
2
2
2
1
1
1
2
2
1
2
2
1
2
1
2
2
2
1
1
2
1
34058565962
1
1
2
2
1
1
1
2
2
2
1
2
1
1
2
2
1
2
27245278932
2
1
2
2
2
1
1
2
2
2
2
2
2
1
2
2
2
2
2
2
2
2
1
2
2
1
2
2
2
1
2
2
2
1
2
2
1
2
2
2
1
1
1
1
2
2
1
2
1
2
2
1
1
2
2
2
1
1
2
2
1
2
2
1
1
1
2
2
1
2
2
2
1
2
1
2
2
1
2
1
2
2
2
1
12354532507
1
2
1
2
2
2
1
1
1
1
29375793993
2
2
1
1
2
2
2
2
2
1
1
1
1
2
2
2
2
1
2
2
1
2
1
2
2
2
2
1
1
2
1
1
2
2
1
2
2
1
1
2
2
2
84145975879
2
1
2
1
1
2
2
1
1
1
2
2
1
81264906132
2
1
2
2
2
1
1
1
2
2
2
1
1
1
2
1
2
1
2
2
1
2
2
2
2
2
2
2
1
2
1
2
1
1
2
1
2
1
2
1
2
2
1
1
1
2
1
2
1
2
2
1
1
2
2
1
2
1
2
63810454367
1
2
2
1
2
2
2
1
2
1
57754922850
1
1
1
2
1
2
2
2
2
2
79630440141
1
2
2
2
1
2
2
1
1
2
1
2
1
2
55279299443
2
1
2
2
1
2
2
2
2
2
1
2
2
2
1
2
1
1
1
2
2
1
2
2
2
2
1
80273878956
2
2
1
1
2
1
2
2
1
2
2
1
1
2
2
1
2
2
2
2
2
1
2
2
2
2
1
2
2
1
2
1
2
2
1
1
2
2
2
1
2
2
2
2
78845466878
1
1
1
2
1
2
2
2
2
2
2
2
2
2
1
1
2
2
2
1
2
2
1
2
2
2
1
2
2
1
1
2
1
2
1
2
1
2
2
2
1
1
2
2
2
2
1
2
2
2
1
1
2
2
12895553588
2
2
1
1
2
1
2
2
2
7482506111
2
2
1
1
1
1
2
2
2
2
1
2
2
2
1
1
2
1
1
19428015394
1
1
2
2
1
2
2
2
2
2
1
2
2
2
1
1
2
2
2
2
1
2
2
2
1
1
2
1
2
1
2
2
2
2
2
2
2
1
1
1
2
89644108601
2
1
34440219354
1
1
2
1
2
2
2
1
2
2
1
1
2
2
1
2
2
2
2
1
2
2
1
1
2
1
2
1
1
2
1
2
1
1
2
1
2
73344117883
2
2
1
1
2
2
2
1
1
2
1
2
2
1
2
1
1
1
2
2
1
2
2
1
2
2
2
1
1
2
1
52952409805
1
1
2
1
2
2
1
2
2
1
2
1
2
2
1
2
2
2
2
1
1
2
2
2
1
44884962089
2
1
2
1
2
1
1
2
2
24068408575
2
1
2
2
2
1
2
1
2
2
2
2
1
1
2
2
1
1
2
1
1
1
2
1
2
2
2
2
1
1
2
2
1
2
2
28184379521
1
1
2
1
2
2
2
2
2
2
1
2
2
2
2
2
2
1
2
2
2
1
1
1
2
2
2
2
1
2
2
1
2
2
1
2
2
1
2
2
2
1
2
2
1
1
1
2
1
2
2
2
1
1
2
2
1
2
2
1
1
2
2
1
2
1
1
2
2
2
2
2
2
1
2
2
2
2
2
2
2
2
1
1
1
57572470456
2
2
2
1
1
1
2
2
2
2
2
1
2
1
2
1
2
1
2
2
1
1
2
1
1
1
2
2
2
2
1
2
2
1
1
1
1
2
2
2
2
1
2
2
2
2
2
2
2
2
1
2
2
1
2
1
2
2
2
1
2
1
1
2
50988280447
1
1
2
2
1
1
2
1
2
2
1
1
2
2
1
2
1
2
2
2
2
1
2
2
1
2
2
1
1
2
1
2
1
1
2
2
2
2
2
2
2
1
98889717509
2
2
2
2
1
2
2
1
2
1
1
2
1
1
2
1
2
2
1
2
2
2
2
2
1
1
2
1
1
2
2
2
2
1
1
2
2
9657891333
1
1
1
2
2
2
1
2
1
2
1
2
1
2
2
1
58372872696
2
2
2
18536430323
2
2
2
2
2
2
1
2
1
2
1
1
1
1
1
2
1
1
1
2
1
2
2
2
1
2
1
1
1
1
1
2
1
1
1
2
2
1
2
1
2
2
2
2
1
1
1
1
2
2
1
1
1
2
2
1
2
2
1
2
2
1
2
2
2
2
1
2
1
1
2
2
2
1
1
2
2
13680933686
1
2
1
2
1
1
2
1
1
2
1
2
1
2
2
2
1
93723764746
1
2
2
1
2
1
40628649003
2
2
1
2
2
2
1
2
2
1
2
1
2
1
2
2
2
2
2
2
2
1
2
2
1
2
2
2
2
2
1
1
2
2
2
1
2
1
1
2
2
2
2
70429212562
2
2
2
2
2
2
2
2
1
2
2
2
1
2
2
1
1
2
2
2
1
1
19636937517
2
2
1
1
2
2
2
1
1
2
1
1
2
1
2
2
2
2
2
1
2
2
1
2
2
1
2
1
2
2
1
2
1
1
2
1
1
2
2
2
1
2
1
2
2
1
2
1
2
2
2
1
2
1
2
1
1
2
1
2
2
1
2
2
1
1
1
2
2
1
2
2
1
1
2
2
2
2
1
1
2
1
2
2
2
1
2
2
2
1
2
1
2
2
1
38008324412
1
2
2
2
2
1
1
1
1
2
2
2
2
2
10642357159
2
2
2
2
2
1
1
2
1
2
2
2
2
2
1
2
2
2
2
71498376000
1
1
1
2
2
2
2
2
2
1
2
1
1
2
2
2
1
1
1
1
1
2
2
1
1
1
1
2
1
2
1
1
2
2
2
2
2
1
1
1
2
1
1
2
2
2
2
1
2
2
2
2
2
2
1
1
2
2
2
1
1
1
1
25314438366
2
1
2
2
2
2
2
2
2
2
2
1
2
2
1
2
1
2
2
2
1
1
2
1
2
2
1
2
2
2
1
2
2
2
1
2
2
2
2
33367076211
1
1
1
32757763050
2
2
2
2
2
1
2
2
2
1
1
1
2
2
1
1
2
2
1
2
2
2
1
1
2
1
2
83988283777
2
2
2
2
1
1
1
1
2
1
1
2
2
2
2
2
2
2
2
1
1
2
2
1
1
1
1
2
1
2
1
2
1
2
2
1
1
2
2
1
1
1
1
1
1
2
1
1
2
1
1
1
2
2
2
2
2
2
1
2
1
1
2
2
1
2
2
2
2
1
2
2
1
2
2
1
2
1
2
2
66491723525
2
1
2
2
2
1
1
1
2
2
2
1
2
2
1
2
2
2
2
1
1
1
2
2
2
1
2
1
1
1
2
2
2
2
2
1
1
1
2
2
2
1
2
1
2
2
1
2
1
1
2
1
2
2
1
2
2
2
1
1
2
1
2
1
52555596336
2
2
1
2
1
2
2
1
2
1
2939489881
2
2
2
1
2
2
2
2
1
2
1
1
81256123542
2
1
2
2
64690367306
2
2
2
2
1
1
1
2
1
1
1
1
2
2
2
2
1
1
2
2
2
1
2
1
2
2
1
2
66489999139
1
2
2
1
1
2
1
1
1
2
1
1
2
2
2
1
2
2
2
2
2
2
2
94967622531
2
2
2
2
1
2
2
2
1
2
2
1
1
2
2
1
1
2
1
1
2
1
1
1
2
2
2
2
1
2
1
2
1
1
2
1
2
2
2
2
2
24577581014
1
2
2
2
1
1
1
2
5736492362
2
2
1
1
2
1
12125063024
2
2
1
1
1
2
1
1
2
1
2
1
2
2
2
2
2
1
2
2
2
1
1
2
2
2
2
1
87340926657
1
2
2
2
2
2
2
2
2
1
1
1
2
1
1
2
2
2
1
1
2
2
2
2
2
1
2
2
1
1
1
2
1
1
2
2
1
1
2
1
2
2
2
1
2
2
1
2
1
1
2
2
1
1
2
2
2
1
1
2
1
2
1
1
2
2
2
2
1
2
1
2
2
59563072233
2
1
1
2
1
2
2
1
1
2
1
2
1
1
1
1
1
2
1
2
2
2
72983509957
2
2
1
2
2
2
1
1
1
2
2
1
1
2
1
2
2
1
1
2
49880409554
1
1
1
2
1
1
1
2
2
2
2
2
1
2
2
2
2
2
1
1
2
2
2
2
2
2
2
2
1
2
2
1
2
52648679629
2
2
2
2
1
2
1
1
2
2
1
1
2
2
2
1
2
89235047983
2
1
2
1
2
1495715457
1
2
2
2
2
2
1
1
2
1
2
1
2
1
2
2
2
1
1
45160221276
2
1
2
2
2
1
2
2
2
2
2
2
2
2
1
1
1
1
2
2
1
2
2
1
1
64299684819
2
1
1
1
1
2
2
2
2
1
1
2
1
2
2
1
1
2
1
1
1
1
2
2
1
1
2
2
1
2
2
2
2
2
2
2
1
2
2
1
1
2
1
1
2
2
2
2
2
2
2
1
2
1
2
2
2
2
1
2
1
1
2
1
1
1
2
1
2
2
1
1
1
1
2
2
2
1
1
1
2
1
2
2
1
2
1
2
1
2
2
2
1
2
2
2
2
2
1
2
1
2
1
1
1
1
2
1
1
2
1
2
1
1
2
2
2
2
2
2
1
2
1
1
1
1
2
2
1
2
2
1
2
1
2
1
2
2
1
1
1
1
1
2
2
1
2
1
2
2
1
2
2
1
2
1
2
2
1
2
1
2
1
1
2
1
2
2
2
2
2
1
1
1
2
2
2
2
2
1
2
2
2
1
2
2
2
1
1
2
2
2
2
1
2
2
7254932042
1
1
2
2
1
1
1
2
1
2
2
2
1
2
2
1
1
2
1
1
1
1
2
2
2
1
1
2
2
1
1
2
1
1
2
2
2
2
2
1
2
2
1
2
1
2
2
2
1
2
2
1
2
2
1
2
1
2
2
1
2
1
2
2
2
1
2
41774579473
1
2
2
2
1
2
1
2
2
2
1
1
2
2
2
2
1
2
1
2
2
2
2
2
2
2
1
2
2
1
2
2
1
2
1
2
2
1
2
2
2
2
2
1
2
2
2
2
2
1
2
2
2
2
2
2
49598183917
1
1
2
1
1
1
2
1
2
2
1
9812296135
1
1
1
2
1
2
2
1
2
2
2
2
2
2
1
2
2
1
1
2
2
2
1
1
2
2
2
2
2
1
1
2
2
1
2
1
2
2
2
2
2
1
2
2
1
1
2
2
1
1
2
1
2
1
1
2
1
1
2
1
1
1
2
2
2
1
2
2
2
1
2
1
2
2
2
1
2
2
2
2
2
2
2
2
2
1
2
1
1
2
2
1
2
2
2
2
1
2
62482703998
1
2
1
2
1
2
2
1
2
1
1
2
2
1
1
2
2
2
2
2
1
1
1
2
1
2
2
1
2
2
2
1
2
2
1
1
21546884344
2
2
1
1
1
2
2
1
1
2
2
1
2
2
1
2
2
1
2
2
2
2
2
2
1
1
1
2
2
2
2
1
2
1
2
1
2
2
2
1
2
2
2
1
2
2
1
2
1
2
2
2
2
2
2
2
2
1
2
2
1
2
1
1
2
2
2
2
1
2
1
2
2
2
2
2
1
1
1
1
1
1
2
1
51627465890
1
1
91508745187
1
2
2
2
2
1
2
2
2
1
2
2
1
1
1
1
2
2
1
2
1
2
1
2
1
2
2
2
2
1
2
2
93340370904
2
1
1
1
1
1
2
2
2
2
2
1
2
2
1
1
2
1
2
2
2
2
1
2
2
2
1
16009364998
2
1
2
1
2
2
2
2
2
2
2
2
1
1
1
1
1
1
2
2
2
1
2
1
2
2
2
2
2
1
1
1
2
1
1
1
1
2
2
2
1
2
1
1
1
1
2
2
1
2
1
2
2
2
2
2
1
2
2
2
1
1
2
2
2
1
2
2
1
2
1
2
2
1
2
1
2
1
2
2
1
2
2
2
2
1
2
2
1
2
1
1
2
1
2
2
2
1
2
1
2
2
1
1
1
2
2
2
2
1
2
1
2
1
1
2
1
2
2
2
2
1
1
2
1
2
2
2
1
2
1
2
2
1
1
1
2
2
2
2
2
2
2
2
2
1
2
1
2
1
1
2
2
2
41207513202
98551023418
10681989403
2
2
2
1
2
2
1
2
1
2
1
2
2
2
2
2
2
2
1
1
2
2
2
2
1
2
2
2
2
2
2
1
2
2
1
2
1
1
2
1
2
2
1
1
1
2
2
2
1
1
2
1
1
2
1
2
1
2
2
1
2
2
1
2
1
2
1
2
1
1
1
1
2
2
1
2
1
2
2
2
2
1
2
2
2
2
2
1
1
2
2
1
1
1
1
2
2
2
2
2
2
1
1
1215464195
2
1
1
2
2
2
1
2
1
2
1
2
2
1
1
2
1
2
1
2
1
2
2
1
1
2
2
2
1
2
2
1
99700162183
1
2
1
2
2
1
2
1
2
2
2
2
2
26107976637
2
2
1
2
2
2
2
2
2
2
1
2
1
2
1
2
2
1
2
1
2
1
2
1
1
1
2
2
1
2
1
2
2
2
2
2
1
2
2
1
1
1
2
2
2
2
2
2
1
2
1
2
1
1
2
2
1
2
1
1
2
1
1
53215688782
1
1
2
1
1
2
1
2
1
2
1
1
1
2
2
2
2
2
2
2
2
1
2
2
2
1
1
2
1
2
2
2
2
2
2
2
1
1
2
2
2
1
2
2
2
1
2
1
1
1
2
1
18487592358
2
2
1
2
2
1
1
1
2
2
2
2
1
2
1
1
2
1
2
1
2
2
2
2
2
1
2
2
1
1
1
2
2
1
1
1
2
1
2
2
2
2
2
2
2
1
2
1
1
2
87484505060
2
2
1
92564749896
1
2
1
2
2
1
3018469974
2
2
1
2
2
1
1
1
2
2
2
2
2
2
2
2
2
1
1
2
2
2
2
2
2
1
2
2
1
61174802959
2
2
2
1
2
2
1
2
2
1
2
2
2
2
2
2
2
2
2
1
1
1
2
2
1
2
1
1
2
1
2
1
2
2
2
1
2
1
1
1
1
2
2
2
2
1
2
1
1
2
2
2
2
2
1
1
2
96727944597
1
1
2
1
2
1
2
1
2
2
2
23600009616
1
2
2
1
2
1
1
2
1
1
2
2
2
2
2
1
1
1
1
1341512137
2
1
1
1
98181863618
2
1
1
2
2
1
2
2
2
1
1
2
2
2
2
2
1
2
1
1
1
42700067323
2
2
1
2
2
2
2
1
1
1
1
2
2
2
1
2
2
2
2
2
2
1
1
1
2
2
2
2
1
1
1
1
2
1
2
2
1
2
1
2
1
1
2
2
2
2
2
2
2
2
2
2
2
2
1
2
2
2
2
2
1
1
2
1
2
1
2
2
2
1
1
2
2
1
2
2
1
1
2
1
1
1
1
1
1
2
2
2
2
1
2
81169366434
2
2
1
2
2
2
2
2
2
88840904660
1
1
1
1
2
1
2
2
1
2
2
1
2
2
2
1
2
1
2
1
2
1
2
2
2
2
2
1
1
2
1
1
1
2
2
2
1
1
96572578612
2
2
1
2
2
1
12135649005
1
2
2
2
2
2
1
1
1
2
2
2
1
2
75072580509
2
2
2
2
1
1
2
2
2
2
1
2
1
1
2
2
2
1
1
1
1
1
1
2
2
1
1
84610947431
2
2
2
2
2
2
2
2
2
1
1
1
1
2
1
1
1
2
2
2
2
2
2
2
1
1
2
1
1
70745079092
1
2
2
2
2
1
1
2
1
1
1
1
1
2
2
1
2
1435688424
2
1
2
1
2
1
2
2
1
1
1
2
1
2
1
2
2
2
2
2
1
1
2
2
2
1
2
2
1
1
2
1
2
1
2
1
2
1
2
2
2
1
2
4268819591
1
1
1
2
1
1
2
4951555628
2
1
1
2
2
85439809333
1
2
2
2
2
2
2
2
1
2
1
1
1
1
2
2
2
1
1
2
2
1
2
1
1
1
1
2
2
1
2
2
2
2
1
2
1
2
2
2
1
44007283049
1
1
2
2
2
2
1
2
1
1
2
2
2
2
1
1
2
83410316415
1
2
2
2
1
1
1
2
17552766334
2
1
1
2
2
2
2
2
1
2
1
2
2
2
1
2
1
2
1
1
2
1
2
2
2
1
2
2
1
2
1
1
1
2
2
1
1
2
2
1
1
2
2
2
1
1
2
2
2
2
1
1
2
1
2
2
1
2
1
1
2
2
1
2
2
2
2
2
1
2
2
1
2
1
5481863636
2
1
2
2
2
1
2
2
1
1
2
2
1
2
1
2
2
2
1
2
1
1
2
1
2
2
1
2
1
2
2
2
2
2
2
1
2
2
1
2
1
2
2
1
2
2
1
2
1
2
2
1
1
1
2
2
1
1
2
1
2
1
2
1
1
1
2
2
2
1
2
1
2
2
2
1
2
1
1
2
1
2
1
2
1
2
2
1
1
2
2
2
2
2
1
2
2
2
2
2
85586290656
1
1
1
1
2
2
1
2
1
1
2
91324922907
1
1
2
2
1
1
38569827452
1
1
2
2
2
2
2
1
2
1
2
2
2
2
2
1
2
2
1
1
1
2
1
1
1
2
1
2
2
1
2
2
2
2
2
2
2
2
2
1
2
1
1
2
2
2
2
2
2
2
2
2
2
1
2
2
1
1
91643420579
2
2
2
2
2
1
2
2
1
94719728968
1
1
2
2
2
2
2
2
2
2
1
2
1
2
2
2
1
1
1
2
2
1
2
2
2
2
2
1
2
2
1
26686433271
1
1
2
2
1
2
2
2
1
1
1
2
2
1
2
1
2
2
1
1
1
2
2
2
1
2
2
2
2
1
1
1
2
2
1
2
1
2
2
2
1
1
2
2
1
2
2
2
2
1
2
2
2
2
2
2
1
2
1
1
2
2
2
2
1
7465440126
2
2
2
2
1
2
2
1
2
2
2
2
2
2
2
2
2
2
1
2
1
1
2
1
2
2
1
2
2
1
59673162771
2
1
2
1
2
10954320860
1
2
2
71918913830
2
2
2
2
2
2
2
1
1
1
2
2
2
2
1
2
2
1
13517567018
2
2
2
2
2
2
87833698006
2
1
2
1
2
1
1
58379910807
1
2
2
2
2
1
2
1
2
2
1
1
13161516441
1
2
1
1
2
1
2
2
2
2
1
2
2
1
2
1
1
1
1
2
2
2
1
1
2
2
2
2
2
1
2
2
2
2
1
2
1
2
1
2
2
2
2
1
2
2
2
1
1
1
2
2
1
1
2
2
2
2
1
2
1
2
2
1
2
2
2
2
1
2
1
1
2
1
2
1
1
2
1
1
1
2
2
2
2
1
2
1
2
2
1
2
2
1
2
2
2
2
2
2
2
1
2
2
2
1
2
2
2
58157782102
2
1
2
2
1
1
1
8524344074
2
1
2
2
2
2
2
2
2
2
2
2
2
2
1
1
1
1
2
1
2
1
2
1
2
1
2
2
2
2
2
1
2
2
2
2
1
2
2
2
2
2
2
1
2
2
2
2
1
1
2
2
1
1
2
1
2
2
2
1
2
1
1
2
2
1
2
1
2
1
1
1
2
1
2
1
2
2
2
2
1
1
2
1
2
1
2
28022108612
2
1
2
2
2
2
1
1
1
1
1
1
1
2
10717899691
1
2
1
1
1
1
2
2
2
1
1
2
1
2
2
2
1
2
2
2
1845634259
1
2
2
2
1
1
2
2
2
72332589483
1
1
1
2
2
1
2
2
1
2
1
2
1
40879120314
1
2
1
1
2
2
1
2
1
2
2
2
1
1
2
1
1
1
1
2
52998420782
2
2
2
2
2
2
2
1
1
2
1
2
2
2
1
2
1
2
1
2
2
1
2
1
2
2
2
2
2
2
2
2
2
2
2
1
2
2
2
2
2
1
2
1
2
2
1
2
1
1
2
1
2
1
1
1
1
1
2
2
1
10245579720
1
2
1
2
2
2
2
2
2
2
2
1
2
2
1
2
1
2
2
34320868795
2
2
2
1
1
2
2
2
1
1
1
2
1
2
1
1
1
2
2
2
1
2
1
1
2
2
2
2
1
2
2
1
2
2
1
2
1
2
2
2
2
2
2
2
1
2
2
2
1
2
2
2
1
2
2
1
2
2
1
1
1
1
1
1
1
2
1
2
2
2
2
2
1
1
2
2
2
1
2
1
1
2
1
2
2
2
1
1
59376618363
1
2
2
2
2
1
2
2
2
2
1
2
2
49259194898
2
1
2
2
2
1
2
2
24632174759
2
1
1
1
1
2
2
1
2
1
1
1
2
1
2
1
2
2
2
2
1
2
2
1
1
2
2
1
1
2
2
2
1
1
1
1
2
2
2
2
1
2
1
1
2
2
1
2
2
1
1
1
2
2
1
2
1
1
1
1
2
1
2
1
1
1
2
1
2
2
2
2
1
1
2
1
2
2
2
1
1
2
2
2
2
1
2
1
2
2
2
2
2
2
1
1
2
2
1
1
1
2
2
1
2
2
2
2
1
2
2
1
2
1
1
1
2
2
2
2
1
2
2
2
2
2
1
1
1
1
2
1
2
1
2
2
1
2
1
1
2
2
2
2
2
2
1
2
2
1
2
1
1
2
2
1
2
2
2
1
2
2
2
2
2
2
1
2
2
2
2
2
1
1
2
2
1
2
1
2
2
69204999788
2
2
1
1
2
2
2
2
2
1
2
1
1
1
1
2
2
2
1
2
1
2
1
1
2
2
2
2
1
1
1
2
2
1
2
2
1
1
2
1
2
2
2
1
1
2
2
2
2
2
2
1
1
2
2
2
1
2
2
2
1
1
2
1
1
1
1
2
2
32078584080
2
2
1
2
1
1
1
2
2
2
2
2
1
2
2
1
1
1
2
1
2
2
2
2
1
2
1
1
1
1
2
2
2
2
2
2
2
2
2
1
2
1
1
1
2
1
1
1
2
2
1
2
2
2
2
2
2
2
1
53301867637
1
1
1
1
2
2
1
2
1
99801565884
1
2
2
1
2
2
2
1
2
1
1
2
2
2
1
1
2
1
2
1
2
2
1
2
2
1
1
2
1
2
2
1
2
1
1
2
2
2
2
1
1
2
2
1
1
2
1
2
1
1
1
1
2
2
1
1
2
2
1
2
1
2
2
1
1
1
2
2
1
1
1
1
2
1
2
2
1
2
2
2
2
1
2
2
1
2
2
1
2
1
2
1
2
2
2
1
2
2
2
1
2
2
2
2
1
1
1
2
2
2
2
2
1
2
2
2
1
2
1
1
1
2
2
1
1
2
1
2
1
2
2
2
2
2
2
97582089017
2
1
2
2
2
2
1
1
2
1
2
2
2
1
2
2
1
2
1
66998668376
1
2
2
2
1
2
2
2
2
2
2
1
2
1
2
2
2
2
1
1
2
2
2
2
2
2
1
1
2
2
1
1
2
2
1
1
2
2
1
1
1
1
2
2
2
2
1
2
1
2
2
2
2
2
1
2
2
1
2
1
2
2
1
1
2
2
1
2
2
2
1
1
2
2
2
1
1
1
2
2
2
2
1
2
2
2
2
1
2
1
1
1
2
2
2
2
1
1
1
1
1
96484771520
2
2
1
1
2
1
1
1
1
1
1
2
2
1
2
2
2
2
1
1
2
2
1
1
2
1
2
1
2
2
2
2
2
2
1
2
1
1
1
2
2
2
2
2
1
2
2
2
2
2
2
2
1
1
2
2
2
1
1
2
2
2
1
1
2
2
1
2
1
2
2
2
1
2
2
1
2
2
2
2
1
2
1
2
1
2
1
2
1
1
2
2
2
2
1
2
1
2
1
1
2
1
2
2
1
2
1
42143887177
1
1
2
2
2
2
2
1
2
2
2
2
2
1
2
2
2
2
2
2
2
2
1
2
2
1
2
2
2
2
2
2
2
2
2
2
2
1
2
2
1
2
2
2
2
6175822692
1
1
2
2
1
2
2
1
2
2
1
2
1
2
1
2
1
1
1
1
2
2
28571660079
2
2
2
1
2
2
2
1
1
1
2
2
2
1
2
2
1
2
1
2
1
1
1
2
2
2
22359452892
1
2
2
1
1
1
2
1
2
2
1
1
2
1
2
1
2
2
75968209646
1
2
1
2
1
1
2
2
1
2
2
1
1
1
2
2
1
1
2
2
2
2
1
1
2
2
2
2
1
2
1
1
2
2
2
1
2
2
2
1
2
10248638975
21022592913
1
1
1
48107437230
2
1
1
2
2
2
2
1
2
1
72970313307
2
1
1
2
1
1
2
2
1
1
1
2
1
1
2
2
2
1
1
2
2
1
2
2
1
1
1
2
1
2
2
1
2
2
2
1
1
1
1
1
2
2
2
2
1
1
2
1
2
2
2
2
1
1
1
2
2
1
2
2
2
2
1
1
1
2
2
2
2
2
2
59126884750
1
2
79038869796
1
2
2
2
98608114715
2
1
2
2
1
2
2
2
1
2
1
1
2
2
2
2
2
1
1
2
13819614786
1
2
1
1
2
2
1
2
1
2
1
1
2
1
2
2
1
2
2
2
2
2
2
2
2
2
1
20477560319
1
2
2
60876486478
1
1
2
2
2
2
49931342064
2
2
2
2
2
2
1
1
2
1
2
1
32772368959
1
2
1
2
2
1
1
1
1
1
2
2
2
2
2
2
1
2
1
2
2
1
1
2
1
1
1
2
2
2
1
2
2
2
2
2
1
2
2
1
2
1
1
2
2
1
2
70077179221
1
2
2
1
2
2
1
2
2
2
2
2
1
1
2
2
2
1
1
2
1
1
2
2
1
2
2
1
2
1
1
2
2
2
1
1
1
1
1
2
1
2
2
1
2
2
2
1
1
1
2
2
2
2
2
2
1
2
2
2
2
1
2
1
1
2
1
1
2
2
2
1
2
2
1
1
2
1
2
1
1
1
1
2
2
21575441761
1
1
2
2
1
2
2
1
2
2
2
2
1
2
2
2
2
2
2
2
2
2
1
1
1
1
1
1
1
1
1
1
1
1
1
1
2
2
2
2
1
2
1
2
2
1
1
2
1
2
1
1
2
1
1
2
1
92722324617
2
2
2
2
1
1
1
40029519858
2
2
2
2
2
2
2
2
1
2
2
2
2
2
2
2
2
2
2
2
2
1
2
1
1
1
1
2
1
2
2
2
1
2
2
2
2
2
2
2
2
1
1
2
2
2
1
2
1
2
2
2
2
2
2
2
2
2
2
1
2
1
2
2
2
1
2
2
66715379917
2
1
2
1
2
2
2
2
2
2
1
2
1
2
1
2
1
2
1
2
2
2
1
1
2
2
2
1
2
2
1
2
2
2
977436691
1
1
1
1
2
2
2
2
2
2
1
2
1
2
2
2
2
56787353942
1
1
1
2
1
2
1
1
2
2
2
2
2
1
1
2
1
1
1
69852039731
2
1
1
1
2
2
1
2
2
1
71846871784
2
2
1
1
2
1
2
1
1
2
1
2
2
2
2
1
1
2
2
1
1
1
2
1
2
1
2
2
52109073349
2
2
2
2
1
1
2
2
1
2
2
1
1
2
1
1
2
2
2
2
2
1
2
1
42062958592
2
1
2
2
2
2
2
1
2
2
2
1
2
2
2
1
1
2
2
2
2
2
2
1
2
2
2
1
2
1
2
1
2
2
2
1
2
1
2
24523198070
2
2
1
1
2
2
1
2
1
2
1
2
2
1
2
2
1
2
1
1
2
1
1
1
2
2
2
2
2
1
1
1
1
1
2
2
2
2
1
1
2
2
2
2
2
1
2
1
1
2
2
1
1
1
2
2
1
2
1
2
13594209665
2
13163725040
2
2
2
2
1
1
1
2
1
1
2
2
2
1
1
1
2
2
2
2
2
2
2
1
2
2
2
1
1
1
1
1
1
1
1
2
1
2
1
2
2
1
2
2
2
2
1
1
20513120419
2
1
2
2
2
2
1
1
2
1
60029701144
2
1
2
2
1
2
2
2
1
2
1
2
1
2
2
2
2
2
14107518853
1
2
2
2
2
2
2
1
1
1
35147996214
2
2
2
1
1
2
2
2
2
2
1
15119681903
1
2
2
1
1
1
2
2
2
2
2
2
1
2
2
1
2
2
1
1
2
1
2
2
2
2
2
2
81790170027
1
2
1
2
2
1
1
2
2
2
1
2
2
2
2
1
1
2
1
1
1
2
2
1
2
2
2
2
2
1
2
2
1
2
1
1
2
2
2
2
2
1
1
1
1
1
1
2
2
1
2
2
2
1
2
1
1
28575276577
1
2
2
2
94019308079
2
2
1
2
2
2
2
2
2
2
2
2
2
97474815666
2
2
1
2
1
2
1
2
1
1
2
2
2
1
2
2
2
1
2
1
2
1
2
1
2
2
1
2
1
2
1
2
2
2
2
2
2
2
2
2
2
2
2
1
2
2
1
2
2
1
2
19903174629
2
2
2
1
2
2
2
2
2
2
1
2
2
2
2
2
2
1
2
1
1
2
2
2
2
2
2
2
2
1
2
2
2
1
2
2
1
1
2
2
2
2
2
1
2
2
1
2
1
2
2
1
2
2
1
2
2
1
2
1
1
2
1
2
2
2
2
2
2
2
2
1
1
1
1
2
1
1
1
1
24419550155
1
2
2
2
2
1
1
1
2
2
2
1
2
2
2
2
2
1
2
2
2
1
88708261801
1
2
2
2
2
2
2
1
2
1
2
2
2
2
2
2
2
1
1
1
1
2
2
2
2
1
1
2
2
68104505528
2
1
2
2
1
2
1
2
2
2
2
2
2
1
86587467940
1
1
2
2
2
2
2
2
2
2
1
2
2
1
1
1
1
2
2
1
2
2
1
1
2
2
2
2
2
2
2
1
2
1
2
2
1
1
2
2
1
1
1
2
2
2
2
1
1
2
2
1
1
1
1
1
2
2
1
10753602623
1
1
1
2
2
2
2
2
2
2
2
2
1
2
1
2
2
1
2
1
2
1
2
1
1
1
1
2
2
2
2
2
1
2
1
2
2
1
2
2
2
1
1
1
2
1
2
2
2
2
2
1
2
2
47772589482
2
1
1
1
2
1
1
2
2
2
2
1
1
2
2
1
2
2
1
2
2
1
1
1
1
2
1
2
1
2
2
1
1
2
2
2
2
2
2
2
2
2
2
15659256991
2
2
1
2
1
2
2
2
2
1
1
2
1
1
2
2
2
49888171234
2
2
2
2
2
2
1
2
2
2
2
1
2
2
2
2
1
1
1
2
1
2
1
2
1
2
2
2
1
2
2
1
1
1
1
1
2
1
2
2
1
1
2
2
2
1
1
2
2
2
2
2
2
2
2
2
1
2
1
1
1
1
2
2
2
2
1
1
2
2
1
1
1
2
2
2
2
2
2
2
1
2
1
2
2
1
2
2
1
1
2
1
2
2
2
1
2
2
1
1
1
2
2
2
1
1
1
2
2
2
1
2
2
85080314586
1
1
2
1
2
2
1
2
1
2
1
2166916073
1
71333366351
1
2
2
2
1
2
2
2
1
2
2
56325047519
2
1
6496779262
1
2
2
2
1
2
1
2
2
2
2
1
1
1
2
1
1
1
2
2
2
1
2
1
1
2
2
1
2
2
1
1
2
2
2
2
1
75657391753
2
1
2
2
2
2
1
1
2
1
2
2
2
2
2
1
2
2
1
1
1
2
2
2
1
1
1
1
2
2
2
2
2
1
1
1
2
2
1
1
2
2
1
1
2
1
2
1
2
1
1
1
1
1
1
1
8747006702
1
2
1
1
2
1
2
2
2
1
2
2
2
1
2
1
1
2
2
1
1
2
1
1
2
2
2
1
2
1
2
2
2
2
2
1
2
1
2
2
2
2
2
2
1
2
2
2
2
1
2
1
2
2
1
1
2
1
1
1
2
2
1
2
2
1
2
2
2
2
1
2
2
2
2
2
2
2
2
2
2
2
2
2
2
2
2
2
1
2
1
2
2
1
2
1
2
2
1
2
2
1
1
1
2
2
1
2
2
2
1
1
2
1
1
1
2
2
1
2
2
2
1
21950623642
2
2
1
2
2
1
31028319305
1
2
1
1
1
1
1
1
2
2
1
2
2
1
1
2
1
2
2
2
2
2
1
2
1
1
2
2
2
2
1
1
2
2
1
2
1
2
2
2
2
2
2
2
2
1
1
2
1
1
2
1
1
2
2
2
1
1
2
1
1
2
2
2
2
2
1
2
2
1
2
2
1
2
2
2
2
2
2
2
2
2
1
2
2
2
2
35845540545
2
12961632079
1
2
2
2
1
2
2
1
2
2
2
1
1
1
2
2
2
2
1
1
28961760578
2
2
2
1
1
2
1
2
2
1
2
2
1
1
2
1
2
2
2
2
2
1
1
2
2
2
2
2
1
2
1
2
1
1
2
2
2
2
2
2
86981803333
2
2
2
90896992899
2
2
2
2
2
2
2
2
1
2
1
2
2
1
2
1
2
2
48606667117
2
2
2
1
2
2
1
1
2
2
1
2
2
1
1
2
2
2
1
1
2
1
2
2
1
2
2
2
2
1
1
1
1
1
2
2
1
2
2
2
1
1
1
2
1
2
1
2
2
2
2
2
2
1
1
1
1
2
2
1
2
2
2
1
2
1
2
2
1
2
1
1
1
2
2
1
2
1
1
2
1
1
2
1
2
2
2
2
1
2
30567054478
1
1
2
2
97588474805
2
2
1
2
1
2
1
2
1
2
2
2
2
2
2
2
2
1
1
2
1
60931515512
2
1
1
1
2
2
2
1
1
2
2
2
1
2
2
2
2
58756337474
1
1
2
2
2
1
2
2
1
2
2
2
2
1
1
1
1
1
2
2
1
1
1
1
1
1
2
1
1
1
2
2
1
1
2
1
1
36849088445
2
2
1
1
2
1
2
2
32134285313
1
2
2
1
1
2
1
2
2
2
2
2
1
1
1
2
1
