1
2
2
1
1
2
2
36573552972
2
1
2
1
2
1
2
1
2
1
80275137815
2
1
1
2
2
2
2
1
2
1
1
1
2
2
2
2
1
2
2
2
2
1
1
3812368851
1
2
1
5424224843
2
1
1
1
2
2
2
1
2
1
1
2
1
2
2
1
2
1
1
1
1
2
29839886104
2
1
1
2
34250914365
1
1
2
2
2
2
1
2
2
1
2
2
2
2
1
2
2
2
2
1
2
2
2
2
1
1
2
2
54140284137
2
1
1
2
1
2
1
2
1
2
2
2
2
2
1
2
2
2
2
2
1
1
2
1
2
1
1
2
2
2
2
2
1
2
1
2
1
1
2
2
2
2
2
2
2
2
2
2
1
2
2
2
2
1
2
2
2
2
1
46122707307
2
2
2
2
2
2
2
2
1
2
1
2
2
2
2
2
2
2
2
12239966764
1
2
1
2
2
2
2
1
1
2
2
1
2
2
2
2
2
1
1
36836411849
2
1
1
1
2
2
1
1
2
2
2
2
2
2
27822837145
1
2
2
2
2
2
1
2
1
2
2
2
2
2
1
2
1
1
2
2
2
2
2
1
2
80210212303
1
2
1
2
1
2
2
2
2
2
2
2
2
2
1
2
44250137938
2
1
1
2
2
2
2
1
2
2
1
2
2
1
2
1
2
2
2
2
2
1
2
2
1
1
2
2
1
22694718151
16745084268
2
2
2
2
1
2
1
1
2
1
1
1
1
2
1
2
2
2
2
2
2
2
2
2
2
2
2
2
2
2
1
2
1
2
2
2
2
2
2
1
1
2
2
80175050387
2
88170679514
2
1
1
1
2
2
2
2
2
2
2
2
2
2
2
1
2
2
2
2
1
1
2
2
1
1
1
2
2
2
2
2
2
1
2
1
2
2
2
2
2
2
2
1
1
2
1
2
2
2
2
2
2
2
2
2
2
2
2
1
2
2
2
2
2
2
1
2
2
1
1
2
1
2
2
2
1
2
2
2
1
2
1
1
1
2
2
2
2
2
2
1
1
2
2
1
20454384889
2
2
2
2
14405955306
1
1
48617397262
2
2
1
2
2
2
1
1
2
2
2
1
2
2
2
2
2
2
2
2
2
2
2
1
2
1
15629857060
2
2
1
2
2
22305549227
2
2
2
2
2
2
2
2
1
1
2
1
2
2
1
2
2
2
2
2
2
1
1
2
1
2
2
2
2
2
2
2
1
1
2
2
1
1
2
2
1
2
2
2
2
2
2
2
2
1
1
1
2
2
2
2
2
2
2
2
2
2
1
1
2
1
18501602609
2
2
1
2
2
1
1
2
2
2
2
2
2
2
1
1
1
2
2
2
38886063555
2
39255542786
1
1
2
2
2
2
1
2
2
2
2
1
2
2
2
1
1
1
2
1
2
1
1
2
31356468472
1
1
2
2
1
2
1
2
1
2
1
1
2
2
2
2
2
2
1
2
2
2
2
2
2
2
2
2
1
2
98199963
1
2
2
2
2
2
2
2
1
2
1
2
2
2
1
2
1
1
2
2
2
2
1
2
2
1
2
2
2
2
1
1
2
1
2
1
2
1
2
2
1
1
2
2
2
1
2
1
2
2
1
2
2
2
2
1
2
2
90616528864
2
1
1
1
2
2
2
1
1
2
1
2
1
2
1
2
2
1
1
2
2
1
2
2
2
1
1
2
2
1
2
2
94687358943
2
1
1
2
1
72760940851
2
1
2
2
2
2
2
2
2
1
2
2
2
2
2
2
2
2
2
1
1
2
2
2
2
1
2
1
1
2
1
2
2
2
2
2
2
1
1
2
1
2
2
1
2
1
2
2
2
2
2
2
2
2
1
2
1
1
2
2
1
63752679720
1
1
2
2
1
1
2
2
2
2
2
1
1
2
2
2
2
1
2
2
2
2
1
1
1
2
1
1
2
2
1
1
2
2
1
2
2
2
2
2
1
2
1
2
1
2
2
1
1
1
2
2
1487827411
1
1
1
2
2
2
1
2
2
2
2
2
2
1
2
2
1
1
2
2
1
2
2
2
2
2
2
2
2
2
2
2
2
2
2
2
2
1
2
75134443242
1
2
2
2
2
2
2
2
2
1
2
2
2
2
1
1
2
2
2
2
2
1
2
2
2
2
2
2
2
2
2
2
2
2
1
1
2
2
2
94762004650
2
1
2
2
1
1
2
2
2
2
2
2
2
1
1
2
1
2
1
1
2
9410845267
2
2
2
2
2
2
1
1
2
1
2
2
2
2
2
2
2
2
2
2
2
1
2
2
2
2
2
2
1
2
1
2
2
2
2
2
2
93942530838
2
2
1
2
2
2
2
2
2
2
2
2
2
2
2
2
2
2
1
1
2
2
2
2
2
1
1
1
1
2
1
2
2
2
2
2
1
1
37495326710
2
2
62960982855
1
2
2
2
2
1
2
2
2
1
2
2
2
2
1
79472411848
2
1
2
2
1
1
2
2
2
2
2
1
2
2
2
2
2
2
59952288320
1
2
2
2
2
2
2
2
2
75429798213
2
2
2
2
2
1
2
1
2
1
1
1
2
1
2
2
2
2
1
1
1
2
2
1
2
1
1
2
2
1
1
2
2
2
2
2
1
1
2
2
2
2
2
1
1
1
2
2
2
2
2
2
1
2
2
2
9231689532
2
2
1
1
1
2
2
2
2
2
2
2
1
2
2
2
2
2
2
1
2
2
2
2
2
2
2
2
1
2
1
2
2
42240034243
2
2
1
2
2
2
1
2
2
2
2
2
2
2
2
2
2
2
2
1
2
2
2
2
1
1
1
2
2
2
2
1
2
1
1
1
2
2
2
2
2
2
2
2
2
2
2
2
1
2
2
2
1
2
2
2
2
2
1
2
1
2
1
1
1
65198190020
1
2
2
1
1
2
2
2
2
1
2
2
60560487410
2
2
2
1
2
2
1
2
1
2
2
2
2
2
2
1
2
1
2
1
2
2
2
2
1
2
1
2
2
2
2
1
1
2
1
2
2
2
1
2
2
2
2
2
2
2
2
1
2
2
2
2
1
2
2
2
2
1
2
2
68243209497
2
2
2
2
2
2
2
2
2
66933416650
2
2
1
2
2
2
1
2
2
2
2
1
47430729010
2
1
1
92157368366
2
2
1
1
1
10899345002
1
2
2
2
2
2
2
2
2
2
1
2
2
2
2
1
2
2
2
2
2
2
2
1
1
84287319606
2
2
2
2
2
2
2
1
2
1
2
2
1
1
1
2
2
1
2051605954
1
2
2
2
2
2
1
2
2
1
2
1
2
1
2
2
2
1
2
2
2
2
2
2
2
2
1
2
1
2
1
1
2
2
2
2
2
2
2
2
2
2
2
2
2
2
1
2
2
2
2
2
1
2
2
1
1
2
2
2
2
2
2
2
2
66498743896
2
2
1
1
2
1
1
2
2
2
2
1
2
2
2
2
2
1
2
2
82506173694
1
2
1
42032075850
2
2
2
1
2
2
2
1
2
1
2
2
2
2
1
2
2
2
2
2
2
2
2
1
1
1
2
2
1
1
1
2
1
2
2
2
1
2
1
2
1
2
2
1
2
1
2
1
1
2
1
1
2
2
1
16500397963
2
2
2
2
2
2
2
2
1
1
1
1
1
1
2
2
2
2
71923890058
2
2
2
2
2
2
1
2
2
2
1
2
2
1
2
2
2
2
2
2
2
2
2
2
2
2
2
1
2
1
2
2
2
1
2
2
2
1
2
1
2
2
2
2
2
73462369143
2
2
2
1
2
2
2
1
2
2
2
2
2
1
2
2
2
1
2
2
2
1
2
2
2
2
3444530800
2
2
1
86223413012
2
2
1
2
1
18950323920
2
2
2
74902967162
2
2
2
1
1
2
2
2
2
2
2
2
1
2
2
1
2
2
2
2
2
2
2
1
2
53412995855
2
1
1
2
1
2
2
2
2
2
2
2
2
1
2
1
80717569613
2
2
2
1
2
1
2
2
2
2
1
2
2
2
2
1
1
2
2
2
2
2
2
2
1
2
2
2
2
2
1
2
1
2
2
2
2
2
2
2
2
2
1202146569
2
2
1
1089241399
1
2
2
2
2
2
2
1
65835539328
1
1
1
2
2
2
2
1
1
2
2
1
2
2
1
2
2
1
2
2
1
1
2
1
2
1
2
1
2
2
1
1
2
2
2
2
1
2
1
2
2
2
1
2
1
2
2
2
2
2
2
1
2
2
2
2
1
2
2
2
2
1
2
2
2
2
2
1
1
2
2
2
2
2
83423519637
2
2
1
2
2
2
1
2
13504807397
2
2
1
2
1
2
2
1
2
2
1
1
2
2
2
2
1
2
31906549651
2
160185042
2
2
1
2
2
2
1
2
2
2
2
1
2
2
1
1
1
55869903495
2
2
61853937802
2
1
1
2
2
1
2
2
2
1
2
2
2
1
2
1
1
2
2
1
1
2
2
1
2
2
2
1
2
1
2
2
2
2
1
1
2
2
1
1
2
2
1
1
2
2
2
2
2
2
2
1
2
2
2
2
2
2
2
2
2
2
2
2
2
1
1
2
2
2
2
1
1
2
1
2
2
2
2
1
2
2
2
2
26726998221
2
2
2
2
2
2
1
9567514201
1
2
2
2
2
2
2
2
1
2
2
2
2
2
2
1
2
1
2
2
1
2
2
2
61134691648
2
2
2
2
2
2
2
2
2
2
2
2
1
2
1
1
1
2
2
1
2
2
2
1
1
2
15305135042
1
1
1
2
2
1
2
1
2
2
1
2
1
2
2
2
2
1
1
1
2
2
1
1
1
1
2
2
2
2
2
2
2
2
17797894536
2
2
1
2
2
2
2
2
2
2
2
2
2
33069062171
2
2
2
2
2
2
2
2
2
1
2
2
2
2
1
1
1
2
1
1
2
2
1
2
2
1
2
1
2
2
1
2
2
1
2
2
1
2
2
2
1
2
1
2
2
1
2
2
2
2
2
1
2
2
1
1
81603734276
2
2
2
2
2
2
1
2
1
1
2
25822174097
2
2
1
1
2
1
1
2
2
2
2
2
1
2
2
2
2
1
1
2
84058771530
2
2
2
2
2
2
1
2
2
2
1
2
2
2
2
2
2
2
2
2
1
2
1
2
1
1
2
2
2
2
2
1
1
2
2
2
2
2
2
1
2
2
1
2
2
1
2
1
2
1
2
1
2
2
2
2
2
2
2
2
2
2
1
2
1
2
2
2
1
2
1
1
83997522431
2
2
2
2
2
1
2
1
1
1
1
2
2
1
1
23482863615
2
2
2
2
1
1
2
1
1
2
2
2
1
2
2
2
2
49586718594
2
2
2
21274678131
2
2
2
2
2
2
1
2
2
1
1
2
1
2
1
1
1
71353782899
1
2
78233129798
2
2
2
2
2
1
1
2
1
2
2
2
2
2
1
2
2
2
1
2
1
2
2
2
1
2
1
2
2
2
1
1
2
1
2
1
1
2
1
2
1
2
2
2
2
1
1
2
1
95091643164
2
1
2
2
2
1
2
2
2
2
2
2
2
2
1
2
2
2
1
2
2
2
2
2
1
1
1
2
1
2
2
1
2
2
2
2
1
26552954953
1
2
2
1
2
1
2
2
2
1
39856093260
2
2
75311793688
2
2
2
2
2
2
2
1
1
1270782742
2
2
2
2
2
2
2
2
2
1
2
2
15097907525
1
2
69474524783
2
2
1
2
2
2
2
2
2
16865455241
1
2
2
2
2
2
1
1
2
1
2
1
2
2
13313560059
1
2
2
2
1
2
2
1
2
2
2
2
2
1
2
1
41110628934
1
1
1
2
2
2
1
1
2
2
2
2
2
2
2
2
2
2
2
2
2
2
1
2
2
2
2
2
2
2
2
2
2
1
2
2
2
2
44746708622
1
2
1
37711821880
2
2
2
1
2
2
2
2
1
2
1
2
1
1
2
1
2
2
2
2
1
2
2
2
1
2
2
2
1
2
43576645519
2
1
1
2
2
2
2
1
2
2
2
1
2
2
2
2
1
1
1
1
2
2
2
2
2
1
2
1
2
2
2
1
1
2
2
2
1
2
2
2
1
2
2
1
1
2
1
2
2
2
2
1
2
2
2
1
2
1
2
1
2
1
2
2
2
2
1
2
1
2
1
2
2
2
2
2
1
2
2
2
2
1
2
2
1
1
2
2
2
2
2
1
1
2
9903723981
1
2
1
1
2
2
1
2
2
1
2
1
2
2
2
2
2
2
1
2
2
1
1
2
2
1
2
2
2
2
2
2
2
2
2
2
2
12034343265
2
2
2
1
1
1
2
2
2
2
2
2
2
78815602028
1
2
62983458600
1
2
2
2
2
1
1
1
1
2
1
2
1
1
2
2
1
2
2
1
2
1
1
2
2
2
1
2
1
2
2
1
2
2
39067554606
1
2
2
32497502325
1
2
1
1
2
2
1
2
1
2
1
1
2
2
2
2
2
2
2
1
1
1
2
2
1
2
2
2
2
2
2
2
1
1
2
1
1
2
1
2
1
1
2
2
2
2
2
1
1
2
14078777193
2
2
1
2
21891867271
1
1
1
1
72588165068
2
2
32688604182
1
81535449451
2
18812408433
2
2
1
2
2
2
1
1
2
2
1
1
1
2
1
1
2
2
1
1
2
2
1
2
2
1
1
2
13323595467
2
2
1
1
2
1
1
2
1
2
1
2
2
2
1
2
2
2
2
1
1
2
1
1
2
2
1
2
2
2
2
2
1
2
2
2
1
2
2
2
2
2
2
2
2
2
2
2
1
62286210333
2
2
2
2
2
2
2
2
2
2
2
2
1
2
2
1
1
1
2
2
2
2
2
2
2
50120699524
2
1
1
2
2
2
2
2
2
2
2
2
68525855581
1
1
2
2
1
2
2
2
1
2
2
1
2
2
1
2
2
2
2
2
2
1
1
2
2
2
2
1
2
2
2
2
2
2
2
2
2
1
1
2
1
2
1
2
2
1
2
2
2
2
1
1
2
2
1
2
2
1
1
2
1
2
2
2
2
1
1
2
2
1
2
1
1
2
2
1
2
1
2
2
1
2
2
2
1
2
2
2
2
2
2
2
1
1
2
68835524163
2
2
2
1
2
2
2
1
2
2
2
2
1
2
2
2
2
2
1
1
1
1
78965282457
2
1
2
1
1
1
1
31596679911
2
2
1
2
2
2
2
1
21481912143
2
1
1
2
2
1
2
2
2
2
2
1
2
2
1
2
2
1
1
1
2
27805606016
2
2
1
1
2
2
2
2
2
1
1
2
2
2
1
2
1
2
1
2
2
2
2
2
2
1
16601618485
2
1
2
2
2
1
2
2
2
1
2
1
2
2
2
1
1
2
2
2
2
2
5107805764
1
1
2
67728889085
2
2
1
2
1
1
2
1
2
2
2
1
2
2
2
2
2
2
2
1
1
2
2
1
2
2
2
1
2
1
1
1
2
2
2
2
2
2
2
1
1
1
2
1
2
2
1
2
2
2
2
1
84009646019
1
2
88768398918
2
2
2
2
2
2
2
2
2
2
2
76480189188
2
2
2
2
2
2
1
2
2
2
2
2
2
2
2
2
1
2
2
2
1
2
2
2
2
1
2
2
2
2
1
2
2
1
2
2
2
1
1
2
1
2
92119263934
2
2
2
1
2
2
2
1
2
2
2
2
2
2
1
4630909134
1
1
2
2
2
1
1
2
2
2
2
2
1
2
2
2
2
2
2
2
2
2
2
2
75823058637
2
1
2
2
1
1
2
2
2
1
1
1
2
2
2
1
1
2
2
2
1
2
2
2
2
1
1
2
2
2
2
2
1
1
1
2
1
2
1
2
2
2
2
2
2
2
2
2
2
2
2
2
2
1
2
2
2
2
2
2
2
1
2
84408151061
19251519632
2
86431075000
2
1
2
1
2
1
2
1
2
1
2
2
1
2
2
1
2
1
2
2
2
1
2
2
2
2
2
2
2
2
6131105612
2
1
2
2
1
2
2
2
2
2
2
2
2
1
2
2
1
2
1
1
2
2
2
2
1
1
26472447223
1
2
2
2
2
2
2
2
2
2
2
2
36342377510
2
1
2
1
2
2
1
2
2
2
2
1
1
2
2
2
1
1
2
2
2
2
2
2
2
2
1
12553729297
1
2
2
2
2
2
2
2
12493788884
2
1
2
2
2
2
1
2
2
2
2
2
1
1
2
1
2
1
2
2
2
1
1
2
2
2
1
2
2
2
2
2
1
1
1
15077035869
2
930999601
2
2
2
1
1
2
1
2
2
1
2
1
2
2
2
2
2
2
1
2
2
1
1
1
2
1
2
2
2
2
2
2
2
2
2
2
32905120961
2
1
2
2
2
2
63675507448
2
1
2
2
2
1
2
2
2
2
2
2
1
1
1
2
2
1
2
1
2
1
2
32134944168
2
2
2
2
2
2
1
2
1
1
2
2
1
2
2
1
2
2
2
2
1
2
2
2
2
2
2
2
2
2
2
2
2
2
2
2
1
2
2
1
2
1
1
1
1
2
2
1
2
1
2
2
2
1
1
2
1
2
29050656059
1
2
2
2
2
2
2
2
2
2
2
2
2
2
2
2
1
2
2
1
99220376305
1
42201511521
1
2
2
2
1
2
2
2
2
1
2
1
2
1
2
2
2
2
2
2
2
2
2
2
2
2
1
2
1
2
1
2
2
2
1
48983651380
2
2
2
2
2
2
2
2
6727770026
1
2
2
2
2
2
1
2
2
2
2
2
2
1
1
2
1
1
1
2
2
2
2
2
2
2
2
2
2
2
46560798038
2
1
2
2
2
1
2
2
1
2
2
2
2
2
1
2
1
2
1
2
2
2
1
2
2
2
2
2
2
2
2
2
2
1
1
2
2
2
2
2
2
1
27461708475
1
2
1
1
2
2
90631123121
2
2
58529437837
2
2
2
2
2
2
2
2
1
2
1
2
2
2
2
1
2
2
1
2
2
26805718228
2
2
1
2
2
2
2
1
2
2
2
1
2
2
2
1
93289362979
2
54649074471
1
2
2
1
2
74500679966
2
2
2
2
1
2
1
2
2
1625251003
1
1
1
2
2
1
1
1
2
2
2
2
1
1
1
2
2
1
2
2
2
2
1
1
2
2
2
28345720192
1
2
2
2
2
2
42784005216
2
2
2
2
2
2
2
2
2
1
2
2
2
1
2
2
17721486248
2
2
2
2
2
2
1
2
2
2
2
2
1
2
2
2
2
2
2
2
1
1
1
2
2
1
2
2
2
2
22598577629
2
2
2
2
2
2
2
1
2
2
2
77371034260
2
1
2
2
2
1
2
1
2
2
2
2
1
2
2
1
67994602718
2
2
2
1
2
2
1
2
2
2
2
2
2
1
2
2
1
2
2
2
2
2
2
2
2
1
2
2
1
2
2
2
2
2
2
1
1
2
2
1
2
2
2
1
2
2
2
2
1
1
2
2
2
2
2
1
2
2
2
1
1
2
2
68001552948
2
1
2
2
1
2
2
1
1
2
2
2
2
1
2
2
1
2
2
1
2
2
2
2
2
2
2
82581337441
2
1
2
2
2
1
1
2
1
2
1
2
1
1
2
2
2
2
1
2
2
2
2
1
2
2
1
2
1
2
2
2
2
1
1
2
2
1
2
2
2
2
2
1
2
1
2
2
1
2
2
2
2
2
82174893184
1
1
2
1
1
2
2
2
2
42708245362
2
1
2
2
2
1
1
2
2
1
2
2
2
2
2
1
2
2
2
2
2
1
1
1
1
1
2
2
2
2
2
1
2
2
1
1
1
2
2
2
1
2
2
20240046065
2
1
2
2
2
1
1
2
2
1
1
2
2
1
2
2
2
1
2
1
2
1
33046714841
54923886465
1
2
32436603739
2
2
2
1
1
2
2
2
2
1
2
1
2
2
1
2
2
1
76017082083
2
1
2
1
2
2
1
2
2
1
2
2
2
2
1
2
2
2
1
1
2
1
1
2
2
2
2
2
2
2
2
2
1
2
2
1
2
1
16549301525
2
1
2
2
2
2
2
98876298441
2
2
2
2
2
2
14331875157
1
2
2
2
2
1
2
2
2
2
2
2
1
2
2
2
1
2
2
1
1
1
2
2
1
2
2
1
2
2
2
2
2
2
2
1
2
1
1
2
2
1
2
1
2
2
2
2
2
2
2
2
2
1
1
2
2
2
2
2
2
2
2
2
2
1
2
2
2
2
1
2
1
2
2
2
2
1
1
2
2
1
2
2
2
2
1
2
2
1
2
2
2
2
2
2
2
1
2
2
1
1
2
2
2
2
2
2
2
1
2
1
2
1
2
1
2
2
1
1
2
2
2
2
2
2
2
2
2
2
1
2
2
1
2
57684565252
2
2
1
1
2
2
2
2
2
2
2
2
1
2
2
2
2
2
2
2
2
1
2
1
1
1
1
1
2
1
2
2
2
1
2
2
2
2
2
2
2
2
2
2
1
2
2
2
2
1
2
1
2
2
1
2
2
1
2
2
1
1
1
2
2
2
2
2
2
2
14291323467
1
1
1
2
1
2
2
2
2
2
1
9425818256
2
2
2
26708255374
2
2
2
2
1
2
2
2
2
1
2
2
2
2
1
1438961602
2
1
2
2
2
2
2
1
1
2
1
2
2
2
2
1
1
2
2
2
2
1
2
1
1
1
2
1
2
1
2
2
2
2
2
1
1
2
2
2
2
2
1
2
1
2
1
2
2
2
2
2
2
1
2
2
1
1
1
2
2
1
2
1
2
2
1
1
2
2
11796798439
1
2
1
1
2
2
2
1
2
2
2
2
2
2
2
2
2
1
2
2
2
1
2
2
1
2
2
2
2
2
1
2
2
2
2
2
2
2
1
1
2
2
2
2
2
2
7787366047
2
1
2
1
1
2
2
2
1
2
2
2
2
2
1
2
2
2
2
2
2
1
2
1
2
2
2
2
2
2
2
2
2
1
2
1
2
2
2
2
85434436603
1
2
1
1
2
1
1
1
2
2
2
2
1
2
2
2
2
2
2
2
1
2
2
1
2
2
1
2
1
2
1
2
2
2
2
1
2
49071339888
2
2
2
2
2
2
2
2
2
2
2
1
2
2
2
2
2
1
2
2
1
1
1
2
2
2
2
1
2
2
1
1
2
2
2
2
2
2
1
2
2
29934933848
1
1
2
1
2
2352004896
2
2
1
1
1
2
2
2
2
2
1
2
1
2
2
1
2
1
1
2
2
1
2
2
2
2
2
2
2
2
2
1
1
1
2
2
1
1
2
1
2
1
2
2
2
1
2
1
2
2
1
1
2
2
2
2
2
2
2
2
2
2
2
2
2
1
2
2
1
2
2
79782482143
2
1
1
2
1
2
1
2
1
2
1
2
2
2
1
2
2
7108135475
2
2
2
2
2
2
2
2
2
17920011192
2
1
2
1
2
2
2
1
1
1
1
1
1
2
2
2
1
1
1
2
2
1
2
1
2
2
2
1
2
2
2
2
2
2
2
11289485368
2
2
2
1
2
2
2
2
2
2
1
2
2
1
98456405221
2
1
2
2
2
1
1
2
2
2
2
2
2
2
1
1
2
1
2
1
2
2
2
1
2
17116464199
2
1
1
2
2
1
2
1
2
2
2
2
1
38021868886
2
1
2
2
1
2
2
1
2
2
1
2
2
2
2
2
2
1
2
2
2
2
2
1
2
2
1
1
2
2
1
2
2
1
1
2
2
2
1
2
2
79132712573
1
2
1
2
2
2
2
2
2
2
2
2
1
2
2
2
1
2
2
2
2
2
2
2
2
2
2
2
2
1
1
80427896313
2
2
1
1
2
2
2
2
2
29022044128
1
1
2
1
2
2
2
2
2
1
1
2
1
1
1
1
2
2
1
1
1
2
2
1
2
12963058851
2
2
1
2
2
55417321901
2
1
2
1
2
1
25407406877
1
2
2
1
2
2
2
2
1
2
1
2
2
2
2
2
1
2
2
2
2
2
2
1
2
1
2
2
2
2
2
2
1
2
2
2
1
1
1
2
2
2
2
2
1
2
2
2
2
1
2
36496872162
2
2
1
2
2
2
1
2
1
1
2
2
2
1
2
2
2
1
2
1
2
2
2
2
1
1
1
2
2
2
1
2
2
2
1
2
2
2
2
1
2
2
2
1
1
2
2
2
2
2
2
2
2
35453163877
2
2
2
1
2
2
2
2
2
2
1
2
2
1
2
2
1
2
2
1
2
2
1
2
2
2
2
2
2
2
2
2
2
2
2
1
2
2
2
2
2
2
2
2
2
2
2
1
2
2
1
2
1
1
2
2
1
2
74477134197
2
1
2
1
2
2
2
1
2
2
54604970833
1
2
1
2
2
2
2
1
1
2
2
2
2
2
2
2
1
2
2
2
2
2
99213878197
2
2
2
2
2
2
1
2
2
2
2
2
1
2
2
2
2
1
2
1
1
1
2
1
2
2
2
1
2
2
1
2
2
1
2
2
1
2
2
2
1
2
1
2
1
2
33519716997
2
2
1
2
2
2
1
2
2
1
1
1
2
2
2
1
2
1
2
1
2
2
2
2
2
2
2
2
2
2
1
2
19104902822
52852425562
2
1
1
2
2
9070937147
2
2
2
1
1
2
1
2
2
2
2
2
1
1
2
1
1
2
2
2
2
2
2
2
2
2
1
2
2
2
2
2
1
2
1
2
2
2
2
1
2
2
2
1
2
2
2
2
2
2
2
1
65840449047
2
2
2
1
1
2
2
2
2
1
2
2
2
57844975023
2
2
2
2
2
2
33785846618
2
2
2
2
2
2
1
2
2
1
7283777633
1
2
1
2
2
2
1
2
1
1
1
2
2
2
43865780301
1
2
2
1
2
2
2
2
2
2
2
2
2
1
1
1
2
1
2
2
1
2
2
2
2
2
2
2
1
2
2
2
2
2
37785333617
1
2
2
2
2
71066605816
1
2
2
1
2
1
1
2
1
2
2
2
2
1
2
2
2
2
2
2
2
1
2
2
2
1
2
2
2
2
2
2
2
2
2
2
1
1
2
1
2
2
1
88057178071
2
2
2
1
2
2
2
2
2
1
2
2
1
1
2
2
1
2
2
1
2
2
2
2
2
30358354475
1
2
2
1
2
2
28477289512
2
2
2
2
2
2
2
1
2
2
2
1
1
2
71957671731
2
2
2
1
2
2
2
1
2
2
2
1
2
2
2
1
2
1
1
1
2
1
2
2
1
2
2
2
2
1
2
1
2
2
12857708106
2
2
2
1
2
1
2
2
1
2
1
15834629034
2
2
1
2
2
2
2
2
2
2
2
1
1
2
2
1
2
2
1
2
1
1
1
41358295754
1
1
2
2
1
2
26327216918
2
1
2
2
2
2
2
2
2
2
1
2
1
2
2
1
2
2
2
1
2
2
1
2
2
2
2
2
1
2
1
1
2
1
2
7867525501
2
2
2
2
2
1
1
1
1
69943265724
2
2
47439625100
2
1
2
1563487997
2
2
2
1
1
1
1
2
27729980445
1
2
1
2
2
1
1
2
2
2
2
2
2
1
2
2
2
1
2
1
2
1
2
2
1
2
2
2
2
2
2
2
1
2
2
2
90310363490
2
2
1
2
2
1
2
2
1
2
1
2
2
2
2
1
2
1
2
1
2
2
2
1
2
2
2
2
2
2
2
2
12980791974
2
2
2
2
2
1
1
1
1
2
2
2
2
1
2
1
2
2
2
2
2
1
2
2
1
1
2
2
6248407962
2
20699880897
1
33460313554
2
2
1
2
50684663926
2
2
2
2
2
2
2
2
2
1
2
1
2
1
2
2
2
1
2
2
1
1
98171724007
2
2
2
1
2
2
1
1
2
1
2
2
2
1
1
2
2
2
2
2
2
2
2
1
1
2
2
2
2
1
2
2
1
2
2
77911268659
2
2
27193144828
2
2
1
2
2
1
1
2
2
1
1
2
2
2
2
1
2
2
1
2
2
2
2
1
2
2
2
2
2
2
2
2
1
2
1
2
2
1
2
2
2
2
2
2
2
1
43270447945
2
2
1
2
2
2
2
32698022492
2
2
1
2
2
1
2
1
2
2
1
1
1
2
2
2
2
2
86067408508
61276720874
2
2
2
1
1
1
2
2
2
84087383611
2
2
2
2
1
2
2
2
2
2
1
2
2
2
1
1
2
2
2
1
1
2
2
2
48973210659
2
2
2
2
2
2
2
2
2
2
2
2
2
2
2
2
2
2
2
2
2
1
2
59700938698
2
2
2
2
1
2
2
1
1
2
2
2
2
2
2
2
2
2
2
2
2
2
2
2
2
2
1
84777367173
2
2
2
2
1
2
2
2
1
1
2
2
1
2
2
1
2
2
1
2
2
2
2
2
2
49278009737
1
2
1
2
2
2
1
2
2
1
1
1
2
2
2
2
2
1
1
1
33934213436
2
2
2
2
1
2
1
1
2
2
2
1
1
2
2
2
2
2
2
1
2
2
2
86375051405
2
2
2
2
82908810014
1
40980790926
1
2
2
1
2
15602118406
1
1
2
1
2
1
2
2
2
2
2
2
2
81707210651
2
2
2
1
2
2
2
1
2
2
2
2
2
2
1
24531243174
1
1
2
1
2
1
2
1
2
2
1
2
2
1
1
1
2
1
1
2
56866655046
1
2
2
2
2
2
1
2
2
2
2
2
2
2
2
1
2
1
2
2
2
1
1
1
2
1
2
2
1
1
2
2
2
1
1
2
2
2
1
2
1
2
1
2
1
2
1
1
2
2
2
2
1
1
2
1
2
1
2
2
48321405107
2
2
2
2
1
13838303887
2
1
2
2
2
1
2
1
2
2
2
2
2
2
2
2
2
2
2
2
1
1
2
2
1
1
2
2
2
1
1
2
2
2
1
2
2
2
1
2
2
1
1
2
2
2
2
1
2
1
2
2
2
2
1
1
2
42225426249
2
2
2
2
2
1
2
1
2
2
2
1
1
2
2
2
57833164235
2
2
1
2
2
1
41487768055
2
2
2
2
2
2
2
1
2
2
2
2
2
2
2
2
2
2
2
18168478330
1
1
2
1
2
2
2
2
2
2
1
2
2
2
2
2
2
2
1
2
2
2
2
1
2
1
2
1
2
2
2
1
1
2
2
1
1
2
1
2
2
2
2
2
2
1
2
1
2
1
2
2
1
2
2
2
2
2
1
1
1
2
2
2
2
2
2
1
2
2
2
2
2
2
2
2
1
2
1
2
2
1
2
1
2
2
1
2
1
1
2
2
1
1
2
2
1
2
2
2
2
1
1
2
1
2
2
2
2
2
1
2
2
1
2
2
2
2
2
2
2
1
2
2
1
86729199668
21266858051
2
2
2
2
2
1
2
2
2
2
2
2
2
1
2
2
2
1
2
2
1
2
2
1
2
2
2
2
2
2
1
2
2
2
1
1
70457880601
1
2
2
2
2
2
1
2
2
2
2
2
2
1
2
2
1
2
1
2
2
1
2
2
1
2
1
1
1
2
2
2
2
1
2
2
2
2
1
1
1
2
2
2
2
2
1
2
2
2
2
1
2
2
2
1
1
2
1
1
55045055272
2
2
1
2
2
2
1
1
2
18967016595
1
2
2
2
2
2
2
2
94351215429
2
2
2
2
92968986323
2
1
2
70244568248
2
37616417780
1
2
2
2
1
2
2
2
2
2
2
46093040482
1
2
2
2
2
2
1
1
2
2
2
2
1
1
2
2
2
2
2
2
2
2
2
2
1
2
2
2
2
2
2
2
2
2
2
2
2
1
14863947827
2
2
2
2
2
2
1
1
2
2
2
2
1
2
1
2
2
95299793600
2
2
2
1
2
2
2
2
2
2
2
1
2
2
1
81061300011
2
2
1
2
2
2
1
2
1
1
2
2
2
2
2
1
1
2
2
2
2
2
2
2
1
2
2
2
2
2
2
2
2
1
2
1
2
47586281521
2
2
2
1
2
2
2
2
2
2
2
1
2
2
2
2
2
1
2
2
2
2
2
1
2
1
1
1
2
1
1
86456631817
2
1
1
1
1
1
2
1
2
2
1
2
2
2
2
2
2
2
2
2
2
2
2
1
2
2
1
2
2
1
2
2
1
2
1
2
2
2
2
2
2
2
92883365878
2
2
1
1
2
2
1
2
2
2
2
2
2
1
2
83592915613
1
2
2
23631911303
1
2
2
2
2
2
2
2
72745034517
2
2
2
1
1
2
1
1
1
1
2
43692041135
2
2
2
2
2
2
2
2
2
1
2
2
2
2
1
1
2
2
2
1
2
2
2
2
2
2
2
2
1
1
2
1
2
2
2
2
2
2
1
2
2
2
2
2
2
2
1
2
1
1
2
2
2
1
2
1
2
2
2
1
2
2
2
25251039034
1
2
2
2
96900210573
2
1
2
2
2
2
2
2
2
2
2
1
2
2
1
1
2
2
2
1
2
2
2
2
2
2
2
2
2
1
2
2
2
2
1
2
2
2
2
2
2
2
2
1
1
2
2
1
2
2
2
2
2
2
1
1
1
2
2
2
2
2
1
2
47609971939
2
2
2
1
2
1
2
1
2
2
2
1
2
1
1
2
2
1
2
1
2
2
1
2
2
2
2
2
2
2
2
2
1
2
2
2
2
2
1
2
1
2
1
2
2
2
2
2
1
2
1
2
1
2
1
2
30250764009
1
2
2
2
2
2
1
2
1
1
1
2
1
1
2
2
1
2
2
1
1
1
1
2
1
1
2
1
2
2
1
2
1
2
1
1
2
2
2
1
2
2
1
2
1
2
2
2
1
2
1
1
1
2
2103032529
1
2
1
1
2
1
55263996618
2
77898044594
2
1
2
2
2
2
1
2
2
2
2
2
2
2
1
1
2
2
1
95031902045
2
2
2
2
2
2
2
2
2
2
2
2
2
1
2
2
2
2
2
2
86641437763
2
2
2
2
2
1
1
2
1
7115099522
2
2
1
2
2
2
2
2
1
2
2
2
2
2
2
2
2
2
1
1
2
2
2
2
1
2
2
2
2
2
2
1
1
1
1
2
2
2
2
1
2
1
25889128392
2
1
2
1
2
2
2
1
2
2
1
2
2
2
2
2
1
2
1
2
1
2
2
85748477223
2
2
1
8789246420
2
1
2
1
2
2
1
2
2
2
2
2
1
2
2
2
2
2
2
2
1
2
96805546078
2
2
2
2
2
2
2
1
1
2
1
2
2
1
2
2
2
2
2
2
1
2
2
1
2
64064899380
2
1
1
2
2
1
2
1
8252631819
2
70043975493
2
2
1
78103319146
2
1
2
2
2
2
2
2
1
1
2
2
1
1
2
2
1
2
2
2
2
2
1
2
2
2
1
2
2
2
1
1
2
2
2
2
2
2
1
2
2
2
1
2
2
1
2
2
2
1
2
2
2
98147346482
2
2
2
1
2
2
2
1
2
2
2
2
2
1
2
61176145912
2
2
2
1
2
2
2
2
2
2
1
2
2
2
1
1
1
2
2
2
1
2
2
2
2
2
2
1
1
2
1
2
1
2
1
1
2
1
2
2
1
2
2
2
1
2
2
2
1
2
2
62286091979
2
2
1
2
2
1
1
2
2
1
1
2
2
1
2
2
2
1
2
1
2
2
1
2
1
67395822519
1
1
2
2
1
2
1
2
2
2
2
2
1
2
2
2
1
1
2
2
2
2
1
2
1
2
2
2
1
2
2
2
2
2
2
2
2
2
1
1
2
1
1
2
2
2
2
1
1
2
2
2
1
1
2
2
1
2
1
2
2
53425460938
2
1
1
2
2
2
1
2
2
2
2
2
2
1
2
2
1
2
2
2
2
2
1
2
2
2
1
2
2
2
2
2
2
2
2
2
2
2
2
2
1
2
2
1
2
2
2
2
36811353549
2
35645850876
2
2
1
2
1
1
2
1
1
2
2
2
2
2
76274037716
2
72986830272
2
2
2
2
8362271457
1
1
2
2
2
62521787387
2
2
1
2
1
2
2
1
2
2
1
2
1
2
2
1
1
2
2
1
1
1
1
1
2
2
2
2
1
1
2
2
1
2
2
2
1
2
1
1
2
2
1
2
2
2
2
2
2
2
2
2
2
2
2
63022523604
2
2
2
2
2
1
1
2
2
2
2
23975276855
2
2
2
2
2
2
2
2
2
1
1
2
2
2
49575042678
1
2
2
2
1
2
2
2
2
2
2
66159875833
1
2
2
1
1
2
2
1
2
2
2
2
1
1
47041747879
2
2
2
2
2
1
2
2
1
10553755625
2
2
2
2
2
2
1
1
2
2
1
1
2
2
1
1
2
2
2
2
1
1
1
2
1
2
2
2
2
2
2
2
2
2
2
2
2
2
2
2
2
2
2
2
2
1
2
2
2
1
1
1
2
2
1
1
1
2
2
1
2
2
2
2
2
1
1
2
2
2
1
2
2
79132181543
2
2
2
1
1
2
2
2
2
2
2
2
2
2
2
2
1
1
2
2
1
2
2
1
1
2
2
2
2
2
2
44689574070
2
89730292380
2
2
47818091231
2
2
2
2
2
2
2
1
1
1
2
2
2
2
2
2
2
2
2
55454109406
1
1
1
2
2
1
2
1
2
2
1
1
2
1
89033261522
2
2
2
2
2
2
2
2
2
1
2
2
2
22852919753
2
1
2
2
2
2
2
2
1
1
2
2
53201074506
22540372678
2
2
2
2
2
22488265221
2
1
2
2
2
2
1
2
22779996048
2
2
1
2
1
2
2
1
2
2
2
29221087864
2
2
2
1
2
1
1
1
6812997320
2
2
20998515393
1
2
2
1
1
2
2
1
1
1
2
2
1
62664879945
2
2
2
2
41015274599
2
2
2
1
2
1
2
2
2
2
1
1
1
2
2
2
1
1
2
2
2
1
2
2
95173610469
2
10683313266
2
1
2
1
2
1
2
2
1
1
2
2
1
2
2
1
2
2
2
1
1
2
1
1
2
2
2
1
2
2
2
2
2
1
2
2
7506439864
2
1
2
2
2
2
2
2
2
2
60328339184
2
2
2
2
2
2
35559519310
1
2
1
37875430801
2
2
2
2
2
2
2
1
2
2
2
1
2
2
1
2
2
28733392326
1
2
2
1
1
1
1
2
1
2
2
1
2
2
2
2
2
2
1
2
2
1
2
2
1
2
2
2
2
2
2
2
2
2
2
2
2
2
2
2
1
2
2
2
2
2
2
2
1
2
2
1
2
50395740043
2
1
7402792141
2
2
2
2
1
1
2
2
31075908047
1
1
2
1
2
2
1
2
1
1
2
2
1
1
2
2
2
2
2
2
1
2
1
1
2
2
2
56157034760
2
2
1
2
1
2
1
2
2
2
2
2
1
2
1
1
2
2
1
1
2
2
2
2
2
2
2
1
2
2
1
2
2
2
1
2
1
1
2
1
2
1
2
1
12252247989
1
2
2
2
1
2
2
2
1
1
1
2
2
2
2
2
2
2
2
2
2
2
2
2
18878293495
2
2
2
2
2
1
2
1
2
2
1
2
2
2
2
2
1
1
2
7774093835
2
2
2
2
2
2
1
1
2
2
2
2
1
2
2
1
1
1
2
2
1
2
24078038656
75944480601
2
1
2
2
2
2
2
1
2
2
1
1
2
2
2
1
2
2
2
2
2
1
1
2
2
1
2
2
2
1
2
2
1
1
1
1
2
2
1
2
2
2
2
2
2
42729254681
2
1
2
2
2
2
2
2
8465646468
2
2
1
1
2
2
2
2
2
2
1
1
2
2
2
2
2
2
1
2
2
2
2
2
1
2
2
1
2
2
2
1
2
2
1
2
2
1
1
2
27031242043
1
2
2
1
2
2
2
1
1
2
2
1
1
2
2
2
2
2
2
1
2
1
2
2
2
2
1
2
1
1
2
2
2
2
1
1
2
1
2
2
1
2
1
1
1
2
2
1
2
2
2
2
2
2
1
2
2
2
2
2
1
2
2
2
2
2
2
1
1
2
1
1
2
1
1
1
2
2
2
2
2
2
1
1
2
2
1
2
2
38247759083
2
2
2
1
2
2
1
1
2
1
2
1
1
2
2
2
2
1
1
2
2
2
2
2
2
1
2
1
1
2
1
1
2
2
2
2
33978972530
2
2
2
1
2
2
29220776943
2
2
2
2
2
1
1
2
2
2
1
1
2
95338807562
2
1
2
2
1
2
2
1
2
2
2
2
1
1
2
2
2
1
2
2
2
2
2
2
2
1
2
2
2
2
2
1
2
2
1
2
2
2
2
1
2
2
2
2
2
2
1
2
2
1
2
2
2
2
2
69954821350
2
2
2
2
2
1
2
2
2
1
2
2
2
1
2
2
2
2
1
2
44292209436
2
2
2
2
2
1
1
2
2
2
2
2
2
1
2
87399799137
1
2
1
2
2
2
2
2
2
2
2
2
2
2
2
67906558294
2
2
97540199014
2
2
2
2
2
2
2
2
2
2
2
2
2
2
1
2
2
2
2
1
2
42542353929
2
2
2
2
1
2
2
2
1
2
1
2
2
1
2
2
2
2
1
1
2
2
2
2
2
1
1
2
1
2
2
2
2
2
1
2
2
2
1
1
2
1
1
2
2
2
2
2
1
1
2
1
2
2
1
2
2
2
2
1
2
1
2
2
1
2
2
2
1
1
2
2
2
2
2
2
2
1
2
2
2
1
2
1
1
1
1
2
2
1
1
1
2
2
2
1
1
1
2
2
1
1
2
2
1
53590265952
1
2
2
2
2
2
2
2
2
1
54368077114
2
2
2
2
1
2
2
1
1
2
2
2
1
2
1
1
2
89587740691
2
81017756796
2
1
2
2
2
2
2
2
1
2
1
1
2
2
2
2
2
2
2
2
1
2
2
2
2
2
2
2
1
2
98044312975
1
2
2
2
2
2
2
2
2
2
1
1
2
1
2
2
2
1
1
2
2
2
2
2
1
1114248024
2
2
2
1
1
1
2
1
2
2
2
1
2
1
1
1
1
2
2
1
2
2
2
2
1
1
1
2
2
2
1
2
2
1
2
2
1
1
2
1
2
1
2
1
2
2
1
2
1
2
2
2
2
2
2
2
1
2
2
1
2
2
2
2
1
2
2
1
2
75434353607
77254393082
2
2
2
2
2
2
2
2
98278275599
2
2
2
1
1
2
2
2
2
1
1
2
2
1
1
2
2
2
2
2
2
2
2
2
2
2
2
2
2
1
51531269252
1
2
64232532121
2
1
2
2
2
1
1
2
2
2
1
2
1
2
1
2
1
2
2
2
1
2
2
2
2
2
2
2
2
1
2
1
1
2
2
2
2
2
2
2
2
2
2
2
1
2
1
2
2
2
1
2
2
2
2
2
2
2
2
2
1
2
2
2
2
1
1
2
1
54045836169
1
2
2
1
2
2
2
1
1
2
72235406287
2
2
2
2
1
1
2
2
2
1
1
2
2
2
2
1
1
2
2
2
2
2
2
2
2
1
1
2
2
1
38662749830
1
2
2
89787047477
2
1
2
2
2
2
1
2
2
2
1
2
2
2
2
2
2
2
2
2
1
2
2
1
1
2
2
1
2
2
1
2
92431117349
2
2
1
2
1
2
58430741620
2
2
2
2
2
2
1
2
1
2
1
2
2
2
2
2
2
1
2
1
1
2
2
2
2
2
2
1
2
2
1
2
1
2
2
2
2
71089661209
2
1
2
1
2
2
2
2
2
2
1
2
2
2
1
2
2
1
2
1
2
2
2
2
2
2
2
2
1
1
2
1
2
1
2
2
1
42287950309
1
1
2
2
2
1
2
2
2
2
2
2
2
2
2
2
2
2
1
2
1
1
2
2
1
2
1
2
2
2
29321990902
2
2
2
2
1
2
2
32300295361
2
2
2
2
1
2
2
2
2
2
2
5281125202
2
2
1
2
2
2
2
1
1
2
1
44955427939
2
72855211132
2
2
2
2
2
2
2
2
1
2
2
1
1
2
2
2
1
1
2
2
2
2
2
2
90634871315
1
1
2
2
1
1
2
1
24103260747
2
2
2
1
2
2
1
2
2
2
2
1
2
2
2
1
2
2
2
1
1
2
1
1
1
1
2
1
2
2
1
1
2
2
2
2
2
1
1
1
2
79865400467
2
2
1
84066581162
5177289675
2
2
2
2
1
2
1
2
1
2
2
2
1
2
1
2
2
1
2
1
2
1
15490828895
2
1
2
2
2
1
2
2
1
2
2
2
1
1
2
2
2
1
1
2
1
2
2
2
1
2
2
1
2
2
1
1
2
2
1
1
1
2
1
2
2
1
2
2
2
2
2
2
2
2
2
2
1
2
2
1
2
2
2
2
1
2
2
2
2
2
2
2
2
2
1
1
2
2
1
2
1
28901943297
2
2
2
2
2
2
2
2
2
2
2
2
2
1
2
2
2
2
2
42564764436
1
2
2
1
2
1
1
2
2
2
2
69958466083
2
2
2
9640777545
1
1
2
2
2
2
2
1
2
1
2
2
2
2
2
2
2
2
1
1
1
2
2
2
52268795330
2
2
2
2
2
2
2
2
2
2
2
2
2
2
1
2
2
2
2
2
2
1
2
2
2
2
1
2
1
2
2
2
2
2
2
1
2
1
2
2
1
2
1
1
2
2
1
2
2
2
2
1
1
2
71085696793
2
1
2
1
76418761711
2
2
2
2
2
2
2
2
1
2
2
1
2
2
2
1
2
2
2
71433528672
2
2
2
2
2
2
1
2
2
2
2
2
1
2
2
2
2
2
2
2
1
2
2
2
2
1
2
2
2
16967026278
1
1
2
2
1
2
1
2
1
1
2
2
2
2
1
2
1
37790232298
2
2
2
2
2
2
2
2
1
2
2
2
2
94531761603
2
2
1
1
2
1
1
2
2
2
1
2
1
2
2
2
2
1
2
2
2
2
1
2
2
1
2
2
2
2
2
1
2
2
2
2
2
2
14633500939
2
1
1
1
2
1
1
2
2
2
2
2
1
2
2
2
79662116036
2
2
2
2
1
2
1
2
1
2
2
2
1
2
2
1
2
2
2
2
2
57078455160
1
2
1
2
2
20870688269
2
2
2
1
2
2
1
2
2
2
1
2
1
2
2
2
2
2
2
2
2
1
2
2
1
2
1
2
2
2
2
1
1
2
2
2
1
2
1
2
2
2
2
2
2
2
1
2
2
1
2
2
1
1
2
87568312684
2
2
2
2
2
1
2
2
1
71217679106
96186598070
1
2
2
2
2
2
2
2
2
1
1
2
2
2
2
1
1
1
2
2
2
2
2
2
2
2
1
2
2
2
90393376766
2
2
1
2
1
2
2
1
1
1
2
1
2
2
2
2
2
2
2
1
1
1
1
2
1
1
2
2
2
2
2
2
2
2
2
2
2
59617089910
2
1
2
2
2
1
2
1
2
1
2
1
2
2
2
2
2
2
1
2
1
2
2
2
1
2
2
2
2
2
1
2
1
2
2
1
2
1
2
2
2
2
2
2
1
2
2
2
2
2
2
2
2
1
2
2
2
2
2
2
2
2
2
2
2
1
2
2
2
2
2
2
1
2
1
2
1
2
80828819103
2
1
2
2
2
2
2
2
2
2
1
1
2
2
2
2
2
232430205
2
1
2
2
2
1
2
1
1
2
2
19989580948
2
2
2
1
1
2
1
2
2
2
2
2
1
53777533455
2
2
2
1
1
2
2
1
1
1
2
2
1
1
2
2
2
2
2
2
2
1
2
2
2
2
2
2
2
2
1
2
2
1
1
2
1
1
1
1
2
1
2
2
2
2
1
2
2
1
1
1
2
2
2
2
2
1
2
2
2
2
1
2
2
2
2
2
2
2
2
2
1
1
1
2
2
2
2
2
2
2
1
2
2
2
2
2
2
1
2
1
1
1
2
2
60369260382
2
2
2
2
2
2
2
2
2
55684834188
2
47664984256
2
57901872115
2
1
2
2
1
1
1
1
2
2
2
2
2
2
2
1
1
1
1
2
1
1
2
2
2
1
1
1
1
2
2
2
1
2
2
2
2
2
1
2
2
2
2
2
1
2
1
1
1
2
1
2
1
2
1
2
2
2
11527304799
1
2
2
1
2
2
1
1
2
1
2
2
2
2
40558094372
1
28317869828
2
2
2
1
2
2
1
2
1
1
2
2
98722324678
1
2
1
1
2
2
2
1
2
1
2
2
1
1
2
2
1
2
1
1
1
2
64899252408
1
2
2
35289048690
2
2
1
2
1
2
2
2
2
1
2
2
2
1
2
2
2
2
1
2
2
2
2
1
2
2
1
2
2
2
2
2
2
2
2
1
2
1
2
1
2
1
2
2
1
2
1
2
1
2
1
2
24542519598
1
2
2
1
2
1
2
2
2
2
1
2
12455014731
2
2
1
2
2
2
2
1
1
2
2
1
2
2
2
1
2
2
1
1
2
2
1
2
2
2
1
2
2
2
2
2
2
2
2
2
2
2
1
2
2
2
2
2
1
2
2
2
2
2
2
2
2
2
2
2
1
1
2
2
2
2
1
2
2
2
1
2
2
2
2
44298069610
1
2
2
1
2
2
2
2
2
2
1
2
2
2
2
2
1
47732971526
2
2
1
2
1
2
2
2
2
2
41707210056
2
2
1
2
2
2
2
2
1
2
2
2
2
2
2
2
1
25315433272
2
2
2
1
13221597764
1
2
2
2
2
2
2
1
1
2
2
2
2
2
2
2
2
2
2
2
1
99567181439
2
2
2
2
1
2
2
2
2
2
1
2
2
2
2
2
2
1
1
1
1
2
2
2
2
62980307566
1
1
2
1
2
1
2
2
1
2
2
1
2
1
2
2
2
2
2
1
2
2
2
1
2
1
1
2
38466757272
2
2
2
1
2
2
2
2
2
15453163378
2
2
2
1
2
1
2
2
1
1
2
2
2
1
2
2
2
2
2
2
2
1
2
2
2
2
1
2
2
2
1
1
1
2
2
1
2
2
2
2
2
2
2
2
2
94778396053
2
1
2
1
2
1
2
2
2
2
1
2
2957456590
2
29227589098
8263361379
2
2
1
2
2
2
69151133046
2
1
2
2
2
2
2
2
2
2
48920488724
2
2
1
1
2
2
2
2
73708159554
45653298829
2
2
2
2
1
2
93120862107
2
1
1
93240014159
2
2
2
2
2
2
1
1
2
1
2
1
2
2
2
1
2
2
2
2
2
2
2
437025641
2
2
2
2
2
2
2
1
2
2
2
2
2
1
2
2
1
2
2
2
2
2
2
2
2
2
2
2
1
1
2
2
2
2
2
1
2
1
1
2
2
2
2
2
1
2
2
2
1
2
1
1
2
2
2
2
1
2
2
2
2
1
2
1
2
1
1
2
2
2
2
2
1
2
2
59946150450
2
2
2
2
2
2
2
1
1
2
2
2
2
2
1
2
2
2
2
2
2
2
1
2
2
1
2
2
1
1
2
2
31888984103
29513032287
2
2
2
2
2
2
2
2
2
1
2
52702852524
2
2
2
1
2
1
1
1
1
2
1
2
1
1
2
2
2
2
2
1
2
30516234604
2
2
1
2
2
1
1
2
2
2
2
2
49131421830
49611535218
2
2
1
1
2
2
2
2
2
2
1
2
2
1
2
2
1
1
2
2
1
1
1
2
2
2
2
1
1
2
2
2
2
1
2
2
1
2
2
2
1
2
1
1
2
2
1
2
32197005406
1
2
2
2
1
2
2
2
2
2
2
1
2
1
2
2
2
2
2
2
2
1
1
2
1
2
1
2
2
2
1
1
1
2
2
2
1
1
2
46005484800
2
1
2
2
2
2
2
2
2
1
2
2
2
2
1
18432123606
1
1
2
1
2
2
2
1
2
2
2
1
2
1
2
2
2
2
1
1
2
2
2
2
1
60515826940
1
2
2
2
2
2
53084403970
2
1
2
2
26912536709
2
2
2
1
2
2
2
2
2
2
2
1
2
2
2
2
2
2
2
2
1
2
1
2
2
2
2
2
2
2
1
2
2
1
2
2
2
1
1
2
2
1
2
2
1
2
2
2
2
2
2
2
2
2
1
2
2
2
2
1
1
2
2
19655394708
2
2
2
2
2
1
1
2
2
2
1
1
2
2
2
1
2
2
1
1
2
1
2
2
1
84570370807
2
2
2
1
2
2
2
1
2
2
2
1
1
1
2
2
2
1
1
2
2
2
1
1
2
2
2
2
2
2
2
2
2
2
1
2
2
1
2
2
2
2
1
2
1
1
2
2
1
2
2
2
1
2
2
2
26763392439
2
2
1
1
2
1
2
1
2
2
2
2
2
2
1
2
2
1
2
2
2
2
2
2
2
1
2
2
1
2
2
2
2
2
1
2
2
1
64624866909
2
2
1
2
2
2
2
2
2
2
2
2
2
2
2
2
6476234718
2
2
9510169510
2
2
2
2
1
2
2
1
2
2
2
2
2
1
2
2
2
2
2
1
1
2
2
1
1
2
2
2
2
2
2
2
2
2
1
1
2
1
2
1
2
1
2
2
2
2
2
2
1
2
2
2
2
2
64197353428
2
1
2
2
1
1
2
2
2
21769343880
37352766351
2
1
90719547464
1
1
2
2
2
2
1
2
2
2
2
2
1
1
1
2
2
2
2
2
2
2
80370776733
2
2
2
1
2
2
1
2
1
2
2
2
2
2
2
1
2
1
2
2
1
2
2
1
1
2
2
1
2
1
1
1
2
1
2
1
1
2
2
1
2
2
1
2
2
2
2
2
2
2
1
2
2
2
2
1
2
2
2
2
72430268961
2
1
1
1
2
1
2
2
1
2
1
1
1
2
1
2
2
1
33208859303
1
1
2
2
2
1
2
2
2
2
2
2
3216859772
2
2
2
2
2
1
2
1
2
1
2
1
2
1
1
2
9638529595
2
2
2
2
2
2
1
1
2
2
2
2
2
2
1
2
1
2
2
1
2
2
2
2
2
1
2
2
2
2
2
2
2
2
2
2
2
2
2
2
2
65533057170
2
2
2
2
2
2
2
2
2
2
2
2
2
2
2
2
2
2
1
2
2
1
2
1
1
2
1
1
2
2
2
53302268762
2
2
2
2
2
2
1
2
1
2
2
1
2
1
2
2
2
2
2
2
2
2
2
2
2
2
2
2
2
2
2
2
1
2
2
1
2
2
2
2
34764982725
2
1
2
1
2
1
2
2
2
2
2
2
2
2
2
2
2
2
2
2
84049725508
2
1
2
2
1
2
2
2
2
1
2
2
52384987529
2
2
2
2
2
2
1
2
2
2
1
2
2
2
2
2
2
2
2
2
1
2
1
2
2
2
2
1
1
1
1
2
1
2
2
2
2
2
2
2
1
1
2
2
2
1
2
2
1
2
90145267174
1
1
1
1
2
2
2
2
2
2
2
2
2
62422858612
1
2
1
2
2
2
1
1
1
1
2
2
1
1
2
2
1
2
3096913090
1
1
2
1
2
1
1
2
2
1
2
1
2
2
2
2
2
2
2
2
2
32107483966
2
4472217600
2
2
2
1
2
1
2
1
1
2
2
2
1
2
2
2
2
2
2
1
2
2
2
2
1
2
1
2
2
2
2
2
1
2
2
2
2
2
1
2
89025015074
2
2
2
1
1
2
2
2
1
2
1
1
1
2
2
1
2
1
2
2
2
2
2
2
2
2
2
2
2
2
2
1
2
2
2
1
2
2
2
2
2
2
2
2
2
1
2
2
1
2
2
2
2
2
2
53649922813
1
2
2
2
1
2
1
2
2
1
2
2
2
2
1
2
1
2
2
2
1
1
2
2
2
2
1
2
2
2
1
2
2
1
1
1
2
1
1
1
2
2
2
2
1
1
1
2
1
2
1
2
2
2
2
2
2
2
2
2
2
2
2
2
1
2
1
2
2
2
1
2
2
1
53710484165
1
2
1
1
2
2
2
2
2
2
2
2
2
2
2
2
1
2
2
2
2
2
2
1
1
2
1
2
2
2
2
65442775983
1
1
2
2
2
2
2
2
2
1
2
2
1
2
2
1
1
1
2
2
2
2
2
2
2
1
1
1
1
71051950785
1
2
1
1
2
1
2
2
2
2
2
2
2
1
2
2
2
2
1
1
2
2
2
2
2
1
1
1
2
2
1
2
2
2
2
2
2
1
1
2
2
2
1
7098693937
2
2
1
2
2
2
2
2
2
1
2
2
2
2
2
2
2
2
2
2
2
1
2
55899543431
1
2
1
2
1
2
2
2
2
2
2
2
1
1
2
1
2
2
1
2
2
1
1
2
2
2
2
2
2
2
2
1
2
1
1
2
2
2
1
1
1
2
2
2
2
2
2
2
2
32368123222
2
2
2
2
2
2
2
2
2
1
2
2
2
2
2
76591032982
2
2
1
2
2
2
2
2
2
2
1
2
2
2
2
1
2
2
1
2
2
1
2
2
1
2
1
2
60134592985
2
2
2
2
2
2
2
1
2
2
1
1
2
2
1
2
2
2
2
2
1
2
2
1
2
1
2
2
2
1
1
2
1
2
2
2
2
2
26902196613
2
2
1
1
1
2
1
1
42695288681
2
2
1
1
12984043316
2
2
2
1
1
2
2
2
1
2
1
2
2
2
2
2
2
2
2
2
2
2
2
2
2
2
2
2
2
1
2
1
2
1
2
1
1
2
24329799438
2
1
2
2
2
2
2
2
1
1
2
2
2
2
2
1
85599253226
2
2
2
1
2
1
2
1
2
2
2
2
2
2
2
2
2
2
2
2
2
2
2
2
1
2
2
2
2
1
2
2
2
2
1
2
2
1
2
2
1
2
2
2
2
1
2
2
2
1
2
2
2
2
1
1
2
2
2
2
2
2
2
2
2
2
1
2
2
2
2
2
2
1
2
2
1
1
2
2
2
2
2
2
2
2
1
2
1
2
5181618025
2
2
2
2
2
2
2
87646666396
2
1
2
1
81596375809
1
1
2
2
2
2
2
2
2
1
1
2
2
1
1
1
1
1
2
1
2
2
1
2
1
2
2
2
2
2
2
2
1
1
2
1
2
2
2
2
2
2
2
2
2
2
2
1
2
2
2
2
2
2
2
2
2
1
2
1
2
2
2
2
2
2
1
2
2
1
2
2
2
2
2
2
1
2
2
40813206232
2
2
2
2
2
2
2
2
2
2
2
2
2
2
2
2
1
1
1
2
1
2
2
2
1
1
2
2
1
2
1
1
1
2
2
2
60972536740
2
2
2
1
1
1
2
2
2
2
2
2
1
2
2
2
2
2
1
1
2
2
1
2
2
1
2
2
2
2
2
2
2
2
1
2
1
2
2
2
1
2
1
2
2
77084605363
2
42925136219
2
2
2
1
2
2
2
2
1
1
2
2
1
2
2
2
1
1
2
2
2
2
1
2
2
2
1
2
2
1
1
2
2
1
2
2
2
2
70557408985
2
1
1
1
2
2
2
2
1
2
2
2
2
2
2
2
2
2
2
2
2
2
2
1
2
2
2
1
1
2
2
76261921389
1
1
1
1
2
78436749308
2
2
1
2
1
2
2
2
64658571759
2
2
2
2
76425046086
1
2
2
2
1
2
2
27575677275
2
2
2
2
2
2
2
2
2
1
2
2
2
2
2
2
1
2
2
2
1
1
2
1
2
2
2
1
2
1
2
2
1
1
1
2
2
2
1
2
2
1
2
2
1
2
2
2
65039622495
1
2
2
33003495572
2
2
2
1
2
2
2
11684271370
1
2
2
1
2
1
2
1
2
2
2
1
2
2
2
1
2
2
2
2
2
1
1
2
2
2
2
2
1
2
2
2
2
2
1
2
2
1
2
2
2
1
2
1
1
2
2
2
1
2
2
1
41469500284
2
2
1
2
2
2
2
2
2
1
1
1
2
1
2
2
2
2
1
2
2
2
2
1
2
2
1
2
92584305620
2
2
2
2
2
2
2
2
88279120846
2
2
1
2
2
2
2
2
2
2
1
2
1
2
2
2
1
1
2
2
2
1
2
2
2
2
1
2
2
2
2
2
1
2
2
1
2
46547264647
1
2
2
2
2
2
2
2
1
2
2
1
2
2
2
2
2
2
2
2
1
1
86665918621
1
2
2
2
1
2
2
1
2
2
2
2
2
2
2
1
2
1
2
2
1
1
1
2
2
2
2
2
1
2
2
2
2
1
2
1
1
2
1
2
2
2
1
98059648055
2
2
2
2
2
2
2
1
1
44665514677
1
1
2
2
1
2
2
2
2
1
1
2
1
1
2
2
1
2
2
2
1
1
2
2
2
2
2
1
2
2
2
1
2
1
2
2
2
2
1
2
1
1
2
2
2
2
2
1
2
2
70820227838
2
1
2
1
2
2
2
2
1
2
1
2
2
1
2
1
1
2
2
2
1
2
1
2
2
1
2
2
2
2
2
2
1
2
2
2
1
1
1
2
2
2
2
2
21717212606
1
2
1
1
2
2
2
1
2
2
2
1
2
2
1
2
2
2
1
1
2
1
1
2
2
2
2
1
2
2
1
2
2
2
2
7190502966
2
1
1
2
1
2
2
1
1
2
2
1
1
2
47355852515
2
1
19646752795
2
2
2
1
2
2
2
1
2
2
2
2
2
1
2
1
1
2
2
2
1
2
2
2
2
1
2
1
1
2
2
2
2
2
1
2
1
2
2
2
2
2
2
2
2
1
2
2
2
1
2
2
2
2
2
2
2
2
2
2
2
1
2
2
1
1
2
1
2
1
1
2
2
2
2
2
1
1
2
2
2
1
2
2
2
2
2
1
2
2
2
2
2
1
2
2
2
2
2
2
2
2
2
2
2
2
2
2
2
2
2
2
1
2
2
2
1
2
1
2
1
2
2
2
2
1
2
2
2
2
2
1
93864681541
1
2
1
2
2
2
62609264313
2
2
2
1
2
2
2
2
24072955283
1
1
2
2
1
2
1
1
2
2
2
2
2
2
2
2
2
2
17145921763
2
2
1
1
1
2
1
2
1
2
1
2
2
1
2
2
1
2
1
2
2
2
1
2
1
1
73628784767
2
2
2
2
2
1
2
2
1
2
1
2
2
2
1
2
1
2
2
1
2
11566293904
2
2
2
2
1
1
2
2
1
2
1
2
2
1
1
2
2
2
1
1
2
2
2
1
2
38857831961
2
2
2
2
2
2
2
1
2
2
1
2
2
2
2
1
2
2
2
2
2
2
2
2
1
2
1
2
1
2
2
2
1
1
2
2
2
2
2
2
2
1
2
2
2
2
2
2
2
2
2
2
2
2
1
2
45794699416
2
95987316935
2
77761784527
1
1
2
2
30769357324
5296956908
2
2
2
1
2
2
1
2
2
2
2
2
2
2
2
1
76554025172
2
2
2
1
2
2
70742093084
2
2
2
1
2
2
2
2
2
2
2
1
2
2
2
55518856107
2
1
1
2
2
2
2
2
2
2
2
2
2
1
2
2
1
2
2
2
2
2
2
2
2
2
2
2
2
2
1
1
2
2
2
1
1
2
1
2
2
1
1
1
1
2
1
1
2
2
2
2
2
2
2
2
2
2
2
1
2
1
2
2
2
2
1
2
2
1
2
2
1
1
1
1
1
2
2
2
2
2
1
2
2
2
2
1
2
28411298961
1
2
2
1
2
2
1
2
2
2
2
2
1
2
2
2
1
1
2
2
2
2
1
1
2
2
2
1
1
15482079806
2
2
95152399012
1
2
2
1
2
2
2
1
1
94152360195
2
2
2
2
1
1
2
1
2
2
2
2
2
2
2
2
2
2
2
2
1
2
1
2
1
2
2
1
2
1
2
2
2
2
2
1
90147555065
2
2
2
1
2
1
2
2
2
2
2
2
2
2
2
2
2
2
2
2
2
1
2
1
2
2
1
2
1
2
2
2
1
1
1
2
2
2
2
1
1
2
2
2
2
2
1
2
2
2
1
2
1
1
2
2
2
2
1
2
1
2
2
2
2
2
1
1
1
1
1
2
2
2
1
2
1
1
1
1
1
2
2
1
1
2
10377241235
2
2
2
2
2
2
2
2
2
2
1
2
2
2
84152853685
2
2
2
1
1
2
1
2
2
1
1
2
2
2
2
2
1
2
1
89530429567
2
2
2
1
1
1
2
2
2
2
2
2
1
1
2
1
2
2
1
2
