2
1
2
2
2
2
1
1
2
1
2
1
1
1
1
2
1
2
14102736234
1
2
2
1
2
1
94079395979
2
2
1
1
1
1
1
1
1
1
1
2
1
1
1
1
1
2
1
2
60009784379
2
1
1
2
79832914943
1
2
1
2
2
1
1
1
1
2
1
2
1
2
1
1
1
1
1
11909582948
1
1
1
2
1
1
2
2
1
2
2
2
1
1
2
1
2
1
1
1
1
2
2
2
1
2
1
2
1
1
1
1
1
2
1
1
1
1
1
1
2
1
2
1
2
1
1
1
21347800640
2
2
1
2
1
2
2
1
1
1
1
1
1
2
1
1
1
2
2
1
1
2
1
2
1
2
1
1
1
2
1
1
2
1
1
1
2
2
1
1
1
1
1
1
1
1
1
2
1
1
1
1
2
1
1
2
1
83628127204
1
1
1
1
1
1
1
2
1
1
1
1
1
1
2
1
1
1
1
1
1
1
1
1
1
1
1
27737640152
1
1
1
1
2
1
1
2
1
2
2
1
2
1
1
1
1
1
1
1
2
1
1
1
1
2
1
2
1
2
2
2
2
1
1
2
1
1
1
1
1
1
53288470061
2
1
1
1
1
1
1
2
1
1
2
1
1
1
1
2
2
2
1
1
1
1
2
1
58257557713
1
1
1
2
2
1
1
1
2
1
1
1
1
1
1
2
1
1
2
1
2
1
2
1
1
1
2
1
2
1
1
2
2
1
1
1
2
1
2
1
1
2
1
2
49939440938
50421248583
1
2
1
1
1
1
2
2
1
1
2
2
1
1
2
2
1
1
2
1
1
1
1
1
1
1
1
2
2
1
1
1
1
1
1
1
1
1
1
2
2
1
1
1
2
44500782689
2
2
2
1
1
1
2
1
1
1
1
1
1
2
2
1
1
1
2
2
2
1
1
1
1
1
1
1
2
1
1
1
1
1
1
2
1
1
1
1
1
1
2
2
2
1
1
1
1
1
1
1
1
2
1
1
1
1
2
2
2
1
1
1
2
1
1
1
1
2
1
1
2
1
1
1
2
1
2
1
2
1
1
1
1
1
1
1
1
1
1
1
1
1
1
1
1
1
2
2
1
1
1
1
2
1
17997675920
1
9016028732
2
2
1
62661257152
1
1
1
2
1
1
1
1
2
2
1
1
1
1
2
1
1
1
1
1
1
1
1
1
2
1
1
1
1
1
2
86254084719
1
2
1
1
1
1
1
1
36800274267
1
1
1
1
1
1
1
1
2
1
1
61976658070
1
2
1
1
1
1
1
1
2
1
1
1
1
1
1
1
1
2
2
1
1
2
1
1
1
1
2
1
1
2
1
1
1
1
2
1
2
1
1
1
1
2
1
1
1
1
1
1
1
1
1
1
1
1
1
1
2
1
1
2
1
2
1
1
1
1
1
1
1
1
1
2
1
2
1
2
2
1
1
1
1
2
1
1
2
1
1
2
1
1
2
1
2
1
2
1
1
1
1
70349417702
2
2
1
2
1
2
1
1
1
1
1
2
1
1
2
1
2
1
1
1
2
1
2
1
1
2
1
1
2
1
64156322021
2
2
1
1
2
1
1
1
2
1
1
1
1
2
2
2
1
1
1
1
1
2
1
1
1
1
1
1
1
1
1
1
1
1
1
2
1
1
1
1
8845453769
2
1
1
1
1
1
2
1
1
1
1
1
1
1
2
2
2
2
1
1
2
1
1
1
1
2
1
1
1
1
1
1
1
2
2
2
1
1
2
2
2
1
2
1
1
1
1
2
1
1
2
1
1
2
1
1
1
1
2
1
59480279632
1
2
2
1
1
2
1
1
1
1
2
1
2
1
2
2
2
1
2
1
2
1
1
1
1
1
1
2
1
1
1
1
2
1
1
1
1
1
1
1
2
2
50531140488
2
2
1
1
2
6032650158
1
1
2
1
1
1
1
1
2
1
1
1
2
2
1
1
1
2
1
2
2
2
1
1
1
1
1
1
2
2
1
2
2
2
1
1
1
1
1
1
2
1
1
2
2
1
2
2
2
2
1
1
1
1
1
1
1
1
1
1
2
1
2
1
1
1
1
1
2
2
1
1
1
1
2
1
1
1
2
1
2
1
2
1
1
1
2
1
1
1
2
1
1
1
2
2
2
1
1
1
2
2
1
2
1
1
1
1
1
2
2
2
2
1
2
1
2
2
1
1
1
1
1
1
1
1
2
1
1
1
1
1
1
2
1
1
1
1
2
1
2
1
1
2
1
1
1
1
1
1
1
1
1
2
1
1
1
1
1
31068255495
2
1
1
1
1
1
2
1
1
1
2
1
2
1
1
1
1
58644264875
1
1
1
1
1
1
2
2
1
1
1
1
1
1
2
2
1
1
1
2
2
1
1
1
1
1
1
1
1
2
2
1
1
2
2
1
2
1
1
1
2
1
1
1
2
1
1
1
1
1
1
2
1
1
1
1
2
1
1
1
1
1
1
1
1
1
1
1
1
1
1
1
1
1
1
2
1
1
1
1
1
2
1
1
1
1
2
1
1
1
1
1
84974325392
1
2
1
1
1
1
1
1
1
1
1
1
1
1
1
1
2
1
1
1
2
1
1
1
1
1
2
1
2
1
1
2
1
1
2
1
1
1
2
1
1
44009040427
1
2
70006532553
1
1
1
41353636055
1
1
1
1
2
1
1
1
1
2
1
1
2
1
1
1
2
1
2
1
2
1
2
1
2
1
1
1
2
1
1
1
1
1
2
2
1
1
1
1
1
1
1
2
1
1
1
1
1
1
1
2
2
1
2
2
2
1
2
1
1
2
2
2
1
2
1
1
1
2
2
1
1
1
2
1
1
2
1
1
1
1
2
2
1
1
1
2
2
1
2
1
2
1
1
2
1
2
1
1
2
2
1
1
1
1
1
2
1
1
1
1
2
1
1
1
1
1
1
1
2
2
1
1
1
1
1
14676323529
2
1
1
1
1
1
1
1
2
1
1
1
1
1
1
1
1
1
1
1
2
1
1
2
1
2
2
1
2
2
2
2
1
1
2
2
1
1
1
1
2
1
1
1
1
1
2
1
2
1
2
2
2
2
1
1
2
1
1
2
1
1
2
1
1
1
1
1
1
2
1
1
1
2
2
1
1
2
1
1
1
1
1
1
1
2
1
1
1
1
1
2
1
2
1
1
1
2
2
1
2
1
2
2
1
1
1
1
1
1
2
1
1
1
1
1
1
1
1
1
1
1
1
1
1
1
1
2
1
1
1
1
2
2
1
1
1
1
1
94167577250
1
1
1
1
1
1
1
1
1
1
1
2
1
1
1
1
2
1
1
2
1
1
1
1
1
1
1
1
1
1
1
2
64041252542
1
1
1
1
2
1
2
1
2
1
2
1
1
2
2
1
1
1
68050744504
1
2
1
1
1
1
1
1
1
1
2
1
1
1
1
1
1
1
1
1
2
1
1
1
1
1
2
2
2
1
1
1
1
1
1
1
1
1
1
2
1
1
2
1
1
1
1
2
1
2
1
1
2
68100024850
2
1
2
1
2
1
1
1
2
1
1
1
2
1
1
1
1
2
1
1
2
1
1
2
2
2
1
2
1
1
1
1
1
1
1
1
2
1
1
1
1
1
1
1
1
2
1
1
1
1
1
2
2
1
1
1
1
1
1
1
1
1
1
1
1
1
1
1
2
1
1
2
2
1
1
1
2
1
1
2
1
1
2
1
1
1
1
2
1
1
2
2
1
2
1
19461499814
1
2
1
1
1
1
1
1
2
2
1
1
1
1
1
1
1
2
1
1
1
1
2
2
2
2
2
2
2
2
2
1
1
1
1
2
2
1
2
1
2
2
1
2
1
2
1
1
1
2
98800541847
1
1
1
1
1
1
2
2
2
1
1
1
2
2
1
2
1
1
1
1
1
2
1
1
1
1
1
1
1
1
1
1
1
1
1
1
1
1
2
1
1
1
2
1
2
1
1
1
1
1
1
1
1
1
1
1
1
1
1
1
1
1
1
1
1
1
2
2
2
1
1
1
2
1
1
2
1
1
1
1
1
1
1
2
1
1
1
2
1
1
1
1
1
2
1
1
1
1
1
1
1
1
1
1
2
1
1
1
1
2
1
1
2
1
1
1
1
1
2
1
1
1
2
2
2
1
1
1
1
1
2
1
63294581884
1
1
95631080846
2
2
1
1
1
1
1
1
1
1
1
1
2
1
1
1
1
2
1
1
1
1
1
1
1
2
1
2
1
1
2
2
1
2
1
1
1
1
1
1
1
1
1
1
2
1
1
2
31238782400
1
1
2
2
1
1
2
1
2
2
1
1
1
1
1
2
1
1
1
1
1
1
1
1
1
2
1
1
59243792343
1
1
1
1
1
1
1
2353454099
1
2
2
2
1
1
1
1
1
2
1
6368204044
1
2
1
1
2
2
1
1
1
1
1
1
1
2
1
1
1
1
2
1
1
1
1
1
2
1
1
1
2
1
1
1
2
1
1
1
2
2
1
2
1
2
1
1
2
1
2
2
1
1
1
1
1
2
2
2
1
2
1
1
1
1
1
1
1
1
2
1
1
1
1
1
2
1
1
1
2
1
1
1
1
1
1
1
2
1
2
2
1
1
2
1
1
1
1
1
2
96194726305
2
1
1
2
1
2
1
2
2
1
1
1
1
2
1
1
1
67358417051
2
1
1
1
2
1
1
1
2
1
1
1
1
2
1
1
1
1
1
2
2
1
2
1
55360545318
1
2
1
2
1
1
2
1
2
1
1
1
1
1
1
2
1
1
1
1
1
1
1
1
1
2
1
1
1
1
2
1
2
1
1
1
1
2
1
2
1
1
1
1
2
1
1
1
2
1
1
1
1
2
1
1
1
1
1
1
2
2
1
1
1
1
2
1
1
1
1
2
2
1
2
1
1
2
1
1
1
1
1
1
2
1
1
1
1
1
2
2
2
1
1
1
1
1
1
2
1
1
1
1
1
2
1
1
1
1
1
2
1
1
1
1
1
1
1
2
29616494922
2
1
1
1
1
1
1
1
1
1
1
1
1
2
1
1
1
1
1
1
1
1
2
1
1
2
1
1
1
2
1
1
1
1
2
1
1
1
1
1
1
1
1
1
1
2
2
2
1
1
1
1
2
1
1
1
2
1
1
1
1
2
2
78275907999
1
2
2
1
1
2
1
1
90731639048
1
1
1
2
1
1
2
1
2
1
1
1
1
2
2
1
1
2
1
1
2
2
2
2
1
1
1
1
1
2
1
1
1
2
1
1
1
1
1
1
1
1
1
1
1
68398975218
1
1
1
1
1
1
1
1
2
1
1
1
1
1
1
2
2
2
1
1
1
1
2
1
1
1
2
1
2
1
1
1
1
1
1
1
2
2
2
2
1
2
1
1
1
1
1
1
1
2
2
1
2
1
1
1
2
1
2
2
40704406408
1
1
1
1
1
2
2
1
1
2
1
1
1
2
1
1
1
1
1
2
2
1
2
2
1
1
1
2
1
1
1
1
1
2
2
1
1
2
1
1
1
2
1
1
1
1
1
1
1
1
1
1
1
1
1
1
1
1
1
1
2
1
1
1
1
1
1
1
2
1
2
2
2
1
1
1
1
2
1
1
2
1
1
1
1
1
2
2
1
2
2
1
2
1
1
1
2
1
1
1
1
1
2
1
1
2
2
1
1
1
1
2
2
77159791080
1
1
1
1
1
1
1
1
1
2
1
2
32012249369
2
2
1
2
23169159815
72053668765
1
1
1
1
2
2
2
2
1
2
1
1
66028479855
1
1
1
90633008277
1
1
2
2
1
2
1
1
2
2
1
2
2
4427722738
2
1
94034161669
1
1
1
1
1
2
2
1
1
2
1
1
2
1
2
1
1
2
1
1
2
1
2
1
1
2
2
2
1
1
2
1
1
1
2
1
2
2
1
1
1
1
1
1
1
1
1
1
2
2
1
1
1
1
1
2
13474203668
2
1
2
1
1
1
1
1
1
2
1
1
2
1
1
1
2
2
2
1
2
1
1
1
2
1
1
1
1
1
2
2
2
1
1
1
1
1
1
2
1
2
1
1
2
74249145700
1
46190708014
1
1
1
1
1
1
1
1
2
2
2
1
1
1
1
1
1
1
1
1
2
1
1
2
1
2
2
1
2
1
1
1
2
2
1
1
1
1
1
1
1
1
2
1
2
1
1
2
1
2
2
1
2
1
1
1
1
2
2
1
1
1
1
2
1
2
59797976676
2
2
2
1
1
1
1
2
1
1
2
1
1
1
1
1
1
1
1
1
2
1
1
1
1
2
1
1
1
2
1
2
1
1
1
1
7811973773
69231347137
1
1
2
1
1
1
2
1
1
2
1
1
1
1
12069227274
1
1
32374873748
1
2
1
1
2
1
1
1
2
1
1
1
2
1
1
1
1
1
85766523115
2
2
1
1
1
1
1
1
2
1
1
1
2
1
1
2
1
1
1
2
1
2
2
1
1
1
1
1
1
2
2
1
1
2
1
2
2
1
1
1
2
2
1
1
2
2
1
1
1
1
2
1
1
1
1
1
1
1
2
1
2
1
2
1
2
1
1
1
1
1
1
2
2
1
2
1
1
1
1
1
1
1
1
1
2
1
1
1
1
1
1
2
1
1
1
2
2
1
2
2
85713801672
1
2
2
1
1
1
1
2
1
1
2
1
1
1
2
2
1
1
1
1
1
1
1
1
2
1
2
22537110157
2
1
1
1
1
1
1
1
1
1
1
57799743213
1
1
2
2
1
1
1
2
1
1
1
91858094809
2
1
1
2
1
2
1
2
2
1
1
1
2
1
1
2
2
2
76448827258
2
1
1
1
1
1
2
1
1
1
2
2
1
1
1
1
2
1
1
2
1
1
2
1
34336882031
1
2
1
1
28931769367
2
1
1
1
2
1
1
2
1
1
1
1
2
2
1
1
2
2
1
1
1
1
1
1
1
1
1
1
2
97797917639
2
1
1
1
2
1
1
1
2
1
2
2
1
2
1
1
2
1
2
2
1
1
1
1
1
2
2
91446554575
1
1
2
1
39023502157
2
2
2
1
2
1
1
80559820585
1
1
1
1
1
1
15249847386
1
1
1
1
1
2
2
1
2
1
2
1
2
2
1
1
1
1
1
1
1
2
2
2
2
2
1
1
80356582170
1
2
1
1
1047268669
1
1
1
2
2
1
34985115803
1
1
1
1
1
1
2
2
1
1
2
2
1
2
1
2
1
2
1
1
1
2
2
1
1
1
1
2
1
1
2
1
1
1
1
2
1
1
1
27420076034
1
1
1
2
1
1
1
1
1
1
1
1
2
2
1
1
1
1
1
1
1
2
1
1
1
2
1
2
2
1
1
1
1
1
1
1
1
1
6875737372
1
1
1
1
1
2
2
1
1
1
1
1
1
1
1
67907896166
2
1
1
1
1
2
2
1
1
2
2
1
2
1
1
1
1
2
2
1
1
1
1
1
1
1
1
2
1
1
1
1
1
1
1
1
1
1
1
1
1
1
1
1
1
2
2
2
1
1
1
2
1
1
1
1
1
1
2
1
1
2
2
1
1
2
1
1
1
2
2
1
1
2
1
1
1
2
2
1
2
2
2
1
1
1
1
1
1
2
1
1
1
1
1
2
1
1
26025520618
1
1
1
1
2
1
1
1
1
1
1
2
2
1
1
1
1
1
32331222837
1
1
1
2
1
1
1
1
1
1
1
2
1
1
1
2
1
2
1
1
2
1
1
2
1
2
1
90305455326
1
1
1
2
1
1
2
1
1
2
2
2
1
1
14914103474
1
1
2
2
14272244782
1
1
1
2
1
1
2
1
1
1
1
1
1
2
2
2
1
1
2
2
2
94856146375
1
1
1
1
1
1
1
2
1
2
1
1
1
2
2
2
2
1
1
2
1
1
1
1
1
1
1
1
50038960125
99882858640
1
2
1
1
1
1
1
2
1
1
2
1
1
1
2
1
1
1
2
2
1
1
1
1
1
1
12579497149
2
2
1
1
1
2
1
2
1
2
2
1
1
2
1
1
1
2
1
1
1
1
1
1
1
1
1
1
2
1
2
2
1
1
2
2
1
1
2
1
2
1
1
2
1
2
2
1
1
2
1
71045628252
1
1
1
1
1
1
1
2
1
2
1
2
36685229510
1
1
1
1
79144777242
1
1
1
1
1
1
1
1
1
1
1
1
1
2
1
1
1
1
1
1
1
1
1
1
1
1
1
1
2
1
1
1
2
1
1
2
1
1
1
1
1
2
1
1
1
2
2
1
1
1
2
1
1
2
1
91729619185
1
1
1
1
2
1
2
1
1
1
1
1
2
1
1
1
43881072700
1
1
2
2
1
1
1
1
2
1
1
2
1
1
1
1
1
2
1
1
1
1
1
1
1
1
1
1
1
1
1
2
1
2
1
1
1
1
1
1
2
1
1
2
1
1
1
1
1
1
1
1
1
2
1
1
2
2
2
2
1
1
1
1
2
1
1
1
2
2
1
78880105183
1
2
1
2
2
1
2
1
1
1
2
1
1
1
1
1
1
2
1
1
1
2
33794366620
1
61257214362
1
2
1
1
1
2
1
1
2
2
1
1
1
2
1
1
1
1
1
1
1
2
1
1
1
1
1
2
1
2
1
1
2
1
1
1
1
1
1
1
1
1
1
1
1
1
2
2
1
1
2
1
1
1
1
2
1
1
1
2
1
1
2
2
1
1
1
1
1
1
1
1
2
1
1
2
23802186388
2
1
1
1
1
1
1
53714037764
1
1
2
1
1
1
2
1
2
1
1
1
1
2
1
2
1
2
2
1
1
1
1
1
1
1
1
1
1
1
1
2
72694514031
1
2
1
1
1
1
1
1
2
1
1
1
2
2
2
1
7619112448
2
1
2
1
1
1
1
1
1
1
2
2
2
1
1
1
1
1
50096601465
2
1
2
1
88542808176
72097475844
1
1
1
2
2
1
1
2
1
1
1
1
2
2
1
1
2
1
2
2
1
2
1
1
1
1
1
2
1
1
1
1
1
1
1
1
1
1
1
1
1
2
1
1
2
1
75042834724
2
2
1
1
1
1
1
1
1
2
1
2
2
2
1
1
2
1
1
1
1
1
1
34667421304
1
2
1
1
1
1
1
1
1
1
2
2
65327104769
2
1
2
2
1
1
1
1
1
1
1
1
1
2
1
2
1
1
2
1
2
2
2
1
2
2
2
1
2
1
1
2
1
1
1
1
84415411555
1
2
1
1
1
1
1
1
1
1
1
1
1
2
1
1
1
1
1
2
2
2
9841544903
2
1
1
1
2
1
1
1
1
1
1
1
1
1
2
2
1
1
1
2
1
1
1
1
1
1
2
1
1
2
2
1
2
15223925149
1
1
1
1
1
2
2
2
1
2
2
2
1
2
2
1
1
1
1
1
1
1
2
1
1
2
1
1
1
1
1
1
1
2
1
1
1
1
2
1
1
2
1
1
2
1
1
2
1
1
1
1
2
1
1
1
1
1
1
1
2
2
1
1
1
2
1
1
2
2
1
1
2
2
2
2
1
1
1
1
2
1
2
1
1
2
1
1
2
1
1
42269920595
2
1
1
2
1
1
1
1
1
1
2
1
1
1
2
1
2
49751602229
2483621896
1
1
2
2
1
1
2
1
2
1
1
57623127633
2
2
2
1
1
1
20192039615
2
2
1
1
1
1
2
2
1
1
2
1
1
1
1
1
2
1
1
1
1
2
2
1
1
51956046335
2
1
1
1
1
1
1
1
1
1
1
87744421617
1
1
1
1
1
1
1
1
1
1
1
1
1
1
1
1
1
2
1
1
2
1
1
1
2
1
1
1
1
91489689162
1
2
1
1
1
1
1
2
2
2
1
1
2
1
28451013245
1
1
1
1
1
1
1
2
1
1
1
1
1
1
1
69853970692
1
1
1
2
2
2
1
1
1
2
1
1
1
1
2
1
21280461577
1
1
2
1
2
1
1
1
1
1
2
1
2
1
1
2
2
1
1
1
1
1
1
2
2
1
1
1
2
1
2
1
1
1
2
1
2
1
1
1
2
1
1
2
2
1
1
1
1
20420981341
2
1
1
1
1
1
1
1
1
2
1
1
2
1
2
1
1
2
1
2
1
1
1
1
2
1
1
30066671273
1
1
1
1
2
1
2
2
1
2
1
1
1
1
1
2
1
2
2
1
1
1
2
1
1
1
1
1
2
2
1
1
1
2
1
1
2
1
63312857007
1
1
1
2
1
1
2
2
1
1
1
1
2
1
1
1
1
1
53409195265
2
2
1
1
1
2
1
2
1
1
63721448096
1
1
1
1
1
1
2
1
2
1
1
1
2
1
1
1
1
1
1
1
1
1
2
1
1
1
1
1
1
2
1
1
1
1
1
1
1
2
2
1
2
2
1
1
2
1
1
2
1
1
2
1
2
1
1
2
2
1
1
2
2
1
1
2
2
1
1
1
1
1
2
1
2
1
1
1
2
1
2
2
1
1
2
98944358775
92559219907
1
2
1
13020701785
1
1
1
1
1
1
2
2
1
2
2
1
2
2
1
19051694368
1
2
2
1
1
1
1
2
1
1
1
1
1
2
1
1
1
1
2
1
12594855145
2
1
1
2
1
1
1
2
1
1
1
1
1
1
1
1
1
2
2
1
1
2
11813634253
2
1
1
1
1
78488691135
1
1
1
25590143715
2
1
1
1
1
1
1
1
2
1
1
1
1
1
1
1
2
1
2
1
1
1
1
1
1
1
2
1
1
2
1
1
2
1
2
1
2
1
1
1
1
1
2
1
2
2
1
1
1
1
1
1
1
1
1
2
1
1
1
2
1
1
1
1
1
2
2
1
1
7370130901
1
1
1
2
1
2
1
1
1
2
1
1
2
1
1
2
1
1
1
1
2
1
1
1
2
1
1
2
1
1
2
2
1
1
1
1
1
1
1
2
1
2
1
2
2
1
2
1
2
1
1
1
1
1
1
2
2
1
2
1
1
2
2
1
1
1
1
1
1
1
55858644245
1
1
1
1
1
1
1
2
2
1
1
1
1
2
2
1
1
2
2
1
2
1
1
2
1
1
2
1
1
1
2
1
2
1
1
1
1
1
2
1
2
2
2
2
1
1
1
1
1
1
1
1
1
1
2
1
1
1
1
2
2
1
2
2
1
1
1
2
1
2
1
1
1
1
1
2
1
1
1
1
2
1
1
1
1
1
1
2
1
1
1
1
1
1
2
1
1
2
2
1
1
1
1
1
1
1
1
1
1
1
1
1
2
1
1
2
1
2
1
2
2
1
1
1
1
2
2
1
1
1
2
1
2
1
2
2
1
1
1
1
1
1
1
2
2
1
1
1
2
1
1
2
2
1
1
1
1
1
2
1
1
1
1
1
2
77156990076
2
1
1
2
1
26526828126
1
1
1
2
2
1
1
486178808
2
2
2
1
1
1
1
22543960912
1
1
1
1
1
1
1
1
2
1
1
1
2
1
2
1
1
2
1
1
1
1
1
1
1
1
2
1
1
2
1
1
1
1
1
1
1
85771707550
2
1
9627241318
1
1
2
1
1
1
1
1
2
1
1
2
1
1
1
1
1
1
1
1
2
1
2
1
1
1
1
1
1
1
1
1
1
1
2
1
2
1
1
1
1
10507328402
1
2
1
1
1
1
2
1
2
1
2
2
2
1
1
2
1
1
1
1
1
1
1
1
1
1
1
1
2
1
1
1
2
1
1
1
1
1
1
1
1
1
2
1
2
1
1
1
1
1
1
2
1
1
2
38821816401
1
1
1
1
1
1
1
1
1
1
1
2
1
1
1
2
1
1
1
2
1
1
2
2
1
1
1
1
1
1
1
1
1
2
1
1
1
1
2
1
1
2
1
1
2
1
1
41406671752
1
1
2
2
2
2
1
1
1
1
1
2
2
1
2
1
1
1
2
1
1
2
1
2
1
1
1
2
2
1
2
1
1
1
1
1
1
1
1
2
2
2
1
2
1
1
1
2
84488681366
2
1
1
1
1
1
1
2
2
1
2
1
2
1
1
1
1
1
1
1
1
1
1
2
2
1
1
2
1
1
1
2
2
2
1
2
2
1
2
2
59149611812
1
1
1
1
1
1
1
1
1
1
1
1
1
1
1
85156234218
1
1
2
2
1
1
1
1
1
2
1
1
1
1
2
2
2
1
1
2
2
1
1
1
2
2
2
1
2
1
1
2
1
2
1
1
1
2
1
1
2
1
1
2
1
1
1
1
2
1
2
1
2
1
1
2
2
1
1
1
1
1
1
1
1
1
1
1
1
2
2
1
1
1
1
2
1
1
1
1
1
1
2
2
1
86796713744
1
1
1
1
1
2
1
2
2
1
1
1
2
1
1
1
1
1
1
1
1
1
1
2
74835374883
2
1
1
1
2
1
1
1
1
1
2
1
1
1
1
2
1
1
1
1
1
1
1
2
1
1
1
1
2
1
1
2
1
2
2
1
1
1
1
1
7506280549
2
1
1
1
1
1
27832352455
1
1
1
1
1
92134542960
2
1
1
1
2
1
1
1
1
1
1
1
1
1
1
1
1
1
2
1
2
1
1
1
1
1
1
1
2
2
96236361232
1
1
2
2
40180891190
1
86017814571
2
2
1
1
1
2
1
1
2
2
2
2
2
1
1
1
1
1
2
1
15748058660
1
2
2
2
2
1
98665768034
2
2
1
1
1
2
1
36689671329
1
1
2
1
1
2
1
1
2
1
2
2
1
2
2
1
1
1
1
1
2
1
1
2
1
1
2
2
1
1
1
1
1
2
1
1
1
1
2
1
2
1
1
1
2
1
1
2
1
2
1
2
1
1
1
1
1
2
1
1
2
1
2
1
1
1
1
1
2
1
2
2
2
1
1
1
1
1
2
1
1
1
1
1
1
1
2
1
1
2
1
1
2
1
1
1
1
1
1
1
1
1
1
1
2
1
1
1
1
1
1
2
1
1
1
1
2
1
1
2
1
1
1
1
2
1
1
2
1
1
2
1
1
1
1
1
1
1
1
1
1
1
1
1
1
2
1
1
1
1
1
1
1
2
1
2
1
1
2
2
1
1
1
1
1
1
1
1
2
1
2
2
2
2
1
7231885963
2
1
1
1
1
1
2
1
1
1
2
1
2
1
1
1
1
1
2
1
1
2
1
1
1
1
1
2
1
1
1
66931907310
1
1
1
1
2
1
1
2
2
1
1
1
2
1
1
1
2
1
1
2
2
1
1
2
1
1
2
1
1
1
1
2
2
1
2
60312095801
1
2
1
1
2
1
1
1
2
1
2
2
1
1
2
1
1
1
1
1
1
1
2
1
2
1
1
1
1
1
1
2
2
2
1
1
1
2
1
1
1
2
1
1
1
1
2
1
1
1
1
1
1
1
2
1
2
1
2
2
2
2
1
2
1
1
1
1
1
2
1
1
1
1
1
2
2
1
2
1
1
1
1
1
2
1
1
1
1
1
2
92408308608
2
1
71527355972
1
1
1
1
1
1
1
1
1
1
1
1
1
2
1
2
1
1
1
1
1
1
73486391348
1
1
1
1
1
2
1
2
28997128409
2
1
1
1
1
2
1
1
2
1
1
2
2
1
2
1
1
1
1
2
1
1
1
1
1
2
1
2
1
1
1
1
1
2
2
1
2
2
1
2
1
1
1
1
1
1
2
1
1
1
1
1
1
1
1
1
1
1
1
1
1
2
2
1
1
35961634699
1
2
2
1
1
2
2
1
1
1
1
2
1
1
1
1
1
1
2
1
2
1
1
1
1
1
1
2
1
2
1
2
2
1
1
1
2
1
72007409284
1
1
1
1
1
2
1
1
1
1
1
1
1
2
2
2
1
1
1
2
1
1
2
1
1
1
1
94647590474
1
2
1
2
1
1
1
1
1
2
1
1
1
1
1
2
1
1
1
1
2
2
1
1
1
1
1
1
1
2
2
1
1
1
1
1
2
1
1
1
1
2
1
1
1
1
2
2
1
2
1
2
2
1
1
2
1
1
1
1
1
2
1
2
1
1
1
2
1
1
2
2
1
2
1
2
56727840925
1
1
1
1
1
2
1
1
1
1
2
2
1
1
2
1
1
1
1
1
1
1
2
2
2
2
2
1
1
2
2
2
1
1
1
2
2
1
1
1
1
1
1
1
2
1
1
2
1
1
1
2
1
2
1
1
1
1
2
1
1
1
1
1
1
2
1
2
1
2
2
1
1
1
1
9473157188
1
1
1
1
2
2
2
1
2
1
1
7652168019
1
1
1
74668377778
1
2
95795844901
1
1
2
2
2
2
1
1
1
1
1
1
1
93932905240
2
1
1
2
1
1
2
1
2
1
1
1
1
1
2
1
1
2
1
2
1
2
1
1
1
1
1
1
2
1
1
2
19955415552
1
1
1
1
2
2
1
1
2
2
1
1
1
1
1
1
2
1
1
2
1
2
1
2
1
1
1
1
1
23872514243
1
1
1
1
1
1
1
1
2
2
2
2
1
1
1
1
2
1
2
1
1
1
1
2
1
1
1
1
2
2
1
2
2
2
6207190636
1
1
1
1
1
1
1
1
1
1
1
2
1
1
50531880584
1
1
1
1
1
1
1
2
1
2
1
1
1
1
1
1
1
1
1
2
1
2
1
31521030751
1
2
2
1
1
2
1
2
2
2
1
2
1
1
1
1
1
1
1
2
1
1
1
2
1
2
1
1
1
1
1
1
2
1
1
2
1
1
1
2
1
3962457177
1
1
1
1
2
2
1
2
1
2
2
1
1
1
2
1
1
1
2
1
1
1
1
1
1
2
1
1
1
1
2
1
1
2
1
1
1
2
1
1
1
1
1
1
2
70059413039
1
1
1
1
1
12821005844
1
2
1
1
2
1
1
1
2
1
1
2
1
1
2
2
2
1
1
65844307819
97484124415
1
2
1
2
1
2
1
1
96786401781
1
1
1
1
1
2
1
1
1
1
1
1
1
2
1
1
1
1
1
2
1
2
1
1
1
1
2
2
1
2
1
1
1
1
1
1
1
1
1
1
1
1
1
1
1
2
10543831470
1
2
1
1
2
2
1
1
1
1
1
1
1
1
1
1
1
1
1
1
1
1
1
1
1
2
2
1
1
1
1
2
1
1
1
2
1
2
1
2
1
2
2
1
1
1
1
1
1
1
2
1
1
1
1
2
1
2
1
1
1
1
1
1
1
1
1
1
1
2
1
2
1
1
1
2
2
1
1
1
1
1
1
1
2
1
1
2
1
2
1
72577054367
1
2
2
2
1
1
1
1
1
2
1
2
1
1
1
1
2
1
1
20267012370
1
7749873401
1
2
1
2
1
1
81819837362
1
1
2
1
1
1
1
1
1
1
2
1
2
2
2
1
1
2
1
96757540457
1
1
1
1
1
1
1
2
1
2
1
1
1
2
91490245511
2
1
1
1
2
1
2
1
1
2
1
1
1
1
1
2
1
2
1
2
2
2
1
1
1
2
2
1
99108182047
1
2
1
1
1
1
1
1
1
1
2
1
1
1
1
1
2
1
1
2
1
1
1
1
1
2
2
1
2
1
1
1
1
1
2
1
2
2
2
2
1
1
1
2
1
2
1
1
1
1
2
2
1
1
2
2
1
1
1
1
1
2
1
1
1
2
1
2
1
2
1
2
1
2
98292809341
1
1
1
1
1
1
1
2
1
1
1
2
1
1
1
2
1
1
1
1
1
2
1
1
1
1
2
1
1
2
1
1
2
1
2
2
1
1
2
1
1
1
1
2
1
1
2
1
2
1
1
1
2
2
1
1
1
1
2
2
1
83598903359
1
1
1
1
2
1
2
1
1
1
2
2
1
1
28074199051
1
1
1
2
1
1
1
1
1
1
2
90969317965
1
1
1
2
1
1
1
1
1
1
1
1
1
1
1
1
1
3486196411
1
1
2
1
1
1
2
1
1
1
1
89110013102
1
1
1
1
2
1
1
1
1
1
1
1
1
1
1
2
1
32373370915
1
1
1
2
1
2
2
2
1
1
1
1
1
2
1
2
1
2
1
1
1
2
1
1
1
1
2
2
1
2
1
1
1
1
2
1
2
1
1
1
1
2
1
1
2
1
1
1
1
1
1
1
1
2
1
2
1
1
1
2
1
1
1
1
1
2
1
1
1
1
2
1
2
1
1
2
1
2
2
1
2
1
2
2
1
1
1
1
2
1
2
1
1
1
1
1
2
1
1
1
1
1
1
1
1
1
1
1
1
1
1
1
1
1
1
2
1
2
1
67259430608
9582382375
1
1
1
2
1
1
1
1
1
2
1
2
1
1
1
2
1
1
2
1
1
1
1
1
1
1
1
1
2
1
2
1
2
15613912659
1
2
1
1
1
1
2
1
1
1
1
1
1
1
1
1
2
1
1
1
1
2
1
1
1
1
2
1
1
2
1
1
1
2
1
2
1
1
2
1
84330886163
1
1
1
1
1
1
1
1
1
1
1
1
1
1
1
2
1
1
1
1
1
1
1
1
1
2
2
2
1
1
1
1
1
2
1
1
1
2
1
1
1
1
1
1
1
1
2
1
2
1
1
2
2
1
49809087831
2
1
1
1
1
1
1
1
2
1
2
1
1
1
2
1
2
1
1
1
1
2
1
1
1
1
1
1
1
42702136010
2
1
1
2
1
1
1
2847704550
2
1
1
1
1
1
1
1
2
1
1
1
1
1
1
1
2
2
2
2
1
1
1
2
2
1
1
1
1
1
1
1
2
1
1
1
1
1
1
1
1
1
1
1
2
1
42672283844
1
1
1
1
1
1
1
1
1
1
1
92490174163
1
2
1
1
2
1
1
2
1
1
11227189400
1
1
2
1
2
1
2
2
1
1
1
1
1
1
1
1
2
1
1
1
1
2
1
1
1
2
1
2
1
1
1
1
1
1
1
1
1
1
1
2
1
65400359821
1
1
1
1
1
1
1
1
1
2
1
1
2
1
1
12300755197
1
12664697978
1
1
1
1
2
1
1
1
1
1
2
1
1
1
1
2
1
1
1
1
2
2
1
1
2
1
1
2
1
1
2
2
2
1
1
1
2
2
2
1
1
2
2
1
1
1
2
1
1
1
1
2
1
1
1
1
1
1
1
1
1
1
1
1
1
1
1
1
1
1
1
1
2
2
2
1
1
1
1
1
2
2
1
1
1
55947607349
1
2
1
1
2
1
2
1
1
1
1
1
1
1
1
1
1
1
1
1
1
1
2
1
1
2
2
1
2
1
2
1
1
1
5601972794
2
2
1
1
2
2
1
2
2
2
1
1
2
1
1
1
1
1
1
2
1
2
1
2
1
1
1
1
1
2
2
2
1
1
1
1
1
2
1
1
1
1
1
2
1
1
1
1
1
2
38780375377
1
2
1
2
1
1
1
1
2
7435951774
1
2
1
1
1
6321744311
2
1
1
1
1
1
1
1
1
1
1
1
2
1
1
1
2
2
1
2
1
1
1
1
1
1
2
1
1
1
1
1
1
2
1
1
1
1
1
2
2
1
1
1
1
2
1
1
2
1
1
1
2
2
1
1
1
2
1
1
2
1
1
1
1
2
1
1
2
1
2
2
1
2
35532808096
1
1
2
2
1
2
1
1
1
1
1
1
1
1
2
1
1
1
2
1
1
2
1
1
1
2
1
1
1
1
1
1
1
1
1
1
1
1
2
1
1
1
2
1
1
1
2
1
2
1
2
1
2
1
1
1
1
1
1
2
1
1
1
1
1
2
1
2
1
2
2
1
2
2
1
1
2
96401999770
2
2
1
2
1
1
1
1
1
1
1
2
1
1
1
2
2
2
1
57269819803
2
1
1
1
1
1
1
1
2
1
1
2
1
2
1
1
2
1
1
1
1
1
1
1
1
1
1
1
2
2
2
93928387911
2
1
90102209182
2
1
1
1
2
1
1
2
1
1
26429711868
1
2
1
1
1
1
1
96715509885
1
1
1
1
1
1
1
1
2
1
1
2
1
1
1
2
2
1
1
1
1
1
1
1
2
1
1
1
1
1
32208331255
1
2
2
1
1
2
1
49182557880
1
1
2
1
1
1
1
2
1
1
1
1
1
1
1
1
1
1
1
1
1
1
1
2
2
1
1
1
1
2
1
1
1
2
1
2
1
2
1
2
1
1
1
1
1
1
1
2
1
1
1
2
1
2
1
1
2
2
1
1
1
1
2
1
1
1
1
1
1
1
2
1
1
2
1
2
1
1
2
1
1
1
1
1
34281162405
1
1
2
1
1
1
1
2
1
2
1
2
1
1
1
1
65458911405
1
1
1
1
1
1
1
1
1
1
2
1
1
1
1
2
1
1
1
1
1
4793740931
1
1
2
2
1
1
2
2
1
1
1
1
2
1
1
1
2
1
1
1
1
7772418231
1
1
2
1
1
1
1
1
1
1
1
2
1
1
2
1
2
1
1
1
2
1
2
1
1
1
1
1
2
2
1
1
1
1
1
2
1
1
1
1
11421074505
1
1
2
1
1
2
1
2
1
1
2
1
1
1
1
1
1
1
1
1
1
95418632894
1
1
1
1
1
2
1
1
69511438561
2
1
1
1
1
1
1
1
1
1
2
1
1
1
1
1
1
1
2
1
2
1
1
2
1
1
1
2
1
2
1
1
1
2
1
1
1
1
1
1
1
1
1
1
1
1
1
1
2
1
2
1
1
1
1
1
2
1
1
1
1
1
1
1
1
1
2
1
1
1
2
1
1
1
1
2
2
1
1
2
1
1
1
1
1
1
1
1
2
2
1
1
1
2
1
1
1
1
1
1
2
1
2
1
2
1
1
2
1
1
1
2
2
1
1
1
1
2
1
2
1
2
1
1
2
2
1
1
2
2
1
1
2
2
2
1
1
2
1
1
1
1
1
1
2
2
1
2
1
2
1
2
1
1
2
1
1
2
2
1
1
2
1
1
1
1
1
1
2
2
1
1
1
1
1
1
1
2
1
1
1
1
1
1
2
2
1
2
2
1
2
1
2
1
1
1
2
2
2
1
1
1
2
1
1
1
1
1
1
2
1
1
2
1
2
1
1
1
2
1
1
1
1
2
1
2
1
1
1
1
1
1
1
1
1
1
1
1
2
1
1
1
2
1
1
1
1
1
1
1
2
1
2
1
1
1
1
1
1
1
1
1
1
1
1
1
1
1
50132958917
1
1
1
2
1
2
1
2
1
2
1
1
2
2
1
1
1
26583977933
2
1
1
1
36678483375
1
1
2
2
1
1
1
2
1
1
1
1
1
1
2
1
2
1
2
1
24534862714
1
1
1
1
2
1
1
1
11032042477
2
2
2
1
1
2
2
1
1
2
1
1
1
1
1
2
2
1
1
1
1
2
1
1
1
1
2
1
1
1
1
2
1
1
2
2
1
1
1
1
1
1
1
1
1
1
1
1
2
1
1
1
1
1
1
1
1
2
2
1
1
1
2
1
1
1
1
1
1
78565972606
1
1
1
2
1
2
2
2
1
1
95724533348
2
1
1
1
2
1
2
1
1
1
1
1
1
2
1
1
1
2
2
1
2
1
1
1
1
1
1
2
1
2
1
1
96535335985
1
1
1
1
1
1
2
1
2
1
1
1
1
2
2
1
2
2
1
2
2
2
2
1
1
1
1
1
1
1
1
1
1
1
1
1
1
2
1
1
1
2
2
2
1
1
2
2
1
2
1
2
1
1
2
2
1
1
1
1
1
2
26820351091
1
1
1
1
2
2
1
1
1
1
1
1
1
1
2
2
1
1
1
1
1
1
1
1
2
1
2
2
1
1
1
1
1
1
1
1
1
2
64748464614
1
1
1
74057321298
1
1
1
1
1
1
1
1
1
1
1
2
1
2
1
2
1
1
1
1
1
1
2
1
1
1
2
2
1
2
1
2
1
1
2
1
1
2
2
2
29713489038
1
1
1
1
1
1
1
1
1
2
1
1
1
78918227033
1
2
1
1
1
1
1
17314205347
1
2
1
1
1
1
2
1
1
1
43013745432
1
1
56266118348
1
1
1
1
2
2
1
1
1
2
1
1
1
1
1
1
2
1
2
1
2
1
1
2
1
1
1
2
2
1
2
1
1
2
1
2
1
2
2
2
1
1
2
1
2
2
2
2
2
1
1
2
1
1
1
1
1
2
69755860079
1
1
1
1
1
2
1
1
2
2
2
1
2
1
1
1
2
1
1
40129839019
1
1
2
1
2
1
2
2
1
1
1
1
1
2
1
1
2
1
2
1
1
2
1
2
2
2
1
2
1
1
1
2
1
1
2
1
1
1
2
1
2
1
1
1
1
1
1
1
2
1
1
1
1
1
1
1
32719564750
2
1
1
1
1
1
2
1
1
90982358088
1
1
1
1
1
1
1
1
1
1
2
1
2
1
1
1
1
2
24884536181
2
1
1
2
1
2
1
1
1
2
2
1
2
1
2
1
1
1
2
2
2
1
1
1
1
1
1
1
1
1
1
1
1
1
1
1
1
2
1
1
1
2
2
1
2
2
1
1
1
1
1
2
1
1
1
2
1
1
2
57965713526
2
2
1
1
2
1
1
1
1
2
1
1
2
1
1
2
1
2
1
1
1
1
2
1
1
1
2
37287720152
2
1
1
1
1
43957778732
1
2
2
2
1
1
1
1
1
1
2
1
2
2
1
1
1
2
2
1
1
1
1
1
1
1
1
2
1
1
1
1
1
1
2
1
1
1
2
1
1
2
1
1
2
1
1
2
1
2
1
1
2
2
1
2
2
1
1
1
2
1
2
2
1
1
1
1
1
1
1
1
1
1
1
1
89093266692
1
1
2
1
1
1
1
1
1
2
2
1
1
1
2
2
1
93002268741
1
1
1
1
1
1
1
1
2
2
2
1
1
62860883527
1
2
2
1
1
1
1
1
2
1
2
28025996297
2
1
1
1
1
2
1
1
1
1
2
2
1
1
1
1
1
1
2
1
1
1
1
2
2
1
2
1
1
1
1
2
1
1
1
1
1
1
1
1
2
2
1
2
1
2
1
2
1
1
1
1
1
1
1
1
1
1
1
1
25600865285
2
1
1
2
1
1
2
2
1
1
1
1
1
1
1
2
1
1
2
1
1
1
1
1
1
2
1
1
1
2
1
2
1
1
1
2
1
1
1
2
1
1
2
1
2
2
2
1
1
2
1
2
2
1
2
2
1
1
1
1
1
1
2
1
1
2
1
1
2
1
1
2
2
1
1
1
1
1
1
1
1
1
1
2
1
2
1
2
1
2
1
1
1
2
2
89551675366
1
1
1
1
1
2
1
1
1
2
1
1
1
2
2
1
2
2
2
1
1
1
1
1
2
2
2
1
2
2
1
1
2
1
58001621525
1
1
2
2
1
1
2
1
1
1
2
1
2
2
1
1
1
1
1
2
2
1
1
1
1
1
1
2
1
1
1
2
1
1
1
2
2
2
1
1
72379026349
1
1
1
1
1
1
2
1
1
72783426690
2
2
1
1
1
1
1
1
2
2
14875481811
1
2
1
1
1
1
1
1
1
1
1
2
2
1
1
2
2
1
1
1
1
1
1
1
1
2
1
1
1
1
1
1
1
1
1
2
1
1
2
1
1
2
1
1
1
2
1
1
2
1
2
1
1
1
1
98992316216
1
2
1
2
1
2
1
1
1
1
1
2
1
1
3038417321
1
1
1
1
1
1
1
2
2
1
1
1
1
2
2
1
1
2
1
2
1
1
1
1
1
1
1
1
1
1
47102037323
38982263787
1
1
1
1
1
1
1
1
1
2
2
1
1
1
1
66409756527
1
1
1
1
1
1
1
2
1
1
2
2
1
2
1
1
1
1
1
1
1
2
1
1
2
1
1
1
1
1
1
1
2
2
1
1
1
2
1
1
1
1
1
1
1
2
1
1
2
2
2
1
2
1
2
1
1
2
1
2
1
2
1
1
2
2
1
1
1
2
1
1
1
1
1
1
1
2
1
1
1
2
1
1
1
1
1
1
1
1
1
47227631496
1
1
1
2
2
1
2
2
2
1
1
2
2
2
2
2
2
1
1
2
1
1
2
1
2
26853570468
1
2
1
1
1
1
1
1
1
1
2
1
1
1
2
1
1
1
1
1
1
1
1
2
1
2
2
1
1
1
1
68860952132
1
1
1
2
2
1
1
2
2
1
2
1
1
1
1
1
1
1
1
1
1
1
1
2
1
1
1
1
1
2
2
1
1
1
1
1
2
1
1
1
1
2
1
13844339440
2
1
1
1
1
1
1
1
1
1
1
1
1
2
1
2
1
2
1
2
1
2
1
1
1
1
1
1
1
1
1
1
1
1
2
1
29358739091
1
1
1
1
1
1
2
2
2
1
2
1
1
1
1
1
1
1
1
1
1
2
1
1
1
1
2
2
2
2
1
2
1
1
1
1
1
1
2
2
1
2
1
2
1
1
1
2
1
2
1
1
2
1
1
1
2
1
1
2
1
2
1
2
2
1
1
1
1
2
1
2
1
1
1
1
1
2
1
1
2
1
1
1
1
27902589100
1
1
1
1
14815373237
1
1
1
1
1
1
1
1
54992416741
2
2
1
1
1
1
1
2
2
1
1
1
2
1
1
2
1
1
1
1
1
1
1
1
1
1
1
1
1
1
1
1
1
2
1
2
2
1
1
2
1
1
1
1
1
1
2
1
1
2
2
1
1
2
1
1
2
1
1
2
1
2
1
1
1
1
1
2
1
1
1
1
1
1
1
1
1
1
1
2
1
1
2
1
2
1
1
1
1
1
1
2
1
1
2
1
2
1
1
1
1
1
1
1
1
1
1
2
1
1
2
1
1
2
1
1
1
2
1
1
186800099
1
2
1
1
2
1
1
2
1
1
2
1
1
1
1
2
1
1
1
1
1
1
1
1
1
2
1
2
1
1
1
1
1
1
2
1
1
1
1
2
1
1
2
1
2
1
1
1
1
1
1
1
1
1
1
2
1
1
1
2
1
1
2
2
2
1
1
1
28813680764
1
1
1
1
1
1
1
2
1
1
1
2
1
1
1
1
1
1
2
1
1
1
1
1
1
1
2
2
1
1
2
1
1
2
1
1
1
1
1
2
1
2
2
1
2
59978696245
1
1
1
1
1
1
2
1
1
1
1
6248203806
1
1
2
1
1
1
1
1
1
1
1
1
2
2
2
1
1
1
1
1
2
1
2
1
2
1
1
1
17388376220
2
2
1
1
1
2
1
1
2
2
1
1
2
1
1
1
1
1
1
1
1
1
1
2
1
2
1
1
1
2
1
1
2
2
71511037734
2
2
1
1
1
1
1
1
1
1
1
2
1
1
1
1
1
1
1
1
1
1
1
1
1
1
1
1
1
2
1
1
1
2
1
1
2
1
1
1
2
1
1
1
2
32882603460
1
1
1
2
1
1
1
2
1
1
1
1
1
1
1
1
1
2
1
1
1
1
95476033968
1
1
1
1
2
1
1
1
1
2
2
62283261448
55976653678
2
1
1
1
1
1
1
1
1
1
1
2
1
1
2
2
1
1
1
1
2
67011489509
1
1
1
2
2
1
2
1
2
2
1
1
1
1
1
2
1
2
1
1
1
1
1
1
2
2
1
1
2
1
1
2
1
1
1
1
2
2
1
2
2
2
1
2
2
2
2
1
1
1
2
2
2
1
1
1
2
1
2
1
1
1
2
18075339975
1
2
1
1
1
1
1
1
1
1
2
1
1
1
1
1
1
2
1
1
1
1
2
2
1
1
2
1
2
1
1
1
1
2
20908744206
1
1
1
1
1
2
1
1
1
1
1
1
1
1
2
1
1
2
1
2
2
1
2
1
2
1
1
1
1
2
1
1
2
1
1
1
1
2
1
1
2
1
1
1
1
2
2
1
2
2
2
1
1
1
1
1
1
2
1
1
1
1
1
1
1
1
1
1
1
1
2
1
1
1
1
2
1
1
2
1
2
1
2
2
1
1
1
1
1
2
26517456088
1
1
1
1
1
1
1
1
1
1
1
1
1
1
2
1
1
1
1
15855838428
1
2
1
2
2
2
1
1
54706005726
1
83578335839
1
2
2
2
1
2
1
2
1
2
2
1
1
1
1
8010022328
1
1
1
2
1
1
1
1
1
1
1
1
1
1
1
2
1
1
1
1
2
1
1
1
1
1
2
1
1
1
1
1
1
1
1
1
1
1
1
1
1
2
2
2
1
1
1
2
1
1
1
1
2
1
1
2
1
2
2
2
1
1
2
1
1
1
1
1
2
54011639228
1
1
1
1
1
1
1
2
1
1
2
2
75950506950
1
1
1
1
1
1
1
1
2
1
1
1
1
1
2
1
1
1
1
1
2
1
1
54706565735
1
1
1
1
2
2
2
1
2
1
11378943704
1
1
2
15892076690
1
1
1
1
1
1
15678388478
1
1
2
84625879050
1
2
1
1
2
1
1
99125795551
1
1
1
2
1
2
2
1
2
1
1
2
1
1
2
1
1
1
1
1
1
1
1
1
2
1
2
1
1
1
2
1
1
1
1
1
1
1
1
1
1
34671023830
1
1
2
1
2
1
1
1
1
2
1
1
2
2
1
1
1
1
2
1
1
1
25120652931
1
1
1
1
1
1
2
1
1
2
1
1
2
1
2
2
1
1
1
1
2
2
1
1
1
1
1
1
1
1
1
2
2
1
1
1
1
1
1
1
1
2
1
1
2
2
1
1
2
1
1
1
1
2
2
1
2
2
1
1
1
1
1
2
1
1
1
2
2
1
1
1
1
1
1
1
1
1
2
1
1
1
2
1
2
2
82542207802
1
1
2
1
1
2
46076896673
1
80900689052
2
1
1
1
1
1
1
2
2
1
2
1
1
1
1
2
1
1
2
1
1
1
1
1
1
1
1
1
1
2
1
1
2
1
2
1
2
1
1
1
1
1
2
1
1
1
2
2
1
1
1
1
2
1
1
1
1
1
1
1
1
1
1
1
2
1
1
2
2
1
1
2
2
1
2
1
1
1
10307719166
1
2
1
1
1
1
2
1
2
1
1
1
2
1
1
2
1
1
1
1
2
1
1
1
1
2
1
1
1
1
1
1
1
2
1
1
1
1
2
1
2
1
1
1
2
2
1
1
1
1
1
2
1
1
1
1
1
1
1
1
2
1
1
1
1
1
1
1
1
1
1
2
1
1
1
1
1
1
2
1
2
2
35815522145
1
1
2
1
1
1
2
2
1
1
1
1
1
1
2
1
1
1
2
1
2
1
2
2
1
1
87666242667
1
1
1
1
2
2
1
1
2
1
1
1
1
2
2
2
1
1
2
1
1
1
1
1
1
2
2
1
1
2
1
2
1
42084282857
1
1
1
1
1
1
1
1
1
1
1
1
2
1
1
1
1
1
2
1
1
1
2
1
1
2
1
1
2
2
1
1
2
2
2
1
1
2
1
1
2
1
2
99895293610
1
1
1
2
1
1
1
1
2
1
1
1
1
1
1
1
2
1
2
2
1
1
1
1
2
1
1
1
1
1
1
2
2
2
1
2
2143476283
1
1
1
1
1
1
1
1
1
1
1
1
1
1
1
1
1
2
1
1
1
2
1
22774314221
1
1
2
2
27742414709
2
1
2
1
1
1
1
1
1
1
1
1
1
92175837122
2
1
1
1
2
1
2
2
2
1
1
1
2
1
2
2
2
1
2
1
1
1
1
1
1
1
2
1
2
1
2
1
2
2
2
1
11179198984
1
1
2
1
1
29697975419
2
1
2
1
1
1
2
1
1
2
1
2
1
1
1
2
2
3845526523
1
1
1
2
1
1
1
1
1
1
2
26819727488
2
1
1
1
1
1
2
1
2
1
1
1
2
1
2
1
1
1
2
1
1
2
1
1
2
2
1
1
1
2
2
2
2
1
1
1
1
2
1
2
1
2
1
1
1
1
1
1
2
2
1
1
1
1
2
1
3211592115
1
1
2
1
1
1
1
1
1
1
1
2
1
1
1
1
2
1
1
1
1
1
2
1
1
1
62759719458
2
1
1
2
1
1
1
1
2
1
2
1
2
1
2
1
1
1
85207910685
2
1
1
1
1
1
1
1
2
1
1
2
1
2
31659707737
1
1
1
1
2
1
1
2
1
1
2
1
1
1
1
1
1
1
2
1
1
1
1
2
2
2
2
1
2
1
1
1
1
1
1
1
1
1
1
1
1
1
1
1
2
1
1
1
1
1
2
1
1
1
1
1
1
1
1
1
1
1
1
1
1
1
1
2
2
1
2
1
2
1
1
1
1
1
1
2
2
2
1
1
1
1
2
1
1
1
1
2
1
1
96042614227
1
2
1
1
1
1
2
1
1
1
65827527711
1
2
1
1
1
1
1
1
1
1
2
1
1
1
1
1
1
1
1
2
1
1
2
1
1
2
2
1
2
1
1
1
2
2
1
1
1
1
1
2
80812381724
1
1
1
1
1
1
1
2
1
1
1
2
1
1
1
1
1
31527397798
1
2
1
2
2
1
1
1
8808153569
2
2
1
1
1
1
1
2
1
2
1
1
1
2
1
1
36829156008
1
80910791778
84441287258
1
1
1
2
1
2
30086573315
2
1
1
2
1
1
1
95780093144
1
1
2
45353751130
1
1
1
2
2
1
1
1
2
1
1
1
1
1
1
1
1
2
1
1
1
1
1
1
2
1
1
1
1
2
2
1
2
1
2
1
1
1
1
1
1
1
1
36399818753
1
2
1
1
1
2
1
2
1
1
1
1
1
2
41313708235
1
1
89143819728
2
2
1
1
2
1
1
1
1
2
1
1
1
1
1
1
1
2
1
1
1
2
2
1
1
1
1
53980506519
2
1
1
1
1
1
2
1
96971448338
1
1
2
2
27000611209
1
1
1
1
2
1
2
1
1
2
2
1
2
1
1
1
1
1
84959595545
1
1
1
1
1
1
2
1
1
1
1
1
1
2
1
1
2
1
1
1
1
1
1
1
1
1
1
1
1
1
2
1
2
1
1
1
1
1
1
1
1
1
2
2
2
1
1
1
1
1
1
1
2
2
1
1
2
2
1
1
1
2
1
1
1
1
1
2
2
1
2
2
1
1
2
1
83510852993
1
1
1
1
1
2
2
1
1
1
1
1
2
1
1
1
1
1
1
2
1
2
2
2
91754123603
1
2
1
1
2
10933589972
1
1
1
1
1
1
2
2
1
2
2
2
2
2
1
1
1
1
2
1
1
1
1
2
56395341721
1
2
1
2
2
1
1
1
1
48721171524
1
2
1
1
2
1
2
1
1
1
1
1
2
1
1
1
1
1
1
2
1
1
1
1
1
2
2
1
1
1
1
1
1
1
1
2
2
2
1
1
1
1
1
1
1
2
2
1
1
1
2
1
2
1
2
1
2
2
1
2
24753353854
1
2
1
1
1
2
1
1
1
2
1
2
1
1
1
1
1
1
1
1
1
1
2
2
1
2
1
1
1
2
1
1
1
1
2
1
1
2
2
2
2
1
1
1
1
1
87067621720
1
1
1
2
1
1
2
1
1
2
2
1
2
1
1
2
1
2
1
1
1
2
2
2
1
1
1
2
2
1
1
1
1
1
1
2
28397758674
1
2
1
1
1
1
84714783345
1
1
2
1
44540062866
1
1
1
1
1
2
1
1
1
1
1
1
1
2
1
1
1
1
1
2
1
2
1
1
1
1
1
1
1
1
1
1
1
1
1
1
1
1
1
2
2
1
2
2
1
1
1
1
2
2
1
2
1
2
1
2
1
1
1
1
1
1
57447686494
1
1
1
1
1
1
1
1
2
2
1
1
1
1
1
1
2
2
2
1
1
2
2
1
2
2
1
2
1
1
2
1
2
1
1
1
1
2
1
2
2
2
2
1
2
1
1
1
1
2
1
1
2
1
1
1
2
1
1
2
2
1
2
1
1
1
1
2
1
1
1
4446150161
1
2
2
2
2
2
1
1
1
1
1
1
2
1
1
1
2
1
1
1
1
2
2
1
1
1
1
1
2
1
1
2
1
2
2
1
1
1
1
1
1
1
9089213478
1
1
1
1
1
2
1
1
1
1
1
2
2
1
2
1
1
1
1
2
2
1
1
1
2
1
1
1
2
1
1
1
1
1
1
1
1
1
1
1
1
2
1
73447087474
1
1
1
1
2
2
1
1
2
1
1
1
1
2
1
1
1
1
1
61117379818
1
1
1
1
2
2
1
2
1
1
1
1
1
1
1
79742258700
1
1
1
42476614340
2
1
14835581805
1
1
2
1
2
1
1
2
1
2
1
1
2
2
1
1
1
1
1
2
1
1
1
2
1
1
1
90419563086
1
2
1
1
1
1
1
1
1
1
1
1
1
2
1
2
1
1
1
1
1
2
2
2
2
23228683620
2
1
1
2
2
1
2
2
1
1
2
1
1
2
1
1
1
2
1
1
1
1
1
1
1
1
1
1
1
1
1
2
1
1
1
1
1
1
1
1
1
1
1
73278956124
2
1
2
2
1
2
1
1
2
1
2
1
2
2
1
1
2
2
2
2
2
1
1
1
1
1
1
2
95370738396
1
1
1
1
2
1
1
50252623448
1
2
1
1
1
2
1
2
2
1
1
2
1
1
1
1
1
1
1
1
2
2
1
1
1
1
1
2
1
1
2
1
1
2
1
1
2
1
1
1
1
1
1
1
1
1
1
1
1
1
1
19205649872
1
1
1
1
1
1
1
1
1
1
1
1
1
1
1
1
1
2
1
1
1
1
1
2
1
2
2
1
2
1
2
1
1
20653666467
1
1
1
1
1
1
1
1
1
1
2
1
2
1
2
1
2
1
1
1
1
1
1
1
1
1
1
1
1
1
1
1
1
1
1
2
1
1
1
1
2
1
1
1
1
1
1
1
88204089497
1
1
2
2
1
2
1
1
1
1
1
1
1
1
14690799723
1
2
1
1
2
1
1
1
1
1
2
1
1
1
1
2
1
1
1
2
2
1
1
1
1
1
2
1
1
2
2
2
2
2
1
2
1
1
1
1
1
1
1
1
1
2
1
2
1
1
1
1
1
1
1
2
1
1
2
2
2
1
1
2
1
1
1
2
2
1
1
1
1
1
1
2
1
2
1
1
1
2
1
1
2
2
2
1
1
2
1
1
1
1
1
2
1
1
2
1
2
1
1
1
1
2
1
2
2
2
1
2
1
2
2
2
1
1
1
1
1
1
1
1
1
1
1
1
1
1
1
1
1
1
1
1
1
2
1
2
1
2
2
1
2
1
2
1
1
2
1
1
2
1
1
1
1
1
1
1
1
1
2
2
1
1
1
1
2
1
1
1
1
2
1
1
64481709136
1
1
1
2
1
2
1
1
1
1
1
68194096333
1
2
2
2
1
1
1
2
1
1
1
1
1
1
2
1
1
1
1
1
1
1
1
2
2
1
1
1
1
1
1
2
1
2
1
1
1
1
1
82295522872
1
2
1
1
1
1
2
2
1
2
1
1
1
2
2
1
1
1
1
1
1
1
1
1
2
1
1
2
1
1
1
74646308126
1
1
1
1
2
1
1
1
2
1
1
2
1
1
1
1
2
1
1
1
2
1
1
1
2
1
2
1
1
1
2
1
1
2
1
2
1
1
1
1
2
1
1
2
1
1
1
1
1
1
1
1
1
1
1
2
1
2
1
1
1
1
1
1
2
1
2
8902762700
2
1
1
1
2
2
1
1
1
1
1
1
1
1
1
2
1
1
1
1
1
1
2
1
1
2
2
1
1
2
2
44380369319
1
1
1
1
1
1
1
2
1
1
26356520183
1
1
1
1
1
1
1
1
2
1
2
1
1
1
2
1
1
1
1
1
1
1
1
1
2
1
1
16025675660
2
2
2
1
2
1
1
2
2
2
1
1
1
2
1
2
1
1
2
1
1
1
1
1
1
1
1
1
1
1
1
1
2
1
2
1
1
2
1
1
1
1
1
1
2
1
1
1
2
2
1
1
1
96498306807
1
2
2
1
2
1
1
1
1
1
1
1
1
1
1
1
1
1
1
1
2
1
21852440874
2
1
1
1
1
1
1
2
1
2
1
1
1
1
1
1
1
1
1
1
1
1
1
2
2
1
2
1
1
1
1
2
1
1
1
2
1
2
1
1
1
1
1
1
1
1
1
1
1
1
1
1
1
1
1
1
2
2
1
1
1
2
1
1
1
1
2
1
1
2
1
2
1
1
1
1
1
1
1
92452050809
1
1
1
1
1
1
1
1
1
2
1
1
1
1
81666434352
2
1
1
1
1
1
1
1
2
1
1
1
1
1
1
1
1
1
1
1
1
2
1
2
1
2
4008440311
1
1
2
1
1
1
1
58551757220
1
1
1
1
1
1
1
1
1
1
2
1
1
1
1
1
1
2
1
1
1
2
2
1
1
1
1
1
1
2
2
1
1
2
1
1
1
1
2
2
1
1
2
1
1
1
1
1
1
90101922560
1
2
2
1
2
2
2
1
1
1
89334488434
1
2
1
2
38347724078
1
1
1
2
2
1
1
1
1
1
1
1
2
1
1
1
2
1
1
1
1
1
1
1
1
1
1
1
1
2
1
1
2
1
1
1
2
1
2
1
1
1
2
1
72343854202
2
1
1
1
1
1
1
2
2
1
1
1
1
1
2
1
1
1
61497964107
1
1
2
2
1
1
1
1
1
1
1
1
1
2
1
1
1
1
1
1
1
1
1
1
1
1
1
2
1
1
1
1
1
1
2
1
1
1
1
1
1
1
1
1
1
81814996153
1
2
1
1
1
1
1
2
1
1
1
1
1
2
1
1
2
1
1
2
2
1
1
1
1
1
1
2
1
1
1
1
1
1
1
2
1
2
1
2
1
1
2
1
1
1
1
2
1
1
1
2
1
1
1
1
1
1
8895307388
1
1
2
90949528629
1
2
2
1
2
1
2
2
1
2
1
2
2
2
1
1
2
2
1
1
1
1
2
1
1
2
1
1
1
1
2
2
1
2
1
1
1
1
1
1
1
1
1
1
1
1
1
1
1
1
1
1
1
2
1
1
1
2
1
1
1
1
1
2
1
1
1
1
1
1
2
2
1
1
2
1
43408481865
1
1
1
1
1
1
1
2
2
2
1
1
1
2
2
1
2
1
1
1
1
1
2
1
2
1
2
1
1
1
2
1
1
55468962391
1
2
2
2
1
1
2
1
1
1
1
1
1
2
1
2
1
2
1
15304106789
1
1
1
1
1
1
1
1
2
1
1
1
2
2
1
1
1
1
1
1
72632563057
1
1
20621274807
1
1
1
89872074943
1
1
2
1
1
1
2
2
1
1
2
2
2
1
1
2
1
1
1
1
1
2
2
2
1
2
1
1
1
1
1
1
1
1
76856426745
1
1
2
2
1
2
1
2
1
1
1
1
1
1
1
1
1
1
1
2
1
2
1
1
2
1
1
1
1
8924223717
1
2
1
2
2
2
1
30981316587
1
1
1
1
1
1
2
1
2
1
1
66249135264
1
10736067318
2
1
2
66913857379
1
1
1
1
1
1
1
1
1
1
1
1
2
1
1
1
1
1
1
1
2
1
1
1
1
1
1
2
1
1
2
1
2
1
2
1
2
1
1
2
2
1
1
1
2
1
1
1
1
2
1
2
1
2
1
1
1
1
51806882708
2
1
1
1
89273733827
1
1
2
1
1
1
1
1
1
1
53426829869
2
1
1
1
1
1
1
1
1
1
1
1
1
1
2
1
1
1
1
1
1
2
2
1
1
2
1
1
2
1
1
1
1
1
1
2
2
1
1
1
1
1
1
1
1
1
1
1
1
1
1
1
1
2
1
1
1
1
1
2
1
1
1
1
2
1
1
1
1
1
2
1
2
1
2
1
1
1
2
1
2
1
1
1
1
57896365343
1
1
2
1
1
2
1
1
2
1
2
1
2
1
2
1
1
1
1
2
1
1
1
1
1
1
1
2
1
1
44598573427
1
1
1
1
1
1
1
1
1
1
1
1
90316144693
1
1
2
1
1
1
1
1
1
1
2
1
2
1
1
2
2
1
1
1
1
1
2
1
1
1
2
1
1
1
1
2
1
1
1
1
2
1
2
2
1
1
1
1
1
2
1
1
1
1
2
1
1
1
1
1
1
1
1
1
1
1
1
2
1
1
1
1
2
95142152293
1
2
1
1
1
1
2
1
1
1
1
1
1
1
2
1
1
1
1
2
1
2
1
2
1
2
2
1
1
2
1
1
1
1
1
1
2
1
1
1
1
1
1
2
2
2
1
2
1
2
1
1
1
1
1
1
1
1
1
2
2
2
2
1
1
2
1
1
1
2
1
1
1
2
1
1
2
1
1
1
1
1
2
2
1
1
2
1
1
1
2
2
1
1
1
1
2
1
1
1
1
2
2
1
2
2
2
1
1
1
1
2
1
1
1
1
52951413959
1
1
2
1
1
2
1
1
1
1
1
1
9598935627
1
2
1
1
1
1
1
1
1
1
2
1
2
1
2
1
1
1
1
2
1
1
1
2
1
1
1
1
2
1
1
1
1
1
2
1
1
1
1
2
2
1
1
2
1
20464242758
2
1
1
1
2
2
1
1
1
1
1
1
1
2
1
2
1
1
2
1
1
1
1
1
2
2
2
2
1
2
1
1
1
2
1
1
1
76731661458
2
1
1
2
1
1
2
1
1
1
1
2
1
2
1
2
1
2
1
1
54614594288
1
1
2
86583689756
1
1
1
1
1
2
1
1
1
1
1
1
1
2
1
1
1
1
1
2
1
2
2
1
1
2
1
1
1
1
2
1
1
1
1
1
2
1
2
1
1
1
1
1
1
1
1
1
2
1
1
2
1
1
1
1
1
1
1
1
1
1
1
2
1
1
1
2
1
1
1
1
1
1
1
1
1
1
2
1
2
1
1
25571576965
1
1
1
2
1
1
2
1
1
2
1
1
1
1
1
1
1
2
1
2
1
1
2
1
1
1
1
1
2
1
1
2
1
1
1
1
1
1
1
1
1
1
1
1
1
1
1
1
1
1
1
1
1
1
1
1
1
1
2
1
1
1
2
1
1
1
1
1
1
1
2
2
1
1
1
2
1
1
1
2
1
2
1
2
1
1
1
2
778938022
1
1
1
1
2
1
1
2
2
2
1
1
1
1
1
2
2
2
1
1
2
1
2
1
2
1
2
1
1
2
1
2
2
1
1
1
2
1
1
1
1
2
1
1
2
1
1
1
2
1
2
1
2
1
97269796685
1
1
1
1
1
1
1
1
1
1
2
2
2
2
2
1
1
1
1
2
1
81889604635
1
1
1
1
2
2
1
1
1
2
1
1
2
1
1
1
1
2
2
1
2
71837165665
1
2
8100242
1
1
1
1
1
1
1
2
1
1
2
1
1
1
1
1
1
1
1
1
1
2
1
1
1
1
1
1
1
2
1
1
2
1
1
2
1
1
1
1
2
1
1
2
1
1
2
1
1
1
1
1
2
1
51763400517
1
1
94627410123
1
1
1
1
1
2
1
32059144961
2
1
1
1
1
1
1
1
1
36667699601
49188788676
1
1
1
2
1
1
2
1
1
1
2
93155652492
1
1
1
1
1
1
1
2
1
1
1
1
1
1
1
2
1
2
1
1
2
2
1
1
2
2
1
1
1
1
1
1
1
2
1
1
1
1
2
1
1
1
1
1
1
1
1
1
1
1
1
1
2
1
2
1
1
1
2
1
2
1
1
1
1
2
1
2
2
2
1
1
1
2
1
1
1
1
1
1
36288541154
2
1
1
1
1
1
1
1
1
1
2
1
1
2
1
1
1
2
1
2
1
1
2
2
1
2
1
2
1
1
1
2
1
1
1
1
1
1
1
1
1
2
1
1
1
1
1
1
2
27693965120
2
1
1
2
1
1
1
1
1
2
1
1
1
1
1
1
1
1
1
1
1
1
2
1
1
2
1
19196406152
1
1
1
1
2
2
1
1
2
2
41663351051
2
2
1
1
1
2
1
1
2
2
95061378554
1
1
1
1
1
1
1
1
1
1
2
2
2
1
1
1
1
1
1
1
1
2
2
1
1
1
2
1
1
1
1
2
2
1
1
1
1
1
1
1
2
891165322
2
1
1
1
2
1
1
1
1
1
1
1
1
1
1
2
1
1
2
1
1
1
2
2
2
7788148238
2
1
1
1
1
1
1
1
1
2
1
1
1
1
1
1
1
2
1
1
1
1
2
1
2
1
1
1
44106127512
1
1
2
1
2
1
1
2
1
1
1
2
2
2
1
2
2
1
1
1
2
1
2
2
2
1
2
2
2
2
42987231182
1
1
1
1
2
1
1
2
1
1
2
2
2
1
1
2
1
2
1
1
1
1
1
1
2
1
1
1
1
1
1
2
71853388659
1
1
1
1
2
1
1
1
2
1
2
1
1
1
1
1
1
1
2
1
2
1
1
1
2
1
1
1
2
