2
2
2
1
2
2
1
1
2
1
2
2
1
2
2
2
1
2
2
1
2
2
2
2
2
2
1
2
2
1
2
2
1
2
2
1
2
2
2
1
2
1
2
2
2
2
2
2
1
2
1
1
2
1
2
2
1
1
2
1
2
2
1
1
2
1
2
2
2
2
2
1
1
2
2
2
2
2
2
2
2
1
2
1
1
2
2
2
2
2
1
2
2
2
2
2
2
2
1
2
1
2
1
1
2
1
2
2
2
2
2
2
2
2
2
2
2
2
1
2
2
1
2
2
2
1
1
1
2
1
2
2
1
2
2
1
1
2
2
1
2
2
2
1
2
2
2
1
2
1
2
2
2
2
2
2
2
1
2
1
1
1
1
1
2
2
2
2
2
1
2
2
1
28018899831
2
2
2
1
1
81931146845
2
1
1
2
1
1
1
1
2
2
2
2
2
2
2
2
2
2
1
2
2
2
2
2
2
2
1
1
2
2
1
2
2
2
2
2
1
1
2
2
2
2
2
1
2
2
2
2
2
2
2
1
2
2
2
2
1
1
2
2
2
2
2
2
2
2
1
2
2
2
1
2
2
1
2
1
1
2
1
2
2
2
2
1
2
2
1
2
2
1
1
2
1
2
2
2
1
1
1
1
2
2
2
2
1
2
2
2
2
2
2
2
2
2
2
1
2
50869480711
2
2
2
2
1
2
2
1
1
2
2
2
2
2
2
2
2
2
1
2
1
2
1
2
1
2
1
2
2
1
2
2
1
1
2
7021216259
2
2
1
2
2
2
2
2
1
2
1
2
2
1
2
2
2
2
1
2
2
1
2
2
2
2
2
2
8383969403
1
2
2
2
2
2
2
2
2
1
2
2
1
2
2
2
2
2
2
2
1
1
2
2
2
2
1
58216996040
2
2
2
1
2
2
2
2
2
2
2
2
2
2
2
2
2
2
2
1
2
2
2
2
1
2
2
1
2
1
1
2
2
2
1
1
2
1
2
2
2
2
1
1
1
2
2
2
2
1
2
2
2
2
2
2
2
2
2
1
2
2
2
2
2
1
2
2
38034508233
2
2
1
2
2
2
2
1
2
2
1
1
2
1
1
2
2
2
2
2
1
2
2
2
1
1
2
2
1
2
2
1
2
1
2
20140601882
2
2
2
2
1
1
2
2
1
80845069193
1
2
2
1
2
2
1
2
1
2
1
2
2
2
1
1
2
2
2
2
2
2
1
2
2
2
2
2
2
2
2
2
2
2
2
1
1
91166222373
2
2
1
2
2
1
25223087287
1
1
1
2
2
2
1
2
1
2
2
2
2
2
1
2
2
1
2
2
1
2
2
69293233319
2
2
2
2
2
2
2
1
2
1
1
2
2
2
2
2
83655444027
2
1
2
2
2
2
1
1
2
2
2
1
1
2
2
2
2
2
2
2
2
2
2
2
1
66697085923
2
2
2
1
2
2
2
2
2
2
1
1
2
1
2
2
1
2
2
1
2
1
2
1
2
2
20459112704
2
2
2
2
2
1
1
2
2
62506509641
2
2
2
2
2
2
2
2
2
2
2
2
2
2
2
2
72359251575
2
1
2
2
2
1
2
2
2
2
2
1
1
2
2
2
2
2
1
2
2
2
2
2
2
2
2
2
1
2
2
2
1
2
2
2
2
2
2
1
2
2
1
2
1
1
2
2
1
2
1
2
1
1
1
1
1
2
2
2
2
2
2
1
2
2
2
2
2
1
1
2
2
1
1
1
1
1
2
2
2
2
1
1
2
2
2
2
2
2
2
2
9312299176
2
2
2
1
2
2
2
2
2
2
2
1
2
2
2
2
2
38106146239
2
2
1
76436892672
2
1
1
1
1
1
61666653155
1
2
2
2
2
1
2
2
2
68244464315
2
2
2
2
2
2
2
1
1
2
2
1
2
2
1
2
2
2
1
47242979344
1914818828
1
1
1
2
2
2
2
2
1
2
2
2
1
2
1
2
1
2
2
1
2
2
2
2
2
2
2
2
2
2
1
2
2
2
2
2
2
2
2
2
2
2
45417125400
2
2
2
2
1
2
2
2
1
1
2
2
2
2
2
2
2
1
2
2
1
2
2
2
1
2
1
2
2
2
1
1
2
1
2
2
2
2
2
2
2
2
2
2
2
2
2
2
2
2
2
2
2
1
2
2
2
2
2
1
1
2
2
2
2
2
2
1
2
1
2
2
2
2
2
1
2
2
2
2
2
2
1
2
1
2
2
1
2
2
2
2
2
2
1
1
1
2
2
1
10182419345
2
1
2
2
2
2
2
94858948974
2
2
2
2
2
2
2
45981194341
2
2
1
1
2
2
2
2
2
1
2
2
2
1
2
1
2
2
2
2
1
2
2
1
2
2
1
2
1
1
1
2
1
2
2
2
1
2
2
2
2
2
2
2
2
2
2
2
2
1
1
2
2
2
2
47331298093
2
2
2
1
2
2
2
2
2
2
2
2
2
2
1
2
1
2
1
2
2
2
2
1
2
2
1
1
49140326617
2
2
2
2
2
2
2
2
1
2
1
2
2
2
1
2
2
2
2
1
1
1
1
2
2
2
2
26872108210
2
2
2
2
2
2
2
2
1
2
2
2
2
2
1
2
2
2
1
2
2
2
1
2
2
2
2
2
1
2
2
1
1
2
2
2
2
2
1
2
1
2
2
2
2
1
2
2
2
1
2
2
1
2
2
2
2
2
1
2
2
1
2
2
2
2
2
2
1
2
2
2
1
2
2
2
2
2
2
2
2
2
2
2
2
2
1
1
2
2
2
2
1
2
1
1
2
2
2
2
2
2
2
2
2
2
1
2
2
2
2
2
2
2
67568481443
1
2
2
2
1
2
2
2
2
2
2
2
2
2
2
1
2
2
1
1
2
1
2
2
1
2
2
2
2
1
1
1
2
1
1
1
1
2
38880092333
2
2
1
2
2
2
2
2
2
2
2
2
1
2
2
2
2
2
2
2
2
2
2
2
1
72631463874
2
2
2
2
1
2
2
2
2
26905112961
1
2
1
2
2
1
2
2
2
2
2
2
2
2
2
1
2
2
2
1
1
2
2
2
2
1
2
2
1
2
2
1
1
2
1
2
2
2
2
2
2
2
1
2
2
2
2
2
1
2
2
1
1
1
2
2
2
1
2
1
2
2
89589526600
2
2
2
2
2
2
2
2
2
2
2
1
1
2
2
1
1
2
2
2
2
1
1
2
2
1
2
2
2
1
76932994928
1
2
2
2
2
2
2
2
2
1
1
1
2
1
2
1
1
2
2
2
2
2
2
2
2
2
2
1
2
2
2
2
2
2
2
2
2
2
1
2
1
2
2
2
1
2
2
1
2
2
2
2
2
2
2
1
1
2
2
2
2
2
29971926135
2
2
2
1
1
2
2
2
30845803987
2
1
2
2
2
1
2
1
2
2
29861683627
1
2
2
2
1
1
53974591923
2
2
2
2
2
2
1
2
2
2
2
2
2
2
1
2
2
2
2
1
1
1
1
2
2
2
2
2
1
2
1
2
1
2
2
1
2
2
2
2
2
2
2
2
1
2
4544517634
1
2
2
2
1
2
1
2
1
2
2
1
1
2
2
1
2
2
2
2
1
2
2
2
2
28727201158
2
1
2
2
2
2
1
47646185750
2
2
2
2
2
2
2
2
2
2
2
1
2
2
2
1
1
1
2
2
2
2
2
11021909219
2
1
1
1
2
2
1
2
2
2
1
2
2
2
2
2
1
2
1
2
1
2
2
2
1
2
2
2
1
1
1
2
2
2
1
2
2
1
2
2
2
2
1
2
2
2
2
1
2
1
2
2
2
1
2
2
2
2
1
1
2
2
2
2
2
1
2
2
2
2
1
2
2
2
2
2
2
2
2
2
2
7298182537
2
2
2
1
2
1
2
1
1
1
2
2
2
2
2
1
1
31841882855
2
2
1
66735960944
2
2
2
2
57624853094
2
2
2
2
1
2
2
2
2
2
1
1
2
2
1
2
2
2
2
2
1
2
2
2
1
2
2
2
2
1
2
1
1
2
1
1
2
1
2
2
2
1
1
2
2
2
2
1
1
2
2
2
2
1
2
42177257691
2
1
1
2
2
2
2
2
2
2
1
2
2
1
1
2
2
1
1
1
1
2
1
2
2
2
2
2
2
2
1
2
1
1
2
2
2
2
1
2
2
2
2
2
1
2
2
2
2
2
2
2
2
1
2
2
1
2
2
2
2
2
1
1
2
2
1
2
2
2
1
1
2
1
2
1
2
2
2
1
2
2
2
2
2
2
1
1
2
2
1
1
2
2
71254457436
2
1
1
2
2
1
1
2
1
2
1
2
2
2
40509218144
2
2
2
2
2
2
1
2
2
2
1
2
2
1
2
2
1
1
1
2
1
2
1
1
2
2
2
2
2
1
2
1
2
2
2
1
2
1
2
2
2
2
2
1
50740823474
9080184719
2
2
1
2
2
2
2
1
1
2
2
2
78780409256
2
2
2
2
2
2
2
2
1
2
2
2
2
2
2
2
1
2
2
1
2
1
2
2
2
2
1
2
2
2
1
2
1
1
2
1
1
2
1
2
2
2
1
2
2
2
2
1
2
2
2
1
2
2
2
2
2
2
2
2
2
2
1
2
2
2
1
2
2
2
1
1
2
2
59496128987
1
1
2
2
2
2
2
2
2
2
2
1
8529067756
2
2
2
2
2
2
2
2
1
2
2
2
2
1
1
2
1
2
2
1
2
66342744435
2
1
2
2
1
1
2
2
2
1
2
2
2
2
2
2
1
1
2
2
1
1
2
1
2
2
1
2
2
1
75660333778
2
2
1
2
2
2
2
1
1
2
2
2
1
2
2
1
1
2
2
1
2
1
1
2
24107833414
2
2
2
1
2
1
1
2
2
1
2
1
1
2
2
2
2
2
2
2
2
27134765492
1
2
2
2
2
2
2
1
2
2
2
2
2
1
2
1
1
2
2
2
2
2
2
1
2
2
2
2
2
1
2
2
2
2
1
2
1
2
2
2
2
2
2
2
2
2
2
1
1
2
2
2
2
1
2
1
2
2
2
1
2
2
2
2
2
2
1
2
1
2
2
1
2
2
1
2
1
2
1
2
2
2
1
2
2
2
2
1
2
1
2
2
2
2
1
2
2
2
2
2
2
2
2
1
2
2
1
2
1
2
2
2
2
2
1
2
2
1
1
2
2
2
2
1
2
1
2
2
2
2
1
1
92605283221
2
1
2
2
2
2
2
2
11074623523
2
1
2
2
62691156830
2
1
2
2
2
2
1
1
2
2
2
2
2
2
2
2
1
1
2
2
1
2
2
2
31405475952
2
1
1
1
1
1
2
1
1
1
2
2
2
2
1
2
2
2
2
2
2
2
2
2
2
2
1
1
2
2
2
2
2
2
2
1
1
2
1
1
2
2
1
1
2
2
2
2
2
2
2
2
2
2
2
2
2
1
1
2
1
2
2
2
2
1
1
1
1
2
1
2
2
2
2
2
2
45282392661
1
1
2
2
1
2
1
2
1
44149507003
2
1
2
2
2
2
2
1
2
2
2
2
1
2
2
2
2
2
2
1
2
2
2
2
2
2
2
1
2
2
2
2
1
2
2
1
1
2
2
2
2
2
2
2
2
2
2
2
2
2
1
2
2
1
1
2
2
2
2
2
2
2
2
2
2
2
2
2
1
2
2
2
2
2
1
1
2
2
2
1
2
2
1
1
1
2
2
2
2
2
2
2
60586990501
2
2
1
2
1
2
2
2
1
2
2
1
2
2
2
2
2
2
2
1
1
2
2
2
2
2
2
2
1
2
2
2
2
2
2
2
2
2
2
2
2
2
2
2
2
2
2
1
2
1
2
2
2
2
1
2
2
1
87282980427
1
1
2
2
2
2
1
2
2
2
2
2
2
2
1
2
2
1
1
98896201336
2
2
2
1
2
2
1
2
1
2
1
2
2
2
2
2
1
2
2
2
2
1
2
2
2
2
2
2
1
2
1
1
1
2
2
2
2
1
2
2
2
1
2
2
2
2
1
2
1
2
1
1
2
2
2
1
2
2
1
2
2
2
2
2
1
1
69532848922
2
1
1
2
2
1
1
2
2
2
2
1
1
2
2
1
2
2
2
2
2
2
2
1
2
1
2
2
2
2
2
1
2
2
2
2
2
1
2
1
2
2
1
2
2
2
1
2
2
2
2
63113990356
1
2
2
2
1
1
2
2
1
2
2
2
1
2
2
1
2
2
2
2
2
2
2
2
2
1
2
2
2
2
2
2
2
2
1
2
2
1
1
2
2
2
2
2
2
1
2
2
2
1
2
2
2
2
2
28014234715
2
2
2
2
1
1
2
1
2
2
2
2
1
1
2
2
1
2
2
2
2
1
2
2
2
2
2
2
1
2
2
2
2
2
2
1
2
2
88226927458
2
2
1
1
1
2
2
2
1
2
1
1
1
2
1
2
2
2
2
2
2
2
2
2
1
2
2
2
2
2
2
2
2
2
2
2
1
2
1
2
2
2
2
2
2
2
1
2
2
2
1
2
2
2
1
2
2
2
2
2
1
1
2
1
2
2
2
2
1
2
2
2
1
2
6459044808
2
62687698115
1
1
2
1
2
2
2
2
1
2
1
1
2
2
1
2
2
2
2
1
2
2
2
2645901890
2
2
2
2
2
2
2
2
2
1
2
2
2
2
2
2
1
2
2
1
2
2
2
2
2
2
2
2
2
2
2
1
2
2
1
2
2
2
2
2
2
2
1
1
1
2
2
2
2
2
2
1
48971687515
2
2
1
2
1
2
2
2
2
1
2
2
1
2
2
10123657414
1
2
2
2
2
2
2
2
2
2
22924386086
2
2
2
1
1
2
2
2
2
2
2
2
1
1
2
2
2
2
2
2
2
2
2
2
2
2
2
1
2
1
2
2
2
2
2
2
2
2
2
2
2
1
1
1
2
2
2
2
1
2
2
2
1
1
2
2
1
2
2
1
2
1
1
2
2
2
2
2
1
2
2
1
2
1
2
1
2
2
2
1
2
2
2
2
2
1
2
2
1
2
2
2
2
2
1
2
16209674939
2
1
2
2
2
2
2
1
2
2
2
2
1
2
2
2
1
2
2
2
1
2
2
2
2
2
1
2
1
2
2
1
1
2
2
2
2
2
2
2
2
2
2
2
1
2
1
2
67463135608
2
1
2
2
2
2
2
2
1
2
2
2
2
2
2
2
1
2
1
2
2
2
1
2
1
2
2
2
1
2
1
2
1
2
2
2
1
2
2
2
2
1
2
1
2
2
2
2
2
2
1
2
2
2
1
2
1
1
2
1
2
2
2
2
1
2
2
2
2
2
2
2
2
2
2
2
1
2
2
1
2
2
2
2
1
1
2
2
1
2
1
2
2
2
2
2
2
2
2
2
2
1
2
2
2
2
1
2
2
1
1
1
2
2
2
1
2
2
2
1
1
2
2
2
1
1
2
2
2
2
2
2
2
2
2
55448701557
1
1
2
2
1
69997561173
2
2
2
2
2
2
2
2
2
2
1
2
2
1
1
2
2
2
2
1
2
2
2
2
2
2
2
2
2
2
2
1
2
1
1
1
2
2
2
1
1
2
2
2
62269155206
2
1
2
1
2
2
2
2
2
2
1
2
1
2
2
1
1
2
1
2
2
2
2
2
2
2
2
2
1
2
2
2
1
1
2
2
2
2
2
2
1
2
2
2
2
2
2
2
2
2
2
2
1
2
1
2
2
2
2
2
2
2
2
2
1
1
2
2
2
2
33415050681
2
1
2
1
2
2
2
2
2
50079834686
2
2
2
1
2
2
2
1
2
1
2
2
2
2
2
2
2
2
2
1
22160080729
2
1
2
1
2
1
2
2
2
2
2
2
2
2
1
2
2
1
2
1
2
2
2
2
93283772547
2
2
2
2
2
2
2
2
2
2
2
1
2
2
1
4416317526
91387587767
2
2
2
2
2
1
2
2
2
2
2
1
2
2
2
2
1
2
2
2
2
2
2
2
2
1
2
2
2
2
2
2
1
2
2
2
2
2
2
2
2
2
2
2
1
2
1
75077555734
2
2
2
2
1
1
70241804023
1
1
2
1
2
2
1
2
2
2
2
2
1
2
2
2
2
1
2
2
2
1
2
1
2
2
1
1
2
2
2
2
2
2
2
2
2
2
2
2
2
1426405370
2
2
2
2
2
2
2
2
2
2
2
2
2
2
2
2
2
1
2
2
95268499931
1
2
2
2
2
2
1
1
2
2
2
2
93902865515
2
1
2
1
2
1
1
2
2
2
2
2
1
1
1
2
1
1
2
2
1
1
2
2
2
2
2
1
2
1
2
2
1
2
2
2
2
2
1
2
2
2
2
1
2
2
1
2
2
2
2
1
2
2
2
2
2
2
2
2
1
2
1
1
2
2
1
2
1
2
2
2
1
2
2
2
1
2
2
2
2
2
2
2
2
2
2
1
2
2
2
2
2
2
2
2
1
1
2
2
2
2
1
1
1
2
2
1
1
2
2
2
2
2
10151701549
1
2
1
2
2
1
1
2
2
2
2
1
2
2
2
1
2
2
2
2
2
2
2
2
2
2
2
2
2
277474426
1
2
1
2
2
2
1
2
2
2
2
2
2
2
2
1
2
2
2
1
2
2
2
2
2
2
1
17293280452
1
2
1
2
2
2
1
2
2
2
2
2
1
2
1
2
1
2
2
2
2
1
2
1
2
2
1
2
2
1
2
2
2
2
2
1
2
2
2
2
2
2
1
2
1
1
2
2
2
2
1
2
2
2
2
64562560243
2
2
2
1
2
2
2
2
2
2
2
1
2
2
2
2
2
2
2
2
40589903037
2
2
1
2
2
4458324673
1
2
2
2
2
2
2
2
2
2
2
1
2
2
2
2
2
1
2
2
2
2
2
2
2
2
2
1
2
2
1
1
2
2
1
1
1
1
2
2
1
1
2
2
2
2
1
1
2
2
2
2
2
2
1
92561426928
2
2
1
2
2
2
2
2
2
1
2
2
2
2
2
2
2
2
2
1
2
2
2057726593
2
1
2
2
2
2
1
2
1
1
1
1
2
1
45172504310
2
2
2
2
2
2
1
2
2
2
2
2
2
2
2
2
2
1
2
2
2
2
1
2
2
2
1
2
1
2
1
2
2
2
2
2
2
2
2
2
2
2
1
1
2
2
2
2
1
2
1
2
2
2
1
2
2
2
2
2
1
2
2
2
2
2
1
2
2
2
2
2
2
1
2
1
1
1
1
2
2
1
1
2
2
2
2
2
2
2
2
1
2
2
2
2
1
1
1
83534287942
2
2
2
70997966646
2
2
2
25198543265
2
2
2
2
2
2
2
2
1
1
2
1
2
2
2
2
2
2
2
2
2
51045945346
2
2
2
2
1
2
2
2
2
2
2
1
2
1
2
2
2
2
2
2
2
1
2
2
2
2
2
2
2
1
2
2
1
1
2
1
2
2
1
2
2
5747439809
1
2
2
2
2
2
2
2
2
1
2
2
2
1
2
2
58783483360
2
2
2
2
2
2
75389115624
2
1
1
2
2
1
2
1
1
1
2
2
2
2
2
2
1
1
2
63501400632
1
1
2
1
2
1
2
2
2
2
2
1
1
2
2
1
2
2
1
2
2
2
1
2
2
1
2
1
2
2
2
2
2
2
2
2
2
2
2
1
2
2
2
2
2
2
2
2
2
2
2
2
2
2
2
2
2
2
1
2
2
2
2
2
2
2
2
2
2
2
2
2
1
2
2
2
2
1
1
2
2
2
2
2
2
1
2
2
2
2
2
2
2
2
1
2
2
2
1
2
2
2
2
1
2
2
2
2
2
2
2
2
2
1
2
2
1
2
2
2
2
2
71177362496
2
2
2
2
2
2
2
2
2
2
1
30550262357
2
1
2
2
1
18071724916
2
2
1
2
2
2
1
2
2
2
2
1
1
1
1
2
2
2
2
2
2
2
95485901645
2
2
2
2
1
2
2
2
1
2
1
2
1
2
1
2
2
2
2
2
2
2
1
2
2
2
2
2
2
2
1
2
1
2
1
1
1
2
2
2
1
2
2
1
2
2
1
2
2
2
2
2
2
2
2
2
1
2
2
2
2
2
2
2
2
1
1
2
1
2
2
2
1
2
2
2
2
2
1
1
1
2
2
2
1
2
2
2
1
2
2
2
1
2
2
2
2
2
2
1
2
1
2
2
2
19819121858
2
2
2
8291875772
2
2
2
1
2
1
1
1
2
2
2
2
2
2
1
1
1
2
2
2
2
2
2
2
2
2
1
2
2
2
2
2
2
2
1
2
2
2
2
2
1
1
2
1
1
1
77280496524
1
1
1
1
2
2
2
2
1
2
1
2
1
2
1
2
2
2
2
2
2
1
2
2
2
1
2
2
2
2
1
2
2
2
93121738723
1
2
2
2
1
2
2
2
2
2
2
2
2
1
1
1
2
1
1
2
2
2
1
2
2
2
2
2
2
2
2
2
83579664036
1
1
2
2
1
46499006966
2
2
2
2
2
2
2
2
2
2
1
2
2
2
79172136317
2
1
2
1
2
1
1
2
1
2
2
2
2
23819598195
2
2
1
2
2
2
1
1
1
1
2
2
35388624323
2
1
1
2
9892284178
2
2
1
2
18789359222
2
1
85400960015
2
1
2
2
2
2
2
1
2
2
1
1
2
2
2
2
2
2
2
2
1
2
2
1
2
2
2
2
1
1
2
2
1
1
1
31385606731
2
1
1
2
2
2
2
1
1
2
2
1
2
2
2
2
2
2
2
2
1
2
1
2
2
2
2
2
2
2
2
2
2
2
2
2
1
2
1
75497206561
2
1
16625111873
1
22955696406
2
80149970679
2
2
1
2
2
2
2
2
2
2
2
2
2
2
1
2
2
2
79046261344
2
2
1
2
2
2
1
1
2
1
2
2
2
2
2
2
2
1
2
2
1
2
1
38246890156
2
1
1
2
2
1
2
2
1
2
2
2
2
2
2
2
2
2
2
2
2
2
2
2
2
2
2
2
2
2
2
2
2
2
1
1
2
2
2
2
2
1
2
1
2
2
2
2
61079595380
2
2
1
2
1
2
69915964448
2
2
2
2
1
2
2
2
1
1
2
2
2
1
2
1
2
2
2
1
2
2
2
2
2
1
2
1
1
1
2
2
1
2
1
2
2
2
2
2
2
2
1
2
2
1
2
2
2
2
2
2
69388923876
1
1
1
2
1
1
2
1
2
2
2
97037677651
1
2
2
1
2
2
1
2
2
1
1
2
1
2
2
1
1
2
2
1
2
1
2
1
2
1
2
2
2
1
2
1
2
89657450068
2
1
2
2
2
2
2
2
1
1
2
2
2
2
2
2
1
1
2
1
1
1
2
2
2
2
2
2
2
2
2
2
2
2
2
2
2
2
15760584005
1
1
2
2
2
1
2
2
2
1
2
2
2
2
1
2
2
2
2
2
2
2
2
1
2
2
2
2
2
2
1
2
2
2
2
2
2
2
2
1
51153712452
1
2
2
2
1
1
2
1
2
1
2
2
2
2
1
2
2
2
2
2
1
2
2
52517750097
1
2
2
2
2
2
2
2
2
1
2
2
2
2
2
2
1
1
2
2
2
2
11640202461
2
2
2
2
2
2
2
1
2
1
2
2
1
2
2
1
2
2
2
2
2
2
2
2
2
2
1
2
2
2
2
1
1
2
2
1
2
2
2
2
2
2
2
2
1
2
1
2
2
2
2
2
1
2
2
1
2
2
1
2
2
2
2
1
2
1
1
1
1
2
1
2
2
2
2
2
2
2
1
2
1
1
1
2
1
1
1
1
2
2
1
2
2
1
2
1
2
2
1
2
2
2
1
2
2
2
2
1
2
2
2
2
2
2
2
1
1
2
1
92530976586
2
2
2
2
2
2
2
2
2
2
2
2
1
2
2
2
2
1
2
2
2
1
2
2
2
2
2
2
2
1
2
2
2
2
1
2
1
2
2
1
2
2
2
2
2
1
2
2
1
2
2
1
2
2
1
2
2
1
2
1
2
25634658654
2
1
2
2
2
79691939144
2
2
2
2
2
1
1
2
1
2
2
2
2
2
2
2
2
2
2
1
2
2
1
2
2
2
2
2
2
2
2
2
2
2
2
2
2
2
1
2
1
2
2
2
2
2
2
1
2
2
1
2
1
2
2
1
2
1
2
2
2
2
2
2
2
2
2
2
2
2
2
2
2
1
98671410014
2
2
2
2
2
2
2
2
2
2
1
2
20208681225
1
2
2
1
1
1
2
67221388171
2
2
2
2
1
2
2
2
2
1
2
2
2
2
2
1
2
2
2
1
1
2
1
2
2
2
2
2
1
2
2
1
2
1
2
1
7232781183
2
2
2
2
1
1
8149058208
1
1
2
1
2
2
1
2
2
2
1
1
1
2
1
2
2
2
2
2
2
2
1
2
2
2
2
89107440916
2
2
2
2
2
2
2
2
2
2
1
1
2
1
2
2
1
2
2
1
2
2
2
2
2
2
2
2
2
2
2
2
53702365905
1
1
2
2
2
1
2
2
1
47664650847
2
2
2
2
1
2
2
1
2
2
2
2
2
2
2
2
2
2
1
2
2
2
2
2
2
1
1
2
1
2
1
1
2
2
2
2
2
1
1
2
2
1
1
2
2
2
2
2
1
2
2
1
2
2
1
2
2
2
2
1
2
1
1
2
2
2
2
2
1
1
2
2
1
2
2
1
2
1
2
2
2
2
2
2
2
2
2
2
2
2
2
1
2
1
1
2
2
2
2
2
2
1
2
1
2
2
2
1
1
1
2
2
2
2
2
1
1
1
2
1
2
2
2
2
2
2
1
2
2
1
2
2
59683953736
2
2
2
2
2
2
1
2
2
1
2
2
24357883775
2
2
2
2
1
2
2
2
2
2
1
1
2
1
1
2
2
2
2
2
2
2
2
2
2
2
2
1
2
1
1
2
2
1
2
2
2
2
2
2
1
2
2
2
2
2
2
2
2
1
2
2
2
2
2
2
2
2
2
2
2
2
1
2
2
1
1
1
1
2
2
2
1
2
1
2
2
2
2
2
2
1
2
2
1
2
1
2
2
2
1
1
1
91188968045
2
2
2
1
2
2
2
2
2
2
2
2
1
2
2
2
1
2
2
1
2
2
2
2
2
2
2
2
1
1
2
1
2
2
2
2
1
2
2
1
1
2
1
2
2
2
1
2
2
1
2
1
41383214290
1
2
38933266078
2
2
2
1
2
2
2
57203935330
2
2
2
2
12439973010
1
2
2
1
1
2
2
2
2
1
2
2
43212502572
1
1
2
2
2
2
2
69009900525
2
2
2
2
2
1
2
1
2
2
2
1
2
1
2
2
2
2
2
2
2
2
2
19828057632
2
2
1
1
1
2
2
2
2
1
1
2
2
2
2
2
1
2
2
2
1
1
2
2
2
2
2
2
2
2
2
2
2
2
2
1
1
1
2
2
2
2
2
48937385914
2
1
2
2
1
2
1
1
1
1
2
1
2
2
2
2
2
2
1
2
1
2
2
2
1
2
2
1
2
2
2
2
2
2
2
2
2
2
2
2
2
2
2
1
2
2
2
2
2
2
1
1
2
1
2
2
93027595678
2
2
2
2
2
2
2
2
2
2
2
2
2
2
2
2
1
1
2
2
2
1
2
2
2
2
2
1
2
2
2
2
1
99040716257
2
1
2
2
2
2
2
2
2
2
2
1
2
1
2
1
2
1
2
2
1
2
1
1
2
2
2
2
2
2
1
1
2
2
2
1
2
2
19007651495
2
25220279558
2
1
2
2
2
2
2
2
1
2
2
1
2
2
1
2
1
2
2
2
2
2
2
2
2
1
1
2
2
2
1
2
2
2
2
2
2
2
1
2
2
1
2
2
2
2
1
2
2
2
2
37994326973
2
2
2
1
2
2
1
1
2
2
1
2
2
2
2
1
2
2
2
1
2
2
2
2
2
2
1
2
2
2
2
2
2
1
1
2
2
2
2
2
1
2
1
2
2
2
2
2
1
2
2
2
2
1
2
2
2
2
2
2
2
2
1
2
2
1
60605778844
2
2
2
2
2
2
1
2
2
2
2
2
2
2
1
2
2
2
2
2
2
2
2
2
2
2
2
1
2
1
1
2
2
2
2
2
2
2
1
2
2
2
2
2
1
1
2
2
2
1
2
2
2
1
2
2
2
2
2
1
2
2
1
1
2
30476759092
1
2
2
2
2
2
2
2
1
2
1
2
2
1
1
2
2
1
1
2
2
2
2
2
2
2
2
1
2
2
2
2
2
2
2
2
2
2
2
2
2
2
2
2
2
2
2
1
2
2
2
2
1
2
2
2
2
2
2
2
2
2
98757336400
2
2
2
2
1
2
2
2
2
1
2
1
2
2
2
1
2
2
2
2
2
2
2
1
1
2
1
2
2
1
2
2
2
2
2
1
2
1
2
2
2
2
2
2
2
2
2
2
1
2
1
2
2
2815796797
2
2
2
2
2
2
1
2
1
2
2
2
2
1
2
1
2
2
2
1
1
2
2
2
82461419469
1
1
1
1
1
1
2
1
2
2
1
1
1
2
2
2
2
2
2
2
1
2
1
1
1
2
2
2
2
2
2
2
2
1
1
2
2
2
2
2
2
2
1
2
2
2
1
1
2
1
2
2
2
1
2
2
2
2
1
2
2
2
2
2
2
2
2
2
2
1
1
2
1
2
1
2
2
2
4333892001
2
2
2
1
2
2
2
1
2
2
2
1
1
2
2
2
1
2
2
2
2
2
2
2
2
2
2
2
2
1
2
2
2
2
2
2
2
1
2
2
2
2
2
2
2
2
1
2
2
1
1
1
2
1
2
1
2
2
1
2
2
2
2
1
2
2
2
2
2
2
2
1
2
2
1
1
2
2
2
2
2
2
2
2
2
2
2
2
2
2
2
2
2
2
2
2
95962199431
1
2
2
1
2
2
2
1
2
2
1
2
1
2
2
2
2
2
1
2
2
2
2
2
2
1
2
2
2
2
1
2
2
2
2
2
2
1
2
1
2
2
2
1
2
2
2
2
2
46500096506
2
2
2
1
2
1
2
2
2
1
1
2
2
2
2
2
2
2
2
1
2
2
2
2
2
1
2
1
57674470873
1
31475318365
1
2
2
2
2
2
1
2
1
1
1
2
1
2
2
2
2
2
1
61325730729
2
1
2
2
2
2
2
1
2
2
2
2
2
1
2
2
2
2
1
2
1
2
2
1
2
2
2
2
78901652147
2
2
2
2
2
2
2
2
2
2
2
1
2
2
1
2
1
2
2
2
2
2
2
2
2
2
1
2
2
2
2
2
1
1
2
2
2
9656253273
2
2
2
2
2
2
2
2
2
2
1
2
1
2
2
2
2
2
2
2
2
2
1
2
2
2
2
1
2
2
2
2
2
2
2
1
2
2
2
1
2
1
2
2
2
2
2
2
2
2
37871707113
2
2
2
2
2
2
2
2
2
1
2
1
2
2
2
2
1
2
30778260430
1
2
2
2
1
2
2
2
2
2
2
2
2
2
1
2
2
1
2
2
2
2
2
2
2
1
1
1
1
2
2
2
1
2
2
2
2
1
2
2
2
2
1
1
2
2
1
1
2
2
2
2
2
2
1
2
1
2
2
2
2
1
2
2
2
1
1
2
2
2
2
2
1
2
2
1
1
2
2
2
2
13976416264
2
2
1
2
2
2
2
2
2
2
2
2
2
1
2
1
2
2
1
2
2
1
2
2
1
2
2
2
2
1
1
2
2
2
2
2
1
1
1
2
2
2
2
2
2
1
2
2
1
2
2
2
2
1
2
2
2
2
1
2
2
1
2
2
2
1
2
2
2
2
2
2
2
2
2
2
2
2
2
2
11966725319
1
2
2
2
2
2
2
2
2
2
2
2
2
2
2
2
2
2
1
2
2
1
2
2
2
2
2
1
2
1
2
2
2
2
2
2
2
1
2
2
1
1
2
1
2
2
1
1
2
2
1
2
2
2
1
2
2
2
2
2
2
2
1
2
2
1
1
2
2
2
2
1
1
1
2
2
1
2
2
1
1
1
1
1
7586934496
2
1
1
2
2
2
2
2
1
1
2
2
2
2
2
2
2
2
2
2
2
2
2
2
1
2
1
2
2
2
1
2
2
2
2
2
2
2
1
1
1
2
2
2
2
2
2
2
2
1
1
2
2
2
2
2
87555243747
2
2
2
1
1
2
1
2
2
2
2
1
2
1
2
1
1
2
50053114471
2
1
2
1
1
2
2
2
2
2
2
1
1
2
1
2
2
2
2
2
1
2
2
2
2
2
2
2
22109287792
2
2
1
1
1
1
2
2
2
2
1
2
2
2
2
1
2
1
1
2
2
1
2
2
2
2
2
2
2
1
2
2
2
2
2
2
2
2
1
1
2
2
2
1
2
2
1
2
1
2
2
1
1
2
2
1
2
1
2
2
2
2
2
2
2
2
2
71432331837
2
2
2
2
1
1
2
2
2
2
13629420097
2
2
2
1
2
2
2
2
2
1
2
1
2
1
2
2
1
2
2
2
2
2
2
2
2
2
2
10328684586
2
2
2
2
2
2
2
2
2
2
2
1
2
2
1
1
1
2
2
1
2
2
2
1
2
2
2
2
2
33087095346
1
2
2
2
2
2
1
2
2
81943937029
2
2
1
2
1
2
2
1
1
2
2
1
1
1
2
1
2
2
2
2
2
2
2
1
54036627971
2
2
1
2
2
2
2
2
2
2
2
2
1
2
2
2
1
1
1
1
1
2
2
2
2
2
2
2
2
2
2
2
2
2
2
2
2
22575994839
1
2
2
1
2
1
2
1
2
2
2
2
2
2
17465791196
2
2
1
2
2
2
2
2
2
1
1
2
2
1
2
2
2
1
1
2
2
2
2
2
2
2
1
2
2
2
2
2
2
2
2
2
1
2
1
2
1
2
2
2
1
2
2
1
1
1115364535
1
2
1
2
2
2
2
2
2
1
2
2
1
2
2
2
2
2
55037139096
2
1
2
2
2
2
2
2
2
2
2
2
2
2
1
2
1
1
2
2
2
2
1
2
1
2
1
2
2
2
2
2
2
2
2
2
2
2
2
2
1
2
2
2
1
37278320112
2
73333509321
2
2
1
2
2
2
2
1
2
2
2
2
2
1
2
1
17354730215
2
2
2
2
2
2
2
2
2
2
1
2
2
2
2
2
1
2
2
2
2
2
2
2
2
1
2
2
2
1
1
1
2
2
2
2
2
2
1
1
2
1
2
2
96229388376
2
2
2
1
2
2
1
2
2
1
1
2
2
2
2
2
2
1
1
2
2
2
2
2
2
2
1
2
2
2
1
2
1
2
2
2
1
2
2
1
1
2
2
2
2
2
1
2
2
2
2
1
2
1
2
2
2
2
2
2
1
2
2
2
2
40171153044
2
1
1
2
1
1
2
2
2
2
2
2
2
2
2
2
2
2
1
1
1
2
2
2
2
2
2
2
1
2
2
2
1
2
2
2
2
1
2
2
22381407870
2
2
2
2
2
2
2
1
2
2
2
2
2
2
2
2
2
2
2
2
2
2
1
2
1
2
2
1
2
2
2
2
67824378271
2
2
2
2
2
1
2
2
2
2
1
2
2
2
2
2
2
2
1
1
2
2
2
1
2
1
2
2
2
2
1
2
2
2
2
1
1
56044974576
1
96718237604
1
2
2
2
2
1
1
2
2
2
2
2
1
2
2
2
2
2
1
2
1
2
2
2
1
1
1
2
2
2
2
2
1
1
2
2
2
2
58197200543
1
1
2
2
2
1
1
1
2
2
2
1
1
1
2
1
1
2
2
1
1
2
2
2
2
2
2
2
1
1
2
1
2
1
2
2
2
54335170069
1
2
2
1
2
2
2
2
1
2
1
2
25042017371
2
2
1
2
2
1
2
2
2
2
2
2
2
2
2
2
1
1
2
1
78173309469
1
2
2
2
2
2
2
2
2
2
2
1
2
2
2
2
1
2
1
1
2
2
2
2
2
2
2
2
2
2
2
2
1
2
1
2
2
2
2
2
2
2
2
2
2
1
2
2
2
2
2
1
2
2
2
2
1
2
2
1
1
1
2
1
2
2
2
2
50426693247
2
1
2
2
1
2
1
2
2
2
2
1
2
2
2
1
2
1
2
2
1
2
2
2
2
1
2
1
2
2
2
2
2
1
1
2
2
2
2
2
2
2
2
1
1
1
31856843658
71927468412
2
2
2
1
2
2
1
2
2
2
2
2
2
2
2
2
2
2
2
2
2
1
2
59236688432
1
1
2
2
2
1
1
48553312681
2
1
2
1
2
2
2
2
1
2
2
2
1
2
2
2
2
2
1
2
2
2
51281472236
2
1
2
2
2
2
2
1
2
2
2
2
2
2
2
2
2
1
1
2
2
2
1
1
2
2
2
2
2
2
2
86588338960
2
2
1
2
2
2
2
2
2
2
2
2
2
2
2
1
1
2
1
31511388719
2
2
2
2
1
2
2
1
1
1
2
1
2
2
2
1
2
1
2
1
1
2
1
1
1
2
1
2
81696568011
2
5648369918
2
1
1
1
1
2
2
2
2
2
2
2
2
2
2
2
2
2
1
2
2
2
2
2
1
1
2
2
1
2
2
2
1
4379207285
2
2
2
2
2
1
1
2
1
2
2
2
1
2
2
2
1
1
2
2
2
1
2
86656610426
2
2
2
1
2
2
1
2
2
2
2
2
2
2
2
2
2
2
2
1
2
2
2
2
2
2
1
2
2
2
1
2
2
2
30541568155
1
2
2
2
2
1
2
1
2
2
2
2
2
2
2
2
1
2
2
2
2
2
2
2
1
2
2
2
2
2
1
2
1
1
2
1
1
1
2
75762927709
2
2
2
2
2
2
2
2
2
1
2
2
2
1
2
2
2
1
2
2
1
2
2
2
2
2
2
2
2
2
1
2
2
2
2
1
1
2
1
2
1
2
2
1
1
1
2
2
1
2
2
1
1
2
2
2
2
1
2
1
2
1
1
2
1
2
1
1
9358140346
1
2
2
2
2
1
1
2
63581515120
2
2
2
2
2
2
2
2
1
27949557175
1
2
1
2
2
1
55947090559
2
2
2
2
2
2
1
2
2
2
2
1
96748586939
1
2
2
2
2
2
1
1
2
2
2
2
1
2
2
2
1
2
1
2
2
2
2
2
2
2
2
2
1
2
2
2
1
1
2
1
2
2
2
1
2
2
2
2
2
1
2
1
2
1
2
1
1
1
1
2
2
2
2
2
2
1
2
1
2
1
2
2
1
2
1
2
2
2
2
2
2
2
2
2
2
2
1
2
2
2
2
2
1
2
2
2
2
1
2
2
1
2
2
2
2
2
2
2
2
2
2
1
2
2
2
2
2
2
2
2
2
1
2
2
2
2
2
2
2
1
1
1
2
2
1
1
2
2
2
2
2
1
2
2
2
2
1
79148512252
2
2
1
1
1
2
1
2
2
2
2
1
2
2
2
2
82890617802
2
1
2
1
1
2
23301523853
1
2
2
2
2
2
2
1
2
2
2
2
2
2
1
2
2
1
2
2
2
2
1
1
1
1
2
1
1
2
2
2
1
2
2
2
2
88796008935
2
1
1
2
1
1
1
2
93603215583
1
2
90118687749
2
2
2
1
2
2
2
2
2
1
2
1
2
2
2
2
2
2
1
2
1
2
2
2
2
2
2
2
2
2
2
2
2
2
2
2
17225588298
2
2
1
2
2
2
2
2
2
2
2
1
2
1
2
1
1
93743533235
1
2
1
2
2
2
2
2
2
2
2
1
1
1
2
1
2
2
1
2
2
2
2
2
2
2
1
2
2
2
1
70695506388
2
2
2
1
1
2
1
2
2
2
2
1
2
2
2
2
1
2
2
2
1
2
1
2
2
2
2
2
2
1
2
2
1
2
1
1
2
2
2
2
2
2
2
2
2
1
2
2
1
2
2
2
2
2
2
2
2
2
2
1
1
2
2
1
2
2
2
2
2
1
59205812882
2
1
1
1
2
2
2
1
1
2
2
1
2
2
17514785087
2
2
2
2
2
2
1
2
1
2
2
2
2
2
2
1
2
2
2
2
1
2
1
2
2
2
1
2
2
2
2
1
2
2
2
1
2
2
2
2
2
2
2
2
2
1
1
2
2
2
2
2
1
2
2
2
2
1
2
2
98641128021
2
2
2
2
2
2
1
2
2
1
1
2
2
57098634823
1
1
2
2
2
2
2
2
2
2
2
2
2
1
2
1
92900248649
2
2
2
2
2
2
2
2
2
1
2
1
2
2
81673348895
2
1
1
2260218932
2
2
2
2
2
2
1
2
2
1
2
2
2
2
2
1
2
1
2
2
1
2
2
2
2
2
1
2
2
2
59261880634
2
2
2
2
2
2
2
2
1
1
2
1
1
2
1
2
1
2
2
1
2
1
19863655583
2
2
2
2
1
1
2
2
2
91024070817
2
1
2
2
1
2
2
2
2
2
2
2
2
1
1
2
1
2
2
2
2
92295088681
2
2
2
1
2
80826594444
1
2
2
1
1
2
2
2
2
2
2
2
2
1
2
2
2
2
1
1
2
2
2
1
2
1
2
2
1
1
2
2
2
2
2
1
1
51049834657
26298211996
2
2
2
2
2
2
61652580158
2
2
1
2
1
2
2
1
2
1
2
2
2
2
1
1
2
1
2
1
2
2
2
1
2
2
86104771909
2
1
2
2
2
2
2
2
99320847390
1
2
2
2
1
1
2
1
2
1
2
2
2
1
1
2
2
2
2
2
70817056125
2
2
1
1
2
2
1
1
2
2
2
2
2
1
1
1
2
2
2
1
2
2
1
1
2
2
1
2
1
2
2
2
2
2
2
1
1
2
1
2
2
2
1
1
2
2
2
2
2
1
2
2
1
2
1
2
2
72631070286
2
2
2
2
2
2
2
1
2
2
1
1
1
88344755633
2
2
2
1
2
2
2
2
2
2
2
2
2
2
1
2
2
2
2
2
2
2
1
2
2
2
2
11222947952
2
2
2
1
2
2
2
1
2
1
2
1
2
2
2
1
1
1
2
2
2
2
16713546371
2
1
2
2
1
1
1
2
2
2
1
2
2
2
2
2
1
2
2
2
2
1
2
2
2
2
2
2
2
2
2
2
2
1
2
1
2
2
2
2
2
2
2
2
1
1
2
2
2
2
2
1
1
2
1
2
1
1
1
2
1
2
2
2
1
2
2
1
2
2
2
2
2
2
2
44296429890
2
62309338009
2
2
2
1
2
2
2
2
1
88087996555
2
1
2
2
2
2
2
1
2
1
1
2
2
1
2
2
2
1
1
2
2
2
2
1
1
2
1
2
2
2
2
2
2
2
2
1
2
2
1
2
2
2
2
2
2
2
2
2
2
1
2
2
2
2
1
2
1
1
2
2
1
1
2
2
1
1
2
2
2
2
2
2
1
2
2
2
2
2
1
2
1
59100864661
2
2
1
2
2
2
2
2
2
2
2
1
2
2
2
1
2
2
2
1
1
2
2
2
2
1
1
1
2
1
2
2
1
1
2
2
2
2
1
1
2
1
2
2
2
2
2
2
2
2
2
1
2
2
2
2
2
2
2
2
2
1
1
2
2
2
1
2
2
23442539812
2
2
2
1
1
2
2
2
2
2
2
1
1
2
2
2
2
1
2
2
2
1
2
2
2
1
2
2
2
2
2
2
2
2
13025661610
1
2
2
1
2
2
2
2
2
2
2
2
2
2
1
2
1
1
2
2
2
1
37872394044
1
2
2
2
2
1
1
2
2
2
2
2
2
33693638030
2
2
1
2
1
2
2
2
1
2
1
2
2
2
2
2
2
1
2
2
1
1
2
2
2
2
2
2
2
2
2
2
2
2
2
2
2
2
2
2
2
1
2
2
2
2
2
2
2
1
1
1
1
1
2
2
2
1
2
2
2
14592391026
1
1
2
2
1
2
2
2
2
2
2
2
1
1
2
2
2
2
1
2
2
2
2
2
2
2
2
2
2
2
2
1
2
2
1
2
2
2
2
2
2
2
1
1
2
2
2
2
1
1
2
1
26279586902
2
1
2
2
2
2
2
2
2
1
1
1
2
2
2
2
2
2
2
2
2
2
2
2
2
2
2
1
1
2
2
2
1
1
2
2
2
1
2
1
2
1
2
2
2
2
2
2
1
2
2
2
49591695605
2
2
2
2
2
2
2
1
1
1
2
2
45437152900
3918599439
2
1
1
2
1
2
2
2
1
2
2
2
2
1
2
1
1
2
2
1
2
2
2
2
2
1
1
2
2
2
2
852809613
2
2
2
2
2
2
2
1
2
1
2
2
2
2
2
2
2
2
1
1
2
2
2
1
2
2
40037120579
2
2
2
2
2
2
2
1
1
2
1
2
84214317560
2
2
2
63575090165
2
1
2
1
2
1
7638649569
83776561518
2
1
2
1
1
1
2
1
2
2
2
2
1
2
1
2
2
1
1
1
1
1
1
1
2
2
2
2
2
2
2
1
2
2
2
2
1
2
2
2
2
2
1
2
2
2
2
2
1
2
2
2
2
2
2
2
2
2
1
2
2
1
2
2
2
2
2
2
47106075119
2
1
2
2
2
2
1
31945225901
2
2
2
2
2
2
2
1
1
2
1
2
2
1
2
1
2
2
2
2
2
2
2
2
1
39184428828
2
2
2
1
2
2
1
2
2
1
2
1
1
2
2
2
1
2
2
1
1
2
2
1
2
2
2
2
2
2
2
2
2
1
2
2
2
2
2
2
2
2
2
2
2
2
2
2
1
2
2
2
1
2
2
2
2
1
2
1
2
2
1
1
2
2
2
1
1
1
2
2
2
2
2
1
2
2
1
2
2
1
2
2
2
2
1
2
1
2
1
2
2
2
2
2
2
2
2
1
2
2
1
2
2
2
1
2
2
2
2
2
2
2
1
1
2
1
2
2
1
2
2
2
2
1
2
2
2
2
2
2
2
2
1
2
2
2
1
2
1
2
2
2
2
2
2
2
2
2
2
2
2
2
1
1558842856
2
65046995262
2
2
2
1
1
2
2
1
1
2
2
2
2
2
1
2
1
2
2
2
2
2
2
1
2
2
2
2
2
2
2
2
2
2
2
2
41474134947
1
2
2
2
2
2
2
2
1
2
1
2
2
1
2
2
2
2
2
1
2
1
2
1
2
1
2
2
1
1
2
2
1
1
2
2
1
2
2
2
2
2
2
2
2
1
2
2
1
2
2
1
1
2
1
2
2
2
1
2
2
2
1
2
2
2
2
2
2
2
2
2
2
2
1
2
2
2
1
1
2
1
1
2
2
1
2
2
2
2
2
1
2
2
2
2
2
1
74573928336
2
2
2
1
1
1
2
2
1
2
2
2
2
2
1
2
2
1
2
2
2
2
2
2
2
1
2
2
1
2
12002202847
2
2
2
2
1
45123125588
1
1
1
2
2
1
2
1
87231673545
2
2
2
2
1
2
2
2
2
2
2
2
2
58393348594
2
2
2
2
2
2
2
2
2
2
2
1
2
2
2
1
2
2
1
2
2
2
2
2
1
2
2
2
2
2
2
2
2
2
2
2
2
2
2
2
2
2
2
1
2
2
2
2
2
2
2
1
2
1
2
2
1
52420863061
2
2
1
2
2
2
2
2
2
1
1
2
2
2
2
2
2
2
2
2
2
2
2
2
2
2
2
2
2
2
2
1
2
1
2
2
2
2
2
2
2
2
2
2
2
2
2
2
1
2
1
2
1
2
2
2
1
1
2
99359996960
2
2
2
1
2
2
2
2
2
2
1
2
1
2
2
2
1
2
1
1
2
2
1
2
2
2
2
70375088706
2
1
2
83721791974
2
2
2
2
2
2
2
2
2
2
2
1
2
2
2
2
2
2
2
2
2
2
2
2
2
2
1
2
2
2
2
2
2
2
2
2
2
1
2
2
2
1
2
2
1
2
2
95704263378
2
2
1
1
2
1
2
2
2
2
2
2
2
2
2
2
2
2
2
2
2
1
1
2
1
2
86284605432
2
2
1
2
2
2
2
2
2
2
2
2
1
2
2
2
1
2
39303730885
2
2
2
2
2
1
2
2
2
2
2
2
1
2
2
1
2
1
1
2
2
1
2
2
2
1
2
2
2
2
2
1
2
2
2
2
2
1
2
830277059
82152328684
1
2
2
2
2
2
2
2
2
2
2
2
1
2
2
2
1
2
2
2
2
2
1
2
1
2
2
2
2
2
1
2
2
2
1
2
2
1
2
1
1
2
1
1
2
2
2
2
2
2
1
1
2
1
1
2
1
2
2
2
2
1
2
1
2
1
2
2
1
1
81398407902
2
2
1
2
48657652205
2
2
2
2
1
2
2
2
1
2
2
2
2
2
2
2
2
2
2
2
2
2
2
1
2
2
1
2
2
2
2
2
2
1
2
1
2
2
2
2
2
2
2
2
1
2
2
2
1
2
2
2
2
2
1
2
2
2
2
1
2
1
2
2
1
1
2
2
2
2
2
2
2
1
2
2
2
2
2
2
1
1
1
2
2
1
2
2
2
2
2
1
2
2
1
2
2
1
2
2
2
2
2
1
2
2
2
1
1
2
2
2
1
1
1
1
2
2
1
1
2
2
1
1
2
2
2
2
2
1
72262713327
1
2
2
2
2
2
1
2
2
2
2
2
2
2
2
1
2
1
2
2
2
1
2
2
2
2
2
1
2
2
1
2
2
1
1
2
2
2
2
2
2
1
2
2
1
2
2
1
2
50119664493
2
1
76511984061
2
1
2
2
2
2
1
2
2
2
1
2
2
2
1
2
2
2
2
2
38779326789
2
2
1
1
1
2
2
2
2
65680818552
2
1
1
2
1
1
2
2
2
2
2
2
1
2
2
2
2
1
2
2
2
2
2
1
1
2
2
2
1
2
1
1
1
2
2
2
2
2
2
2
1
1
2
1
2
1
1
1
1
2
2
2
1
2
2
2
2
2
1
2
2
1
1
2
1
1
1
2
2
1
2
1
2
2
2
1
1
79641596671
2
1
2
2
14599529074
1
2
2
2
2
2
2
2
2
89000639244
2
2
2
1
1
2
2
2
2
2
2
2
2
2
2
2
2
2
1
2
2
2
2
2
1
1
2
2
2
2
2
2
1
3792448022
2
1
2
1
1
2
2
2
2
2
2
2
1
2
2
1
2
2
2
2
2
2
2
2
2
2
2
2
2
2
1
2
1
2
2
2
2
1
1
2
1
1
2
1
2
2
1
2
2
2
2
2
1
1
2
2
1
2
2
2
1
2
2
2
2
2
2
2
1
2
2
2
2
2
2
1
2
1
2
2
2
1
2
2
2
1
2
2
2
1
2
2
2
2
2
1
21955699173
1
2
2
1
1
2
2
2
2
2
2
1
1
1
1
2
2
1
2
2
2
2
2
1
1
2
1
2
1
1
2
1
2
1
1
1
2
1
2
2
2
2
2
1
2
2
1
2
2
11166782457
2
1
2
1
1
88143293142
2
1
1
2
2
1
2
2
2
2
2
2
2
2
2
2
2
2
2
2
2
2
2
2
1
2
2
2
2
1
2
2
2
2
2
2
2
2
2
2
2
2
2
2
1
1
2
1
2
2
2
1
2
1
2
2
1
2
2
2
1
1
2
2
1
2
2
2
2
1
1
31690142688
1
1
2
2
2
1
2
2
2
2
2
2
2
2
2
2
2
2
1
1
2
2
88737182180
2
2
2
1
2
2
2
2
2
2
2
2
2
2
1
1
1
2
2
1
2
1
2
2
2
1
2
1
2
2
2
1
2
2
2
1
2
1
2
2
2
2
2
1
2
2
2
2
1
1
1
1
2
67339364116
2
2
2
37567300697
2
1
2
2
1
2
2
1
2
2
1
2
2
1
1
2
2
2
2
1
2
2
1
2
2
2
1
2
2
2
2
2
2
2
1
2
1
2
1
1
2
2
1
2
2
2
2
2
2
2
2
1
2
2
31486678939
1
1
2
2
2
2
2
1
1
2
2
2
2
2
1
1
2
1
2
2
2
2
1
2
2
2
2
2
2
2
1
2
1
2
2
2
2
2
2
75506523806
2
2
2
2
2
1
2
2
1
2
2
2
2
1
2
2
2
2
2
2
2
2
2
2
1
2
2
1
2
2
1
2
2
2
2
2
2
2
2
2
2
2
2
2
1
2
2
2
1
1
1
1
2
2
2
2
2
1
2
2
2
1
2
2
2
2
2
2
2
2
1
2
2
2
2
2
1
2
2
1
2
2
2
2
89598142767
2
2
2
2
1
2
2
2
2
2
27741383773
2
1
2
1
2
2
2
2
2
2
2
1
2
2
2
2
1
2
1
2
2
1
2
2
2
2
1
2
1
2
97746172406
2
1
1
1
2
2
2
2
1
1
2
1
79177004941
2
1
2
1
2
2
2
2
1
1
2
1
2
2
2
2
2
2
2
2
2
2
2
2
2
2
2
1
2
2
2
2
2
1
2
2
2
2
1
1
1
1
2
2
2
1
2
2
1
1
2
1
2
2
1
2
2
2
2
2
2
2
2
1
1
2
2
2
1
2
1
2
2
1
2
67554102284
2
1
2
2
2
2
1
2
2
2
2
2
2
2
2
2
1
2
2
2
2
2
2
1
2
1
2
1
2
2
1
2
2
1
2
2
1
2
2
2
2
2
2
2
2
2
2
1
2
2
2
2
2
1
1
1
1
1
2
2
2
1
1
2
2
2
2
2
2
2
2
2
2
2
2
2
2
2
1
1
2
2
2
2
2
2
2
1
1
1
2
1
2
2
52687430953
2
2
2
2
2
2
2
2
2
2
25537128834
1
2
2
2
1
2
1
2
2
1
2
1
2
2
2
2
2
2
1
2
1
1
2
1
2
1
1
1
2
2
2
1
2
2
2
2
1
1
1
2
2
2
11645375137
2
2
2
2
1
2
2
2
2
2
2
1
1
2
2
2
2
2
2
2
2
2
2
2
2
2
1
2
2
2
2
2
2
2
1
2
2
2
1
2
1
1
2
2
2
1
2
2
2
2
2
2
1
2
1
2
2
1
1
2
2
2
2
2
1
1
2
2
2
2
2
2
2
1
2
80891279096
2
2
1
2
1
2
1
2
1
2
1
2
2
1
2
2
2
2
2
2
2
1
1
2
66691255954
2
2
1
1
2
2
2
2
2
1
2
2
1
1
2
1
2
2
2
1
2
2
2
2
2
2
2
2
2
2
39752284031
1
2
1
2
2
2
3241818552
2
2
2
1
1
1
2
2
2
2
1
1
2
1
2
1
2
1
2
2
2
1
2
2
1
2
2
1
2
1
2
1
2
2
1
1
2
1
2
1
1
2
2
2
2
2
1
2
2
2
2
2
2
2
2
2
1
38223345088
2
93459065562
2
72727651717
2
2
1
2
2
1
1
1
75318399304
2
2
2
2
2
2
2
2
2
1
1
2
2
2
2
2
2
1
2
2
2
1
2
2
2
2
2
2
2
1
2
2
2
1
2
2
1
1
2
2
2
2
1
92043379837
1
2
2
2
1
2
2
2
2
2
70763096697
2
2
2
2
2
1
2
79092989304
1
1
2
2
2
2
2
1
1
1
49579916108
2
2
2
1
1
2
1
1
2
2
2
2
2
2
1
1
1
2
2
2
2
2
2
2
2
2
2
2
2
2
1
2
1
2
2
2
2
2
22438135588
1
2
2
15287128733
1
2
1
1
2
2
2
1
2
1
2
2
2
2
2
2
1
2
2
2
1
1
2
2
1
1
2
2
2
1
2
1
1
2
2
2
1
2
2
2
1
2
2
2
1
1
2
2
2
1
2
2
1
2
1
2
2
2
2
2
2
1
2
1
1
1
2
2
2
1
2
2
2
1
2
2
2
2
2
2
1
32804274495
2
2
2
2
1
1
2
2
2
2
2
2
1
1
2
2
2
1
1
1
2
2
2
1
2
2
2
2
1
50864980159
2
2
2
1
1
1
2
2
2
1
2
1
2
1
2
2
2
2
1
2
2
1
2
2
2
2
2
2
2
2
2
2
1
2
2
1
2
2
1
2
2
2
2
2
2
2
2
2
2
1
2
2
2
2
1
2
2
2
2
2
2
2
2
2
2
1
2
2
2
2
9161678296
1
2
2
1
2
2
2
1
2
1
2
2
1
2
2
1
2
1
2
1
1
1
2
1
2
2
2
2
2
2
2
1
1
2
1
2
2
2
2
2
2
2
2
70901959962
2
2
2
2
1
2
1
2
2
1
1
2
33073905361
1
1
2
2
1
2
2
2
1
2
2
2
1
1
1
2
2
2
1
1
2
1
2
2
1
2
2
1
2
2
2
2
2
2
2
2
2
2
35170426843
2
1
2
2
1
2
2
2
2
2
2
2
2
2
2
2
2
2
2
2
2
2
2
2
2
1
2
2
1
1
1
2
2
2
2
2
2
3671600732
2
2
2
2
1
1
2
2
2
1
2
2
1
1
2
2
2
2
1
2
2
2
1
2
1
2
2
2
2
1
2
2
2
2
2
2
1
2
1
2
2
2
1
2
2
1
2
1
2
2
2
2
2
2
1
2
2
1
1
3688952122
2
2
1
2
2
2
2
1
1
2
2
2
79004524552
1
2
2
2
2
2
1
2
2
1
1
2
2
1
2
1
2
1
2
2
30223592775
2
2
2
16498361165
2
2
2
2
1
2
2
2
2
2
2
2
2
2
2
1
2
2
2
2
2
2
2
2
1
1
1
1
2
2
1
1
2
2
1
2
1
81152932912
1
2
1
1
2
2
2
1
2
2
1
2
1
2
2
2
2
2
1
2
2
2
1
2
2
2
2
2
2
2
2
2
2
2
2
1
2
2
2
1
2
2
2
2
2
2
2
2
1
2
2
2
2
1
2
1
2
46534936579
2
1
1
2
2
2
1
2
2
2
2
1
2
2
2
2
2
2
2
1
2
2
1
1
1
2
2
2
2
2
1009477273
1
2
2
2
2
2
2
1
2
2
1
2
1
1
2
2
2
2
2
2
2
1
2
2
2
2
1
2
2
24326179026
1
2
1
2
1
2
2
2
1
2995705247
2
2
2
2
2
2
2
2
2
2
2
2
1
1
54823734524
2
2
2
1
2
2
1
2
1
2
2
2
1
2
2
2
1
2
2
1
1
1
2
2
2
2
2
2
2
2
2
2
1
2
2
8846972551
2
1
1
81020352433
2
2
2
1
2
2
1
2
2
2
2
1
27328373948
1
2
2
2
2
2
2
1
2
1
2
1
1
2
2
2
64801463752
2
2
2
2
2
1
1
1
2
2
2
2
2
97410064673
1
2
2
2
1
2
2
2
2
2
2
1
1
1
2
1
2
2
1
2
19900937173
2
2
2
1
2
2
2
47242365447
2
1
2
2
1
2
1
2
2
2
2
2
1
2
1
2
2
2
1
2
2
2
1
2
2
2
2
1
2
1
2
2
1
2
2
2
2
2
2
1
1
2
1
2
1
2
1
2
2
1
2
1
2
2
2
2
2
2
1
2
2
2
2
2
2
1
2
2
2
2
2
2
2
2
2
2
1
2
1
1
2
2
2
1
2
2
2
1
2
1
2
1
1
2
1
1
1
2
2
4124963095
38644074023
2
1
1
2
1
2
2
2
2
2
2
2
1
2
2
2
2
2
2
2
2
2
2
1
2
1
2
1
1
1
2
1
2
2
2
2
2
2
2
2
2
1
2
1
2
2
2
1
1
2
25873025039
1070226960
2
2
2
2
1
1
2
2
2
2
2
2
2
2
2
2
1
2
2
2
2
2
2
2
2
2
1
2
2
2
1
2
2
2
2
2
2
2
2
1
2
2
1
1
1
2
2
2
2
1
2
2
2
2
2
1
2
1
2
2
2
2
2
2
1
44978905809
1
2
2
2
2
2
2
2
1
2
2
2
2
2
1
2
2
2
2
1
25535447803
1
2
2
1
21275574147
2
2
2
2
1
2
27660812195
1
2
1
2
2
2
2
1
2
2
1
2
1
1
2
2
2
2
2
2
2
2
2
1
2
2
2
1
2
1
1
2
1
1
2
2
29426988091
2
2
2
2
2
1
2
2
1
2
2
2
2
1
2
1
1
1
1
2
2
2
35180322510
2
1
1
2
2
2
2
2
1
1
1
2
1
2
1
2
2
2
2
1
2
2
2
2
1
2
2
2
2
2
1
1
1
1
2
1
2
2
2
2
1
2
2
2
2
2
2
1
2
2
2
2
2
2
2
2
2
2
2
1
2
2
2
2
43070088092
1
1
2
2
2
2
1
2
2
2
2
2
2
2
2
2
1
2
2
2
2
1
2
2
2
2
2
2
2
2
2
2
2
2
2
2
1
2
2
2
2
1
1
2
2
2
2
1
2
1
2
1
2
1
2
1
2
38790349241
1
2
2
2
2
2
2
2
2
2
2
1
2
1
1
2
2
2
2
2
1
2
1
2
2
2
2
2
2
2
40688241531
1
2
2
1
2
2
2
2
2
1
2
2
2
2
2
2
2
1
2
2
2
1
2
1
2
2
2
2
2
2
2
2
1
2
2
2
1
2
2
2
2
2
2
2
2
2
1
2
2
2
2
1
2
2
2
1
2
1
1
1
2
2
1
1
1
2
2
2
2
2
2
2
2
2
1
2
2
2
1
2
2
1
2
2
1
2
2
2
2
2
2
1
2
2
2
2
1
1
2
2
2
1
2
2
2
2
2
1
2
2
2
2
2
2
1
2
2
2
2
1
2
2
1
2
76214267209
1
2
2
2
1
2
1
2
83887293156
2
2
2
2
2
2
2
2
2
1
2
2
2
2
2
2
2
1
2
1
2
2
1
2
1
2
2
2
2
1
1
2
2
2
1
1
1
2
1
2
78492699539
2
1
2
1
2
1
2
25639060646
2
2
2
2
2
2
2
2
1
2
1
2
2
2
2
1
2
2
2
2
2
2
2
2
2
1
2
2
1
2
1
2
2
2
2
1
1
2
2
1
2
1
2
2
1
1
76371047669
2
2
2
1
2
1
2
2
2
2
1
2
2
2
1
2
2
2
2
2
2
2
2
2
2
2
2
2
2
2
1
1
2
2
2
2
2
2
2
2
1
2
2
1
2
2
1
1
1
2
2
2
1
2
2
1
1
2
2
1
2
2
2
2
2
2
2
2
2
2
1
1
2
2
1
2
2
2
2
2
2
1
2
2
2
2
2
2
2
2
2
1
2
2
1
2
1
2
2
2
2
2
2
1
1
2
1
1
2
1
2
2
1
2
2
2
1
2
2
1
2
2
1
1
2
2
2
2
2
2
2
1
2
1
1
2
2
2
2
2
2
2
1
1
2
2
1
2
2
2
2
2
2
2
2
2
2
2
2
2
2
2
2
2
1
2
2
2
2
2
2
2
2
2
2
2
2
1
1
2
2
2
2
2
2
2
1
2
1
2
2
2
1
2
2
2
1
2
1
2
2
2
2
2
2
2
2
2
2
2
2
2
1
1
2
2
2
2
1
2
2
2
2
2
2
2
2
2
1
2
2
2
4964894328
2
2
2
2
1
2
2
2
2
1
27410519825
2
2
15020069340
2
2
2
1
2
2
1
1
1
2
2
2
2
2
2
1
2
2
1
1
2
2
86925937261
1
1
2
2
2
99466621915
2
2
2
2
2
44221156165
54473004438
2
2
2
2
50962059257
2
2
2
1
1
2
2
1
2
2
2
2
2
2
1
2
1
1
2
2
1
2
2
2
2
1
2
1
2
2
2
2
2
1
1
2
2
2
2
2
2
2
1
2
2
2
1
2
2
2
2
2
2
98498497203
50702267625
2
2
1
2
2
2
1
2
1
2
2
2
1
2
2
2
2
1
2
2
2
2
1
2
2
2
2
2
2
2
8450408042
2
2
2
2
1
1
2
2
1
2
1
2
19897512052
1
2
2
2
38845468006
1
2
1
2
1
1
2
2
1
1
2
2
2
1
2
2
2
1
2
2
2
2
2
2
1
1
2
2
2
2
1
2
2
2
2
2
2
2
1
2
1
2
1
2
2
2
2
2
2
2
1
2
2
2
2
2
2
2
2
2
1
2
2
2
1
2
1
24822775583
2
2
2
2
2
2
2
1
2
2
2
2
1
2
1
2
2
1
1
2
2
35128497604
2
2
2
2
2
1
2
2
2
2
2
2
2
2
2
1
2
2
2
2
2
1
2
2
2
2
1
2
2
1
2
2
2
2
2
1
1
2
2
2
2
1
2
2
2
1
1
1
2
1
2
2
2
2
2
2
47719526802
1
2
2
2
2
2
2
2
1
2
2
1
1
2
58366854352
2
2
1
2
2
2
2
2
2
2
2
1
20407783098
2
2
2
2
2
1
2
2
1
2
2
1
2
2
2
1
2
2
2
2
1
1
2
2
2
2
1
1
2
2
1
2
2
1
1
2
1
2
1
1
2
2
2
5949987218
2
1
2
2
2
2
2
2
2
2
1
2
2
1
2
2
1
2
1
2
2
2
2
1
2
2
2
1
1
1
2
1
2
1
1
2
2
2
2
1
2
2
2
2
1
2
2
2
1
1
1
32804423543
65058697995
2
2
2
2
2
2
2
1
2
2
2
2
2
2
2
1
2
2
1
2
2
1
2
2
2
2
2
2
2
2
2
1
2
2
2
2
2
2
2
2
1
2
2
1
2
2
2
2
2
1
2
2
1
1
1
2
2
2
2
2
2
1
1
2
2
2
2
2
2
2
2
1
2
2
2
2
1
2
1
2
1
2
2
2
2
1
2
2
1
2
2
1
2
2
2
2
1
2
2
2
2
1
2
2
2
1
2
2
2
2
2
2
2
2
2
2
1
2
1
22039350077
54603180299
2
2
30154347485
1
1
1
1
2
2
1
2
2
2
2
2
2
2
1
2
1
1
2
2
2
1
2
2
2
2
1
2
2
2
2
2
2
2
1
2
1
2
2
2
1
2
2
1
2
2
2
2
26654384542
2
2
2
1
2
2
2
2
2
2
1
2
2
2
1
2
2
2
2
2
1
1
1
2
2
2
2
2
2
1
2
2
10575030359
2
1
2
1
2
2
1
1
1
2
2
2
2
2
2
2
2
1
2
2
2
1
2
2
2
2
1
2
2
2
2
1
2
2
2
2
2
2
2
1
2
2
2
2
2
2
2
2
1
2
2
1
2
2
2
2
1
1
2
1
1
2
1
2
2
2
2
2
2
2
2
2
2
2
1
2
1
2
2
1
2
1
2
2
2
2
2
1
2
2
2
2
2
2
2
1
2
38260649503
2
1
2
2
2
2
2
2
1
1
2
2
2
1
2
2
1
2
2
1
2
2
2
1
2
1
2
2
2
2
2
1
1
2
2
2
2
11456354598
2
2
1
2
2
2
2
2
12799547399
2
1
2
2
2
1
2
2
2
2
2
1
2
97112397333
1
2
2
2
2
2
2
2
1
2
1
2
2
1
2
1
1
1
1
1
2
1
2
2
1
2
2
2
2
2
2
2
2
2
2
2
1
1
2
2
1
2
2
2
1
2
2
1
2
2
1
2
2
2
2
2
2
2
2
2
1
2
2
2
2
2
2
2
2
1
2
1
1
2
1
1
1
2
2
1
2
2
1
2
1
2
2
2
2
2
1
1
2
2
2
1
2
2
2
1
2
2
2
2
2
2
1
2
2
2
2
2
1
2
2
1
2
2
78493401353
1
2
1
2
1
2
2
1
2
2
2
1
1
2
2
1
2
2
2
2
2
2
2
2
2
1
2
1
1
2
2
2
1
2
2
1
2
2
2
2
2
2
2
2
2
2
1
1
1
1
2
12554612616
2
2
1
1
2
2
1
1
1
2
2
1
1
1
2
2
37439873471
2
1
2
2
2
1
2
2
2
2
2
2
2
2
49495049681
1
2
2
1
2
2
2
8737966863
1
2
2
2
2
2
2
2
2
1
2
2
2
2
2
2
2
85717481666
2
2
1
1
2
2
1
2
2
2
2
2
2
2
2
2
2
2
1
2
2
2
1
2
2
2
2
2
2
2
10918158511
1
2
2
2
2
2
2
1
2
2
2
2
2
2
2
2
1
2
2
2
1
2
2
2
2
2
2
2
1
1
2
1
2
2
72874246711
2
1
2
2
1
2
1
2
2
2
1
2
1
2
2
2
46757481937
2
2
2
1
2
2
2
1
2
2
2
2
2
2
1
2
2
54221920237
2
2
1
2
2
2
1
2
2
2
2
2
1
1
1
2
2
1
2
2
2
1
2
2
2
1
2
2
2
2
2
2
2
2
2
2
1
1
2
1
2
2
2
1
1
2
2
2
2
2
1
2
93659742429
2
1
2
2
1
2
2
1
2
1
2
2
2
2
2
1
1
2
2
2
2
2
2
2
2
2
2
2
1
1
2
2
2
2
1
2
2
2
2
2
2
2
47943141154
2
2
64419912387
1
2
2
1
2
1
2
2
2
2
1
1
2
2
2
2
2
2
1
1
1
2
1
2
2
2
2
2
2
2
1
1
2
2
2
2
2
2
2
2
43790219519
2
2
2
2
2
1
1
2
2
2
1
1
2
2
2
2
2
1
1
2
1
2
2
2
2
2
2
1
2
2
2
2
2
2
2
1
2
1
2
2
1
1
1
2
98459237991
2
2
2
1
1
2
2
2
2
2
1
2
1
2
2
2
1
1
2
1
1
2
2
1
2
2
2
1
1
2
2
2
1
2
2
1
2
1
2
2
2
2
2
2
2
2
2
2
1
2
1
2
2
2
2
2
1
2
2
2
2
1
2
2
2
2
2
2
2
2
1
2
2
2
2
2
2
2
2
2
2
2
2
1
2
2
2
2
2
1
2
2
2
2
1
2
2
2
2
1
2
2
2
2
2
2
2
2
2
2
1
2
2
1
2
1
2
2
2
2
2
2
2
1
2
1
1
2
2
2
2
1
1
1
1
2
1
2
1
2
2
1
2
2
2
2
2
2
2
2
2
2
1
2
2
1
1
2
2
2
2
2
2
2
2
2
1
2
2
1
1
1
1
2
2
2
2
2
2
2
2
2
2
2
2
1
1
2
2
2
1
1
2
1
2
2
2
2
1
2
2
2
2
2
2
2
1
2
2
1
2
2
2
2
1
2
2
2
2
1
2
1
2
2
2
2
2
2
2
2
2
1
2
2
2
2
1
1
2
2
2
33372701660
1
2
2
2
2
2
2
2
2
2
2
1
2
2
1
1
2
1
2
1
2
1
1
2
2
2
2
2
2
2
1
2
1
1
2
2
2
1
1
2
2
2
1
2
87093435610
2
1
2
1
2
2
2
2
1
2
2
2
2
1
1
2
2
2
2
2
2
2
2
2
2
2
1
2
1
2
2
2
2
1
2
2
2
2
2
2
1
2
2
2
2
1
2
1
2
2
1
2
2
26528845346
2
2
1
1
2
33001864087
2
2
2
2
2
2
2
2
1
2
2
2
2
1
2
2
2
2
2
2
1
2
2
2
2
2
2
1
1
2
1
2
2
2
1
2
2
2
2
51128845659
2
2
2
2
1
1
1
2
2
2
2
2
2
2
1
2
1
2
1
1
2
2
2
2
1
2
2
2
2
2
2
2
1
1
2
2
2
2
2
2
2
1
2
1
1
1
1
2
1
2
1
1
2
1
1
2
2
2
2
2
1
1
2
1
2
2
2
2
2
2
2
2
2
2
2
2
2
1
2
1
2
2
2
1
2
2
2
2
2
2
2
1
2
2
2
2
1
2
2
2
2
2
1
2
2
2
2
1
2
1
1
2
1
2
2
2
2
1
2
2
2
2
2
2
2
2
2
2
2
2
2
2
2
2
2
1
2
2
1
2
2
1
1
1
2
2
2
2
1
1
2
2
2
2
2
2
1
1
1
2
2
2
1
2
2
2
2
1
2
2
2
2
2
2
1
2
1
2
2
2
2
2
2
1
2
2
2
2
1
2
2
2
2
2
2
1
2
2
2
2
2
2
1
1
2
1
2
2
2
2
2
1
2
1
2
1
2
1
2
2
1
2
2
2
2
2
2
2
2
2
2
1
1
2
2
2
1
2
2
2
1
2
2
2
2
2
2
1
1
1
2
2
2
1
2
1
2
2
1
2
2
2
1
2
2
2
2
2
2
2
1
2
2
2
2
1
2
2
2
2
1
2
2
2
2
2
2
2
1
2
2
38764344949
1
2
1
2
2
1
1
2
2
1
2
2
2
1
2
2
1
2
2
2
2
2
1
1
2
2
1
1
2
31234663139
2
2
1
2
2
2
2
2
2
2
1
2
2
2
2
1
2
1
1
2
2
2
2
1
2
2
2
2
2
2
2
2
2
1
2
2
2
2
1
2
1
1
1
2
1
2
2
2
2
2
2
2
1
2
2
2
2
2
2
2
1
2
2
2
2
1
2
2
1
2
2
1
2
2
2
2
2
2
2
2
2
2
1
2
2
2
2
2
2
2
2
2
2
1
2
2
1
2
1
2
2
2
2
2
2
2
2
2
2
1
2
2
2
2
2
2
1
2
2
2
2
2
2
2
1
2
47710461743
2
1
2
85625499743
2
1
2
2
2
2
2
2
2
2
2
2
2
2
1
2
2
2
2
2
2
1
2
1
2
1
2
2
53199106310
2
2
2
2
1
1
2
1
2
2
1
2
2
2
2
2
2
1
2
2
1
1
2
2
1
2
1
2
2
1
1
2
1
1
2
2
1
2
2
2
48738757752
2
2
2
1
2
1
2
1
2
2
2
1
1
1
2
1
1
43162051326
2
1
1
2
2
2
1
2
2
2
1
2
1
1
1
2
2
1
2
2
1
2
2
1
2
2
2
2
1
2
2
2
2
2
2
2
2
1
2
15866091408
2
2
2
2
2
2
2
1
2
2
53005271526
2
2
1
1
2
2
2
2
2
1
1
2
2
1
2
1
2
1
2
2
2
2
2
2
2
46401572264
2
1
2
2
1
2
1
2
1
2
2
2
2
2
2
2
2
1
2
2
2
2
2
2
2
1
2
2
2
2
1
2
2
2
1
2
2
1
2
2
1
2
2
2
2
2
2
2
2
2
2
2
2
2
2
2
1
2
2
2
2
2
1
2
2
2
1
2
2
1
1
1
1
2
1
2
1
2
1
2
2
2
2
2
2
2
2
2
1
33649597187
2
1
2
1
2
1
2
2
2
2
2
1
2
2
1
2
2
2
2
1
2
1
1
2
2
2
2
2
2
1
2
1
2
2
2
2
2
2
2
1
1
2
2
1
2
2
2
1
1
2
2
2
2
2
2
2
2
2
2
1
2
2
1
2
2
1
2
2
2
2
1
2
2
2
2
1
2
2
2
1
1
2
2
2
2
72720228408
2
2
1
2
1
2
1
2
2
2
1
2
1
2
1
2
2
2
2
2
2
2
2
2
2
2
1
2
33107642914
2
2
2
2
2
2
2
2
2
1
1
2
2
2
2
2
2
2
1
2
2
2
1
2
2
2
1
2
2
2
1
2
2
2
1
1
2
1
2
2
78117337121
2
1
1
1
2
2
2
2
2
2
1
2
2
2
2
2
2
1
2
2
2
36144002205
1
2
2
2
1
2
2
2
2
2
2
2
99818527369
2
2
1
6812863979
2
2
2
1
1
2
2
2
2
2
2
2
2
2
2
1
2
2
2
30977520513
2
1
2
2
2
1
2
2
2
2
1
2
2
2
1
2
2
2
2
1
2
2
1
2
2
1
1
2
2
2
2
2
2
1
1
2
2
2
2
1
1
2
2
1
2
2
1
2
2
1
2
2
2
2
1
2
2
2
2
2
2
2
2
2
2
2
1
1
2
2
2
2
1
2
1
2
2
49302316682
2
1899838864
2
2
2
1
2
2
1
2
2
2
2
2
2
2
2
2
2
2
2
2
1
2
40667754094
2
2
2
1
1
2
2
1
2
1
1
1
2
2
2
2
2
2
1
2
1
1
2
2
2
2
2
1
2
1
2
2
2
2
2
2
2
2
2
2
2
2
1
2
2
2
1
2
2
2
2
2
2
2
2
2
2
2
2
1
2
1
2
2
1
1
2
2
2
1
2
2
2
2
2
1
1
2
2
2
2
2
2
2
2
2
1
2
2
2
2
2
2
2
2
1
2
2
1
2
2
2
2
2
2
2
2
2
2
2
1
73208638683
2
2
1
2
2
2
2
2
2
2
2
2
2
2
2
1
1
2
2
2
2
2
1
2
2
2
2
1
1
2
2
2
2
1
2
1
2
2
1
1
1
1
2
2
38706661123
27118270918
2
2
2
2
2
1
2
27894428433
1
1
2
2
2
2
2
2
2
2
2
1
2
2
2
1
2
2
1
2
2
2
1
2
2
2
2
2
2
2
2
2
2
2
1
1
1
79087059320
1
1
2
1
2
2
2
1
2
2
2
2
2
2
2
2
2
2
1
2
2
2
2
2
2
2
64673490147
1
2
2
2
2
2
2
2
2
2
2
2
1
1
2
1
2
2
2
2
2
1
2
2
2
2
2
2
2
2
2
1
2
2
1
1
2
2
1
25414577339
2
2
1
2
1
2
2
2
1
2
1
2
2
2
2
26752886569
2
1
1
1
2
2
1
2
2
2
1
2
2
2
1
2
2
2
2
2
2
1
2
2
2
2
1
2
2
2
2
2
2
2
2
2
2
1
2
2
2
1
2
2
1
1
2
1
1
2
2
1
2
2
2
2
2
1
2
1
2
1
2
2
2
2
2
2
1
1
2
2
2
2
2
2
2
2
2
1
2
2
2
2
2
1
1
1
2
1
1
2
2
2
2
1
2
2
72927501149
1
2
1
2
2
2
1
2
2
68781922820
2
2
1
2
1
2
1
2
1
2
2
2
2
2
2
94448588429
1
2
2
2
2
2
1
2
1
2
2
2
2
1
1
2
1
1
2
1
2
2
2
2
1
2
2
2
1
2
2
2
2
2
2
2
2
2
2
2
2
2
1
2
1
2
2
2
2
1
2
2
2
2
2
1
2
2
2
1
2
1
2
2
1
2
2
2
2
2
1
2
1
2
2
2
2
2
2
1
1
2
2
2
1
2
2
2
2
2
2
2
2
1
1
2
2
2
1
2
2
1
2
2
1
2
1
2
1
2
2
2
1
2
1
2
2
2
2
2
2
2
2
2
28119154865
2
2
1
2
2
2
2
1
2
2
1
2
2
2
2
2
2
2
2
2
2
2
93189886604
2
2
1
2
2
2
2
1
2
2
2
2
2
1
2
2
2
2
2
2
2
2
2
2
2
2
1
2
2
2
2
2
2
1
2
1
2
2
2
1
1
2
2
1
2
2
2
2
2
2
2
2
2
2
2
1
2
1
2
2
2
2
2
2
2
1
2
1
1
1
2
6932230832
2
2
2
1
1
2
1
2
1
1
1
2
2
2
2
2
2
1
2
2
2
2
1
1
1
2
1
2
1
2
2
2
1
2
1
1
1
30450656693
2
2
2
1
2
2
2
2
2
2
1
2
1
1
2
1
2
2
2
2
2
2
2
2
2
2
2
2
1
2
1
2
1
1
1
1
2
1
2
1
2
2
2
2
1
2
2
27435867475
2
1
2
2
2
1
2
1
2
2
2
2
2
2
1
2
2
1
1
2
2
1
2
1156982730
2
2
2
1
2
2
1
2
1
2
2
2
2
2
2
2
2
2
2
2
2
2
2
2
2
2
2
2
1
1
2
2
1
2
2
2
1
2
2
1
2
2
1
1
1
2
2
2
2
2
1
2
1
2
1
1
1
1
2
2
2
2
1
2
1
2
2
2
2
1
2
2
2
2
1
2
2
2
2
2
1
2
2
1
2
2
1
1
2
2
2
2
2
1
2
2
1
2
2
1
1
2
2
2
2
2
2
2
2
2
1
2
1
2
2
2
1
1
2
2
2
1
2
1
2
2
2
2
1
2
2
2
2
2
2
2
2
2
2
2
2
1
2
2
1
1
2
2
2
2
2
2
2
2
1
2
75623584755
2
2
2
1
1
2
1
2
2
2
2
1
1
2
2
1
2
2
2
1
2
2
2
1
2
1
1
2
1
2
2
1
2
2
2
1
2
2
1
2
2
2
1
2
2
2
2
1
2
1
2
2
2
2
2
2
1
2
2
2
2
2
2
2
2
2
2
2
2
2
1
1
2
1
2
2
2
2
2
2
1
2
2
1
2
2
2
1
2
2
1
2
2
2
2
2
1
2
1
2
1
2
2
2
1
2
2
2
2
1
2
2
2
2
1
2
2
1
2
2
1
2
2
2
2
2
1
2
1
2
1
2
2
2
2
2
2
2
2
1
2
1
2
2
1
2
1
2
2
2
2
1
2
1
2
1
2
2
2
2
73900745315
1
2
2
2
2
1
1
2
1
2
1
1
2
2
2
2
1
1
2
2
2
24182464792
1
2
2
1
1
1
2
2
2
1
2
2
1
2
2
1
2
2
1
2
2
2
2
2
2
2
1
1
2
2
2
2
2
2
81706067157
2
1
2
2
2
2
2
1
2
1
2
2
2
2
1
18291649917
2
2
2
2
2
2
2
1
2
2
27075406871
2
2
2
2
1
2
1
2
2
2
1
1
2
2
2
2
2
2
2
77710115772
2
2
2
2
1
2
2
2
1
2
2
2
1
2
2
2
1
2
2
2
2
2
2
2
2
1
1
2
2
1
2
2
2
2
1
2
2
2
1
2
1
1
1
2
2
2
2
2
1
2
2
1
1
2
2
2
2
2
1
2
1
1
2
2
2
1
2
1
2
2
2
2
2
1
2
1
1
2
66900785714
2
2
1
2
54488343435
2
2
1
2
2
2
2
2
2
1
2
2
1
2
2
2
2
1
2
1
2
2
1
1
1
1
2
2
1
2
1
1
2
1
2
2
1
2
2
2
2
2
2
2
1
1
2
2
2
2
2
2
2
2
2
1
1
2
1
2
1
2
2
1
2
2
1
1
2
2
2
2
2
2
1
2
2
2
1
1
2
2
1461520153
1
2
2
2
2
1
2
2
2
2
1
2
2
1
2
2
2
67457944090
2
2
2
2
2
2
1
2
2
41156270510
1
2
1
2
1
2
2
2
2
1
2
1
2
2
2
2
1
2
2
2
1
2
2
1
2
2
2
2
1
2
1
2
2
2
2
2
28364653972
1
2
1
2
2
2
2
2
2
1
2
1
2
2
2
2
1
2
1
2
1
1
1
2
2
2
1
2
2
1
53021056071
1
1
2
1
2
2
2
28702848631
2
2
2
2
2
2
1
2
2
2
2
2
1
1
2
2
2
2
2
2
2
2
2
1
2
2
91462496417
2
2
2
2
2
1
2
2
4427598407
2
2
2
2
2
2
1
2
2
2
2
1
2
2
1
2
1
2
2
2
1
2
2
2
2
52129484665
2
1
2
2
2
2
2
2
1
1
2
2
2
2
2
2
1
2
2
97374425668
2
1
2
2
2
1
2
2
1
2
2
1
31040132188
48336291833
1
1
2
2
1
2
2
2
1
1
1
2
2
1
2
2
2
2
1
2
2
89938451548
2
1
2
1
1
2
1
2
1
2
71608672018
2
2
2
2
2
1
2
33840652206
2
2
2
2
2
2
2
2
2
1
2
2
2
2
2
2
2
41717067558
1
1
1
2
2
2
1
2
2
1
2
2
2
2
2
1
1
1
2
1
2
2
2
2
2
2
1
2
2
2
1
2
2
2
1
2
1
2
2
2
2
2
2
2
2
2
2
2
2
1
2
2
1
2
2
2
2
2
65535526397
1
2
2
2
2
2
2
2
2
2
2
2
1
2
2
2
2
2
2
1
2
2
1
1
2
2
2
1
2
1
2
48225175777
1
2
2
2
1
2
2
1
2
2
2
8925897154
2
1
2
2
2
2
1
1
2
2
2
1
1
1
2
2
2
2
1
2
2
2
2
2
1
2
1
2
2
1
2
2
82848172175
1
2
2
1
2
1
2
2
2
1
2
2
2
1
1
2
2
2
2
2
2
2
2
2
2
2
2
2
2
2
2
2
2
2
2
2
2
2
2
1
2
2
2
2
2
2
2
2
2
2
2
1
2
2
2
2
2
2
2
2
2
2
2
2
1
2
2
2
2
2
2
2
2
2
2
2
2
2
1
2
1
2
11868944774
2
2
2
83420942581
2
2
1
2
1
2
2
2
1
2
2
2
1
1
1
2
87928099337
2
2
1
2
2
2
1
2
2
2
2
2
2
1
2
1
1
1
1
2
2
2
2
2
1
2
2
2
2
2
1
2
1
1
2
1
2
2
2
2
2
2
2
1
2
1
2
1
2
2
2
2
2
2
2
2
2
1
2
2
2
2
2
2
1
2
2
2
2
2
1
1
1
2
2
2
2
2
2
2
2
1
2
1
2
2
2
2
2
2
2
1
1
2
2
2
1
2
2
2
2
92074053786
2
2
2
2
2
2
2
2
2
2
2
1
2
1
2
2
2
2
2
1
2
2
2
2
2
2
1
1
2
2
1
2
2
2
2
2
2
1
2
2
2
2
2
2
2
1
1
2
2
2
2
2
2
2
2
1
2
2
1
2
2
2
2
1
2
2
2
2
2
2
1
1
2
2
1
2
1
2
2
2
2
2
2
2
2
1
1
2
1
2
1
2
2
1
2
1
2
2
1
2
2
2
2
2
2
2
2
2
2
2
1
1
2
2
2
2
2
2
2
2
1
1
2
2
2
2
2
2
2
2
2
2
2
1
2
2
2
2
1
2
2
