2
1
1
2
2
2
1
2
2
1
1
2
2
1
1
2
2
1
1
1
2
1
2
1
1
2
1
2
1
2
2
1
2
1
1
1
2
2
2
1
1
2
1
2
2
1
2
2
2
1
2
2
2
2
2
1
2
1
2
2
1
2
1
2
1
1
2
2
1
2
2
1
2
1
1
1
2
1
2
2
1
2
2
2
1
2
1
1
1
1
2
2
2
2
2
1
2
2
1
2
2
1
1
1
1
1
2
2
1
2
1
2
1
1
2
2
2
1
1
1
87561625637
2
2
2
2
1
2
2
2
2
1
1
2
1
1
1
1
2
1
2
1
2
1
1
1
1
1
1
1
2
9244093365
1
2
2
1
1
1
2
2
1
2
1
1
2
2
2
1
2
8623610116
1
2
1
1
2
2
2
2
2
1
1
2
2
2
1
2
1
24009632204
1
1
2
2
2
2
1
1
1
1
2
1
1
2
2
2
1
1
1
2
2
2
2
2
2
2
1
2
2
1
2
1
2
36067884259
2
1
2
2
2
2
1
2
2
2
1
2
2
1
2
2
2
1
1
2
1
2
2
1
1
2
1
1
1
1
2
1
1
1
2
2
1
1
2
2
2
1
2
1
1
1
2
2
2
2
2
1
2
2
2
2
2
2
1
2
1
2
1
2
2
1
2
1
1
1
1
2
2
77863340028
2
2
1
47258471040
2
94498488132
1
2
2
2
2
1
2
2
2
2
1
2
2
1
2
1
2
1
2
2
2
2
1
2
1
2
1
1
2
1
2
1
33053357225
1
2
1
2
2
2
2
2
2
2
1
1
1
1
2
2
2
2
1
2
2
1
2
2
1
1
2
2
1
2
1
2
1
1
1
2
2
1
2
1
1
1
1
2
2
1
1
1
2
2
1
2
2
34826352903
1
1
1
2
2
2
2
2
1
1
1
1
2
2
2
2
2
2
1
1
1
2
1
1
2
1
2
2
1
1
2
2
1
1
2
1
1
2
2
2
2
1
2
2
1
1
2
2
1
2
1
2
1
1
2
2
1
2
2
2
1
2
74029565508
1
1
2
1
1
1
1
2
2
2
2
2
2
2
2
2
2
1
1
2
2
2
1
1
2
2
1
2
2
2
2
1
2
2
1
2
2
2
2
1
2
1
2
1
2
1
2
2
1
2
2
2
1
2
2
2
2
2
2
1
1
2
2
2
2
1
2
1
1
2
1
1
2
2
1
1
2
1
1
1
1
25060406505
2
2
1
2
2
68548715657
2
1
2
2
2
2
2
2
2
1
1
1
2
2
2
1
1
1
1
2
1
26286028151
2
1
67758970178
1
2
2
1
2
2
1
2
2
2
1
2
1
2
2
2
2
2
2
2
1
2
1
2
2
1
1
1
1
1
2
1
77132979884
1
1
2
2
2
2
2
2
1
2
1
2
1
1
2
1
1
1
1
1
2
2
2
2
93941421278
2
2
1
1
1
2
2
2
1
2
2
1
2
1
1
1
2
2
2
1
2
2
1
2
1
1
1
1
1
1
2
1
2
2
2
1
1
2
1
2
2
20920141984
1
1
1
1
2
2
1
2
2
2
2
2
1
1
2
1
2
2
2
2
2
2
1
2
1
1
1
1
1
2
2
1
2
2
1
2
2
2
2
2
2
2
2
1
1
2
1
2
2
2
1
2
1
1
1
1
2
2
2
1
2
2
1
1
1
96374175325
2
2
2
2
2
2
1
1
1
2
2
1
1
1
2
1
2
2
2
1
1
2
21796283905
1
1
2
1
1
2
1
2
1
2
2
1
1
2
2
2
1
1
1
2
1
2
2
1
2
1
1
2
2
2
1
2
1
75066148355
2
1
2
1
1
2
1
1
2
2
1
1
1
2
1
2
2
1
2
2
2
2
2
30948383013
2
1
1
1
2
2
2
1
1
2
2
2
1
1
1
1
70123353022
1
1
2
1
1
2
2
2
2
1
2
1
1
2
2
1
1
2
2
2
1
2
1
1
2
2
1
2
2
2
1
1
2
1
2
2
1
1
1
2
2
1
2
2
2
2
2
1
1
1
1
2
1
2
1
1
1
1
1
1
94694955956
74250776637
4858518327
2
1
1
1
2
2
2
1
2
1
1
1
2
2
2
1
1
1
1
1
2
2
2
2
2
2
1
2
1
1
1
1
1
2
2
2
1
2
2
2
2
2
1
2
2
1
2
2
2
1
2
1
2
2
2
2
2
2
1
2
1
1
2
1
1
2
1
1
2
1
2
2
1
2
2
1
1
1
2
1
2
2
1
2
1
2
2
1
2
2
1
1
1
2
1
2
1
2
2
1
2
1
2
1
2
2
1
1
2
2
1
1
1
2
1
1
1
1
1
2
84971206881
1
1
1
2
1
1
2
1
2
1
2
1
2
1
2
1
1
2
2
2
2
2
1
81390991135
9118122234
6858755296
1
2
1
1
2
1
2
2
1
1
1
1
2
59345924190
2
2
1
2
2
1
1
2
1
1
2
2
2
2
1
1
2
1
1
2
1
1
1
2
1
2
2
1
1
1
2
1
1
1
2
2
1
2
1
1
1
1
1
1
1
2
1
1
1
2
2
2
2
1
1
2
2
2
1
2
1
1
2
2
2
1
1
2
2
2
1
2
2
2
1
1
1
2
2
1
1
2
2
2
1
1
2
2
1
1
1
1
2
2
1
2
2
1
2
1
2
2
1
2
2
2
2
2
1
2
2
2
2
2
1
1
2
1
1
2
2
2
2
2
2
2
2
1
1
1
8000111514
1
2
1
1
2
1
1
1
2
1
1
1
2
2
1
2
2
1
2
2
2
2
2
2
2
1
2
1
2
2
2
2
2
2
1
2
2
1
2
2
2
2
2
1
2
1
1
2
1
1
1
1
2
1
1
2
2
1
1
1
1
1
2
1
2
2
1
2
2
1
1
1
2
1
1
1
2
2
1
1
1
1
2
2
2
1
2
2
1
1
1
2
2
1
2
2
2
1
2
1
1
36391357815
1
2
1
1
1
2
2
2
2
2
2
2
2
2
2
2
1
2
1
2
1
2
1
1
2
2
2
2
2
2
2
1
1
2
2
2
1
1
1
2
2
2
11749656451
2
1
33929129626
2
1
1
1
2
1
2
2
2
1
2
2
1
2
1
2
1
2
1
2
1
1
49872272385
1
2
2
2
2
2
2
2
2
1
2
2
1
1
2
1
2
1
2
8049859284
2
2
1
1
1
1
2
2
2
1
1
2
1
36739013901
2
2
2
1
2
1
2
1
1
2
1
1
1
1
39790533632
1
1
1
2
2
2
2
1
2
1
1
2
2
1
2
2
2
1
2452284991
2
2
2
2
2
1
1
1
1
2
1
2
2
2
2
2
1
2
1
1
2
1
1
2
2
2
2
1
2
2
2
2
2
2
2
1
2
1
37012247052
2
2
2
2
2
1
2
1
2
1
2
493065940
2
2
2
1
1
2
24459270352
2
2
2
1
1
2
2
2
1
2
1
1
1
40735497090
2
2
1
2
1
2
2
1
1
1
1
1
1
2
2
2
84972399552
2
1
1
1
95754032088
2
1
1
2
2
1
2
2
1
67747886147
1
2
2
1
2
1
2
1
1
1
1
1
2
2
2
1
2
27058144681
2
1
2
2
1
2
83532758787
2
2
1
1
1
2
2
1
1
1
2
1
2
2
1
2
2
2
1
1
2
2
1
1
2
1
1
2
2
1
1
1
1
2
60873687890
2
2
2
1
2
2
2
1
2
2
1
2
1
1
1
1
2
1
1
1
2
2
1
27372086468
2
2
1
2
2
2
1
2
40203754980
2
2
1
2
2
1
2
1
2
1
2
83682019225
1
1
1
2
2
1
2
2
2
1
1
2
2
2
2
1
1
2
1
1
1
2
2
1
1
2
54305251523
1
1
2
1
1
2
2
2
1
2
1
2
2
2
2
2
1
2
2
1
2
1
2
2
2
1
1
1
2
2
1
2
2
1
1
1
1
1
1
2
1
1
2
2
1
1
2
2
1
1
2
1
1
1
1
1
1
2
1
2
2
1
2
2
1
2
2
2
1
1
2
2
2
2
1
2
2
1
2
1
1
1
1
1
2
2
2
2
2
2
1
2
1
2
2
1
1
67918093086
2
2
2
2
1
2
1
1
1
2
2
2
1
2
1
2
2
2
1
2
2
2
1
1
2
1
1
2
2
2
2
2
2
2
2
1
2
8804940855
2
1
1
1
2
2
1
1
2
2
1
2
2
1
2
1
2
2
1
1
2
2
1
2
2
84857502678
1
2
1
1
2
1
2
2
1
2
1
1
1
1
2
1
1
1
1
2
2
2
2
1
2
1
2
2
1
1
2
1
1
1
2
2
2
2
1
1
1
1
2
2
2
1
2
1
2
2
2
2
2
1
2
2
2
1
2
1
2
1
2
1
1
1
1
2
2
2
1
1
1
2
2
2
1
1
2
1
2
1
2
2
2
2
2
1
2
2
1
2
2
2
1
1
2
1
2
2
2
1
2
1
2
2
2
2
2
2
1
2
2
1
1
2
2
2
1
2
1
2
1
1
1
1
1
1
1
1
2
2
2
2
2
2
1
2
1
2
1
2
2
2
2
2
2
2
2
2
1
2
2
1
1
2
1
1
2
1
1
2
2
2
1
1
1
2
1
2
2
2
2
2
77342531064
1
2
2
2
1
1
1
1
1
1
2
1
1
1
1
2
2
2
2
1
1
1
2
2
2
2
1
1
1
2
2
2
2
2
2
2
2
1
1
1
1
2
2
1
2
2
2
1
1
2
42600424614
2
2
2
1
2
1
2
2
2
1
1
1
1
1
1
1
1
1
2
2
2
2
2
2
2
2
1
1
2
1
2
2
2
2
1
2
1
1
2
1
1
2
2
1
1
2
2
1
2
2
2
2
2
2
1
2
98183768670
1
1
1
20676634166
2
2
2
1
1
20255396812
2
2
49889345442
2
1
2
1
25712169480
1
2
1
2
1
2
1
97984363465
1
2
78299634028
1
2
2
2
2
2
2
1
1
2
1
2
1
1
1
2
1
1
1
2
1
1
1
2
1
1
2
2
2
2
1
2
2
2
2
1
2
1
1
1
2
2
1
1
2
1
2
1
1
1
1
1
1
1
1
1
2
2
2
2
2
1
2
2
2
1
2
1
1
1
1
1
2
1
2
2
1
1
2
2
1
2
2
2
1
2
2
1
2
2
1
2
2
1
1
1
1
2
2
2
1
1
2
1
2
2
1
2
1
2
1
1
1
2
1
2
1
1
2
1
2
2
1
2
2
1
2
2
2
1
1
1
2
2
2
2
2
2
1
1
2
1
1
1
1
1
1
2
1
2
1
2
1
2
1
2
1
2
2
2
2
2
2
1
2
1
1
2
1
1
2
2
2
1
1
1
2
2
1
2
2
1
1
1
1
1
2
2
2
2
1
2
2
1
2
2
2
2
1
1
2
2
2
2
1
1
2
91863701128
2
1
1
1
1
2
2
2
2
1
1
2
2
2
2
1
1
1
2
2
19321200413
2
2
2
1
1
1
1
1
1
1
2
1
2
1
1
2
2
2
1
2
2
2
2
72611302873
2
1
1
2
1
1
1
2
2
2
1
1237751856
2
1
2
2
2
2
1
1
2
2
2
1
1
41962218881
2
1
2
2
2
2
2
1
2
2
2
1
1
1
1
2
1
1
2
1
2
2
2
1
2
1
1
2
2
2
1
2
2
1
2
2
11577124852
2
2
1
1
2
2
2
1
1
2
82391701832
1
1
1
1
2
1
1
2
2
2
1
1
1
2
2
1
2
1
2
2
1
1
2
1
1
2
1
1
1
1
2
88205154534
1
2
2
2
1
2
2
2
1
1
1
2
2
2
1
1
1
2
1
2
2
2
1
2
1
2
1
1
1
2
1
1
1
2
2
2
1
47265554984
1
2
1
1
2
2
2
2
1
2
1
1
1
1
1
1
1
1
1
2
2
1
2
2
2
2
1
1
2
11131148545
50874927155
1
2
2
1
1
1
1
1
1
1
2
1
2
1
2
2
1
1
1
2
2
2
2
1
2
2
2
1
1
1
2
2
1
1
1
1
2
1
2
2
2
1
1
1
1
2
1
2
2
2
1
1
2
1
2
1
1
1
1
1
1
1
2
1
1
1
1
2
1
1
2
1
2
1
2
2
2
2
2
2
1
1
1
2
2
1
2
2
2
1
2
2
2
1
2
2
2
1
2
1
1
1
1
2
1
1
2
2
2
2
2
1
2
1
2
2
1
2
1
2
2
2
1
1
2
1
2
1
2
1
2
1
2
1
2
1
2
2
2
2
2
2
2
2
2
2
1
2
1
1
2
2
2
2
1
2
2
2
2
2
2
2
2
1
2
2
2
1
1
1
2
1
2
2
2
2
2
2
1
1
2
1
1
2
2
1
2
1
1
2
2
2
1
1
2
2
1
1
2
2
1
2
2
1
1
2
1
2
2
1
1
2
2
1
2
2
2
2
2
2
1
2
1
2
2
2
2
2
2
2
1
2
2
2
2
2
2
2
2
2
1
2
2
1
1
1
1
2
2
1
2
1
1
1
1
98813848888
2
2
2
1
1
2
2
1
1
2
2
1
1
2
2
2
1
2
2
1
2
2
2
2
2
1
2
1
1
1
1
1
2
2
1
2
1
1
1
2
1
2
2
2
1
1
2
1
2
1
2
2
2
2
2
1
2
1
2
2
1
1
2
2
1
2
2
2
2
1
1
2
1
72417197155
2
2
1
2
2
1
1
2
1
1
2
2
1
2
1
1
1
2
1
1
2
1
1
1
41524662637
1
1
2
16709287421
2
2
1
2
2
2
1
2
2
1
2
2
1
2
2
2
2
2
2
1
2
2
2
1
1
1
2
1
1
1
1
2
1
1
1
2
1
2
2
2
1
2
2
2
1
2
1
1
1
2
2
1
2
1
1
2
1
2
2
2
1
1
2
2
2
2
1
1
2
2
1
2
2
1
1
1
2
2
2
2
1
2
2
2
1
2
1
2
2
2
1
1
1
1
1
2
2
1
1
2
1
2
1
2
1
2
2
2
2
1
1
1
1
2
2
1
1
2
2
2
1
1
2
1
1
1
2
2
1
2
1
2
2
2
2
1
1
1
2
2
2
1
2
2
2
1
1
1
1
2
1
1
1
2
1
1
2
1
1
1
1
1
2
1
2
2
1
2
1
2
1
1
2
2
1
2
1
2
2
2
1
1
1
1
1
2
2
2
1
2
2
2
1
2
2
2
1
1
2
2
2
1
2
2
1
2
1
2
2
2
2
1
1
2
2
2
2
2
1
1
1
1
2
2
2
2
2
1
2
2
2
82004231380
2
1
1
2
2
2
2
1
1
2
1
1
1
1
2
2
1
2
2
1
2
2
2
1
2
1
2
1
1
1
1
1
1
2
2
1
1
2
1
1
1
2
2
2
1
17540223137
1
2
2
1
2
1
1
2
2
1
2
1
1
1
1
90060126555
2
76023567040
2
1
2
1
1
1
2
1
1
2
2
2
2
2
1
1
1
2
2
2
2
18928560775
1
2
2
2
1
2
2
2
1
1
1
2
1
2
2
2
1
1
1
1
1
1
1
1
1
2
2
1
2
2
2
1
2
1
1
2
1
2
2
2
2
2
1
2
1
1
1
2
2
1
1
2
2
1
2
2
2
1
1
1
1
2
2
2
2
2
36282229251
2
1
1
1
2
1
2
2
2
1
2
1
1
2
1
2
1
2
1
2
2
2
1
1
2
2
2
2
2
1
2
1
2
2
2
2
2
1
2
2
1
2
2
2
2
2
2
1
2
2
2
2
2
1
1
2
1
2
92147082480
1
1
1
1
1
1
2
1
1
1
1
2
2
1
2
2
2
1
2
1
1
2
1
1
2
1
1
2
2
1
1
1
1
2
2
1
1
1
2
1
2
2
1
1
2
1
1
1
2
2
2
1
1
1
1
2
1
1
1
2
2
2
2
2
1
1
1
2
1
1
1
1
1
2
1
2
2
2
1
2
1
2
1
2
1
1
2
1
2
1
2
2
1
2
2
363355562
1
2
1
1
2
1
2
1
2
2
2
2
2
1
2
1
1
1
2
69608965668
2
2
1
2
1
2
1
1
1
1
1
2
2
1
2
2
2
1
2
2
2
2
2
1
2
2
1
1
1
1
1
2
1
2
2
2
1
1
1
2
1
2
91547800264
1
1
1
1
1
2
2
1
2
2
1
1
1
2
1
2
2
2
1
2
1
1
2
2
2
2
1
1
2
1
1
2
1
2
2
2
1
1
1
2
1
2
85817829377
1
2
2
1
1
2
2
1
2
2
1
1
2
2
1
2
1
2
1
2
82104952315
1
1
2
2
1
1
1
2
1
1
27809748885
1
2
2
1
1
1
2
1
1
2
2
2
91169909023
2
1
2
1
2
1
1
1
2
1
2
1
1
1
2
2
2
1
1
2
2
1
1
60096650634
1
1
2
1
1
2
1
2
2
1
2
2
2
1
2
2
2
1
2
2
1
1
2
1
2
2
2
2
2
2
2
2
1
1
2
1
1
2
1
1
2
1
1
1
1
2
1
1
1
2
1
1
1
1
2
2
2
2
2
1
2
2
2
2
1
1
1
1
1
1
1
1
1
1
2
2
1
2
2
2
2
1
1
1
2
2
1
2
1
1
1
1
2
2
2
1
1
1
1
1
2
2
2
1
1
1
1
2
2
2
1
1
1
2
2
1
2
1
1
2
2
2
1
1
1
2
2
1
2
1
1
2
2
2
2
1
1
2
2
2
2
1
1
2
1
2
1
1
2
2
2
1
2
2
1
2
2
2
2
2
1
1
2
2
2
11257177159
1
2
2
2
2
1
1
1
1
1
2
1
2
2
2
2
2
2
2
1
1
1
1
1
2
1
1
1
2
1
1
2
2
1
1
2
20701849952
2
2
2
1
2
1
1
2
2
2
16521453037
1
66437732583
2
2
1
2
2
1
2
2
1
2
2
2
1
2
1
2
2
2
2
2
1
1
1
1
2
2
1
1
26413400235
2
1
2
2
2
1
1
2
1
1
2
1
2
2
2
2
1
1
2
74542884272
2
2
2
1
2
2
1
2
2
2
2
1
1
2
1
1
2
2
2
1
2
1
1
1
1
1
1
1
1
2
1
1
2
1
2
2
2
2
2
1
1
2
1
2
2
1
1
2
2
1
1
2
2
1
1
2
1
1
1
1
1
2
2
2
25355737770
1
2
1
2
2
2
2
2
2
1
2
2
2
1
2
1
1
2
2
1
1
2
2
2
2
2
1
2
1
1
1
1
2
1
1
1
1
1
1
1
1
2
2
2
1
2
1
2
1
1
2
1
1
1
2
2
2
1
12421868813
2
1
94892015294
2
14202242833
1
1
1
2
2
2
2
2
2
2
2
2
1
2
1
2
1
1
2
1
1
2
1
2
1
1
1
2
1
1
1
2
3805093221
1
2156138245
1
2
1
1
2
1
2
1
1
2
2
1
1
1
1
2
2
1
2
1
2
2
1
2
2
2
2
2
2
1
1
2
2
2
1
1
1
2
2
2
2
2
1
2
2
1
1
2
1
1
2
54389333504
1
1
1
2
2
1
1
2
2
1
2
2
1
1
1
2
1
2
1
2
2
1
2
2
2
2
1
1
2
2
2
1
1
1
2
2
1
2
1
36802520631
1
1
1
1
2
52137959398
2
1
2
1
2
1
2
1
2
2
1
1
2
1
1
2
1
1
22669075460
2
1
1
2
2
335955274
2
2
2
2
1
1
2
2
2
2
1
1
1
81828279130
1
1
2
2
1
2
1
1
2
1
1
2
1
1
2
2
2
1
1
1
2
1
1
2
1
2
2
1
2
1
1
2
2
2
2
1
1
1
1
2
1
2
1
1
1
2
1
2
1
2
2
1
2
1
2
1
1
1
1
2
1
2
1
1
1
1
2
2
1
2
34926024413
1
2
1
2
2
2
2
2
2
2
2
2
2
2
1
1
1
2
2
1
1
1
2
1
1
1
1
2
2
2
2
2
1
2
1
2
2
1
1
2
2
2
2
2
1
1
2
2
1
2
1
1
1
2
2
1
1
2
1
2
1
1
1
1
1
2
2
2
2
1
2
1
2
2
1
1
2
2
2
1
1
1
98598278347
2
2
2
1172149540
1
1
2
2
1
2
1
1
2
2
7757575116
2
2
1
1
2
2
1
2
2
2
2
2
1
2
2
1
1
2
1
1
1
2
1
1
1
15079178975
1
1
1
2
1
1
2
2
72414000184
2
2
2
1
2
2
2
1
2
1
1
1
2
2
1
1
2
1
2
2
1
1
2
1
1
2
2
2
1
2
2
1
2
1
2
1
1
2
1
1
2
1
2
2
2
1
2
2
2
1
2
2
1
2
24492025516
61631034768
1
2
1
2
1
1
2
1
1
1
2
2
1
1
1
1
1
2
2
2
1
2
2
1
2
1
2
2
66363598947
1
1
2
2
1
1
2
1
1
1
2
2
1
1
2
2
1
1
15122858907
2
2
1
1
2
1
91469108549
2
2
2
1
1
2
2
2
2
1
2
2
2
2
2
53044285143
2
2
2
2
2
2
1
2
1
2
2
1
1
2
83332896844
1
2
1
63094904818
2
2
1
2
1
2
2
73665624015
2
1
1
2
2
2
2
1
1
1
1
2
2
1
2
1
2
1
2
1
2
1
2
2
1
1
2
1
2
2
1
2
2
1
2
2
2
1
2
2
1
2
2
1
1
2
2
2
1
2
2
1
2
1
1
2
2
2
2
25032705090
2
2
1
1
2
2
2
2
2
1
1
2
1
1
2
6551567424
2
1
2
2
1
1
92319091764
1
2
1
2
2
2
2
1
2
2
2
1
1
2
2
2
1
2
2
2
1
1
1
2
2
1
1
1
1
2
1
2
2
1
1
2
2
1
1
2
2
2
1
2
2
1
2
2
2
1
1
2
2
1
1
1
1
2
2
1
2
1
2
1
1
2
1
2
2
1
1
1
1
2
63776477142
2
1
2
1
58309947589
1
1
2
1
2
1
2
1
1
2
2
2
1
2
1
2
2
1
79792363693
2
2
1
2
2
2
2
2
2
1
2
2
2
1
2
2
2
2
1
2
1
2
1
1
1
1
1
2
1
2
1
1
1
2
2
2
2
2
1
81758363930
2
2
1
1
1
1
2
2
2
2
2
2
1
1
1
1
2
1
1
1
2
1
2
2
1
2
2
1
1
1
2
2
2
2
2
2
2
2
1
1
2
2
1
2
1
2
2
2
2
2
1
2
1
1
2
1
1
2
2
1
2
2
2
1
1
2
2
1
2
1
1
2
1
2
1
2
1
2
1
50730376262
1
2
2
1
2
1
1
2
52721945288
1
1
1
2
1
2
1
1
2
1
83428092631
2
2
2
1
2
59092730218
1
2
1
2
1
1
2
1
1
2
2
1
2
1
2
2
1
2
2
2
2
1
1
2
2
91746347251
1
2
1
2
2
2
2
2
1
1
1
2
1
2
2
2
1
1
1
1
2
2
2
2
1
31112503120
1
2
2
2
1
1
1
2
2
2
2
2
1
1
2
1
1
1
1
1
2
2
1
2
2
2
1
2
2
2
1
1
2
2
1
1
1
2
2
2
1
2
1
1
93043747532
1
1
2
2
2
1
2
1
1
1
1
19892949437
1
2
2
1
2
1
1
1
1
2
2
2
1
1
2
1
1
1
1
2
2
2
1
2
2
1
2
1
2
2
2
2
2
2
1
2
2
1
1
2
2
1
2
2
1
2
1
1
2
2
1
2
2
1
2
2
2
2
1
1
1
1
1
2
2
2
1
2
2
1
1
2
2
1
2
1
1
2
42808309419
1
2
1
1
2
2
2
2
87002766535
1
2
1
2
2
2
17755024751
2
2
2
2
2
1
2
2
1
2
1
2
2
2
1
2
1
26693635062
1
2
1
1
1
1
2
1
1
2
1
1
2
1
1
1
16761008899
1
2
1
1
1
1
2
2
1
2
1
2
1
1
2
1
2
2
2
2
2
2
2
1
2
2
1
2
1
58510583397
1
1
2
7593927340
1
1
2
1
1
2
2
2
1
1
1
2
2
2
2
1
2
2
1
2
2
2
1
1
2
1
2
2
2
1
75050270740
1
1
1
2
2
2
1
2
1
1
1
1
2
2
1
1
1
2
2
2
1
2
2
31092978326
2
1
2
1
2
38756644136
1
1
2
2
1
2
1
2
2
2
1
1
1
1
1
2
1
1
1
1
2
2
2
1
1
2
1
2
2
1
1
2
1
1
2
1
1
2
1
1
2
1
1
1
99723978548
2
1
2
1
1
2
1
2
2
1
1
1
1
2
2
1
1
1
2
21665628210
2
2
1
1
2
43872240882
1
1
1
1
1
2
2
2
1
1
2
2
2
2
1
2
2
1
2
2
2
2
1
1
2
1
2
1
2
2
2
2
2
2
1
1
2
2
1
2
1
2
2
2
2
2
2
2
1
2
1
1
2
2
1
2
1
2
1
2
1
1
2
1
2
2
1
1
1
1
1
1
2
2
1
2
1
2
2
1
1
1
1
1
2
2
2
1
2
2
20301016965
2
1
1
2
1
2
1
2
1
1
2
2
1
2
2
2
1
79262554857
2
2
2
1
1
2
1
1
2
1
1
1
2
1
1
1
2
1
1
1
1
2
96179109740
1
1
2
1
2
2
2
2
2
1
2
2
1
1
2
1
1
2
2
2
1
1
2
1
1
1
2
2
2
2
1
2
2
2
2
1
1
1
2
1
2
2
90505735653
2
2
2
44466855236
2
1
1
1
2
2
1
1
1
2
2
1
1
1
2
2
2
1
1
2
1
1
1
2
2
1
1
2
2
2
1
2
1
2
2
1
1
11363422938
1
2
1
2
2
77685654247
1
1
2
97834371773
2
1
2
1
2
2
2
1
1
1
2
1
1
2
2
2
2
1
2
2
2
2
2
2
1
1
2
81393393965
2
1
1
1
2
1
2
1
2
1
2
1
1
1
2
2
2
2
1
1
2
1
2
2
2
2
1
1
1
1
1
1
2
1
2
1
2
2
2
2
1
2
1
2
1
2
1
1
2
70293608990
2
1
2
2
1
1
1
2
2
1
1
1
1
2
2
2
2
2
1
2
1
1
2
1
1
2
2
1
2
2
2
2
1
2
2
2
2
1
1
2
2
1
1
1
1
2
1
1
2
1
1
24261728202
1
2
1
2
1
2
1
2
2
2
1
2
2
2
1
2
1
1
1
1
1
1
2
1
2
2
1
1
2
2
1
2
1
2
1
1
2
2
2
2
1
1
2
2
2
1
1
2
2
1
1
1
37227418608
1
1
1
2
1
2
2
1
2
2
1
2
2
2
2
1
2
2
2
2
1
1
1
80798826505
1
1
1
1
2
2
2
2
2
2
2
2
2
1
2
1
2
1
2
2
2
2
48952891556
1
2
2
1
2
2
1
2
1
2
2
2
1
2
2
2
2
2
2
1
2
1
2
2
1
2
2
2
1
2
1
1
2
2
36686324009
2
2
2
1
2
1
2
1
1
1
2
2
2
2
1
1
2
2
1
1
1
2
2
2
1
1
2
2
2
1
1
1
1
2
2
31946910047
1
2
1
2
2
1
1
1
1
1
2
2
2
2
1
95434873901
2
1
2
1
2
2
2
2
2
2
1
2
1
2
1
2
2
2
2
2
2
2
2
1
2
5068949077
2
2
2
1
2
2
1
2
2
2
2
2
2
1
2
2
2
1
1
2
2
1
2
1
2
1
1
2
1
2
2
2
2
2
1
2
2
1
1
57582383043
2
2
1
1
2
2
2
2
2
2
1
33463187710
2
2
1
2
1
1
1
1
2
2
2
2
1
1
2
2
2
2
2
2
2
2
2
1
1
2
2
2
2
1
2
2
1
1
2
2
1
2
2
2
1
53273066189
1
2
2
2
2
1
8350234237
2
2
1
1
1
1
2
2
2
1
2
1
2
2
2
2
27965419385
2
2
2
1
1
1
2
2
2
1
2
2
2
1
1
1
7325112851
1
2
2
2
2
2
1
1
2
2
2
2
1
1
2
2
2
1
2
1
2
1
1
2
1
1
1
2
1
1
1
1
1
2
1
2
1
2
2
1
2
45902257666
1
2
2
2
1
1
2
2
1
1
2
2
1
2
2
2
2
2
1
2
2
1
1
2
1
1
2
2
1
2
1
1
1
2
1
1
1
1
1
2
1
1
1
2
1
2
2
1
2
2
2
1
1
1
2
2
1
2
2
2
2
1
1
2
2
2
2
1
1
2
2
2
2
2
2
1
2
2
2
2
2
2
2
2
2
2
2
1
2
1
38905367108
2
1
1
1
2
2
2
2
1
2
2
2
1
2
1
1
1
1
1
1
1
1
1
2
2
2
1
2
1
2
1
2
1
1
2
1
1
1
2
1
1
2
1
2
2
2
47892620122
2
1
1
1
2
1
1
2
2
2
2
1
1
1
2
2
2
2
2
1
1
53092363147
2
1
2
1
2
2
1
2
1
1
2
2
2
2
2
1
2
1
1
2
1
2
2
1
1
2
2
2
1
1
2
2
2
2
1
1
2
2
1
1
2
2
1
2
1
2
2
1
1
1
1
1
1
2
2
2
2
2
2
1
2
43661355752
2
1
2
1
2
1
1
2
1
2
2
1
2
33305647950
1
2
2
1
2
1
2
2
2
1
1
1
2
2
2
1
2
1
1
2
1
2
1
2
2
2
2
2
1
1
2
2
1
2
1
2
2
1
1
2
2
2
2
2
1
2
1
1
2
20001362444
1
2
2
2
1
1
2
1
1
2
1
2
1
2
1
1
2
2
2
2
2
2
2
2
2
2
59153297524
2
41860155389
1
2
2
1
1
2
2
1
1
2
1
2
1
2
2
1
1
2
1
1
2
1
2
1
2
13705707151
1
1
2
1
1
2
1
2
2
1
2
1
1
1
1
2
1
2
2
2
2
2
2
1
2
2
1
2
2
2
1
1
2
1
2
1
1
2
1
2
1
1
2
2
2
2
1
2
2
1
1
1
2
2
1
2
1
2
2
1
1
1
1
2
2
2
2
1
2
1
2
1
1
1
1
2
1
1
2
1
1
1
2
1
2
2
2
1
2
2
2
2
2
2
1
1
2
1
2
2
1
1
2
2
1
2
1
1
2
2
2
1
2
1
2
2
1
1
1
1
1
2
2
2
1
2
2
1
2
2
2
1
1
2
2
54776499095
2
2
2
2
2
2
1
2
2
2
1
2
2
2
1
1261713996
2
1
1
2
1
1
2
2
1
2
2
2
1
2
1
2
1
1
2
2
1
2
2
2
2
2
2
50991795563
2
2
1
1
75662563091
1
1
2
2
2
1
2
1
1
2
2
2
1
2
2
2
1
1
1
2
2
1
2
1
2
2
1
1
2
1
1
2
1
1
1
2
2
1
1
2
2
2
1
2
2
1
88939505286
1
77578812154
2
2
1
1
2
2
1
2
1
1
2
2
1
2
19839045086
2
1
86755974477
2
1
1
1
1
2
2
1
2
2
2
1
2
2
1
1
1
2
1
2
2
2
1
1
2
1
1
1
2
2
1
1
1
2
1
2
31191201689
2
2
1
1
2
1
2
2
1
2
2
2
2
2
2
1
1
2
1
2
1
2
95837090153
1
75888518166
1
2
2
1
2
2
1
1
1
2
15367620825
1
2
2
1
1
2
2
1
2
2
1
2
1
1
1
1
2
2
1
2
2
1
1
2
2
2
2
2
2
1
2
2
2
1
1
18532297304
1
1
2
1
2
2
2
2
1
2
2
1
1
47178740887
2
1
16997809781
1
1
1
2
2
1
94311031048
1
2
1
2
1
2
2
2
2
1
2
2
1
2
1
2
2
2
2
2
2
1
1
1
2
1
2
2
1
1
2
2
1
1
1
2
2
1
2
2
2
2
2
1
2
2
1
1
1
1
2
2
2
2
1
1
2
2
2
1
2
2
2
1
2
2
1
2
1
1
2
1
2
1
1
89008151119
2
1
14455291839
1
1
2
2
1
1
2
2
2
2
1
1
1
2
1
1
2
1
2
2
1
2
6943134129
2
2
1
1
2
1
1
1
2
2
2
1
2
1
2
2
1
2
2
2
2
1
1
2
1
1
1
2
1
2
2
2
1
2
1
2
1
2
1
2
1
2
14528991571
2
1
2
2
2
2
2
2
2
1
1
2
1
1
2
2
2
2
1
68728621601
1
1
39277837153
2
2
1
2
1
2
2
2
2
2
2
1
1
2
1
2
1
2
1
2
2
2
2
1
1
2
1
1
2
1
1
2
2
1
1
2
1
1
1
2
2
2
2
1
2
2
1
2
2
1
1
1
2
2
1
2
2
1
1
1
2
1
2
2
1
2
2
2
2
2
2
2
1
1
2
1
2
2
1
2
2
1
1
2
1
1
2
1
45660451766
2
1
1
1
1
1
2
2
1
1
1
2
1
1
2
2
1
1
1
1
1
1
2
2
2
1
2
1
1
52973248313
2
2
2
1
1
2
1
2
1
1
2
1
1
1
1
2
1
18674384984
1
2
1
1
2
1
1
1
2
1
2
1
2
2
1
1
2
1
1
2
2
1
1
1
1
2
2
2
2
2
95328474253
2
2
2
1
1
2
2
1
2
1
2
2
1
1
1
2
1
1
2
2
1
1
2
1
1
2
1
1
1
2
52914258204
1
1
2
2
2
2
2
2
2
2
1
2
64668557524
2
2
2
1
2
1
2
1
2
2
1
1
2
2
1
1
82201492673
2
3265135742
1
2
19252037717
1
2
1
1
2
2
1
2
1
1
1
1
2
2
2
1
1
2
1
2
1
2
1
1
2
1
2
1
2
1
1
2
2
2
2
2
1
2
1
1
1
2
2
2
2
2
2
2
2
2
1
1
2
2
1
1
1
1
2
2
1
2
56811072521
1
2
2
2
2
2
1
2
1
2
1
1
2
2
1
2
2
1
1
2
2
2
2
1
2
1
1
2
2
2
2
2
2
2
1
2
1
1
1
2
1
1
1
2
2
1
1
2
1
2
1
1
1
1
2
2
1
2
1
95544660135
2
53284203702
2
2
1
1
1
1
1
76376237824
2
2
2
2
1
1
2
1
2
2
2
1
1
2
2
2
2
2
2
1
63028645624
1
2
1
1
2
2
2
2
1
1
1
2
2
2
1
2
1
2
1
1
2
2
1
2
1
2
2
1
2
2
2
1
2
1
1
1
1
1
1
1
2
1
1
2
1
2
2
2
1
1
1
1
1
1
2
1
1
1
1
2
61575914330
1
1
2
2
2
2
1
2
2
2
2
2
1
2
1
1
2
1
2
1
2
1
1
2
2
1
2
2
1
2
2
1
2
1
2
2
2
1
2
2
2
2
2
1
2
2
2
1
2
1
2
2
2
2
2
2
1
1
2
1
1
2
62295899454
2
2
2
48439329176
2
2
2
51638911657
2
2
1
1
1
2
1
2
2
2
2
1
2
2
1
2
2
2
1
2
2
2
2
1
2
1
2
1
1
1
1
1
1
1
2
2
1
2
1
2
2
1
2
2
2
1
1
1
2
2
1
2
2
1
2
1
2669893331
2
1
2
1
1
1
1
1
2
1
2
1
2
1
2
2
1
1
2
2
1
1
1
1
1
2
1
1
1
1
1
1
1
1
1
1
2
2
1
2
2
6133842597
1
1
1
1
1
2
2
2
2
2
1
2
2
2
1
2
1
2
1
2
1
2
2
1
2
2
2
2
2
1
1
2
1
1
2
1
2
2
2
2
1
2
2
1
2
1
1
1
2
1
2
1
1
2
2
1
2
2
1
1
2
2
1
2568231737
1
1
2
2
2
2
1
1
12888988007
2
2
2
2
2
2
2
2
1
2
2
2
2
2
2
1
1
1
1
2
1
2
1
1
2
1
1
1
2
2
1
1
2
1
2
2
2
2
2
2
1
1
2
1
2
1
2
1
2
1
2
2
2
2
2
1
2
1
2
1
2
2
65049504474
1
2
2
1
1
2
2
1
1
5146875165
1
1
2
1
1
2
1
2
2
2
1
1
2
2
1
1
2
2
1
2
1
2
2
1
1
2
2
1
2
1
1
1
2
2
2
1
2
2
2
2
1
2
1
1
2
1
1
1
1
1
1
1
1
2
2
2
1
2
2
2
1
1
1
2
2
2
1
1
2
1
2
1
2
2
1
2
2
2
1
1
1
2
72206647014
1
2
2
2
1
1
1
2
2
2
1
1
2
1
2
1
2
2
1
2
2
1
1
2
1
2
26633940164
1
53965592656
2
2
2
1
1
2
2
2
2
2
2
2
88641608721
1
2
1
2
2
2
1
2
2
1
1
2
2
1
53130808295
1
1
1
2
1
1
2
1
1
2
1
2
1
70752518597
1
1
1
2
2
1
1
1
2
2
1
53030675772
1
2
1
1
2
1
2
2
2
1
1
1
2
1
2
1
1
1
1
2
2
2
1
1
2
86965408546
2
1
58514043820
1
1
2
1
1
1
2
1
2
2
2
2
1
1
2
2
1
1
2
39885809972
2
1
1
2
1
1
2
2
1
1
1
1
2
2
2
1
2
2
2
2
2
2
2
2
1
2
1
1
1
1
1
1
1
2
1
2
1
53874193581
2
1
2
2
2
2
1
2
1
2
2
2
2
2
2
1
2
2
1
1
1
2
1
1
2
1
1
2
1
1
2
2
1
2
1
2
1
1
2
1
1
2
2
2
1
2
2
2
1
1
84887854716
1
2
1
1
1
2
1
1
1
2
2
2
1
2
1
2
2
2
2
1
2
1
2
2
2
1
2
2
1
2
1
2
2
2
1
1
2
1
2
1
1
2
1
2
1
2
2
1
1
1
1
2
2
1
1
1
1
2
1
2
1
1
1
2
2
1
1
1
2
2
1
1
2
2
2
2
1
1
1
1
1
2
2
1
2
2
2
2
1
1
2
2
2
1
1
1
1
2
2
2
2
2
2
1
2
1
2
2
1
77892491982
2
2
2
1
2
95483594293
2
1
2
1
2
2
2
2
2
2
1
2
2
2
2
2
2
2
2
2
2
2
1
1
2
2
2
2
1
2
1
1
2
2
2
1
1
1
2
1
2
82051712290
2
1
1
1
2
2
2
1
2
1
2
1
2
1
2
1
2
1
2
2
1
1
1
2
1
2
1
1
2
1
1
2
1
2
1
2
98939479656
1
2
2
1
1
2
1
1
1
2
1
2
83918396160
2
1
1
2
1
1
2
1
1
2
1
1
2
1
2
2
2
2
2
1
1
1
2
1
2
1
2
1
2
2
1
2
1
3845829726
1
1
1
1
2
1
2
2
2
2
2
1
1
2
1
2
2
1
2
2
1
1
1
1
1
1
2
2
1
2
1
2
2
1
1
2
2
2
2
1
2
1
1
2
2
2
2
2
1
1
2
1
2
1
1
1
1
1
1
1
1
1
1
2
1
1
2
1
1
1
1
1
2
72979058684
1
2
2
1
2
2
1
1
2
1
2
1
9706744992
1
1
2
2
1
2
2
2
1
1
1
1
2
1
1
1
1
2
1
2
1
2
1
2
1
2
1
2
1
1
2
2
2
2
2
2
2
1
1
88566714456
2
1
2
2
2
2
1
1
2
1
1
2
1
2
2
2
2
2
2
1
1
1
1
1
2
2
2
1
2
2
2
1
2
2
2
1
2
1
2
1
1
2
1
2
1
1
1
2
2
2
2
2
1
1
1
2
2
2
2
2
1
2
2
1
2
1
1
2
2
2
31020895494
2
1
2
1
1
1
1
1
2
2
1
2
2
1
2
1
2
1
1
2
2
2
2
2
1
2
1
2
1
2
2
2
2
2
66916040521
1
2
2
1
1
1
1
2
2
1
2
1
2
1
2
2
1
1
2
2
1
2
1
1
2
2
1
2
2
2
1
1
1
1
2
1
2
1
2
2
1
2
2
2
2
1
2
2
2
46171317129
16180965968
2
1
2
1
2
1
2
1
1
2
1
1
1
2
2
1
1
1
1
2
2
2
2
1
1
1
2
1
1
2
2
1
2
1
1
3001247326
2
2
1
2
1
2
2
83394960363
1
2
2
2
1
2
2
1
2
2
1
2
2
2
1
2
1
1
1
2
1
94378598835
2
2
1
2
1
1
1
2
2
2
2
1
86996527156
2
1
2
2
2
2
1
2
1
1
1
60872640341
2
1
2
73358424603
2
2
1
2
87735977394
1
2
2
2
1
1
1
2
2
2
1
1
2
2
2
1
1
2
1
2
1
1
2
1
2
1
2
2
90716679762
2
2
1
2
2
1
2
1
2
1
2
2
2
1
2
1
2
22033933391
2
1
1
2
1
2
2
1
1
2
2
1
2
1
13859343969
1
2
2
2
1
1
2
2
1
1
2
2
2
2
2
1
1
2
1
1
1
2
1
2
1
1
2
1
1
1
2
2
1
2
1
2
2
2
1
1
2
1
1
1
2
1
2
65549325765
2
1
2
2
1
2
1
2
2
53257484399
2
1
1
1
1
2
1
1
2
2
1
1
1
2
2
2
1
1
1
1
1
20345354832
2
1
2
1
2
1
2
1
1
2
1
2
2
2
21703476089
2
1
2
1
2
1
1
2
2
2
2
81173756412
1
1
1
1
2
2
2
2
2
2
2
1
1
1
1
2
2
2
1
2
2
1
2
1
2
2
2
2
1
1
2
1
2
1
1
2
2
1
2
1
2
1
2
1
2
23725710749
2
16354775878
1
2
1
1
1
1
50861391294
2
2
2
1
1
2
2
1
1
2
2
2
2
2
1
1
1
1
1
2
1
2
2
76032745297
2
5480787740
1
1
2
1
2
1
1
2
88662506963
1
1
1
2
1
1
2
1
1
2
1
2
1
2
1
2
1
2
1
2
1
1
1
1
1
1
2
2
1
1
1
1
1
1
2
2
2
2
1
2
2
1
2
1
38241578605
1
2
2
2
1
2
1
2
1
1
2
72249321406
2
1
1
2
2
1
2
2
2
1
1
1
2
1
2
1
2
2
1
1
2
2
1
1
47707227954
1
2
2
1
2
1
2
2
1
1
2
1
1
2
2
2
1
2
2
1
2
1
2
2
2
2
2
68615772694
1
1
1
1
2
2
1
1
2
1
1
1
2
1
2
2
2
1
2
2
1
1
1
2
2
1
2
2
95617651089
1
1
2
1
1
2
2
1
2
1
1
2
1
2
1
1
2
2
2
1
2
1
1
2
2
1
2
2
2
2
1
2
2
2
2
2
2
2
1
2
1
1
1
1
1
1
2
31402335657
2
2
2
18852859153
1
1
1
1
52514860267
1
2
1
2
1
2
1
1
1
2
1
1
1
1
2
2
1
2
1
2
1
2
1
1
1
2
1
2
2
2
2
1
1
79330678208
1
1
2
1
2
1
2
2
2
2
2
1
57882271883
26108729526
2
1
2
1
2
1
1
1
1
2
1
1
1
1
1
1
2
2
1
1
53199683778
2
2
2
1
1
2
1
2
2
2
2
2
1
2
1
2
2
1
1
1
2
2
2
2
1
2
1
2
1
2
1
2
2
2
1
1
1
1
1
1
1
2
1
2
1
1
1
2
1
2
1
2
2
1
2
1
1
1
1
1
2
2
1
2
1
2
2
1
2
1
1
2
1
1
1
2
2
2
2
2
2
2
2
1
2
1
2
1
1
1
2
1
2
152773586
2
1
1
2
2
1
1
1
2
2
2
2
2
1
2
1
1
2
1
1
1
2
2
2
2
2
2
2
1
2
2
2
2
2
2
1
2
2
2
1
1
1
1
2
2
1
2
2
1
1
1
1
2
1
2
1
1
1
2
1
1
2
1
2
2
1
2
1
1
2
1
1
2
1
1
2
1
2
2
1
2
1
69270690312
1
1
1
2
2
2
2
2
2
1
1
2
35224322470
2
1
1
1
2
2
2
1
1
1
2
2
2
57788150517
2
1
1
2
2
2
1
2
1
2
2
2
2
2
1
76658671696
2
1
1
1
1
1
1
2
1
1
2
2
2
2
2
2
1
68485432513
2
1
1
2
2
2
2
2
2
2
1
1
2
6135365868
2
2
1
1
2
1
1
1
1
2
2
2
1
1
2
2
2
2
77199538958
2
1
1
2
2
1
1
1
1
2
1
1
2
2
1
1
1
1
2
1
1
9859032386
1
1
2
1
2
1
74575661106
1
1
1
1
2
2
1
90121655234
1
1
2
2
2
2
1
1
2
1
1
1
2
1
1
2
1
1
2
1
1
87063055500
2
1
2
2
2
2
2
2
1
2
67836037476
2
1
2
2
2
2
2
1
1
1
2
1
2
2
1
2
2
1
1
2
1
2
2
2
1
1
73232444115
2
98631344933
2
2
21878030181
2
2
1
1
1
2
2
2
1
1
2
2
2
2
2
2
1
2
2
2
2
2
5393281285
2
2
1
2
1
1
2
2
2
2
2
1
1
2
2
2
2
1
1
2
38409681640
2
2
2
70433467054
1
1
2
2
1
1
1
2
2
1
1
1
1
1
1
1
2
1
1
43886782807
2
2
1
2
2
2
1
2
1
25005770683
1
1
1
2
2
2
2
2
2
2
2
1
1
2
2
1
1
1
1
2
1
2
1
1
2
1
1
1
1
1
2
1
1
2
76015056302
1
1
1
1
2
1
2
2
2
1
1
2
2
2
2
1
2
2
2
1
2
2
2
1
2
1
2
2
1
41935072454
2
1
1
1
2
2
2
1
2
1
2
1
2
2
1
2
1
1
1
2
2
1
1
2
2
2
2
1
2
1
2
2
1
1
1
1
1
1
2
2
2
2
1
2
2
2
2
1
1
2
2
1
1
1
1
2
1
2
2
2
1
93931709280
2
83549666801
1
2
2
1
1
2
1
1
2
2
1
2
2
2
1
1
1
1
1
1
1
1
2
2
2
1
2
2
1
2
1
1
1
2
2
2
2
2
2
1
2
2
2
2
52475534843
1
2
2
2
1
2
1
2
2
2
2
2
1
1
1
2
2
1
2
2
2
2
2
1
1
1
2
2
2
1
2
1
2
1
1
1
1
39396175638
1
2
2
1026763472
2
9792300752
2
2
2
2
1
2
1
1
1
2
2
2
2
2
2
2
2
2
1
2
1
2
2
2
1
2
2
2
2
2
2
95214697610
2
1
1
1
1
2
1
1
2
2
1
1
2
1
1
2
1
61980617137
2
1
1
1
2
2
2
1
2
1
2
2
1
1
2
1
1
1
2
2
1
2
2
2
1
1
2
1
2
2
2
1
2
2511397112
1
2
2
1
2
1
2
1
1
1
2
2
1
1
1
1
2
2
1
2
1
1
1
2
1
2
1
2
1
2
1
2
1
2
2
2
2
1
2
1
1
1
2
1
2
2
2
1
2
1
1
2
2
1
1
1
1
2
2
1
1
2
2
2
2
2
2
2
1
1
1
2
2
1
1
2
2
1
2
1
1
2
1
76486276166
1
2
8704398220
1
2
1
2
1
1
2
1
2
2
2
1
1
2
1
1
1
1
1
2
1
2
1
2
2
1
2
64533416604
2
2
2
2
1
1
2
2
1
1
2
1
1
2
1
1
2
2
2
2
2
1
2
1
2
2
2
1
2
2
1
1
1
2
2
2
2
2
2
1
1
1
2
1
48036357109
1
1
2
1
2
1
2
2
1
1
2
2
2
2
2
2
2
1
1
2
83333284328
2
2
2
2
2
1
2
1
2
2
2
1
2
1
2
2
1
2
1
2
10934186548
1
2
1
1
1
2
2
1
1
2
2
1
2
2
2
1
57958387247
1
2
1
2
2
2
19853152541
2
2
1
2
2
2
2
2
2
2
1
1
1
2
1
2
2
2
2
2
1
2
2
2
2
2
71871560399
2
2
2
1
2
80068943829
1
2
2
2
1
1
2
2
2
2
1
2
2
2
23262016896
2
2
1
1
2
1
1
2
1
1
1
1
2
1
1
1
1
2
2
2
1
1
1
2
2
1
2
1
1
2
1
2
91584563144
2
1
2
2
1
2
1
2
1
2
2
2
2
2
2
1
2
2
2
2
2
1
1
2
2
2
2
1
1
1
2
1
1
2
2
2
2
1
2
2
1
1
2
1
2
2
1
1
1
1
1
2
2
2
1
2
1
1
1
1
1
1
1
2
2
1
2
1
1
1
2
2
2
1
1
2
2
1
2
1
1
2
2
2
1
2
1
2
1
2
74727043633
2
1
2
1
2
1
2
2
1
1
2
2
1
2
2
1
23097696880
2
1
1
1
2
1
2
1
1
2
2
1
2
2
1
1
43029860159
1
2
1
1
2
2
2
49885714517
1
1
1
2
2
1
1
2
2
2
2
1
1
1
1
1
1
1
1
2
1
2
2
1
2
2
2
2
1
2
2
1
2
2
2
13581394807
1
2
1
1
1
1
60516884148
2
1
1
1
2
2
1
1
1
1
1
1
2
2
2
1
1
1
2
1
2
1
2
2
2
37223670631
2
2
2
2
2
1
1
1
2
2
2
2
1
1
2
1
1
2
1
2
1
1
1
1
1
2
1
2
1
2
2
1
2
1
1
2
1
1
2
1
1
2
1
1
2
2
85387885604
1
55161147383
1
1
1
2
2
2
1
2
1
1
1
2
2
2
1
1
2
1
2
1
2
2
2
1
1
2
2
1
29100485412
1
2
2
1
1
1
2
1
2
2
1
1
2
1
1
2
1
1
1
1
2
1
1
2
1
2
2
1
2
1
1
2
71382148172
2
1
2
2
2
2
54119064070
1
2
1
2
2
1
1
1
2
2
2
2
1
1
2
1
2
1
1
1
1
2
1
2
1
36499727487
1
1
1
1
2
1
2
1
1
2
2
2
2
1
2
1
2
1
1
2
2
1
2
1
2
2
1
2
2
1
1
1
2
1
1
2
2
2
1
2
1
2
2
2
2
2
2
2
2
2
1
2
2
1
1
1
2
2
2
11152670015
1
1
1
2
40039238461
1
1
1
1
1
1
42396904162
1
1
2
2
1
1
1
1
2
1
1
1
1
1
1
1
66322640128
2
2
2
2
2
1
1
1
1
1
2
2
2
1
2
1
2
1
1
2
2
1
2
1
2
1
1
1
1
1
1
1
2
1
2
1
2
2
1
1
1
2
2
2
2
1
1
1
1
1
2
2
1
1
2
1
1
1
2
2
1
2
2
2
1
2
1
1
2
2
1
1
2
1
2
1
1
54690482723
2
2
2
65767783512
2
2
2
1
2
1
2
1
2
1
2
1
2
2
1
2
1
2
2
1
2
2
2
1
1
1
1
2
1
2
2
1
1
2
2
2
1
1
1
2
2
1
1
1
2
1
2
1
1
2
1
1
2
2
1
2
2
2
1
2
2
1
2
1
2
2
1
2
1
2
42037495817
1
2
1
1
1
2
1
1
2
1
2
2
2
2
2
2
2
2
2
2
2
2
2
2
2
2
2
2
2
2
2
2
2
1
1
1
2
1
1
2
2
1
1
2
1
2
2
1
1
2
1
2
2
2
1
1
1
2
2
2
1
10670990548
1
1
2
2
2
2
1
2
2
2
1
2
2
1
1
2
1
1
1
2
2
2
1
2
1
1
2
1
2
1
1
1
1
1
1
1
1
2
1
2
2
2
2
1
1
1
2
1
81818473369
1
1
2
2
2
1
1
2
2
1
1
1
1
2
1
2
2
1
2
2
2
2
2
1
1
2
1
1
2
2
2
2
2
1
2
2
2
2
2
535005495
2
2
2
1
62167552049
1
2
1
2
2
1
1
1
1
2
2
2
2
1
1
2
2
2
2
2
2
2
1
1
1
1
2
2
1
2
1
1
2
1
1
1
1
2
1
2
1
2
2
2
2
1
2
1
1
1
1
1
1
1
1
2
2
85232578080
1
2
2
1
98038038077
2
2
2
1
1
1
1
2
1
2
2
1
1
1
2
1
1
1
2
1
1
89409162784
2
80260403304
2
1
1
86150629428
2
2
2
2
1
1
1
2
2
2
1
2
1
1
2
1
2
2
1
1
15093076824
1
2
2
2
1
1
2
2
2
2
2
1
2
2
1
2
2
2
2
1
2
2
2
2
1
1
68120375898
2
2
2
2
2
2
1
2
22775879469
2
2
1
2
2
1
2
1
2
2
1
2
1
1
2
2
1
2
1
1
2
56868851286
2
1
29087433567
2
1
2
2
2
2
1
2
1
2
1
2
2
86180876167
1
2
1
2
1
1
2
1
1
2
1
2
1
2
2
2
2
1
2
2
2
2
2
2
1
1
2
2
2
1
1
1
1
2
1
2
1
2
2
1
2
2
2
2
2
2
1
1
2
2
2
2
1
2
1
2
1
1
1
2
1
1
2
2
2
2
2
2
2
2
2
2
2
2
2
2
1
1
1
2
1
1
2
2
2
2
1
1
2
1
1
1
1
2
2
2
1
1
2
1
2
2
2
1
1
1
2
2
2
2
1
1
1
2
2
2
2
86537663001
2
2
2
2
1
1
1
1
2
1
1
2
2
2
2
2
1
2
2
2
2
1
1
2
1
2
2
1
2
2
2
1
2
1
2
1
1
2
1
2
2
2
2
1
2
2
2
1
2
2
1
2
2
2
2
1
2
1
1
2
2
2
2
1
2
2
2
2
2
15959510415
2
2
1
1
1
2
2
40207685436
2
2
1
1
1
2
2
1
2
2
2
2
2
1
2
1
2
2
1
1
2
2
65538234306
1
2
2
2
1
1
2
2
2
2
1
2
2
2
1
2
1
1
1
2
2
1
1
1
25441353566
1
1
1
2
1
1
2
1
2
2
2
2
1
2
2
1
2
2
1
1
1
2
2
2
2
2
2
2
1
1
1
1
1
2
1
1
1
2
2
1
1
2
95702989926
1
1
1
1
2
2
2
2
1
2
2
1
2
1
1
31031022119
2
1
2
1
2
1
2
2
2
1
1
1
1
1
2
2
2
1
1
1
36932684633
1
2
1
37664316690
1
1
2
2
2
2
2
1
1
2
1
2
2
2
1
2
2
2
2
1
2
1
2
2
2
1
1
2
2
1
1
83181648941
1
2
1
1
2
2
2
1
1
1
1
1
83052190509
1
2
1
1
2
1
1
2
1
2
1
2
2
2
2
1
2
2
2
2
1
2
2
2
2
1
1
1
2
1
1
1
2
1
2
2
2
2
1
1
30217974150
1
2
2
91088071685
1
1
1
2
2
1
2
2
1
1
1
2
1
2
2
2
2
1
2
1
12185631513
2
2
2
1
83217906683
1
1
1
1
2
1
1
2
2
1
1
2
1
2
1
1
2
1
2
2
35421023048
1
2
2
1
2
2
1
1
2
1
1
1
1
2
1
2
2
1
2
1
70374640996
2
2
2
2
1
1
1
2
2
1
1
2
86995557606
1
2
1
2
2
95954683947
2
2
1
1
2
2
1
1
2
1
1
1
2
2
1
88047149925
1
2
1
1
1
2
1
2
1
1
1
1
2
2
1
1
1
2
1
2
1
1
1
1
1
1
1
2
2
2
1
1
1
2
2
2
1
1
1
2
2
1
2
2
2
2
2
2
1
2
1
1
1
2
1
2
2
1
2
2
2
1
1
2
2
2
1
1
2
1
2
1
1
2
1
1
1
2
1
2
2
2
2
1
2
2
2
1
2
2
1
1
2
2
2
2
1
2
2
1
1
2
1
1
1
1
1
1
2
2
1
2
1
2
1
2
1
57402735275
2
1
2
2
1
1
1
1
2
2
1
1
63694617551
37368098559
1
1
2
2
1
2
2
1
1
1
2
1
2
2
2
2
2
2
2
2
2
2
2
2
2
1
2
1
2
1
2
2
1
1
2
2
1
2
1
1
1
1
1
2
1
2
1
2
2
2
1
2
2
2
1
1
1
2
2
1
1
1
2
2
2
1
1
1
2
2
2
1
1
2
1
2
2
1
2
1
1
2
2
2
1
1
2
1
2
2
2
1
2
2
1
1
2
1
1
1
2
2
2
2
2
1
1
1
1
1
2
2
2
1
2
1
1
1
2
1
2
1
1
1
1
2
2
1
1
2
2
1
2
1
2
1
1
2
2
2
2
1
1
2
1
1
2
1
2
2
1
2
2
2
2
2
1
2
2
2
2
1
1
1
1
2
2
2
2
2
2
2
2
2
2
2
2
1
2
1
2
2
32012128067
1
2
64648285448
1
1
2
1
2
2
1
2
1
1
1
2
2
2
2
2
1
2
2
1
2
2
2
11516882796
1
2
2
2
2
2
2
1
1
2
1
1
1
2
59860125016
2
2
1
1
1
2
2
1
2
1
2
1
1
1
2
2
2
2
1
1
1
2
1
2
1
2
2
2
1
2
1
2
2
1
1
2
27690457202
2
2
2
2
2
2
1
2
1
2
2
1
2
2
2
2
2
1
2
2
2
1
2
1
2
1
2
2
2
2
2
2
2
2
2
2
2
2
2
2
1
1
2
2
2
1
2
1
2
1
2
2
1
1
2
2
1
2
2
2
1
2
2
1
2
2
1
1
1
1
1
1
1
2
1
2
2
2
1
1
1
1
2
2
2
2
1
2
2
2
2
2
1
2
2
2
2
66236420248
1
2
2
1
2
1
1
1
2
1
1
1
2
2
2
2
1
2
1
1
1
2
2
2
2
1
2
1
1
1
1
1
2
1
90755433568
1
1
1
2
1
2
1
2
2
2
1
2
1
2
1
2
1
2
2
1
2
2
1
1
1
2
2
2
1
2
2
1
1
2
1
2
2
2
2
2
2
2
1
2
1
2
1
2
1
2
1
1
2
2
1
1
1
2
1
1
1
1
2
2
1
2
1
2
2
2
1
1
2
1
2
2
2
2
1
2
2
1
1
98947959011
47368892747
2
1
1
2
1
2
2
2
1
2
2
1
2
1
1
2
1
1
1
2
2
2
2
2
1
1
2
2
1
2
2
2
1
1
2
1
2
2
1
1
1
1
2
1
2
2
2
2
2
2
2
2
2
1
2
2
1
2
43100863223
2
1
2
2
1
1
2
1
1
1
2
2
2
2
58585485886
2
2
2
1
1
1
2
2
2
91850061645
2
2
1
2
1
2
2
2
1
2
2
1
1
2
2
2
97566350754
2
2
1
1
1
2
1
2
2
2
2
2
1
1
1
2
2
2
2
1
2
1
1
2
2
2
1
2
1
2
2
2
2
1
1
2
2
2
1
1
2
1
1
1
2
2
1
1
1
2
1
85981609776
2
2
1
59914251713
1
1
2
2
2
1
2
2
2
1
2
2
2
2
2
1
1
2
2
1
1
1
2
2
1
2
2
1
1
2
2
2
1
1
2
2
1
2
1
2
1
2
2
1
1
1
1
1
1
1
2
2
2
2
2
2
1
2
2
2
1
1
2
1
2
1
2
2
2
1
2
1
2
2
1
1
2
1
2
2
2
2
2
2
2
2
2
2
28526381197
2
1
2
2
2
2
1
2
1
2
2
1
2
2
2
2
2
1
1
1
1
2
2
1
2
2
2
1
2
2
2
1
2
1
1
1
2
7096453714
1
1
2
1
1
1
2
1
1
1
1
1
1
2
2
1
2
2
1
2
1
2
1
1
1
1
2
1
2
1
1
2
2
1
1
2
2
2
2
2
1
2
2
2
2
62422591244
1
1
1
2
1
2
2
2
1
1
1
1
1
1
2
2
1
1
1
2
1
2
2
2
2
1
1
2
2
2
2
2
2
2
1
2
1
1
1
2
1
1
2
2
1
2
2
2
1
1
16318273266
1
1
1
2
2
1
2
1
2
1
2
1
2
2
2
2
1
2
2
2
2
2
2
2
1
2
2
2
1
1
2
1
1
2
1
1
2
1
1
3472924687
2
2
1
2
1
2
1
2
2
1
2
1
1
1
2
2
1
1
1
53691061273
2
1
2
2
2
1
2
2
1
1
2
1
1
2
2
2
2
1
1
1
1
1
1
2
2
2
2
1
2
1
2
1
1
