2
2
2
2
1
1
2
1
1
1
2
2
2
1
1
2
2
1
380991446
2
2
2
2
2
2
1
2
1
2
2
1
1
2
2
1
2
79024157207
2
2
2
2
1
2
1
2
61204273172
1
2
2
2
2
88268734873
1
2
2
2
2
1
2
2
2
1
2
2
2
2
2
1
2
2
2
2
2
2
1
2
2
48943343670
2
2
2
2
6776203112
2
2
2
1
2
2
2
1
2
2
1
2
2
79670321519
2
2
2
2
2
2
1
2
1
1
2
2
73631880353
2
2
2
2
2
1
2
2
2
2
1
2
2
1
2
2
2
2
1
22464133184
2
2
2
1
2
1
2
2
1
2
2
2
2
2
1
2
1
9075278271
1
2
1
1
2
2
2
2
2
2
2
2
1
1
1
2
1
2
2
1
1
1
1
2
2
1
2
2
2
2
2
19923111184
1
2
2
1
2
88474346809
33449947618
1
2
2
2
2
74563904524
1
2
2
2
2
2
1
1
2
1
2
1
2
2
2
2
2
46305509724
31552560785
1
2
1
1
2
2
2
2
44820708285
2
2
1
2
1
2
2
2
2
2
1
2
2
2
2
2
55875599761
2
271612781
2
2
1
2
1
1
2
2
2
2
1
1
2
2
2
2
1
1
2
2
2
2
39100422709
2
2
2
2
2
49813861184
2
58342624346
1
74728680183
2
2
2
2
1
2
1
2
2
2
1
30654555113
2
2
2
2
2
2
1
2
2
1
2
2
2
2
1
2
1
1
2
2
2
2
2
2
2
2
2
2
2
1
2
2
1
2
2
1
2
1
2
1
2
2
2
2
1
2
2
2
2
2
2
2
1
2
2
2
2
2
2
2
43275217121
2
2
2
2
2
2
2
2
2
2
2
1
1
2
1
2
2
62905934888
1
2
2
2
1
1
2
44114078934
1
2
2
13516062723
1
2
1
2
2
2
1
2
1
2
2
1
2
1
2
2
2
23822656556
2
2
2
95584584661
2
2
2
1
2
2
2
1
2
2
2
2
2
5223470970
2
2
1
2
7544223474
2
2
2
3597090242
17301680779
2
2
1
5131319623
2
2
2
2
2
1
43104030315
26750106084
2
2
1
2
1
2
2
2
2
2
1
2
2
1
2
2
2
2
2
2
2
1
1
2
1
1
2
2
1
2
2
2
1
1
2
2
2
1
2
1
2
2
1
81974001251
2
1
2
2
2
2
2
1
1
2
2
2
1
2
1
2
2
2
1
2
2
2
94248663862
2
2
2
2
2
1
1
2
2
2
2
2
2
1
2
2
1
2
2
1
2
2
1
1
1
2
2
1
42423879299
2
41343170180
2
2
2
2
1
2
2
2
1
1
11983762492
2
2
2
2
54355941282
2
2
2
2
2
2
2
1
2
1
2
15669880107
2
2
2
1
2
2
2
2
2
2
1
55877337448
1
1
2
2
2
2
2
2
2
2
2
2
2
2
2
1
1
1
2
1
19911134599
2
1
2
2
2
2
2
2
1
2
1
2
2
2
2
8767184582
83152287180
2
2
2
62240748833
57137446222
2
2
2
2
2
2
2
1
2
2
2
2
2
2
2
2
2
2
2
2
82862454050
2
2
2
1
2
2
73703167711
2
1
1
2
1
2
2
2
2
1
2
2
2
66212840619
2
1
1
15412627613
2
1
2
1
1
2
1
2
2
2
2
2
2
2
2
2
2
2
2
2
2
2
2
1
2
2
2
1
2
1
1
2
2
13160521624
2
2
2
2
2
2
1
2
2
2
1
2
2
1
80021034360
2
2
2
2
1
2
2
15660880162
2
2
2
1
2
2
1
2
2
2
2
2
2
2
2
2
2
2
2
2
2
2
1
1
2
2
2
2
2
1
1
1
2
2
2
1
1
2
2
2
2
2
2
2
2
2
2
2
2
1
90614510126
1
2
2
2
1
2
2
2
2
1
1
1
2
1
2
1
1
2
2
2
2
2
2
2
2
2
2
2
1
2
1
1
2
2
2
2
2
2
1
2
74533532532
1
2
2
2
1
2
2
2
1
1
2
2
2
2
2
2
2
2
2
51755115406
1
2
1
2
2
2
2
2
1
2
2
26862132724
2
2
2
2
1
44913624602
2
2
2
2
2
2
2
2
2
2
2
2
61927717995
2
2
2
2
2
1
2
2
99705221585
2
2
1
2
2
2
76770022751
1
2
2
2
25899264800
1
1
2
1
2
2
80818527250
2
2
2
2
1
2
2
1
2
1
2
1
2
1
1
1
2
1
2
1
2
2
2
1
2
2
1
95089838843
2
1
2
2
2
2
2
2
1
2
2
1
2
25724833952
1
1
2
2
2
1
2
2
1
2
2
1
2
1
2
2
1
1
1
2
1
2
2
2
2
1
2
2
63694829975
2
1
2
2
1
1
1
27679114601
1
2
1
2
1
2
2
1
2
2
2
2
2
1
2
1
2
2
2
2
2
2
1
2
2
2
2
2
2
2
2
2
2
78406068574
1
1
1
2
1
1
1
2
2
2
2
2
2
2
2
2
2
2
2
2
2
1
1
2
2
2
2
1
2
2
2
2
2
2
2
1
2
2
2
2
1
2
2
2
1
2
2
1
2
2
2
2
2
1
2
2
2
51524927820
1
1
2
2
2
2
2
2
2
2
1
2
1
2
2
2
2
2
2
2
1
2
1
2
1
2
1
2
2
2
1
1
2
1
2
2
2
2
2
2
2
1
16850606106
2
1
1
2
2
87991162650
2
2
2
2
75714871335
1
1
2
2
2
48292796277
2
2
2
2
2
65375843847
66827041320
2
2
2
2
2
1
2
2
2
1
6632949229
55995284693
2
1
1
2
2
1
2
2
2
2
2
2
2
1
2
2
1
2
2
1
2
14776843630
2
1
2
1
2
2
2
2
1058718227
1
2
2
2
77979163416
1
2
1
2
1
2
2
2
1
2
2
2
2
1
2
2
70918323507
1
94958772957
2
2
1
1
2
2
2
2
1
1
1
8380302212
2
2
1
1
2
1
2
2
1
2
1
2
2
1
2
1
1
2
66741262927
2
1
2
1
56930157480
2
1
2
2
1
2
2
2
1
2
2
2
2
1
2
2
1
2
2
1
2
2
2
1
86272788343
2
2
1
2
2
2
2
81765370812
2
35137941106
2
1
1
1
2
2
2
2
2
2
1
1
2
1
2
1
1
1
1
2
1
1
2
2
2
2
2
2
2
2
69444468852
1
2
2
2
1
2
2
2
1
1
2
1
2
2
1
2
2
1
2
1
1
2
2
2
1
2
2
1
2
2
2
2
2
2
1
1
2
1
1
76576983137
1
2
2
2
80904211214
2
2
2
2
2
2
2
59185716382
2
1
2
2
1
2
1
2
2
2
2
2
2
2
1
2
2
2
1
1
2
1
1
2
2
1
1
2
46390764798
2
2
1
2
2
1
2
1
1
2
1
2
1
2
1
1
2
2
2
1
1
2
1
2
1
2
2
1
2
1
2
2
2
2
2
1
2
2
2
2
2
2
2
1
2
1
2
2
1
2
2
2
2
1
2
1
2
1
1
1
1
2
6298922202
1
2
2
1
2
1
1
1
2
2
2
1
2
1
2
2
2
1
1
2
2
1
2
1
1
1
2
2
2
2
2
2
2
2
2
2
2
2
2
2
1
1
2
2
1
1
2
2
1
2
1
1
1
2
2
1
2
49035789009
2
2
1
1
1
2
1
2
2
2
2
1
2
2
1
2
2
3115766364
2
1
2
2
2
2
2
2
2
1
1
2
1
2
56892566324
1
1
2
2
2
2
2
2
69282605753
2
1
2
2
1
2
1
2
1
2
2
16631240746
1
1
2
1
2
2
2
1
1
2
1
81985054193
1
65645685608
2
66654991272
2
2
2
2
2
2
2
1
2
2
2
43011249048
1
2
2
2
2
2
1
2
67671785843
2
2
2
1
1
2
1
2
1
2
2
1
2
2
1
2
2
2
2
2
2
2
2
2
1
1
2
2
1
2
2
42037428204
2
2
62200943739
2
1
2
2
1
2
2
93963033436
2
2
1
2
1
1
2
2
2
2
2
1
1
2
2
1
2
2
1
2
2
2
2
2
2
2
1
2
2
2
2
2
2
2
2
2
2
2
1
2
2
1
2
2
2
49116366976
2
1
2
2
2
2
2
2
2
2
2
2
2
1
2
2
79379644626
1
1
2
1
2
2
2
2
2
2
1
1
99246666001
2
1
1
2
1
1
2
1
2
2
1
2
2
2
1
2
2
2
2
1
2
2
1
2
2
2
2
2
1
2
1
2
2
2
2
1
1
2
1
2
2
2
1
1
1
2
2
2
1
2
1
43793016710
2
2
2
1
2
2
2
2
2
1
1
2
2
2
1
1
1
2
2
2
1
2
1
1
2
2
1
1
2
2
2
1
1
2
2
1
1
1
2
1
2
2
2
2
1
2
2
2
2
7814432895
37422499033
1
2
1
2
2
2
2
2
1
2
2
1
1
1
2
2
66293336889
2
2
1
2
2
2
1
2
2
1
2
2
2
2
2
71465233402
2
2
2
1
2
1
2
1
1
2
2
2
2
2
2
2
2
2
1
1
2
2
1
11381486512
2
2
2
2
2
2
1
2
2
2
2
87988299306
1
2
2
1
2
2
1
1
1
1
2
1
2
2
1
2
2
2
2
1
2
2
2
2
1
2
1
2
2
2
2
2
2
1
2
2
2
2
1
1
1
2
2
2
2
2
2
2
2
2
2
2
2
2
2
1
2
2
2
2
97069639763
2
2
1
475738627
49995839899
2
2
1
2
2
1
1
2
2
1
2
2
2
2
1
2
2
2
2
1
1
98482057599
1
2
2
2
2
2
53399377159
2
2
1
2
2
2
2
2
99135833803
1
2
2
2
1
1
34892293938
2
1
2
1
1
92589137609
1
2
2
2
1
2
2
1
1
2
2
1
2
2
2
2
1
1
2
2
2
2
2
2
2
2
2
2
2
2
2
1
1
1
2
1
7125981616
2
2
1
1
1
2
2
1
1
2
2
2
2
2
2
2
2
2
2
2
56579285015
2
2
2
2
2
1
2
1
2
1
2
422499705
1
2
2
2
2
2
2
1
1
2
1
2
2
1
2
1
2
2
2
2
2
1
2
2
2
2
2
1
2
2
2
1
2
1
1
1
1
2
2
2
2
2
20979399549
2
2
2
2
2
72052917942
2
2
2
1
1
2
2
2
2
2
1
2
1
1
2
1
2
2
2
2
45770325300
2
2
1
2
2
7922052484
1
1
1
1
1
2
2
2
2
1
68559966108
2
2
1
2
2
2
1
2
2
1
1
87021754272
1
2
2
1
1
2
2
2
2
1
1
2
2
2
2
1
1
2
2
2
2
2
1
2
2
2
1
20934054802
2
2
1
2
1
2
2
2
1
2
1
1
2
2
2
2
1
2
63598695872
1
1
1
2
2
2
2
2
2
2
2
2
2
1
1
2
2
1
2
2
14715188995
2
2
2
2
1
1
2
2
2
1
1
2
1
2
2
2
1
2
1
2
2
2
1
1
2
2
1
1
2
2
1
1
2
2
2
2
2
1
1
1
2
2
2
2
2
2
2
2
2
2
2
2
2
48083933122
2
1
2
2
1
2
2
2
2
2
2
1
2
1
1
2
1
2
2
1
2
2
1
1
2
2
2
2
1
2
2
2
2
1
2
1
2
2
2
2
2
1
2
2
2
2
1
2
1
1
2
2
2
4627772442
2
2
2
2
2
2
1
96705549481
1
32004990939
2
1
2
2
1
1
2
2
2
2
2
1
1
2
2
2
2
2
2
2
2
1
2
2
2
2
2
2
1
1
2
1
2
1
1
2
2
2
2
2
1
2
2
2
2
2
45137180794
2
2
1
1
2
1184421839
1
2
22137715467
2
1
2
2
1
2
45101954279
2
92386080641
2
2
2
2
1
2
2
2
2
2
1
2
2
2
2
2
2
1
29475807211
29170744293
1
1
1
1
2
2
2
2
2
78655955810
2
2
2
2
2
2
1
2
2
1
1
2
2
2
2
1
2
2
2
2
2
1
1
2
2
2
2
2
2
2
2
2
1
2
1
2
1
2
2
1
2
2
2
2
2
2
2
2
2
2
97459296831
2
2
2
1
2
2
2
2
1
2
1
2
33932492971
2
2
2
2
2
2
2
2
2
2
2
2
1
2
2
1
2
2
1
47916180624
2
2
1
2
2
2
1
2
2
2
2
2
2
2
2
1
2
2
2
2
2
1
1
1
1
2
2
2
2
2
2
2
1
2
2
1
2
1
1
1
2
57807420948
2
1
2
2
2
2
2
2
2
8843119189
2
2
2
1
2
2
1
2
2
2
2
2
2
2
94237090745
1
2
2
2
2
2
97094517162
2
2
1
1
2
1
1
2
94024415018
2
2
2
2
2
2
37670140385
2
2
1
2
2
2
2
2
13241334359
2
2
8910265337
2
2
2
1
2
2
2
2
2
2
1
62418743382
2
1
1
2
2
2
2
2
2
2
1
2
2
1
2
2
2
1
2
2
2
2
2
2
2
2
2
2
2
2
2
2
2
2
2
2
1
2
2
2
2
2
2
2
2
2
2
2
2
2
39287580808
2
2
1
2
2
1
2
2
1
79169473127
1
2
31737590442
2
2
2
2
2
1
2
2
1
2
2
2
2
2
1
1
2
2
2
2
2
1
2
1
2
2
1
1
2
1
2
2
1
2
2
2
2
2
1
1
94565507949
2
2
2
2
2
2
1
2
2
1
2
2
1
2
1
2
2
1
2
1
2
2
2
1
1
2
2
2
2
2
1
2
2
2
2
2
1
2
1
2
2
2
2
2
2
2
90557056348
2
2
35930617394
1
2
2
2
2
2
2
1
1
1
1
2
1
1
2
1
2
1
2
1
2
1
2
2
2
2
2
2
2
1
2
1
2
2
1
2
2
2
2
1
2
2
1
1
1
1
2
1
44295295966
1
1
2
1
73403345150
2
2
2
1
1
2
2
2
2
2
2
2
1
2
1
28249136908
1
37976952933
64039281912
2
2
1
2
1
2
1
1
2
2
2
2
2
1
1
1
2
2
2
2
2
2
2
2
2
1
2
1
2
1
2
2
2
2
1
1
1
1
2
2
2
1
2
2
1
2
2
1
1
2
2
2
2
2
2
1
1
2
2
61109061488
1
2
1
1
2
1
1
2
22913815055
1
2
1
2
2
2
2
2
2
2
2
1
1
2
1
2
2
2
2
1
1
93924448528
2
1
2
2
2
1
2
2
2
2
2
1
2
1
2
1
2
2
2
2
2
2
2
1
2
1
70003871216
2
16849170334
2
2
2
13551654034
2
2
2
2
2
2
20045867720
2
2
2
1
1
1
2
2
2
2
1
2
2
2
2
66438616195
1
2
2
1
1
1
2
1
2
2
1
2
2
2
2
1
20114381451
2
2
2
1
49776272251
2
2
2
2
2
2
77781080770
2
1
1
2
2
2
2
2
2
2
2
1
2
2
2
2
2
1
2
2
1
2
2
1
1
2
1
2
2
1
2
2
2
1
1
1
2
2
2
2
1
2
2
2
2
2
2
2
2
1
2
2
2
1
2
2
2
2
2
2
2
1
2
1
1
2
24325706206
2
2
2
63107413183
2
2
2
1
2
2
33825399796
2
1
2
1
1
2
57035054318
2
2
1
2
1
2
1
2
1
2
2
2
2
2
2
1
2
2
2
1
2
2
2
1
1
1
2
1
2
11728098776
2
2
2
2
1
2
2
1
2
2
2
2
1
2
2
2
2
2
2
2
2
2
2
35087610138
2
2
1
1
2
2
2
2
2
2
2
2
17898020248
2
2
2
2
1
2
2
2
1
1
2
1
2
2
2
2
1
2
2
1
2
2
2
1
2
2
1
2
2
1
2
2
2
1
1
2
2
1
2
2
1
2
2
1
2
2
2
1
2
2
2
2
2
2
1
2
2
2
2
2
2
1
2
1
1
1
1
2
2
2
2
2
1
1
2
2
2
9641003226
1
41793703617
45583883166
2
1
2
1
2
2
2
2
2
2
2
1
1
2
2
2
7616453590
2
1
2
2
2
2
2
2
2
2
1
2
2
2
1
1
1
2
2
2
2
1
1
2
2
2
1
10357747706
2
2
1
2
2
2
1
40366791369
2
2
2
2
1
2
1
1
1
2
2
2
2
2
2
2
2
2
1
2
2
2
2
1
2
2
2
2
2
2
2
2
2
2
2
2
2
1
2
1
2
2
2
1
1
2
1
2
1
2
1
1
2
1
2
2
2
1
1
1
1
64231038976
2
2
2
2
2
2
2
1
2
2
2
2
2
2
2
1
20566555276
1
2
1
2
1
32559673245
2
2
2
39855624101
2
2
1
2
2
2
1
2
2
1
2
2
2
1
2
2
2
2
2
2
2
2
2
1
2
2
2
1
2
1
2
2
2
1
2
2
1
2
2
1
2
2
44039506796
2
2
2
2
1
2
2
2
2
2
2
29711557479
2
2
1
1
2
2
2
2
2
1
1
1
28653240923
2
2
2
2
2
2
2
1
1
26526882513
1
1
59940096126
2
1
2
2
1
2
2
2
2
2
41091153902
2
2
1
2
1
2
2
2
2
65567173985
2
1
2
2
1
2
45645637279
2
2
2
1
2
2
2
1
1
1
2
2
1
2
2
1
2
19430254308
2
2
1
2
2
36504490949
1
2
2
1
1
1
2
2
1
1
2
2
2
2
1
2
2
12876669612
1
1
1
2
2
1
39802701236
2
1
1
9340677502
2
2
2
2
2
2
2
2
2
2
2
2
2
13167220911
2
2
2
2
2
2
1
2
2
2
61447966377
1
2
2
2
2
2
1
1
2
1
2
1
2
2
2
2
1
2
2
2
1
2
2
1
1
2
1
2
2
2
2
2
2
2
2
2
79041389902
1
55125911458
2
2
1
1
2
2
2
1
2
2
2
1
1
2
2
2
24980502110
2
2
1
2
2
2
2
2
86888426173
1
2
1
2
2
2
1
2
2
1
1
2
2
2
2
1
2
2
1
2
1
2
2
1
1
2
2
2
1
2
1
1
2
1
1
2
1
15980350190
2
1
2
7695735101
85257156346
1
2
1
2
2
2
1
1
2
2
2
1
2
1
2
2
2
1
2
1
2
2
87360062408
2
2
2
2
2
2
2
1
1
81645823728
1
2
1
2
2
2
2
73895418141
1
1
1
1
2
2
2
2
2
2
2
2
1
2
1
2
2
1
2
1
1
1
1
2
2
1
1
2
60723154011
2
1
2
1
1
2
1
1
1
2
2
1
2
2
1
2
2
2
2
2
2
2
2
2
2
2
2
2
1
2
2
1
2
2
2
1
2
2
1
89311328425
2
2
2
32582037953
2
2
2
2
1
2
2
2
2
2
2
2
1
2
2
2
2
1
2
15599999433
2
2
1
2
2
1
2
1
2
2
2
2
2
2
2
1
2
2
2
2
2
2
2
1
2
2
2
1
2
41109364651
2
2
2
2
2
1
1
2
1
2
2
1
2
2
2
2
1
2
1
2
1
1
2
2
2
2
2
2
2
1
2
2
1
2
1
2
2
2
2
1
2
2
2
2
2
2
2
1
2
2
2
1
2
1
1
2
2
2
1
2
2
2
2
2
1
1
2
1
2
19872546234
1
2
2
1
1
2
2
2
2
2
2
2
2
1
2
23604069481
2
2
2
2
1
1
2
1
2
2
2
2
1
2
2
2
1
2
2
1
2
2
2
2
1
1
2
1
2
2
2
2
2
2
1
1
2
2
2
2
2
2
2
2
2
1
2
2
2
2
2
2
2
2
2
1
2
53872793963
1
2
88263481376
2
2
2
1
2
2
2
2
2
1
2
2
1
2
2
1
2
2
2
1
1
1
2
2
1
1
2
1
2
2
2
2
1
2
1
2
2
2
2
1
2
2
1
1
2
2
2
2
2
2
2
2
2
2
2
2
2
2
2
2
2
2
1
1
2
2
1
2
2
2
2
2
1
1
1
2
2
2
1
2
2
2
2
1
2
2
2
2
97739185841
2
1
2
2
2
38738773481
93156546729
2
2
1
2
1
2
1
2
2
2
2
2
2
2
2
1
2
2
2
2
2
1
1
2
2
2
1
2
1
2
2
2
2
2
1
2
1
2
2
2
2
1
1
2
2
2
81670100987
2
2
2
2
2
2
1
2
1
1
2
2
2
1
2
1
2
2
1
2
1
1
1
1
2
2
1
1
1
2
1
2
2
1
2
2
2
1
2
1
1
2
2
1
2
2
2
2
1
16126472196
2
2
2
2
1
2
2
1
2
1
2
2
1
2
2
2
2
2
2
1
1
2
1
2
2
1
2
2
2
2
1
2
1
2
1
1
2
2
2
2
2
2
2
2
2
2
1
2
2
2
2
2
2
2
2
2
2
2
2
2
2
1
2
1
2
2
1
2
2
75054220155
2
32060540861
2
2
2
2
1
1
2
1
2
2
2
2
1
1
2
2
2
2
2
2
1
61504041053
2
2
2
2
1
2
1
2
2
1
1
2
6673526920
2
2
2
2
2
2
2
2
2
2
1
2
1
2
2
2
2
2
2
2
5993257072
1
2
1
1
2
1
2
2
1
1
2
2
1
2
1
1
2
2
2
2
2
2
38153488654
66927074206
93862337413
1
2
1
1
2
2
2
2
2
2
2
2
2
43390697965
1
1
2
1
2
1
1
2
2
1
2
2
2
2
2
2
2
2
2
2
2
2
2
1
1
1
2
1
2
2
2
1
1
2
2
2
2
1
1
2
2
2
1
2
2
2
2
2
2
74682907778
1
2
2
2
1
2
2
1
2
2
1
2
1
2
2
2
1
2
1
2
2
2
2
1
2
2
19612220000
2
2
2
2
1
2
2
2
2
2
2
2
2
1
2
2
2
2
1
2
1
2
2
2
2
2
1
2
1
2
2
1
59101557368
2
1
2
2
1
44550437243
2
2
2
2
2
1
1
1
2
2
2
2
2
2
2
2
2
2
2
2
2
2
1
2
2
2
2
1
2
2
2
2
2
2
60055708462
19693801480
2
2
2
2
2
1
2
1
2
2
2
2
2
2
96297412133
1
1
6041714372
2
2
2
2
2
2
2
2
2
2
2
1
2
2
2
1
2
1
1
1
1
2
2
2
2
1
2
2
2
2
1
2
2
2
2
2
1
1
2
2
2
2
2
2
2
2
2
2
2
2
2
1
2
2
2
2
2
2
1
1
2
2
1
1
1
33928638448
20653685765
1
2898109809
2
2
1
2
1
2
1
1
65141660692
2
2
2
1
1
1
2
2
2
1
2
2
2
1
1
4897833435
1
1
2
2
41754954159
1
1
2
2
1
1
2
2
2
2
2
1
2
2
1
1
2
2
1
1
2
2
2
2
2
2
1
65110222170
2
1
2
2
2
1
1
2
2
1
2
2
2
2
2
1
2
1
1
2
8971282546
2
2
2
2
2
2
2
2
2
2
1
2
8156189430
2
2
52879268962
2
1
2
76375864879
2
1
69925494578
1
2
1
2
1
2
1
2
2
1
2
1
2
1
2
2
1
2
2
62183298854
2
2
2
1
1
2
2
2
2
2
2
2
80245715889
2
2
2
1
2
2
2
1
2
2
2
1
2
1
2
2
2
1
2
1
2
2
2
2
2
2
1
2
2
1
1
1
2
2
2
2
1
2
2
2
2
2
2
1
2
2
2
2
2
2
2
80276991706
2
2
1
2
1
1
2
2
2
2
1
2
1
45564263763
2
2
2
2
2
2
2
2
2
2
2
2
2
2
2
1
2
2
1
2
1
2
2
2
2
2
1
2
2
2
2
2
2
2
2
2
2
2
2
2
2
2
1
2
2
2
2
2
2
1
1
2
2
1
1
76761877985
2
59437824582
2
1
1
2
2
2
1
2
2
1
1
1
1
2
1
2
2
1
2
2
2
2
2
1
2
2
2
2
2
1
2
2
1
2
2
1
15056137541
2
2
1
2
1
2
2
2
2
2
1
1
1
2
1
2
1
2
1
1
98777962680
2
1
1
2
2
88773540444
2
1
1
2
1
1
62315856247
2
1
2
2
2
8563663326
2
2
1
2
1
2
2
2
2
2
2
2
1
2
2
2
2
1
1
2
2
2
1
1
2
2
74960366055
2
2
1
2
2
1
2
1
2
2
2
2
1
2
2
2
2
2
1
2
2
2
1
2
2
2
2
2
1
2
1
1
2
2
2
2
1
2
2
1
2
1
1
1
1
2
1
2
2
1
2
2
2
2
2
2
2
2
1
2
2
2
2
1
2
2
2
1
2
2
2
2
1
2
2
2
1
2
77265335103
1
2
2
2
2
1
2
1
2
1
2
2
2
1
2
2
2
3958020491
2
2
2
2
2
1
2
2
2
2
2
2
2
2
1
2
2
2
2
2
2
1
2
2
2
75063891664
2
1
1
32608853578
1
1
2
2
1
1
1
2
2
2
2
2
2
1
2
2
1
2
2
1
2
2
1
1
2
1
1
2
1
2
2
37561774239
1
2
2
2
1
2
2
2
2
2
1
2
2
2
53064483460
1
1
2
1
1
2
1
2
1
1
2
2
1
2
1
49720307945
1
2
1
46136108683
2
2
2
2
1
1
2
2
2
1
2
2
2
2
2
1
2
1
2
2
2
2
2
1
2
1
2
2
2
2
2
2
2
99944918292
1
1
93006506309
2
1
1
2
1
1
2
2
2
2
1
2
2
1
1
2
2
2
1
1
2
2
1
2
3368055203
2
1
2
2
1
1
2
2
1
2
2
2
2
1
2
1
2
2
1
1
2
2
1
1
1
2
2
1
2
2
2
1
2
2
2
1
2
22088631115
1
1
1
2
2
2
1
2
2
2
1
2
1
2
1
2
2
2
2
2
2
2
2
2
2
1
2
2
2
2
2
1
2
2
1
2
1
2
2
1
2
2
2
2
2
2
2
2
2
2
2
2
2
2
2
1
1
2
2
2
2
2
1
1
2
2
1
2
1
2
1
1
2
2
2
2
1
2
48529797751
2
1
1
1
2
2
2
2
1
2
2
2
1
2
2
2
2
2
1
2
2
2
2
2
2
1
2
2
2
2
2
2
1
2
2
2
2
2
1
1
2
2
1
2
2
2
2
1
2
1
2
1
2
1
1
2
2
1
14667707002
2
2
86084706525
2
2
2
1
1
1
2
10430971549
1
28994374671
2
2
1
1
2
2
2
2
2
2
2
1
1
1
1
2
1
2
2
2
2
2
1
2
2
2
2
1
2
2
2
1
1
2
2
2
2
2
2
2
2
2
1
1
2
2
1
2
2
23921748855
2
2
1
2
93770304009
2
2
2
2
1
2
2
1
73316117358
1
2
1
2
1
2
2
2
1
2
1
2
2
2
2
2
2
9231315756
1
2
2
2
2
1
99227705011
2
2
2
1
2
2
2
2
1
2
1
2
2
2
2
2
2
2
2
2
2
2
2
1
1
2
2
2
2
1
1
2
1
2
1
2
1
2
1
1
64694953301
2
2
2
2
2
1
2988727290
1
2
2
2
2
1
2
2
1
2
2
1
21422548258
2
1
1
1
2
2
2
2
2
2
2
2
2
1
2
2
2
2
2
1
2
1
1
2
2
2
1
1
2
2
2
1
1
2
2
2
1
2
1
1
1
2
2
2
2
2
2
1
2
2
2
2
73425536018
2
2
1
2
2
2
1
1
2
2
1
2
59283347816
2
2
1
2
1
2
2
2
1
2
2
2
2
2
2
1
2
1
2
1
1
2
2
2
1
1
2
2
2
2
1
2
1
2
2
2
2
2
1
2
1
2
2
2
2
1
1
2
2
63687285584
1
2
68697455472
2
1
2
1
2
2
1
2
2
2
2
2
90979604276
1
3669365905
2
56665500355
2
1
2
2
2
1
2
2
1
2
2
2
1
2
2
1
1
1
2
1
2
2
1
2
2
2
1
1
2
43306755541
1
2
2
2
2
1
2
1
2
1
1
2
7044023915
2
2
64857381606
8483497543
2
2
44311088746
2
2
2
2
2
2
2
2
2
2
2
2
2
1
2
2
2
2
2
1
1
74426490540
1
2
2
2
1
2
2
2
1
2
2
1
2
2
2
2
1
2
2
1
2
2
1
2
2
1
21379146452
2
1
1
1
2
59635583285
2
2
2
1
2
1
2
2
2
2
2
2
2
2
61355380987
2
1
1
2
1
2
2
2
2
1
1
1
2
2
2
2
2
1
1
2
2
1
47590726821
2
2
2
2
1
1
2
2
1
1
2
2
2
2
2
2
2
2
2
2
1
1
28005176893
2
1
2
2
2
2
2
2
2
2
2
2
1
1
2
2
62747449872
2
2
2
2
2
89860316640
2
1
1
92625816695
1
2
69335228637
1
1
1
2
2
2
1
1
1
2
76601196282
2
2
1
1
2
2
2
1
1
1
1
2
2
2
1
1
2
2
2
2
2
2
2
25538069994
2
2
2
2
2
2
2
2
2
2
2
2
2
1
14839697822
2
2
2
2
2
2
2
2
2
1
1
2
2
2
2
11701965192
2
2
1
2
2
2
2
2
1
1
2
2
2
2774724952
1
1
2
1
2
2
1
2
1
1
1
1
2
1
2
1
1
2
2
2
2
1
2
2
2
2
1
2
2
2
2
2
2
1
2
2
2
2
2
1
2
2
1
1
48701653696
1
2
1
2
2
2
87038521247
1
1
1
1
2
2
13467936148
2
1
2
1
2
1
2
2
2
1
2
92616769486
2
2
2
2
2
2
2
1
2
1
2
2
2
1
2
1
2
2
1
2
1
2
1
57671769093
2
2
2
1
2
2
1
2
2
2
2
2
2
2
2
2
2
2
1
1
2
1
1
2
1
2
2
1
1
1
2
2
1
2
2
1
2
2
2
2
2
2
1
2
1
2
1
2
1
2
2
1
2
2
2
2
2
2
1
1
1
2
2
5155259792
1
2
2
2
18906898601
2
2
2
2
2
1
2
2
2
2
63541579082
1
2
2
2
2
2
2
2
2
2
1
2
2
2
1
2
2
1
1
1
38557071363
1
2
2
2
2
1
2
1
1
1
2
2
2
2
1
2
2
34300449837
1
31781027298
1
2
1
2
2
40417841733
1
2
2
1
2
2
2
1
2
2
2
2
2
2
2
2
2
1
2
2
1
2
98515292294
2
2
2
2
1
2
2
2
2
2
2
2
2
2
2
2
1
12237037879
2
2
4103366347
2
2
1
2
1
1
2
1
2
2
2
2
1
2
2
90267603473
1
2
2
2
2
2
2
2
2
1
2
2
2
2
1
2
2
1
1
2
2
2
2
2
5340793821
22419524936
2
1
2
2
2
65799112488
2
2
2
2
1
1
2
2
1
1
2
1
2
1
2
2
1
2
1
13821287478
2
2
2
92200877686
2
2
2
2
2
2
2
2
1
1
2
2
2
1
2
2
2
1
1
8767412535
64362314429
1
2
2
2
19966771723
1
2
1
2
2
2
1
1
1
2
2
1
2
2
2
2
2
84848904861
1
2
1
2
2
2
2
2
2
2
20681742253
2
2
2
1
1
2
1
1
1
2
2
2
1
2
2
1
21154657242
1
2
1
14799098503
2
2
1
2
1
2
1
2
2
1
2
2
2
2
80757333895
2
2
1
1
1
2
2
1
2
1
1
2
1
2
2
2
1
59528525441
2
2
2
67202686403
1
2
2
2
2
2
2
2
1
2
2
2
2
2
2
1
2
1
2
2
2
1
1
41841256281
1
1
2
2
2
1
2
2
2
1
2
2
1
2
2
2
2
1
2
2
1
1
1
2
2
2
1
2
2
1
2
2
2
1
2
2
1
86244674276
2
2
2
2
2
2
2
1
2
67573767307
99689352117
1
2
51904422257
2
2
2
2
1
2
2
2
1
71081608570
2
2
2
2
2
2
1
2
2
1
1
2
2
2
2
1
2
1
2
2
1
1
2
1
2
1
1
2
2
44973486924
1
2
2
2
1
2
2
2
1
2
2
1
2
1
1
2
2
2
8843016919
2
1
2
2
2
2
2
1
2
2
2
2
2
2
2
2
2
2
2
1
2
2
2
2
2
2
2
2
94889593971
2
2
1
2
2
1
2
1
2
2
2
1
2
75803016946
1
2
1
2
1
2
2
2
2
97741226417
2
2
2
2
2
2
2
2
1
2
2
2
2
2
2
2
1
1
2
2
2
2
2
2
1
2
1
1
1
2
1
25685693997
1
2
2
2
2
1
1
1
2
2
1
2
2
2
1
2
2
1
2
1
2
2
2
2
1
2
1
2
2
1
2
1
2
2
2
2
2
1
2
2
2
1
2
1
1
2
2
1
2
2
2
1
1
2
2
2
1
2
1
2
1
2
2
2
1
1
2
2
2
2
2
1
2
2
2
2
2
1
2
2
2
2
2
2
2
2
2
2
83119982853
32802873148
1
2
23248321462
2
2
2
2
2
2
1
2
2
2
2
2
94189077033
2
91879563842
2
2
2
2
2
1
2
2
2
2
2
2
1
1
2
1
2
2
2
2
2
1
1
2
1
2
1
1
2
2
2
2
2
2
2
2
2
89783991203
2
2
1
2
2
2
1
2
1
2
2
2
2
1
2
2
2
2
2
2
1
2
2
2
1
2
1
2
2
1
73181329892
2
1
1
2
1
2
1
2
2
2
2
2
1
1
2
37129859322
2
2
2
2
2
2
1
1
1
2
1
2
2
1
2
2
2
2
1
2
2
2
1
2
1
2
2
1
2
2
1
1
2
2
2
2
1
2
1
1
1
1
2
2
1
2
34948988972
2
2
2
2
1
2
2
2
2
2
1
2
2
2
1
2
2
2
2
2
2
1
2
2
1
2
1
1
2
2
1
2
2
2
2
2
2
2
1
1
2
1
2
2
2
1
2
2
2
1
2
2
1
2
2
2
1
2
1
1
2
2
2
2
2
2
1
2
2
2
95659115612
2
2
1
2
2
2
2
2
2
2
1
2
1
1
1
2
1
2
1
1
2
2
2
2
1
2
37594608739
2
1
2
1
1
2
2
2
2
1
395875696
1
1
2
2
2
2
2
2
1
2
1
1
1
2
1
2
2
2
2
1
2
2
2
1
1
65886020114
2
2
2
1
1
2
2
2
2
2
2
1
2
2
2
2
1
2
2
2
2
36501314500
2
2
2
2
1
1
1
2
2
2
1
2
2
2
7369204953
1
2
2
1
45958277581
2
1
1
2
1
1
2
2
1
1
2
1
1
2
2
2
1
1
2
78764742334
1
1
2
2
2
2
1
2
1
2
2
2
2
2
1
2
2
2
2
1
2
1
2
2
2
1
1
2
2
2
2
1
1
2
2
2
2
2
2
1
2
2
2
2
2
2
2
2
2
2
92376322729
2
2
2
2
2
9167973037
1
1
2
2
2
1
2
1
2
1
2
2
1
2
2
2
2
1
2
2
42522851141
2
2
2
1
2
2
1
2
1
47488103199
2
2
2
2
2
2
2
2
1
2
2
1
2
1
88434110185
1
1
5688499166
2
2
96263498455
2
2
2
2
2
2
1
1
1
2
16982330069
1
2
2
2
2
2
2
2
1
2
2
2
2
2
2
54863673566
1
1
1
1
2
2
2
2
1
2
1
2
12771469539
2
1
1
2
1
1
1
2
2
2
2
2
1
2
2
2
2
2
2
2
2
2
1
2
2
1
2
2
2
2
1
2
2
2
2
42029576840
2
2
2
2
2
2
1
1
2
1
2
2
1
1
2
1
2
2
2
2
2
1
2
2
2
2
2
2
2
2
2
2
1
1
2
2
2
2
2
2
1
2
2
1
1
2
2
1
2
2
2
2
28915554655
2
2
1
1
2
2
1
2
2
2
2
1145374815
2
2
2
2
2
2
41249114786
2
2
1
1
2
1
2
2
2
1
2
1
2
2
2
32041846181
1
1
2
2
2
2
49991820379
91434499881
2
2
2
1
2
2
1
2
1
92614529510
2
2
1
2
1
2
1
2
2
2
2
1
2
2
2
2
2
2
66315108518
1
2
2
2
1
2
2
2
1
2
2
1
1
2
1
2
1
1
14795110469
2
2
30292285091
2
2
2
2
2
1
2
2
2
2
2
2
2
1
2
2
2
1
1
2
2
1
1
2
2
2
34203833551
2
2
2
1
2
2
2
2
1
2
36846768775
51982892696
7477279506
1
2
2
2
2
2
1
2
2
2
1
2
7243674718
2
2
2
2
2
1
2
2
2
2
2
2
2
1
2
2
2
2
2
2
2
2
2
1
2
1
1
2
2
2
2
55645254387
98601028807
2
2
1
2
2
2
1
1
1
2
1
1
2
2
2
2
2
1
53596819953
2
2
1
2
2
2
2
1
2
2
1
2
2
1
1
2
2
2
1
2
2
2
2
2
1
1
2
2
2
2
2
1
2
2
1
2
2
2
1
2
2
2
2
2
1
2
2
2
2
2
2
2
1
1
1
75286090735
2
2
2
2
1
2
2
2
2
2
2
2
84253371228
1
2
2
2
2
2
2
66254605860
2
2
1
2
1
2
1
2
2
1
65397650164
2
2
1
2
2
1
1
2
2
2
2
2
2
1
1
1
2
1
1
25546526978
2
1
1
62036717521
1
54666363342
2
2
1
2
2
2
2
2
1
2
2
1
2
2
16683163745
21039695196
2
2
1
1
75362049405
2
2
5545640661
2
2
1
84708636518
1
2
2
2
1
2
2
2
2
1
1
40410373724
2
2
2
2
2
1
2
2
2
2
1
1
2
1
1
2
2
1
2
1
1
2
2
1
2
2
1
2
1
2
1
2
90148039180
2
2
2
1
1
1
1
1
1
2
2
2
2
2
2
2
1
2
2
2
2
1
2
2
2
2
2
2
1
1
2
2
2
2
2
2
2
2
48775802874
2
2
2
2
2
90713221826
2
2
2
916642139
1
2
2
36607285616
1
2
2
2
2
2
2
2
2
2
2
2
2
1
28881092827
1
2
2
1
2
1
45395446912
2
2
1
2
2
2
2
17248121538
1
2
2
1
2
2
1
1
2
1
84711759506
1
2
2
2
1
1
2
2
1
1
2
2
1
2
1
1
2
2
2
15355167044
2
1
2
2
2
2
2
1
1
2
12437261315
2
2
2
1
1
1
2
2
2
2
2
2
86049714375
2
2
2
2
26756782952
2
2
1
1
1
2
2
2
2
2
1
1
2
2
2
1
1
14217572624
1
1
2
2
99064800673
2
1
1
2
2
18264869339
90427337763
1
2
2
99200359078
2
2
1
2
2
2
2
2
1
2
2
2
2
2
1
2
2
1
2
2
2
1
2
2
1
2
2
1
2
2
2
2
2
2
2
2
1
1
2
2
2
2
75327290075
2
1
2
1
2
2
2
2
2
2
2
2
92935035445
2
2
2
2
2
2
2
2
81311688794
2
1
24210281623
1
2
2
2
2
2
1
2
2
2
2
2
1
2
2
2
2
1
2
1
1
2
2
2
2
1
17266734894
2
2
1
2
2
2
2
2
2
1
2
2
1
1
2
2
2
1
2
1
2
2
2
2
2
1
2
1
1
2
2
2
2
1
2
1
2
2
2
2
2
2
2
2
1
2
2
2
1
2
2
91196269914
2
1
1
1
2
2
1
2
2
2
2
2
2
2
2
2
2
2
2
1
2
2
2
2
2
2
1
2
1
2
2
2
2
2
2
2
2
2
1
2
2
2
2
2
99066676480
668605117
2
2
1
2
1
31529499033
2
2
2
2
1
1
2
2
2
1
2
2
2
2
2
33150311612
2
1
2
2
2
1
2
1
2
2
2
2
1
2
2
2
2
2
30060441864
2
2
1
2
2
2
2
2
1
2
2
2
2
2
2
2
1
29287403773
2
2
1
2
2
2
2
1
2
2
2
2
2
2
2
2
1
2
1
2
1
2
1
1
2
2
1
2
1
2
1
1
2
1
2
1
2
65453811620
2
2
1
2
2
1
2
2
1
1
2
1
2
2
2
2
2
2
59466187409
2
2
2
2
2
2
2
2
2
2
2
1
2
2
2
1
2
2
2
822090860
2
2
1
1
1
2
2
1
2
2
2
2
2
1
2
1
2
1
2
2
2
2
92062429042
2
2
2
94781312115
2
2
1
2
2
2
2
1
2
2
2
2
75512264989
2
1
2
2
1
2
2
2
2
2
2
1
2
2
2
1
1
2
2
2
2
2
1
2
1
1
2
1
1
1
2
2
1
2
2
2
2
1
2
1
2
2
1
2
2
2
2
2
1
1
1
1
63039127887
1
76759987333
2
1
85416837583
1
2
2
1
1
2
1
1
2
2
2
2
2
2
1
2
1
2
2
2
2
2
2
2
2
2
2
1
2
2
1
2
2
1
1
2
2
1
2
2
1
1
2
1
1
2
2
2
1
2
2
2
2
2
2
1
2
1
2
2
1
2
2
2
2
2
1
2
63751560990
1
1
1
2
1
1
1
2
2
2
2
2
2
2
2
2
1
2
2
1
90128166401
2
2
1
2
1
2
2
1
1
2
1
2
2
2
2
1
2
2
2
2
2
2
2
2
2
2
1
2
2
2
1
2
2
2
1
2
2
2
1
2
1
1
2
2
2
1
2
2
58217137207
2
2
2
2
1
2
2
2
61362208444
2
2
77747950936
2
2
2
1
2
2
79172230920
1
2
1
2
2
2
1
1
2
1
1
2
1
1
2
1
1
2
2
2
2
2
2
1
2
1
1
2
1
2
1
1
2
1
9463859830
2
2
2
2
2
2
2
1
1
2
1
2
30307793581
2
2
2
2
2
1
1
1
2
2
2
2
2
2
2
2
1
2
2
78677872678
2
2
2
2
1
1
2
2
2
2
2
2
2
2
2
2
2
1
2
2
2
2
2
1
1
1
2
2
1
2
2
2
1
2
1
2
1
2
2
2
2
2
2
2
1
2
1
1
2
1
2
2
1
2
1
2
2
2
2
2
2
1
2
1
2
2
2
1
2
2
1
1
2
2
2
2
2
2
2
2
1
2
1
2
2
2
2
2
2
1
1
2
2
2
2
1
2
2
1
2
2
2
2
2
1
2
2
2
2
2
1
1
2
2
2
2
2
2
2
1
2
2
2
2
2
1
2
2
2
1
1
2
2
2
2
2
2
2
2
2
2
2992194063
1
2
2
2
2
2
2
2
1
89418173510
2
2
2
2
1
2
2
1
2
2
2
2
1
2
1
2
2
2
2
2
2
2
2
2
1
2
2
66577092421
1
2
1
2
2
2
2
2
2
2
1
2
2
2
2
1
1
2
1
1
2
2
1
2
2
2
2
1
2
27934165675
2
2
2
2
2
1
2
2
2
2
2
1
2
1
2
2
2
1
1
2
2
2
1
2
2
1
1
2
82388434621
1
53295982763
1
1
95661353644
75492619165
2
1
2
2
2
2
2
52395032914
2
1
39450852985
2
2
2
2
1
1
2
2
2
2
2
1
1
2
2
1
2
2
2
1
2
1
90490756530
1
1
2
2
1
2
1
88793486199
2
1
1
2
1
1
2
2
2
1
2
2
2
2
1
2
2
1
2
2
2
2
1
2
1
2
2
2
2
2
1
2
2
1
2
2
2
2
2
2
5495293842
1
2
35171594716
2
2
1
2
2
2
2
2
2
2
2
2
2
2
1
1
2
2
2
2
2
2
2
2
1
2
1
2
2
2
2
2
2
2
1
2
2
2
2
2
2
2
2
2
2
2
2
2
2
1
2
2
2
1
1
2
2
2
2
1
1
1
2
2
2
2
2
2
2
2
2
1
2
2
2
2
1
2
1
1
1
1
2
2
2
1
2
2
1
2
2
2
2
1
1
1
2
2
2
1
2
14155347939
2
2
2
1
1
2
1
2
1
40188121015
2
70590346193
2
2
1
1
2
1
2
2
1
65047344793
1
2
2
1
2
65977083341
2
2
2
2
1
2
2
2
2
2
2
2
2
2
2
2
1
1
1
2
2
2
2
2
2
2
2
2
2
2
1
1
76666664507
2
2
1
2
1
2
2
2
1
1
2
1
2
2
2
2
2
2
2
2
2
1
2
2
1
2
2
2
2
1
2
2
34883793831
2
2
1
1
2
2
2
2
2
2
2
2
2
2
54281177864
2
2
2
2
2
2
2
93101435207
2
1
1
2
2
2
1
2
2
2
2
2
1
2
2
2
2
2
2
2
1
2
2
1
2
2
2
1
1
2
1
1
1
1
2
2
2
2
2
1
1
2
2
2
2
2
1
2
2
1
2
1
2
2
1
2
2
1
2
2
2
1
2
2
1
1
2
1
2
1
2
2
2
2
1
1
99064523736
2
2
2
2
2
1
1
2
1
2
2
2
2
1
2
2
1
2
2
2
2
2
2
2
1
2
2
2
2
2
2
2
1
2
1
2
1
2
91795374923
1
2
2
2
2
1
1
2286165855
1
1
2
2
48101001198
13357578019
2
1
2
2
2
1
2
2
1
1
2
1
1
2
2
2
2
2
2
2
2
2
2
2
1
2
1
2
1
2
2
2
1
2
1
2
2
2
2
2
1
2
2
2
1
1
1
2
2
43896280673
1
2
2
2
2
2
1
1
2
2
2
1
2
2
2
1
2
1
1
66457822458
2
1
2
2
2
2
2
2
2
2
2
1
2
2
1
1
2
2
1
1
1
2
2
1
2
2
2
2
2
1
2
2
2
2
2
2
1
2
2
1
2
2
2
1
26761137327
2
1
1
93120840945
1
2
2
2
2
1
52652814569
2
2
2
2
2
2
2
2
1
2
2
2
2
1
1
1
2
1
1
2
2
1
96768502493
2
1
1
2
2
2
2
1
2
2
1
2
1
2
2
1
2
2
2
2
1
2
1
2
1
2
3966498828
2
2
14353953473
1
1
2
2
2
2
2
2
1
2
2
2
2
1
2
2
1
2
2
1
2
2
2
2
2
2
2
1
2
2
2
2
1
2
2
2
2
1
2
1
2
82701963312
1
2
2
2
2
1
2
1
2
1
1
2
1
38435895266
2
1
2
2
2
2
2
2
1
2
2
1
2
2
2
2
1
2
1
2
2
1
2
2
2
2
1
2
2
2
2
2
2
2
2
2
2
2
2
1
2
2
2
1
1
1
1
2
1
61478052118
2
2
2
2
2
2
2
1
2
2
2
2
2
2
1
2
1
2
2
1
1
2
1
2
2
2
2
2
2
2
2
2
2
2
1
2
1
2
1
1
1
3242191624
2
2
2
2
2
2
1
2
1
1
2
2
2
2
2
2
1
2
1
1
2
2
2
1
2
1
2
2
2
2
1
2
2
2
2
2
1
2
1
2
2
25802931586
2
1
2
2
2
1
2
1
2
1
2
2
2
2
2
1
45034335917
2
2
2
2
2
1
2
2
2
2
2
1
2
1
2
2
1
2
2
1
2
2
1
1
2
1
2
2
2
2
2
2
2
2
2
1
1
2
2
2
2
2
1
2
2
1
2
1
2
1
2
1
2
2
1
2
2
2
2
1
2
2
2
1
2
2
2
2
57041399149
2
2
1
2
1
2
2
2
2
60530019018
2
2
2
2
2
2
2
2
27281021384
1
1
2
1
2
1
2
1
2
1
2
2
2
2
2
1
2
2
48039870311
2
28335105930
2
2
63729752237
1
2
2
2
2
2
2
2
2
2
1
2
2
46329664600
2
2
2
1
2
2
2
2
1
2
2
2
2
2
2
66675010342
1
2
1
1
1
2
1
1
1
1
2
2
2
1
2
2
2
2
2
1
1
2
2
1
1
2
2
2
2
2
1
1
2
1
2
2
2
1
2
2
2
1
2
1
1
2
2
2
2
2
2
2
1
2
2
2
2
2
2
1
2
2
2
1
65924605561
2
2
2
1
2
2
2
2
1
1
2
1
1
2
2
1
2
1
2
2
2
2
2
1
2
2
2
2
2
2
1
1
2
2
2
1
2
2
1
2
2
1
52237311964
2
2
1
1
2
2
2
2
1
1
2
2
1
2
43092856907
2
1
2
2
2
2
2
1
1
2
2
1
2
2
2
2
2
2
2
2
2
2
2
2
2
2
1
2
2
2
2
2
2
2
2
1
1
1
2
2
2
2
2
2
2
52425789595
1
2
2
2
2
2
2
1
2
1
1
2
2
2
2
1
2
2
2
2
2
2
1
2
2
2
1
1
1
1
2
2
2
2
2
2
2
2
1
41693929239
2
2
2
2
2
1
2
2
2
2
2
2
2
1
2
2
2
2
2
1
1
1
2
2
2
1
2
2
1
36885708608
2
2
1
2
1
2
1
2
1
2
2
2
1
2
2
2
2
1
92194734405
2
2
2
2
2
2
2
2
2
1
2
2
2
2
41850702905
1
1
1
98995238769
2
2
1
2
2
2
1
2
2
2
2
1
2
2
1
2
2
2
2
2
1
2
1
1
2
1
2
1
2
2
2
2
1
2
2
2
78476830400
97346771982
2
2
1
2
1
1
2
1
2
91832566052
2
2
2
1
1
2
2
2
2
2
2
2
2
2
2
2
1
2
2
2
2
2
2
60362316407
1
2
2
1
2
1
1
2
54195704796
51912184367
2
2
1
6389684867
2
1
2
1
2
1
2
82232723681
27118760768
2
2
2
2
2
2
2
2
2
1
2
2
1
2
2
2
2
1
2
825555457
2
2
2
1
2
2
2
2
2
2
2
2
2
2
2
2
1
2
2
96854981543
1
2
54714560044
2
2
2
2
1
2
1
80349332245
74495475746
1
1
1
2
2
2
2
2
1
2
2
1
2
2
56979699745
1
1
2
2
2
2
2
2
2
2
2
2
2
2
1
2
2
2
2
1
1
2
2
2
1
2
1
2
2
2
1
2
2
2
2
2
2
2
2
1
1
96201372048
2
2
2
2
2
1
2
66618910883
2
29153589679
2
2
1
2
2
2
1
2
2
2
95448548173
2
2
2
1
2
1
2
2
968916706
2
1
45766936997
2
2
1
2
2
2
1
2
1
44393124337
2
2
2
2
1
1
2
2
2
2
2
2
1
1
87842712614
1
2
2
1
2
1
2
2
2
1
2
2
2
82542015374
2
60991253502
84084342078
2
2
2
2
2
2
1
2
1
2
2
2
2
1
2
2
2
2
1
1
20204886874
1
2
1
1
1
2
2
1
2
1
2
2
2
69829584086
2
2
1
2
1
1
1
2
2
2
1
2
1
2
2
2
2
2
2
2
2
2
2
1
2
2
2
2
1
1
1
1
2
1
1
1
2
2
2
2
2
1
2
1
1
2
2
1
2
2
2
2
1
2
2
2
2
2
2
1
58518489588
2
16948242656
2
2
2
2
2
2
2
2
2
2
2
2
2
2
2
1
2
73822194932
24389515940
1
1
2
2
1
2
2
1
2
2
2
1992208398
2
2
1
1
2
2
2
1
1
2
2
2
1
2
2
2
2
2
2
2
1
2
2
1
2
68363906293
1
2
1
1
2
2
2
13491565882
2
1
94023011488
1
1
1
2
1
2
2
2
1
35206773051
2
2
2
1
2
2
1
1
2
2
2
1
1
2
2
1
2
45968209517
2
2
2
89910232527
2
2
2
2
1
2
2
2
35747500369
1
2
1
2
1
2
2
2
2
2
23005287771
1
2
2
2
2
2
2
2
2
2
1
2
1
56944195842
1
2
2
2
2
2
2
2
2
2
2
2
2
39027945797
55487327618
2
2
2
2
2
2
34336056103
1
2
1
2
1
2
2
37759697572
1
1
2
2
2
2
2
2
2
1
2
2
2
2
2
1
2
2
2
1
2
2
2
2
2
2
2
1
2
1
2
2
2
2
90048132792
1
2
2
2
2
2
2
2
2
2
2
2
2
1
2
1
36420958322
2
2
2
2
2
2
2
1
2
2
2
1
1
2
2
34358611116
2
1
2
1
2790088894
2
2
2
2
2
2
66776954835
2
1
2
2
1
26280567716
1
76981025632
1
2
2
1
2
1
1
2
1
2
1
2
2
32689389527
94434493540
2
2
2
1
1
1
2
2
2
2
2
2
1
2
2
1
2
1
2
2
2
90405695296
1
2
2
2
2
1
2
2
2
1
2
2
2
1
2
84542413162
29554523319
2
2
2
1
1
1
2
2
2
2
1
2
2
2
2
2
1
2
1
1
2
2
1
2
2
2
2
1
2
78759706426
2
2
1
1
1
2
1
1
1
2
2
1
53993109814
1
2
2
2
1
2
2
2
2
2
1
2
2
1
2
2
1
1
2
1
1
99027967541
2
2
2
2
40126427789
1
2
2
2
1
2
95221619394
2
1
2
1
2
1
2
2
2
2
2
1
2
1
1
2
1
2
38298215681
72156377361
2
2
2
2
1
2
2
2
2
2
2
1
2
1
2
2
1
2
2
1
1
2
2
2
1
2
2
2
2
1
2
1
2
2
2
1
2
2
2
2
2
2
2
2
2
2
2
2
2
2
1
2
1
2
1
2
1
1
2
2
80428940193
2
2
1
2
2
1
1
2
2
11428616419
2
1
2
2
8305509331
2
2
2
2
1
2
2
2
2
1
2
2
2
2
2
2
2
1
2
2
2
2
1
2
2
2
2
2
1
1
20405408710
1
2
2
2
1
1
1
2
1
2
1
2
2
2
2
2
1
1
2
1
2
2
87873631832
2
2
2
27431543230
2
2
1
2
2
2
2
2
2
1
2
2
1
2
1
2
2
1
1
1
2
2
1
2
1
2
1
2
37913079540
65854122299
2
2
1
1
2
1
2
2
1
1
2
2
1
1
2
1
1
1
1
2
2
1
1
1
1
31558575355
40402533942
2
1
1
2
2
1
1
2
2
1
2
69894018572
2
92917265345
2
2
2
1
2
2
2
2
2
2
1
74003234384
1
14363787086
2
14935805360
2
2
2
2
2
2
96011840292
2
18886123170
2
2
1
2
68471265843
2
1
1
2
2
2
2
2
1
2
2
1
2
2
2
2
1
1
2
1
2
92082229631
2
1
2
1
2
2
2
2
2
2
2
2
1
2
2
1
2
2
2
2
2
2
2
2
1
1
2
52072230679
1
2
2
2
2
2
2
2
1
2
1
2
2
2
1
2
2
2
2
2
2
2
2
2
2
1
2
2
2
2
2
2
2
2
2
2
2
72277331114
1
1
2
2
1
3191924128
2
2
1
2
2
2
2
2
2
2
1
1
2
99629946966
57896194543
2
2
2
1
1
2
2
2
62092665134
2
2
2
2
2
2
2
2
2
2
2
2
1
1
1
2
2
1
2
1
1
2
2
2
89574637668
2
57461782808
1
2
2
2
2
1
2
1
2
2
2
1
2
2
1
2
2
2
2
2
2
2
1
1
2
1
26358045649
2
2
2
1
2
1195449008
2
2
2
1
2
1
2
2
2
2
1
1
2
2
2
2
1
2
1
2
1
2
2
2
2
1
2
1
1
2
2
2
2
15939337730
2
2
2
2
2
2
2
1
1
1
2
2
2
2
1
2
2
2
1
2
2
1
1
1
2
2
84655206202
1
1
2
2
1
1
1
1
2
2
2
2
1
2
2
2
2
18559105123
1
1
2
1
1
2
2
2
2
2
1
50074830831
2
2
2
2
1
2
1
2
1
33215836129
2
46741526370
1
2
2
1
2
1
2
1
2
2
2
1
2
1
2
2
2
99320248994
2
2
2
2
1
2
27518913871
2
2
1
1
2
2
2
2
2
2
1
2
2
2
1
2
1
1
2
2
2
2
2
2
2
1
1
2
2
2
2
2
2
2
1
1
2
2
2
2
1
2
2
2
1
2
2
2
1
1
2
2
1
1
1
1
1
2
2
2
2
2
2
2
2
2
1
2
1
2
1
2
2
2
2
2
8589149155
2
1
1
1
2
1
2
1
1
2
2
2
2
2
1
1
2
2
2
1
2
2
55035144071
2
1
1
2
2
2
2
2
2
2
2
2
2
1
2
2
2
1
2
1
2
2
2
2
2
2
1
2
2
1
1
1
2
2
1
60466820182
2
2
2
1
2
1
2
2
2
1
1
2
1
1
2
1
1
2
2
1
2
2
1
2
2
1
2
2
1
2
1
2
2
2
1
2
2
2
1
2
2
2
1
1
2
1
2
2
1
2
1
1
1
2
1
43005305293
1
2
1
2
1
2
2
2
2
2
2
2
1
74774485668
85182911874
1
2
2
2
2
37459394090
2
1
1
2
2
1
2
1
2
2
2
2
2
1
1
1
2
2
2
2
2
2
2
2
61609776624
2
2
2
2
1
2
2
2
2
2
2
2
2
2
2
1
1
1
1
2
2
2
2
2
1
2
2
1
2
2
2
2
1
1
2
2
1
2
2
2
1
2
2
1
1
2
2
1
2
2
1
2
2
2
2
2
2
2
1
2
2
50261735743
2
2
2
2
2
2
2
1
2
2
1005233780
1
2
1
2
1
2
2
2
2
1
2
1
2
1
2
93684411988
21661745540
1
2
2
2
1
2
1
2
2
2
2
1
2
2
2
1
2
2
2
1
2
2
37046911489
2
2
2
2
2
2
2
2
1
2
2
1
1
2
2
2
29658547563
2
2
2
1
2
1
2
1
1
2
2
2
2
1
2
1
1
2
59929972940
2
1
1
1
1
2
2
2
2
2
85842400247
39155032897
1
2
25025821114
2
2
89280836640
2
5236695405
1
2
2
2
2
1
1
2
2
2
2
2
2
2
2
2
73025368168
2
1
2
2
1
1
53841761881
2
1
2
2
2
81608531759
2
2
2
2
1
2
2
2
2
2
2
81542346353
1
2
1
2
19704895901
2
2
2
1
1
2
1
2
1
2
2
2
2
2
2
1
2
1
2
2
2
1
2
2
31878333585
2
1
2
2
2
2
2
2
2
2
1
1
2
2
2
2
2
1
2
2
2
2
51765611159
2
1
2
2
2
2
2
2
2
2
1
2
1
2
2
70634607525
2
2
2
2
1
1
2
1
2
1
2
31214375103
2
2
2
2
2
2
1
2
1
1
2
2
1
1
2
2
2
2
2
2
2
1
2
2
2
1
17040262343
2
1
1
39215787787
2
33127726712
2
2
1
2
1
2
2
2
2
1
2
1
2
2
1
90120986927
66736181156
1
1
1
2
2
1
2
1
1
2
2
1
1
1
2
2
1
2
1
2
2
2
2
1
1
1
2
2
1
2
2
2
2
2
2
2
2
2
2
2
2
2
1
2
2
2
2
1
2
2
2
1
1
2
2
1
2
2
1
2
70768181779
2
1
1
1
1
2
2
1
2
2
1
2
1
2
2
2
2
2
1
1
89805819265
2
2
2
2
1
2
2
2
2
1
1
2
1
2
1
1
2
2
1
2
1
1
2
2
2
2
2
2
1
2
2
2
73607492553
2
2
2
2
2
2
2
1
2
1
2
1
2
2
2
2
1
1
2
1
1
1
1
1
1
2
1
80944906657
2
2
2
2
2
1
2
2
1
2
2
2
1
2
2
2
1
2
2
1
2
2
2
2
12523960591
1
2
2
2
1
2
1
1
2
2
2
1
2
2
1
2
1
2
2
2
2
44950182148
1
2
1
1
1
2
1
1
2
2
2
2
81082661814
2
2
1
2
1
89669658068
2
2
2
2
1
2
2
2
2
2
1
2
2
1
1
2
2
2
2
2
34703742287
1
2
2
2
1
2
2
1
2
14660540554
2
2
2
2
2
2
2
1
78236026417
1
2
2
2
2
2
2
2
2
1
2
1
2
2
2
1
2
1
2
2
2
2
2
2
2
2
1
2
2
1
2
2
1
1
1
2
2
2
2
2
2
1
1
1
1
2
1
2
2
2
2
2
2
2
2
39413067679
2
2
1
2
2
2
2
2
72590202451
2
2
2
1
2
1
1
2
2
77154010094
2
1
2
2
2
1
1
2
2
2
2
2
2
2
2
2
2
2
2
2
1
2
2
2
2
2
1
2
1
2
2
2
1
2
1
2
21192891067
2
2
2
1
2
2
1
1
1
2
2
2
1
1
2
2
1
1
2
2
2
2
1
2
1
2
2
2
2
2
2
2
2
2
2
2
2
1
2
1
2
2
1
2
2
2
2
2
2
2
1
2
83675043849
2
2
1
2
2
2
2
2
2
2
2
1
55320367401
2
2
2
2
1
1
2
2
2
2
2
1
1
2
2
9829181000
2
1
2
2
2
1
2
2
2
2
47429732173
2
2
90608380192
47713904439
2
2
2
2
1
2
2
1
2
1
2
2
2
2
2
69010702556
1
1
1
2
2
2
2
2
2
94807977781
2
2
2
1
2
2
1
2
2
2
2
2
1
2
1
2
2
1
2
1
2
1
2
2
1
1
1
2
1
32384657225
2
1
2
2
2
2
1
1
1
2
2725436963
2
2
2
1
1
1
1
2
2
1
2
11904287336
2
2
1
1
2
1
2
2
2
2
2
2
2
2
2
2
2
2
2
41700258184
56288862070
2
2
1
1
2
2
1
1
2
2
2
2
2
2
2
2
25088069020
2
2
1
1
1
1
1
2
2
2
1
2
1
2
2
2
2
2
1
2
2
2
1
2
1
2
2
2
1
1
84117802105
2
2
2
2
2
2
99493860135
2
1
2
1
1
1
2
2
1
2
2
1
2
2
2
1
1
1
2
2
2
1
1
2
2
1
2
2
2
99961408051
2
2
2
1
2
2
1
1
2
1
2
2
2
1
2
2
1
2
2
2
1
2
1
2
1
2
2
86942553415
2
1
2
92773086378
2
1
2
2
2
2
2
2
2
2
2
2
2
2
2
1
2
2
2
2
2
45127255516
2
2
2
1
2
1
1
2
1
1
2
2
1
2
2
2
2
2
1
85296653887
2
2
2
2
1
1
2
2
2
2
2
2
2
2
2
2
2
24488031668
2
2
2
1
2
23170637468
2
94372800792
2
2
2
2
2
2
2
2
2
2
2
2
2
1
2
2
49216813346
2
1
1
1
2
2
2
2
1
2
2
2
2
2
2
59530446337
2
24290390741
2
2
2
2
85783179412
2
1
1
2
1
2
2
1
2
2
2
2
1
2
1
2
2
1
2
1
2
2
2
97905230033
1
2
1
1
2
94473333927
2
2
2
1
2
2
2
2
2
2
2
2
2
2
1
49376512744
2
2
10838159914
2
2
2
69950142964
50363019635
2
2
2
2
2
2
1
2
73787975266
2
2
2
2
1
2
2
76426884150
2
1
2
2
2
2
2
1
2
1
2
1
1
1
1
2
2
2
1
2
2
1
2
1
2
2
1
1
2
2
2
2
1
2
2
2
2
1
2
2
1
55836953345
2
1
1
2
2
2
1
2
1
2
1
2
2
2
1
1
2
2
2
2
32872917712
1
31815598209
2
2
2
1
2
2
2
2
2
1
2
1
2
1
2
2
92410869528
2
1
1
88016444868
2
2
1
2
24726755041
2
2
2
1
2
2
2
80775381116
1
1
2
1
1
2
2
38469907562
2
2
1
2
1
2
2
1
1
2
1
2
2
1
2
2
89311898574
2
8644205569
2
2
2
2
2
2
2
1
1
2
2
2
2
1
2
2
1
1
2
2
1
2
2
2
2
2
1
2
1
1
1
2
2
2
2
774393648
2
2
2
2
1
2
2
1
2
2
1
2
1
1
2
2
2
98354740932
2
2
1
2
2
2
2
23424855952
2
2
2
2
2
1
2
2
1
1
2
2
1
2
2
2
1
1
2
1
1
2
1
2
2
2
2
1
1
2
1
1
2
1
2
1
2
2
1
2
2
2
1
2
1
21115140745
2
2
2
2
2
2
2
1
2
2
2
1
1
2
1
1
2
2
2
2
2
2
2
2
2
2
2
2
1
2
2
1
2
2
2
1
44257480094
2
2
1
1
2
1
2
2
2
1
2
2
2
1
1
2
25251215887
2
2
1
2
1
2
2
2
2
1
1
2
2
2
1
1
1
2
1
2
2
1
2
59164851628
2
2
2
1
1
2
2
2
1
2
10152838385
2
1
2
2
2
1
2
2
1
2
2
2
2
2
2
2
2
1
2
2
1
1
2
1
2
2
1
2
2
2
1
52453592593
2
1
19045237425
1
2
2
2
1
2
2
2
2
2
2
2
2
1
2
2
2
1
1
2
1
1
2
1
40774944416
1
2
2
63207938955
2
1
2
2
1
2
1
2
1
2
1
2
2
1
34552024474
2
2
58775571764
2
1
1
2
2
1
2
2
2
2
2
1
2
2
2
2
2
2
2
2
2
2
2
2
1
1
1
53232241036
1
1
2
2
1
2
2
2
2
1
2
2
1
41305060431
2
1
1
1
2
2
1
1
2
1
1
2
1
1
2
2
2
1
1
1
1
1
2
2
2
2
2
2
2
2
2
1
1
2
1
2
1
1
2
2
2
2
1
2
2
2
2
95420739976
2
2
1
1
1
2
1
2
2
2
2
5018807042
2
2
1
2
2
2
2
1
2
2
2
2
47441359574
1
1
2
2
2
2
2
1
2
1
2
2
2
1
2
2
1
1
1
2
2
12756747296
2
1
2
2
2
2
1
1
2436521705
1
2
2
2
2
2
1
2
2
1
1
2
2
2
74836572635
2
1
2
2
2
1
2
2
2
2
2
2
1
2
2
2
2
2
2
700827963
2
2
2
2
2
2
1
1
1
2
2
2
2
2
2
2
2
87990328553
57142994070
2
1
8989545136
2
2
2
1
2
1
2
2
1
77313769739
1
1
2
2
2
2
2
2
2
2
18829761966
2
2
2
2
2
1
2
1
2
2
2
2
2
1
2
2
1
1
2
2
2
2
2
2
2
1
2
2
2
2
1
2
2
2
1
2
1
2
2
68397396843
1
1
2
1
2806071032
2
2
2
2
2
2
2
2
2
2
1
2
2
46702782461
2
2
2
2
1
2
2
2
2
1
2
1
2
1
2
2
2
2
2
2
2
2
2
2
2
2
2
2
2
2
2
2
2
1
2
1
2
1
1
2
1
2
1
2
2
2
1
2
1
2
2
2
56238863964
2
2
2
2
2
2
1
2
2
2
1
2
1
2
2
2
2
2
2
2
1
2
1
1
2
78169591018
1
1
2
2
2
2
2
1
2
2
2
2
1
2
2
2
2
1
2
2
1
2
2
93472499592
1
2
2
2
1
2
2
2
51403994893
1
2
2
1
2
2
1
37145608020
75944463202
2
1
53299171053
2
2
2
2
2
1
1
2
2
1
2
2
2
2
1
1
2
1
1
1
1
86263898586
2
2
1
2
2
1
2
2
2
2
2
1
2
1
2
1
2
2
1
2
2
2
50984791454
2
2
2
2
2
2
2
2
2
1
1
2
2
2
2
2
1
2
1
1
2
74695769617
2
2
2
2
2
2
2
1
1
1
2
1
2
1
1
2
2
2
2
2
2
2
1
2
1
2
2
2
2
2
2
1
2
1
1
1
2
1
2
96896848816
97816231703
70444838937
2
44181528457
2
2
2
95423100519
2
2
2
2
1
2
48419335414
2
2
1
2
1
2
2
1
1
2
1
2
2
2
1
82370179404
2
1
2
2
1
1
2
1
2
2
2
2
2
2
2
2
2
2
2
2
2
2
2
2
1
1
2
2
2
2
2
1
2
1
2
2
2
1
1
2
1
2
2
70298563423
2
2
2
1
1
2
2
2
1
2
2
2
2
2
1
2
1
1
1
2
2
2
2
58942069939
2
2
2
1
1
2
2
2
76058135651
2
1
2
2
2
2
2
1
2
2
2
1
1
2
1
2
1
2
1
1
2
2
2
2
1
64360182715
2
60371940428
1
2
2
2
2
2
2
2
1
1
2
2
2
2
10862633084
2
1
2
1
1
1
2
1
2
1
2
2
2
8634368001
5439894691
2
1
2
1
2
2
2
2
2
2
2
2
2
2
1
2
2
2
1
2
2
2
2
2
2
44252497278
2
2
2
2
2
2
2
2
2
1
1
2
1
2
2
2
2
2
2
2
2
1
2
1
2
2
2
2
2
2
2
2
2
2
2
2
1
1
1
1
2
1
2
2
1
2
1
2
1
2
2
2
2
1
2
1
1
2
2
1
2
2
2
1
2
2
2
2
2
2
1
2
2
2
2
1
2
2
2
2
2
50651308422
1
2
2
1
2
2
2
2
2
2
2
2
1
2
1
2
2
2
2
2
2
2
2
91228571269
1
2
2
1
2
2
2
1
2
1
35190025200
2
2
2
2
1
1
99079750646
1
2
48073173580
1
2
2
2
2
32382372713
1
1
1
2
2
1
2
2
2
2
1
2
2
2
1
2
2
1
2
2
2
2
1
2
2
2
2
1
2
1
2
2
2
1
2
2
2
2
2
2
69890180502
2
2
1
2
2
2
2
2
2
2
2
2
1
1
2
1
1
2
1
1
1
1
1
2
2
2
2
2
2
2
1
2
1
2
2
2
2
2
2
2
1
1
2
2
2
2
1
2
2
1
2
2
1
1
15167307002
1
2
1
1
1
2
1
2
1
2
2
2
2
2
2
2
1
2
2
2
2
2
1
2
2
2
2
2
2
2
2
2
2
2
2
2
1
2
2
41551997932
2
2
2
2
1
1
2
2
2
2
1
2
2
1
2
1
2
2
2
1
1
2
2
2
1
2
13720754045
2
1
2
2
1
1
2
2
1
1
84232288476
2
2
47092733734
1
2
2
1
2
1
1
2
83749461869
2
1
1
2
2
2
2
2
1
2
68329072649
2
2
99048221700
1
1
1
2
2
2
2
1
2
2
2
2
2
2
2
2
1
2
2
1
2
1
2
2
2
59415709410
2
2
1
2
2
1
90608458810
2
1
2
2
2
2
1
2
35752923030
2
2
2
2
2
2
1
2
2
2
1
1
1
2
2
1
2
1
2
2
2
2
1
2
2
1
2
1
2
2
2
2
29481021453
1
1
2
2
2
1
2
1
2
2
1
2
2
2
2
2
2
2
2
1
2
2
2
2
1
2
2
2
2
2
2
2
2
2
2
2
2
2
1
61586405937
2
1
2
2
85363435164
2
2
2
2
2
2
2
2
2
71337207268
2
1
1
2
2
1
50254644170
2
2
2
55046158704
1
2
2
1
1
78276981762
2
97641899023
2
2
1
2
2
1
2
2
2
2
2
1
1
1
1
2
2
2
2
71094042798
1
2
24515176973
2
2
2
2
2
2
2
2
2
20227905632
2
1
1
2
2
2
2
1
1
5573539467
2
1
2
1
2
2
1
2
2
2
21532186321
1
2
1
1
2
2
2
1
88672823971
1
1
1
2
2
2
1
19881857892
2
1
1
1
2
2
1
2
2
2
2
2
2
2
2
1
2
2
2
2
2
1
2
2
64955717316
2
2
2
2
2
2
2
2
2
1
2
1
1
2
2
2
2
2
2
2
2
2
2
2
80153890777
2
2
2
2
1
1
2
2
2
1
1
1
2
2
2
1
2
20734835721
1
2
2
2
1
2
2
1
2
66704655893
2
2
83205971333
1
2
1
2
2
2
2
1
2
2
2
98757980361
2
2
2
2
2
2
73672026254
2
2
2
2
2
2
1
1
1
2
2
11263623493
2
2
2
12287718785
2
2
1
2
2
2
2
2
56826631690
2
1
2
1
2
2
2
16719645629
2
1
2
1
2
2
10489617974
1
2
2
2
2
2
2
2
2
2
2
2
2
2
1
2
2
1
2
1
2
2
2
1
2
1
2
2
2
2
32501691691
2
2
1
2
2
2
37504775829
2
2
2
2
1
2
1
2
1
38863538962
1
2
2
2
2
1
2
1
2
1
1
2
1
2
2
1
2
21441397166
81939340808
1
2
90588436516
2
2
1
1
93441015738
2
2
2
2
2
1
2
2
1
2
1
2
2
2
1
2
2
2
2
1
2
2
2
1
1
2
2
2
50014755491
2
2
1
2
1
2
2
2
2
1
2
1
2
2
2
2
1
2
2
2
2
2
2
2
2
2
2
2
1
2
1
2
1
2
2
2
2
82332221733
69931138124
1
2
2
2
1
1
1
2
2
2
2
2
2
2
2
2
2
2
2
2
1
2
1
2
1
2
2
2
2
1
2
2
1
2
2
2
1
2
1
1
2
2
2
2
2
2
2
2
2
2
2
2
1
2
2
1
2
2
2
2
2
1
2
2
2
1
2
25870209968
2
2
5627624760
2
2
1
2
2
1
2
2
2
2
2
2
1
2
2
1
2
1
2
2
69166608284
2
2
2
1
2
2
1
2
2
2
2
1
2
2
1
1
2
2
1
2
2
2
2
2
2
1
1
2
2
2
2
2
2
1
1
2
1
2
2
1
2
2
2
2
1
2
2
2
2
2
2
1
2
2
2
2
2
1
2
2
2
1
2
2
1
2
1
1
2
2
1
2
2
2
2
2
96163623062
2
2
2
2
2
2
1
1
2
2
2
2
40256967741
2
2
2
2
5965991428
2
2
64664614478
2
2
2
2
2
1
2
1
71071672837
2
2
1
2
2
2
2
2
816721191
2
2
1
2
2
2
45480358223
2
2
2
2
2
1
1
1
2
2
2
1
2
2
72809141902
1
2
1
2
1
2
2
2
2
2
2
2
1
2
2
2
2
2
1
2
1
2
2
2
2
37364356126
2
2
2
2
2
2
2
2
1
2
2
2
2
2
1
2
1
2
2
2
2
2
2
2
2
1
1
1
2
2
1
99237573365
2
2
2
2
2
2
2
2
1
2
2
2
27461319982
2
1
2
2
2
69039232661
2
1
15828424579
1
2
2
1
1
2
2
2
2
1
2
2
1
78661005443
2
2
2
1
1
2
1
1
83142417017
2
2
2
2
1
2
1
1
2
2
28939765492
2
2
2
1
1
2
1
2
2
2
1
1
2
1
2
2
2
2
32683021292
2
1
2
2
2
2
1
2
2
2
2
1
2
2
2
2
2
2
2
2
2
2
2
2
1
2
2
2
1
2
2
2
2
29194793883
1
8552823052
1
1
2
2
1
1
2
2
2
2
2
2
1
2
2
2
2
2
1
2
1
1
2
2
2
1
2
2
2
2
2
1
1
2
1
1
2
66872906707
2
41292972036
2
2
1
1
2
2
2
2
70578160875
2
1
2
2
2
1
2
1
2
1
2
1
32542552022
2
1
2
1
1
1
1
2
2
2
2
2
2
1
2
1
2
2
1
2
1
2
2
1
10439742575
2
1
2
1
1
37175722063
2
1
2
1
1
2
2
2
1
1
1
2305420603
1
2
2
2
2
52717442619
2
2
42208486137
2
2
2
1
2
1
1
1
2
2
2
1
2
2
2
2
1
2
2
2
2
2
2
2
2
1
2
61144694644
2
1
2
2
2
2
2
2
2
2
2
1
1
1
15070774634
2
1
2
1
2
1
1
97383307059
1
1
2
2
2
1
2
2
1
2
2
1
2
2
81003609414
2
2
2
2
2
2
2
2
2
1
1
2
1
1
2
2
1
1
2
2
2
1
1
24206883276
17543003283
1
1
2
2
1
2
2
2
2
1
1
1
2
2
1
2
1
2
1
2
2
2
2
2
1
2
2
2
1
2
1
2
2
94234988739
1
2
1
1
2
2
1
1
2
2
2
2
1
2
2
2
2
2
2
2
2
1
1
2
2
2
2
44535090203
1
2
2
2
1
1
2
2
1
2
1
1
2
1
2
28532196945
2
2
2
2
2
2
2
1
2
2
2
2
2
2
2
1
80686802076
2
2
1
2
1
2
2
2
2
2
2
2
2
2
2
2
2
2
2
2
1
2
2
1
2
1
2
1
29138313035
1
2
2
2
2
2
2
2
2
2
2
2
1
1
2
2
1
2
2
2
2
2
38189637691
2
1
2
1
1
2
2
2
2
1
2
2
2
2
2
1
73641745810
1
1
1
2
1
2
2
1
2
2
2
2
1
1
2
2
2
2
2
2
2
1
1
1
1
2
2
2
2
2
2
2
2
2
1
2
2
1
2
1
2
2
2
2
2
2
1
16147228532
2
1
1
1
2
2
2
2
1
2
2
2
2
2
2
2
2
1
2
2
2
2
2
2
2
2
2
2
2
19276745145
2
2
2
2
2
1
2
2
23577096408
2
9552382698
2
2
2
2
2
1
2
2
2
1
1
2
2
2
12043694552
2
2
1
1
1
2
1
68221068562
2
1
1
57489133858
2
1
2
2
1
2
34601617319
1
1
2
2
12191491102
1
2
2
1
1
2
1
1
2
1
2
2
1
1
2
2
2
2
2
2
2
2
2
2
2
2
2
2
1
2
1
2
2
1
2
1
1
2
2
2
2
2
2
2
2
2
2
2
1
2
2
2
2
10095468678
2
2
1
1
2
2
2
8959124669
2
1
2
2
2
2
2
2
1
1
1
2
1
2
1
79282773559
2
2
1
2
48882589112
2
1
2
2
1
2
2
2
1
1
2
2
1
2
1
1
30828760333
1
2
2
1
1
1
2
1
2
2
1
2
2
2
1
2
1
2
2
2
1
1
2
2
2
2
2
1
1
2
1
1
1
2
1
2
2
2
1
2
2
2
1
2
2
34248660389
2
2
90096752896
2
43516952453
2
1
1
2
2
1
2
2
2
49478041433
2
2
1
3369948838
1
1
2
2
2
16402432197
2
2
2
2
2
10972032181
2
2
2
62121272804
2
1
80226293535
1
2
2
2
2
1
1
1
2
2
1
1
1966965605
2
2
2
1
1
2
2
2
2
1
2
2
2
2
2
2
2
2
1
2
2
2
2
2
1
1
2
2
2
65094173536
2
2
78483917988
2
1
1
2
2
2
2
1
1
1
1
1
2
2
2
2
1
2
2
2
2
2
2
2
2
2
2
2
2
2
2
2
2
2
2
2
2
2
2
2
2
2
2
1
2
1
2
1
2
2
1
2
1
1
2
2
1
2
1
1
2
1
1
2
2
2
2
2
2
2
76698101429
1
2
2
1
2
2
2
2
2
2
2
2
1
37659072547
2
2
1
1
2
2
1
2
2
2
1
2
2
1
1
2
1
2
2
1
2
1
2
2
2
2
2
2
2
2
1
2
2
2
2
2
1
63673603146
1
10955600975
65991628927
2
2
75025732909
2
2
2
1
2
24625803858
2
2
2
2
1
2
1
2
2
2
2
1
2
32411295214
2
2
2
1
2
2
1
1
2
2
96360785315
2
1
2
1
60638077364
2
2
2
2
2
2
2
2
2
2
2
1
1
2
2
2
2
1
1
2
2
1
2
1
2
1
2
2
2
1
2
2
2
2
2
2
2
2
24983527729
1
2
2
2
2
2
2
2
2
2
1
1
2
2
2
2
2
1
2
2
2
2
2
2
2
2
2
2
2
1
2
2
2
2
2
2
1
1
16047571258
1
2
1
31320819386
1
1
2
2
2
2
2
2
2
1
2
1
2
2
2
2
2
2
2
2
2
1
2
2
1
1
47173598628
1
2
1
1
2
2
2
1
1
1
2
2
1
2
2
2
2
2
2
1
2
2
1
2
2
2
1
1
1
2
1
2
1
1
1
2
2
1
2
1
1
1
2
3514420312
1
2
2
2
2
2
2
2
1
1
2
2
2
2
1
1
94193689110
2
2
1
2
1
2
2
2
1
2
2
1
2
2
22654459496
1
52963076052
2
2
2
78849045093
2
2
1
2
1
2
2
2
66901727130
2
2
2
1
2
2
2
1
2
2
2
2
2
2
2
2
2
2
2
2
7664330905
1
72923988732
2
1
1
2
2
2
75681358432
2
2
2
2
1
2
2
2
2
2
2
2
2
2
2
2
30693081993
2
1
2
1
1
1
1
2
2
2
2
1
2
2
2
2
2
1
2
2
2
2
2
2
1
2
2
2
2
1
2
2
2
71360950694
1
2
2
2
2
1
2
2
1
2
2
2
1
2
2
2
2
2
2
1
2
2
1
1
2
2
2
2
2
1
4213212778
2
2
1
2
2
94758354399
1
1
2
1
1
2
2
2
2
2
1
2
2
2
2
2
2
2
2
2
2
2
2
2
99881095857
1
83790312476
2
2
2
1
2
1
1
1
1
2
1
2
2
63930782311
2
1
10984654030
2
2
2
2
2
2
2
2
2
2
2
2
2
2
1
2
2
2
2
1
1
2
2
2
2
2
2
43233290353
26350526966
1
1
2
1
2
1
2
2
2
2
1
2
2
2
2
2
2
2
2
1
1
2
2
2
2
2
1
2
2
1
2
2
2
2
1
1
2
1
2
2
98990018829
1
2
2
2
2
2
2
2
2
2
2
2
2
2
2
2
2
2
2
2
2
2
2
2
2
1
1
1
1
1
2
1
1
2
2
2
2
1
1
2
1
2
2
2
2
1
2
2
2
2
12206090032
2
1
2
2
2
2
2
1
2
2
2
2
2
1
2
2
2
2
2
1
1
2
2
2
2
2
2
2
2
2
1
1
1
2
2
2
1
2
2
2
2
2
1
1
2
2
21384373813
1
2
2
2
2
1
2
2
1
2
2
2
2
2
2
2
2
2
2
2
1
2
2
2
1
1
2
1
2
90449960408
2
2
2
2
2
2
2
2
2
2
2
2
2
2
2
2
2
1
2
2
2
1
1
1
2
2
2
1
2
2
2
2
2
1
2
1
2
2
1
2
2
2
2
94889578103
2
1
2
2
2
21092315165
2
2
2
1
2
2
2
2
2
2
2
2
2
2
2
2
1
88756707398
1
43310940675
2
1
1
2
2
2
2
2
2
2
2
1
2
2
2
1
2
1
2
2
2
2
2
2
31558858839
2
2
2
38146358905
2
15180472115
1
1
1
2
2
1
2
2
2
1
2
2
2
1
2
2
2
1
2
58122131522
2
61185339612
2
59417027639
2
2
2
1
2
1
2
53141259314
2
2
1
2
1
2
21652931155
2
2
1
2
2
1
2
2
1
47109664131
2
2
2
2
2
1
2
2
2
2
2
2
2
1
1
2
1
1
2
2
2
2
2
2
2
2
2
2
2
2
2
2
1
1
1
2
25280068163
2
2
1
2
15573773333
1
1
2
2
2
1
1
1
1
2
2
81010840488
1
2
2
2
1
2
2
2
2
2
2
2
2
1
2
2
2
1
2
2
2
1
1
2
1
2
17450803764
2
1
2
2
2
1
2
2
2
2
2
1
1
2
2
2
2
1
2
2
2
2
2
2
1
2
2
2
1
2
2
2
2
1
2
23893909481
1
2
71299452684
60193358642
2
1
1
1
1
2
2
1
2
2
41961372904
2
2
2
2
2
1
2
2
43347186022
2
2
2
2
2
2
2
2
80274122299
2
2
2
2
1
2
2
2
2
2
2
1
33783366695
2
1
1
2
2
1
46930215515
1
2
2
56723325188
2
2
2
2
2
2
2
2
26959059350
1
4572277050
1
2
1
2
2
1
1
2
2
2
1
2
2
1
2
2
2
2
2
1
1
1
2
2
1
2
2
1
2
2
2
2
1
2
2
2
2
1
2
2
1
2
2
2
1
2
2
2
2
1
1
1
2
2
2
1
2
2
2
2
2
2
1
1
1
2
1
2
2
1
2
2
2
1
1
20966998489
1
1
2
1
1
1
2
2
2
2
2
2
2
2
2
2
2
2
2
2
1
2
2
2
2
21607617490
2
2
2
2
1
2
1
2
2
2
2
1
2
1
2
17129695207
1
1
2
2
2
2
1
2
2
1
2
2
2
2
2
2
2
2
2
2
1
2
2
1
2
1
1
2
1
2
90982579226
2
2
1
2
5473768993
2
2
2
2
2
1
2
1
1
2
2
95327538551
1
1
1
1
2
2
2
2
92260106792
1
1
2
2
2
2
2
2
2
2
2
2
2
2
2
1
2
2
2
2
1
2
87189261352
2
2
2
2
2
2
2
10054055353
1
2
1
1
10271083720
2
2
2
1
2
2
2
70284738522
36622916613
2
2
1
2
2
2
2
2
2
1
2
1
2
1
2
2
2
2
2
1
2
2
2
2
2
2
1
1
2
1
2
2
2
63048008094
1
2
2
58631615869
1
1
2
1
2
2
1
1
2
2
2
2
1
1
1
2
1
2426294025
2
65408793710
2
2
1
2
2
1
2
2
1
2
37789499486
2
1
2
1
2
20486126245
1
2
2
2
2
2
1
2
2
97852473267
1
2
2
2
2
2
82507312815
2
2
2
2
2
2
2
1
1
1
1
1
2
2
2
2
2
1
2
2
2
2
2
2
2
2
2
2
2
2
1
2
2
1
2
2
2
2
2
2
13496271125
2
2
2
19022643170
2
2
2
2
1
2
2
2
78998248997
2
1
2
2
2
1
2
1
2
1
1
2
2
2
1
2
1
1
2
1
2
1
2
1
1
75886353418
2
2
2
2
2
1
1
1
1
2
2
2
2
1
2
1
1
2
2
2
2
2
1
2
2
2
2
2
2
2
2
1
2
2
1
2
1
1
1
1
2
1
2
2
2
2
2
2
2
2
1
2
1
2
1
1
1
34381508406
2
1
2
2
1
1
2
1
2
57644568908
2
2
2
2
2
2
2
2
2
2
2
2
2
40300331675
1
2
2
1
2
2
2
1
1
4306750165
1
1
1
98376647390
1
1
2
2
2
61507580108
2
2
2
1
2
2
2
2
2
2
2
2
27697648493
2
1
1
2
1
1
72752801148
2
2
2
2
2
1
2
2
1
1
2
55020377479
1
1
1
2
2
2
1
2012689528
2
2
2
1
1
2
1
2
2
2
2
65999794573
2
2
2
2
2
2
2
1
1
2
2
2
1
2
1
51462530664
2
2
2
2
2
2
1
1
2
1
44606042926
2
2
1
2
2
2
2
1
2
2
2
2
1
2
34626935903
2
1
1
2
1
2
2
2
1
1
2
1
2
2
2
1
2
1
2
2
2
2
1
1
1
2
89448693613
2
2
2
2
2
2
1
1
2
2
1
49474374739
2
1
2
2
2
2
2
2
1
2
2
2
2
1
2
2
2
2
2
2
2
2
2
2
2
2
2
1
2
14655246868
1
2
2
2
1
2
2
2
2
2
2
2
2
2
2
2
2
2
2
2
2
2
2
2
2
2
7876813817
1
2
2
2
2
2
2
2
2
1
8854281879
1
2
2
2
2
70845293135
2
1
2
2
1
2
2
2
2
2
2
2
2
2
2
2
1
1
1
16020577706
2
2
2
37984066835
2
2
2
2
11773987908
2
2
2
2
2
2
2
2
2
1
1
2
2
2
2
2
2
2
2
2
2
1
2
91181574983
2
1
2
1
97157087750
2
2
2
1
2
1
2
2
2
2
2
33477627108
2
1
2
2
2
2
1
2
2
46934513758
2
2
36990617918
95320991251
2
97872607514
2
2
2
2
2
2
2
1
1
2
1
1
2
2
2
2
2
2
2
2
1
2
2
2
1
2
2
2
1
2
2
2
2
1
97334903506
1
2
2
2
2
2
2
2
2
1
86796596225
2
1
2
2
2
1
2
2
2
2
1
2
83581486908
2
2
1
2
2
2
2
2
2
2
2
2
2
2
2
2
2
2
2
2
2
2
2
2
2
76630821441
2
2
2
2
1
2
2
2
2
2
2
2
2
1
2
2
2
1
2
2
1
2
2
2
1
2
1
2
2
2
1
2
1
2
2
2
2
1
1
1
1
2
2
2
2
1
2
2
42592908355
48523497285
2
1
2
1
2
2
2
2
2
2
2
3232179408
2
2
1
1
2
2
1
2
2
73120332087
2
2
2
2
2
2
2
2
1
2
2
2
2
1
1
2
2
2
2
2
1
2
2
2
2
2
1
4117559420
1
2
2
1
2
2
1
54044252705
2
2
2
1
2
35160150698
1
2
1
2
2
2
2
23327376130
2
2
2
2
1
2
1
2
1
2
1
2
2
1
2
2
2
2
2
1
2
1
1
1
1
2
1
98083583074
2
2
2
1
1
2
1
2
2
57820916102
2
2
2
1
2
1
2
1
1
2
2
2
2
2
2
1
2
1
1
2
2
2
2
1
2
2
2
1
2
2
1
2
2
1
2
2
2
2
7276899609
2
2
1
1
2
1
1
1
2
1
1
2
1
1
2
2
2
2
1
2
1
2
2
2
1
2
2
1
2
2
1
2
1
2
2
2
66484654288
1
1
2
1
2
1
2
32633420549
2
1
2
2
1
2
2
2
2
2
2
26735462243
2
1
96961921880
1
1
1
2
2
2
2
2
2
2
1
2
2
1
96407602194
2
1
1
2
2
1
1
1
2
2
1
2
1
2
2
2
65793442506
2
2
2
2
2
2
2
2
2
75118898176
2
2
2
79916835815
2
1
2
2
4956521201
2
2
41608770988
1
2
2
2
2
1
1
2
2
2
2
2
1
2
2
2
2
78886482687
2
2
2
1
2
1
88221737624
2
2
2
2
2
2
1
2
2
1
2
2
1
2
2
2
2
1
1
1
2
2
1
2
2
2
2
2
2
1
2
2
2
2
2
2
2
1
2
37781859195
1
2
2
2
2
2
1403388846
2
1
64315710900
2
1
1
2
1
2
2
2
2
2
2
1
2
2
2
1
2
2
2
1
1
2
2
2
2
2
2
2
1
22468751170
2
2
2
37731777623
1
1
2
2
2
2
2
2
2
2
2
1
2
8050516124
2
1
2
2
2
1
2
2
1
2
2
2
2
2
1
1
2
1
1
2
2
2
2
2
2
1
2
2
2
1
2
2
2
2
2
2
1
2
2
2
1
2
2
2
1
2
1
1
2
73014529978
2
2
1
1
2
2
40169512794
2
2
1
2
1
2
2
2
2
2
1
2
1
2
2
1
2
2
2
2
2
1
2
1
1
69608319296
2
2
2
38647207169
2
1
2
2
2
2
1
2
1
2
1
2
2
1
2
2
1
2
2
2
2
2
2
2
2
1
92877874949
2
1
2
2
1
2
1
2
2
2
1
2
2
1
2
2
2
1
1
2
2
2
1
2
2
2
2
1
2
2
2
2
1
2
2
2
1
1
2
2
2
2
1
2
2
2
1
1
2
2
2
2
1
2
91967647553
2
2
2
2
2
2
1
2
1
2
85634120061
2
1
2
2
1
1
1
2
1
2
2
2
2
2
2
21683990942
1
1
2
2
82269791753
1
2
2
2
2
2
1
2
2
2
2
1
2
2
2
2
2
2
2
2
2
2
1
1
49768887978
2
2
2
2
1
2
2
1
2
2
2
1
1
1
2
2
2
2
2
2
2
1
2
2
1
2
2
2
2
2
2
1
2
2
2
2
2
1
2
2
1
1
2
2
2
1
2
1
2
2
2
42245240158
1
2
1
2
2
40388848248
2
2
2
2
2
2
1
1
2
2
2
1
2
86969467892
2
2
2
1
1
2
2
2
2
2
1
1
2
2
2
2
2
2
2
2
2
2
2
1
2
1
2
2
2
2
70978696223
1
2
1
2
2
1
1
2
2
2
1
2
1
2
2
2
30065117866
2
2
1
87698100411
1
2
2
2
1
1
2
1
2
2
2
2
2
2
2
2
1
2
2
2
2
2
2
2
1
2
2
2
2
2
1
2
2
2
2
2
2
1
2
1
2
1
1
2
1
2
2
39049848834
2
2
2
2
1
1
2
2
2
2
2
1
2
2
2
1
2
1
2
2
85117609161
2
2
2
2
2
2
1
1
1
2
65783660861
2
2
2
31315396544
90410687945
2
2
1
1
2
1
2
2
2
2
2
2
2
2
1
2
2
62979521404
1
1
1
2
2
2
2
2
2
2
1
2
2
1
2
1
2
91216987689
2
23222115210
2
2
2
2
1
2
2
2
2
2
2
2
2
1
2
2
2
2
2
2
74514468757
2
2
2
1
2
2
1
2
2
2
2
2
