1
2
2
2
1
2
12156531410
1
2
2
1
1
87384991843
1
1
2
2
2
2
1
2
1
1
1
1
1
2
2
2
2
2
2
2
1
1
1
2
2
1
1
2
1
2
2
1
2
2
2
1
2
1
1
1
2
2
2
2
1
2
2
1
2
1
1
2
2
2
2
2
2
2
2
1
1
2
50958260655
2
1
1
2
2
2
2
2
1
2
2
1
2
24281431256
1
2
2
2
2
2
1
1
2
2
2
2
1
2
1
2
2
2
1
2
2
2
1
1
2
2
2
1
2
2
2
1
96101848368
2
1
2
1
2
1
1
1
2
2
2
1
2
2
32308850796
2
2
1
2
1
1
2
1
1
2
1
1
1
2
2
2
2
2
1
1
2
1
1
2
2
2
2
2
2
2
1
1
1
1
2
92020598470
1
2
1
2
2
1
1
1
1
49947925738
2
1
2
2
1
1
1
1
2
2
1
1
1
2
2
1
2
1
1
1
1
1
1
2
1
2
1
2
1
2
2
1
1
2
2
1
2
1
2
2
2
1
2
1
88126972020
1
2
2
1
1
2
1
1
2
2
2
1
1
2
1
73471521362
1
2
1
1
2
2
1
7526782544
2
2
1
2
2
2
1
2
2
2
1
1
2
2
2
1
1
2
1
2
2
1
2
2
2
2
1
2
2
1
2
1
2
2
2
1
2
1
23925527739
1
2
1
2
1
1
2
2
1
2
2
2
2
31231426362
2
2
2
2
1
2
2
1
2
2
2
14169028179
2
2
2
67145912012
28906386549
1
2
2
1
37999602275
1
1
2
73550050320
1
1
1
2
1
1
1
2
2
1
1
1
2
1
1
1
2
1
1
2
1
1
29914810025
2
2
2
1
1
2
1
1
2
2
2
2
73860599601
2
1
2
1
1
1
2
2
1
2
2
2
2
2
2
2
1
1
1
1
2
1
1
2
1
82270975669
1
1
2
2
2
2
2
2
2
30030841935
2
96406605993
1
1
2
1
2
1
2
2
1
2
2
2
2
1
2
2
2
2
1
2
1
1
2
22580819681
2
2
2
1
1
1
1
1
1
2
1
1
1
1
1
2
1
2
2
2
2
1
2
2
2
60616836439
1
2
1
1
1
1
1
1
2
1
1
2
2
1
1
1
2
2
1
1
1
61755796832
1
2
2
2
1
2
1
2
2
1
2
2
2
1
6135038067
1
2
1
2
2
1
1
1
1
2
1
1
2
1
2
1
1
1
2
2
2
2
2
2
2
64001120235
1
1
2
1
1
2
1
1
59245543404
1
2
1
1
2
2
2
2
2
2
84174419372
2
2
2
1
2
2
2
2
2
1
1
1
2
1
1
2
1
2
1
1
2
91501776765
1
2
2
2
92048551825
1
1
2
1
1
2
1
2
1
2
1
1
2
1
2
1
2
1
1
29897537992
2
2
2
2
1
1
2
1
1
1
1
2
43873361856
1
1
997242633
1
1
1
1
1
1
2
1
2
2
2
1
71168691976
1
2
1
2
2
2
2
2
2
2
1
2
1
1
1
2
1
1
2
2
1
70713111141
1
2
2
2
2
1
1
2
1
1
2
2
1
1
1
2
2
2
1
1
1
2
2
1
28312780970
1
2
1
1
2
2
2
92468644445
1
1
2
1
2
1
1
1
2
2
2
2
1
1
2
2
1
1
2
2
1
2
2
1
1
1
2
2
1
2
1
2
1
2
2
1
2
1
1
1
1
2
2
2
1
1
2
1
2
2
2
2
2
1
79769670955
2
2
2
2
1
2
1
2
2
71874974655
1
1
1
2
1
1
1
1
2
2
2
15263942569
2
12740524218
2
2
1
2
1
1
1
93301245093
57639490041
19323904515
1
2
2
1
2
2
2
1
1
1
1
2
1
1
1
1
2
1
1
2
2
1
2
2
1
1
2
1
1
1
2
2
2
1
1
2
1
37812813997
2
2
1
2
2
1
2
2
2
1
1
2
2
2
2
1
1
1
1
2
1
1
2
1
2
1
1
2
1
2
1
2
2
1
2
1
2
2
1
1
2
2
2
1
2
2
2
1
2
1
2
1
1
2
1
2
2
1
1
60754908386
1
2
1
2
2
2
1
1
1
2
1
2
2
2
1
46568632696
2
2
2
2
2
1
2
1
2
2
34678185013
1
56955076086
2
1
2
2
2
1
2
2
2
2
3262114260
1
1
1
1
1
1
2
2
49692067684
1
1
1
2
1
1
1
1
62573675578
1
1
2
2
1
1
2
2
2
1
1
2
2
2
2
2
2
2
2
2
1
1
2
2
2
2
1
2
2
1
2
2
2
1
2
2
1
2
2
2
2
1
2
96825157468
2
2
1
2
2
2
86669050073
1
2
2
1
2
2
2
2
1
2
1
2
2
1
2
2
2
2
2
2
2
1
1
2
1
2
1
2
1
1
2
1
1
2
1
1
1
58337211218
2
1
1
92986955627
2
1
2
1
2
1
2
1
2
1
2
2
2
1
1
2
2
1
2
2
2
1
2
1
2
1
2
1
2
2
2
2
1
2
51099110152
76550144479
1
1
1
2
1
26951857240
1
1
2
1
57360286054
2
2
2
2
1
9616938053
1
1
70461782578
2
2
1
2
2
1
1
2
2
2
1
1
2
79222272158
1
2
2
1
2
2
1
2
2
1
2
2
1
1
67890342510
1
2
2
2
1
2
1
1
1
61163427056
2
1
1
2
1
2
2
2
1
90086141126
1
2
2
1
2
2
1
2
1
1
2
2
2
1
2
2
2
81322155181
1
54922102226
1
1
8902664340
1
1
1
2
1
1
2
2
1
2
2
1
1
2
1
43960703407
1
1
2
2
1
2
1
2
2
1
2
9311049711
2
2
91200759347
1
1
1
1
2
1
1
2
2
2
2
1
2
1
1
2
2
2
1
2
2
2
2
2
2
2
2
1
1
24004014054
2
2
2
1
2
2
2
1
2
1
1
2
1
2
1
16032287642
1
1
2
2
2
2
1
1
2
2
2
1
1
1
16402740695
1
2
2
1
2
2
2
2
1
1
2
2
2
2
2
2
2
2
1
1
1
1
1
2
2
1
1
1
2
1
2
23756896717
66822335234
83766088006
1
2
2
1
1
1
1
2
1
2
2
2
1
2
2
2
1
1
2
2
1
1
2
1
2
2
2
2
2
1
1
1
2
2
2
2
1
1
2
2
1
76129089805
2
24478648513
2
2
2
1
2
1
1
2
2
2
1
46681717309
1
1
2
2
2
1
2
1
1
2
2
1
2
2
2
2
1
1
2
24165370932
2
1
1
2
1
1
2
1
1
2
2
2
2
1
2
2
2
77250474834
2
2
1
2
1
2
1
2
1
1
1
2
2
1
1
2
1
2
2
2
2
1
2
2
1
2
1
1
1
1
1
2
1
1
1
2
26784441011
1
1
2
1
2
2
1
1
2
2
2
1
1
1
1
2
1
1
1
8222258869
21557738668
1
1
2
1
2
2
2
45907795219
9658847927
2
1
2
1
2
1
1
39705952613
2
2
2
1
1
1
2
1
2
1
1
1
2
2
2
1
1
53572005651
2
2
2
1
1
1
1
2
1
2
2
2
1
2
2
1
2
1
1
1
2
2
1
1
1
2
2
1
1
1
2
2
2
1
2
2
2
1
2
1
2
2
2
2
2
2
1
2
2
2
1
2
1
1
2
89134586559
2
25462853015
1
1
2
1
2
1
1
1
2
1
2
2
2
2
1
1
1
1
1
2
2
1
2
2
1
1
1
2
1
2
1
2
2
2
1
2
2
1
2
2
1
2
2
1
2
1
2
2
2
1
2
2
1
1
1
2
2
2
2
2
2
1
2
1
1
2
2
2
2
1
1
1
87431132939
1
1
1
1
2
2
1
2
2
1
1
1
2
1
2
2
2
2
1
1
1
1
2
1
2
2
1
2
1
2
2
2
2
1
2
2
22301965437
1
2
2
2
2
1
1
1
3313827196
2
2
1
2
2
2
1
2
1
1
1
2
97424996402
1
2
2
2
2
2
2
1
1
2
2
1
2
1
1
1
2
2
1
2
2
2
2
1
1
2
1
2
1
1
1
1
1
2
1
1
1
2
2
22958435504
2
2
1
1
1
2
2
1
1
66760230205
1
1
1
1
1
1
52002559917
2
1
2
39162641784
1
1
2
2
39872425852
2
2
2
1
1
2
1
2
2
2
2
1
1
2
1
1
2
1
1
1
1
1
1
2
1
1
1
2
79433590090
56855468980
1
1
2
2
98795664998
2
1
2
2
2
1
1
2
2
2
2
2
2
2
1
1
2
2
2
2
2
2
1
2
1
1
1
1
1
2
1
1
2
86512084708
2
2
2
1
2
2
1
1
1
2
2
2
2
2
70124876763
1
2
1
1
1
2
2
2
2
1
2
1
2
2
1
1
2
2
2
1
13655394455
1
17183773960
2
2
2
29764499777
2
2
1
1
2
1
2
2
1
2
2
2
2
2
1
1
1
1
19654998705
2
2
1
2
26060100251
1
2
1
2
1
1
1
2
1
2
2
2
1
1
2
1
2
1
1
2
6309194231
2
1
2
2
2
2
2
2
1
1
1
1
2
2
1
1
2
14429916321
2
1
1
2
1
1
2
1
2
9046286417
1
2
2
2
2
2
2
96376035878
2
1
1
1
2
1
1
1
1
2
1
1
2
1
1
1
2
2
1
1
2
2
1
1
2
2
1
2
1
38795761052
2
2
2
1
2
2
2
2
1
2
1
2
1
1
2
2
2
1
2
1
1
2
2
1
2
2
2
1
1
75665020171
2
1
1
1
2
97429132763
1
2
1
2
2
2
2
2
1
2
2
1
1
1
77035516861
1
1
2
2
1
62594639339
1
1
60972176297
2
2
1
2
1
2
2
1
2
1
231884993
2
2
1
92561076633
1
2
2
1
2
2
1
2
2
1
2
2
2
1
1
1
1
2
1
1
1
2
1
1
2
2
2
1
1
1
2
1
1
1
1
2
1
74749644153
1
81758991098
1
2
2
2
1
60223092560
1
68050190260
2
1
2
2
1
2
2
2
2
2
2
1
1
1
1
1
2
1
56913304577
2
2
2
1
2
1
1
2
66594638555
35631903526
2
2
2
1
1
1
2
2
1
2
1
1
2
1
2
58022146877
1
2
44268096239
2
2
1
2
1
1
1
2
2
1
1
2
1
2
1
2
2
1
2
2
1
2
2
1
2
2
1
2
2
1
1
1
2
2
2
1
2
2
2
2
66526984408
2
1
2
2
2
2
2
2
2
1
52009902270
1
2
2
1
26660325511
2
2
2
2
1
2
1
1
1
2
2
1
1
1
48017970164
1
21485274468
2
2
2
2
2
1
1
56003413521
2
2
1
1
30489054372
2
1
2
1
1
1
2
2
1
2
2
2
2
1
61779246296
1
2
2
1
2
1
27539410668
2
2
27517746363
1
2
1
2
2
2
2
2
1
18073692748
2
22192606367
2
2
17520293324
96245945510
83114751963
1
1
1
2
2
40677092238
2
1
2
1
1
2
1
2
2
98011778455
25818031215
2
1
93907566378
1
1
2
2
2
2
2
1
1
2
2
1
2
1
1
2
2
2
2
2
1
1
2
1
1
1
2
2
1
1
1
1
1
1
1
1
1
2
2
2
2
2
1
2
38451931778
1
54879505667
1
2
2
2
1
2
2
1
2
1
2
2
2
82939188338
1
2
2
1
1
1
2
1
1
1
86060066759
1
1
2
2
2
2
2
2
2
79167093088
2
2
1
2
1
1
2
2
2
1
2
1
2
1
2
2
2
2
1
1
2
2
2
2
1
1
2
2
1
1
1
1
2
1
2
2
2
2
1
1
1
1
1
2
2
1
2
1
1
2
2
2
1
1
1
2
1
1
2
1
1
1
1
1
2
1
2
2
1
2
2
1
2
2
1
1
1
2
2
2
13056404358
1
2
1
1
2
2
42123682654
1
2
1
2
2
2
1
1
23273736682
1
2
2
2
1
1
2
2
1
1
2
1
2
1
2
1
2
2
64418774998
2
2
2
1
1
2
2
2
2
2
2
2
2
1
2
1
1
2
1
2
1
1
1
2
2
1
2
2
2
2
67728592577
1
1
1
1
1
2
1
1
1
2
1
1
1
2
1
2
1
2
2
2
1
2
2
1
2
1
2
2
2
2
2
1
23218139081
1
2
2
2
1
2
1
2
1
2
2
2
1
1
2
1
23401236305
1
2
2
1
1
2
2
2
85859470405
2
2
2
2
1
71829065617
1
2
1
1
2
1
1
1
2
2
2
2
2
1
1
2
1
2
1
1
2
40502942105
1
1
2
2
2
2
2
1
1
2
47558699801
2
2
1
2
1
2
1
84116548967
1
88713557951
1
1
1
2
2
61159464862
1
2
1
2
1
1
1
2
2
1
2
2
1
2
12751339837
1
2
2
1
2
1
2
1
2
1
2
2
2
2
2
1
2
1
40405480472
2
1
1
1
2
2
1
2
2
2
1
1
2
2
2
1
2
1
1
2
2
37905791364
2
1
2
2
1
1
2
2
2
1
2
2
1
2
1
2
1
2
2
1
2
1
1
1
2
2
2
2
1
2
2
2
2
1
2
2
2
2
1
1
75626311850
1
2
1
1
1
1
2
1
1
1
1
97108197649
2
2
1
1
2
1
1
2
2
1
1
1
1
2
72443507923
2
1
2
2
2
23552984842
1
2
1
1
1
1
2
1
2
1
2
93155300723
2
1
2
1
1
2
60542613618
2
2
2
2
79682036560
2
2
2
2
2
1
2
2
2
2
59481127052
2
2
1
1
2
1
2055104888
2
2
2
1
1
1
2
1
1
1
1
1
1
2
1
2
1
2
1
2
2
2
1
2
1
2
2
1
1
1
1
2
2
2
1
1
1
2
1
2
1
2
2
2
2
2
2
2
2
2
13294565844
1
1
2
1
1
2
43831187742
2
80099627799
1
1
1
1
1
1
1
2
2
1
2
1
1
2
1
2
92524594392
2861629715
1
1
2
1
1
2
1
2
2
31432106702
2
1
2
2
2
1
2
2
1
1
46050448866
2
1
2
1
2
2
2
1
1
1
1
2
12369493811
2
1
86468210305
2
1
2
1
2
1
2
2
1
2
1
2
1
40205326505
2
1
1
2
1
2
2
1
2
1
74681719076
2
2
1
2
1
1
1
1
2
97158864656
1
1
1
2
1
1
2
1
1
1
1
1
26540952910
1
2
2
1
2
1
1
2
2
2
1
2
1
1
1
2
2
2
1
2
2
1
1
1
2
2
2
2
2
54952352370
1
1
2
1
1
1
1
1
1
1
2
1
2
1
2
1
2
2
1
2
1
2
1
1
2
2
2
1
2
2
2
1
1
2
1
2
55123493474
1
2
2
1
2
2
1
1
2
2
8848051836
1
2
2
2
1
1
2
2
2
1
1
1
2
2
2
2
1
1
81339893658
2
2
9043941737
1
2
73244872918
1
1
1
1
57229008861
1
1
2
2
1
48891453573
1
1
2
2
1
1
2
2
1
2
2
98860840191
2
1
1
2
2
2
1
2
1
1
1
1
1
1
2
1
2
1
1
1
2
1
2
2
2
2
4916786821
1
1
2
2
1
1
1
2
2
2
1
1
1
1
1
1
1
1
2
2
2
2
1
2
1
2
1
2
2
1
2
2
1
2
1
1
2
49679718110
2
1
2
10057203594
2
1
1
1
1
1
1
1
2
2
1
2
2
1
1
2
1
2
1
2
1
1
2
1
2
2
1
1
1
2
1
2
2
2
2
1
2
1
2
1
2
2
2
1
1
1
67851378054
1
1
15376659328
1
2
1
1
2
2
2
2
1
2
1
1
2
1
2
1
2
1
2
2
1
2
2
1
1
1
1
2
1
2
2
1
2
2
2
1
1
2
1
1
1
2
2
1
1
2
2
2
2
1
1
2
2
2132109086
2
1
1
2
2
1
1
2
2
1
1
2
1
2
2
1
2
2
2
1
2
1
2
1
1
1
2
1
2
2
2
1
2
1
1
2
2
1
2
2
1
1
2
2
2
1
1
2
1
1
2
2
2
1
63089752748
2
1
2
2
1
2
76058805953
1
1
1
1
1
2
1
1
2
2
2
1
1
1
2
2
1
2
1
2
2
2
2
1
2
44127907492
2
2
2
1
2
2
2
2
1
2
2
2
1
2
1
2
1
1
1
2
2
1
2
1
2
1
2
2
1
1
18687531127
2
1
1
44662422254
1
2
2
2
1
2
1
33247122048
1
2
2
2
1
2
2
2
1
1
2
1
2
1
2
1
2
2
2
1
2
2
2
2
1
2
1
2
2
1
95726125764
1
2
1
1
2
2
2
2
2
2
35106354621
2
1
2
1
1
2
2
2
1
1
2
2
1
2
2
2
1
2
1
1
2
1
1
2
2
67693671745
1
2
2
2
2
2
2
1
1
1
91919842124
1
2
2
1
2
1
2
2
2
2
2
1
2
2
2
1
1
1
1
1
2
2
2
2
2
2
1
2
88838140784
1
2
2
2
1
1
1
13044876138
1
2
1
39392459206
2
2
1
2
2
72197761637
1
2
2
2
1
2
2
1
2
2
2
2
1
1
2
2
1
36391366882
2
1
1
1
1
1
1
2
1
1
2
1
92862456611
1
1
2
1
2
2
2
1
1
1
2
2
1
1
9994710296
2
1
2
2
2
20598240111
2
1
1
2
2
2
2
1
2
2
2
1
2
1
1
96290037528
2
2
2
2
1
1
2
2
1
1
2
2
2
1
48112309588
1
2
15936264841
1
42746267342
1
1
1
2
2
2
1
1
2
2
2
1
2
1
1
2
1
1
1
1
1
1
2
2
2
2
2
1
2
1
1
2
1
2
1
1
1
2
1
2
2
83159976410
2
2
2
2
2
1
2
1
54020065835
2
2
25786169230
61110021332
2
2
1
1
2
1
1
2
1
2
1
1
1
1
1
2
2
1
2
2
2
2
2
1
1
1
1
1
60694930725
2
2
2
2
2
2
2
1
2
2
1
2
2
2
1
2
2
2
1
2
2
2
1
1
2
1
1
1
1
1
55931903134
2
4988204967
1
1
2
2
1
2
2
1
1
1
2
2
2
1
1
1
1
2
1
19824610405
1
1
2
2
1
1
1
1
2
2
1
2
2
2
2
2
2
2
1
48658011429
2
1
2
2
1
1
2
1
2
2
1
27822175734
1
1
2
1
2
1
1
1
2
2
1
1
1
1
2
2
2
85679081640
2
2
1
2
1
2
2
44208903845
1
1
2
1
1
2
1
2
2
2
1
2
1
1
1
2
62707444688
1
1
1
2
1
1
1
2
1
2
1
2
1
1
1
1
6820988380
2
2
2
2
2
1
1
1
1
1
2
2
2
31429411503
2
1
2
2
2
1
1
2
1
2
1
2
2
2
1
2
2
1
2
41084491668
2
51095910384
2
2
2
2
1
1
1
2
1
1
2
1
2
2
1
2
1
2
1
2
2
1
2
1
2
1
2
2
1
1
34890797650
2
1
1
1
2
2
1
1
1
1
1
2
2
2
1
1
2
2
2
2
1
1
2
2
1
1
2
1
2
2
89689911831
2
2
38706461762
1
1
2
2
1
1
2
2
1
1
1
2
1
2
2
13341703523
2
1
1
1
2
2
95840811614
1
2
2
2
54920140214
1
2
1
2
2
1
2
1
1
2
2
2
2
1
2
2
1
2
1
1
1
1
1
2
2
2
2
2
2
1
2
1
1
1
2
2
2
1
1
2
1
2
1
2
1
2
1
2
1
1
1
1
1
1
2
1
2
2
2
1
40047159271
1
2
2
1
2
1
2
39263350737
1
2
2
1
88129573481
2
2
1
1
2
2
1
1
1
1
1
2
1
2
1
1
2
2
1
1
2
1
1
2
1
2
2
1
1
1
2
2
2
1
2
2
2
2
2
1
2
1
2
2
1
1
59471102671
2
2
2
2
2
1
1
2
1
2
2
1
2
2
1
2
2
2
2
2
1
1
1
88108047084
2
2
1
72103551948
2
2
2
2
1
2
2
2
2
1
2
2
1
1
1
2
2
92825006558
1
1
2
2
1
2
25057348985
2
2
1
1
1
2
2
2
1
2
1
1
2
1
1
1
1
1
2
2
32202774074
2
1
2
2
1
2
1
1
2
2
1
1
60260142563
2
2
2
2
1
2
1
42608841110
1
2
2
2
2
2
2
2
43245903165
2
2
1
1
1
1
1
2
2
1
2
2
1
1
1
1
2
15091281898
2
2
1
2
1
2
1
1
1
1
2
2
1
2
1
1
2
2
1
2
1
2
2
2
2
2
1
1
1
1
2
2
2
1
2
2
1
2
1
21401125712
2
93346499521
1
1
2
2
1
1
63880404001
2
1
70302962291
2
66794276137
1
2
2
1
2
1
2
2
2
2
1
2
26783741167
1
2
2
1
1
2
2
2
2
2
2
2
1
2
50061175154
1
2
1
1
2
1
2
1
1
52717194027
1
2
2
2
2
80796270324
1
2
2
1
2
2
2
2
78334734441
2
34850110794
1
2
2
2
2
2
13116530120
2
1
2
1
2
1
1
57242552045
1
2
2
1
2
2
2
2
81301973039
1
2
2
1
2
2
2
2
1
2
1
1
1
2
72377874960
2
4148529179
1
1
2
1
1
2
2
1
2
2
2
1
8303384651
2
2
2
1
1
1
1
1
94229400931
2
1
2
2
2
1
1
2
1
1
2
1
1
1
2
2
1
2
1
2
1
1
2
2
1
1
1
1
2
1
2
2
2
1
2
2
2
2
1
49806842662
1
2
1
1
1
2
1
1
2
2
1
1
1
2
2
2
2
1
2
2
2
90419462786
1
2
2
2
1
1
1
1
15626879876
72016248943
1
2
1
1
1
1
2
2
2
1
1
1
1
2
2
2
2
2
2
1
2
2
1
2
2
2
1
1
1
2
1
2
2
2
2
1
2
2
2
1
1
2
1
2
30432350157
69748467270
1
2
1
2
1
2
2
2
1
1
2
2
2
2
2
2
2
2
2
602597814
1
2
1
2
1
1
1
2
97440333743
2
2
1
2
2
1
2
2
1
2
2
2
2
1
1
1
1
1
2
2
2
1
1
2
2
2
1
2
2
1
1
2
1
2
1
1
2
1
2
2
1
2
1
2
2
1
1
1
2
2
2
1
1
2
2
2
1
2
2
2
2
1
2
2
2
1
1
1
2
1
1
2
1
2
1
2
2
1
1
2
2
2
2
1
1
2
1
1
61853554156
52407848726
18295187037
1
2
2
2
2
55666133705
2
2
1
2
1
1
1
1
2
1
1
1
2
2
2
2
2
2
2
2
1
2
2
2
2
2
1
2
2
2
1
2
2
1
2
2
1
2
66319307524
2
2
2
58256166695
1
2
2
2
1
2
2
2
94071066337
2
2
2
2
18303323310
1
2
2
2
1
2
2
2
2
1
2
1
2
1
2
1
2
1
11987176972
1
1
2
2
50317659475
1
81840847783
1
1
52353487083
1
2
1
1
2
1
2
64910993431
1
1
2
24434774191
1
1
2
2
1
1
2
1
2
2
2
39213959573
2
2
2
1
2
1
2
1
1
2
2
2
2
2
24394283378
1
2
48909787548
2
1
1
2
2
1
1
2
47022101062
1
1
32186825778
2
1
1
1
2
2
1
2
1
1
1
2
2
1
2
2
1
2
1
2
1
1
2
1
2
1
1
1
2
2
77214933364
2
2
1
1
2
2
1
2
2
1
2
1
2
2
1
1
1
2
2
1
1
1
2
1
2
2
1
2
2
2
2
2
2
2
2
2
2
2
2
2
1
1
1
2
1
1
1
2
1
2
51989049475
2
2
1
2
1
2
1
2
1
2
12383276385
14482316320
2
2
1
2
2
1
1
1
2
2
1
1
2
1
30945486512
2
2
2
2
1
2
2
1
74641472563
2
1
2
1
2
2
2
1
2
1
1
1
1
2
1
1
1
2
1
2
2
2
2
1
1
2
2
1
1
1
2
2
1
1
1
2
1
2
1
2
1
2
2
2
1
1
2
1
1
1
1
1
1
2
38060796172
2
1
2
2
1
90310962795
1
1629119943
2
19113862136
1
1
2
1
1
1
2
1
1
1
53162914085
1
1
2
1
2
64202019811
20475817228
1
1
2
2
1
82774938852
2
2
1
1
1
2
1
2
1
1
2
1
1
2
2
2
1
1
2
1
1
2
2
2
1
64458940630
1
2
2
1
2
2
2
2
1
1
1
2
1
2
1
2
1
1
2
1
1
2
56405449246
2
1
2
1
2
2
2
2
2
2
2
2
1
2
2
2
1
2
2
64263030653
1
1
2
2
1
2
1
1
2
1
1
1
41131404109
2
1
1
1
2
2
1
1
1
2
2
1
2
2
2
1
19493689628
2
1
1
1
1
1
1
2
1
1
2
2
2
2
1
2
2
1
2
34975363170
1
2
2
1
1
1
2
2
2
2
2
2
1
2
1
2
1
1
1
2
2
2
1
2
2
1
14151370989
1
2
1
2
2
2
2
1
2
2
2
1
47708917093
2
2
1
2
2
4646545078
1
2
1
11319972003
1
1
2
75581178483
1
19819018175
2
2
40337782253
1
1
68432451233
36398829093
2
1
2
1
2
2
1
2
2
2
1
2
1
1
2
2
2
1
2
2
2
20277211945
2
2
2
1
2
2
2
2
1
2
2
2
1
2
2
2
1
73390295019
2
1
1
1
2
1
1
1
2
2
1
1
1
1
2
1
2
2
1
2
6752384703
1
2
2
2
1
1
1
2
2
1
1
1
2
2
2
2
2
2
2
1
2
1
2
1
2
1
2
1
1
1
2
2
1
2
2
1
1
65924998729
7415586178
2
2
2
2
2
2
1
2
2
2
2
1
65661403121
2
2
1
1
2
1
1
2
2
2
27004801676
2
2
2
1
1
1
2
1
2
2
1
2
2
1
2
2
2
2
1
68949104436
1
1
1
1
2
2
1
1
1
1
2
2
1
1
72994394541
1
2
2
2
15205927024
2
1
1
2
1
1
2
2
2
2
2
1
1
2
1
1
1
1
1
1
2
2
1
1
2
1
2
1
1
1
1
2
2
22833522125
1
1
2
2
2
1
2
2
1
1
50172737566
1
2
1
2
1
2
2
2
2
69893869844
2
1
1
2
2
1
1
2
2
2
2
1
1
2
1
1
15496143396
2
1
2
2
1
1
2
2
2
1
2
1
2
2
2
2
1
2
1
2
2
2
1
1
2
65310531849
2
1
1
1
2
2
2
2
1
1
1
1
2
1
2
1
2
1
1
1
1
1
2
1
2
2
2
2
1
94383462948
1
1
2
1
1
2
2
1
2
2
1
1
1
2
2
2
1
2
1
2
1
2
1
2
2
1
1
1
1
2
1
2
1
1
1
2
2
2
2
1
2
2
2
1
2
2
1
2
1
1
2
2
2
1
1
2
2
1
2
2
92013000416
2
2
1
2
2
1
2
2
1
1
2
1
2
2
1
2
2
1
2
62217910994
2
1
1
1
2
1
72667250665
1
2
2
1
13644614
2
41165045822
1
2
1
2
2
1
2
2
2
1
1
2
1
1
2
1
1
2
1
32151478471
1
2
2
2
2
1
2
1
1
1
1
1
2
2
1
1
2
2
2
21205238488
1
1
2
2
2
1
2
79869830829
1
83444072627
2
1
2
1
2
1
1
2
2
1
1
2
41513935983
2
1
2
1
2
1
1
1
2
2
1
1
1
2
56881246549
1
1
1
2
1
1
1
2
2
2
2
2
2
1
2
2
1
2
1
67331723556
1
2
2
2
2
2
2
1
58338347229
2
2
2
2
1
2
2
2
1
2
2
1
1
2
2
1
82779083671
2
2
17794684311
2
1
2
1
2
2
64179710200
2
1
2
2
1
2
2
2
1
2
1
2
1
2
1
1
2
2
2
2
2
1
2
1
2
2
2
1280855843
1
1
45274588227
2
1
2
2
1
2
1
2
2
2
1
1
2
2
1
2
2
1
2
1
2
1
89507888053
2
2
2
2
2
2
1
2
2
2
2
1
2
2
2
1
20198228496
1
2
2
2
24582557585
1
2
2
2
2
1
2
2
1
2
2
2
2
74681653836
2
2
2
2
2
2
1
2
2
2
1
2
2
2
2
2
2
2
96809364969
2
2
1
1
1
1
2
2
11932217558
2
2
2
1
2
2
1
2
2
2
1
2
1
2
2
1
2
1
2
1
1
2
1
2
2
1
1
2
79142093726
1
1
1
1
1
1
2
2
2
84683682958
2
2
1
1
8792395170
2
2
2
2
2
2
1
2
2
2
1
1
2
1
1
2
2
2
55321939149
2
2
2
2
1
1
1
2
2
2
2
2
2
1
2
2
1
2
1
1
1
1
1
98460856998
2
2
1
1
2
2
2
96853308954
1
2
2
1
2
1
1
1
2
2
2
2
2
2
1
1
2
1
1
2
2
1
1
2
2
2
1
1
2
1
1
2
2
1
2
1
1
2
2
2
1
1
2
2
2
2
2
2
2
1
1
2
1
1
2
2
2
1
69373457079
1
1
1
1
2
2
2
2
2
2
2
2
1
2
2
2
2
2
1
93659593352
2
1
2
1
2
2
2
1
1
2
1
1
1
2
2
17732456139
2
2
2
2
1
1
95245347282
2
2
2
1
1
2
2
1
1
27529974633
2
1
1
1
2
2
1
1
32534008688
2
2
1
1
77327639774
1
1
2
1
1
2
2
6799244399
1
1
1
2
2
87475103250
1
2
1
2
2
1
1
2
2
1
2
2
2
1
2
93650212919
2
1
2
14180375829
1
2
1
2
2
43733912326
2
2
2
29442631347
2
1
2
1
2
2
2
1
1
1
21382007390
2
1
2
1
1
1
2
2
2
2
2
1
1
62307804279
1
2
2
1
1
80687026564
1
1
2
2
1
2
2
1
2
1
81305917291
1
2
2
2
1
2
1
2
26484531984
2611198868
1
48120345893
1
2
2
1
1
2
1
2
1
1
1
1
2
2
2
1
2
2
34725379205
1
1
1
2
2
1
2
2
2
2
2
2
2
2
1
1
1
2
1
1
1
2
2
1
2
2
1
2
2
1
1
2
2
1
2
2
2
2
2
2
1
2
1
1
1
1
2
1
2
2
2
2
2
2
2
1
2
1
1
1
90809559588
1
32539691115
2
1
2
24182905560
1
1
2
2
2
2
2
1
2
1
2
2
2
1
2
1
2
2
2
1
1
22757611485
2
1
2
2
2
1
2
2
2
2
1
2
1
2
2
2
2
1
1
51905918094
1
2
2
1
2
2
1
2
1
2
2
1
1
2
2
1
2
2
2
2
2
2
2
1
1
2
1
2
1
1
2
2
1
1
1
2
1
1
2
67464480439
1
1
1
1
1
2
2
1
1
2
1
1
2
99010044962
2
2
2
2
2
1
1
2
2
15918649881
1
2
2
1
1
2
16355200253
1
20145886410
1
1
1
2
2
1
2
1
2
1
1
2
1
1
2
1
1
1
2
1
8956916656
1
2
2
1
2
2
2
2
69580789416
2
1
2
1
70824489528
1
1
2
1
1
1
2
1
2
1
1
85355502158
1
1
1
1
2
1
1
1
2
1
2
1
1
2
1
2
2
2
1
2
2
2
1
1
1281662998
1
2
1
90195562936
2
1
2
1
1
2
1
2
1
2
2
2
2
2
2
2
2
2
2
2
1
1
2
1
2
1
2
2
2
2
1
2
1
2
1
1
2
13646144585
40122948675
74752755795
1
2
2
1
1
1
2
1
1
1
1
2
2
1
1
1
1
40511710033
2
1
1
2
2
2
2
2
2
2
1
1
2
2
1
2
1
28931108208
1
1
1
1
34797414631
2
2
2
2
2
1
2
2
1
2
1
1
2
2
2
2
1
1
2
1
2
1
2
2
2
2
1
1
1
1
1
1
1
1
1
2
1
1
2
2
2
2
2
1
1
2
1
2
1
1
1
2
2
1
2
1
1
1
1
1
2
2
1
2
1
2
2
2
1
2
1
2
2
2
2
2
2
65463445059
2
2
2
1
1
2
97569222009
1
2
1
2
2
2
1
1
1
2
2
2
1
2
92925061276
74754476708
1
1
1
2
2
1
1
2
1
2
2
2
1
2
1
1
2
1
2
1
2
1
4004222432
1
1
2
1
1
1
1
2
2
2
1
2
1
2
2
1
2
2
2
2
1
49504371164
2
2
1
2
53944039579
1
38165872582
1
2
2
2
1
2
2
2
1
2
1
1
1
2
1
20482847204
2
2
1
1
1
2
1
1
2
2
1
1
2
2
1
74815649329
1
2
1
2
1
2
2
2
2
2
38701472029
1
1
2
2
2
2
1
1
1
5454066970
2
1
1
1
1
1
1
2
2
2
1
7407658410
1
1
2
1
58509786368
2
1
17911953464
1
2
2
2
55981559536
2
2
2
2
2
65580961132
2
2
1
2
1
2
1
1
79979867122
1
1
2
2
2
2
2
2
2
2
2
2
2
1
2
1
2
2
1
2
2
2
2
1
2
2
1
2
1
2
2
49130987349
2
1
2
2
2
2
1
1
1
2
2
1
1
2
2
2
1
1
1
2
1
1
25098226376
2
1
1
2
1
2
1
1
2
12762700678
1
1
2
2
1
2
2
1
2
2
2
75747466338
92745056186
2
1
1
1
1
2
2
1
1
2
2
1
2
2
2
2
2
32312743863
2
1
2
2
2
2
2
1
59244727536
43238354749
79431094101
1
2
2
2
2
2
2
1
2
2
1
1
1
2
1
2
2
1
2
1
2
1
2
2
2
1
2
2
97579322091
2
2
84726621958
95237033432
1
2
2
2
1
47196230558
1
2
2
1
1
2
2
1
2
2
2
1
2
1
1
5323381423
2
1
2
1
1
1
1
2
2
2
2
2
2
2
79649869956
2
2
2
1
1
2
2
1
1
1
2
42406637659
2
2
1
2
2
1
1
1
2
2
2
2
2
2
2
2
18237537470
1
2
1
11345547529
2
2
2
1
1
1
2
1
1
2
2
2
1
2
9228128992
2
1
1
2
2
1
2
1
1
2
2
2
2
2
1
2
1
2
2
2
2
49597787155
2
2
2
2
2
2137268380
2
2
2
2
49570731347
1
1
1
2
2
1
2
2
2
1
42304342411
1
93353284275
2
34370684726
2
1
1
2
2
1
2
1
2
1
2
2
1
2
1
1
1
1
2
2
2
1264672464
1
71432821933
2
2
2
1
2
2
2
1
1
2
1
2
1
46392613555
1
2
2
2
2
2
2
2
1
2
1
1
1
2
28019853261
1
2
2
2
1
2
2
2
2
1
1
2
1
2
1
1
2
296716861
1
1
1
1
2
2
2
1
1
1
2
1
37171829303
2
2
2
1
2
61358030236
1
2
2
2
75560077133
1
1
2
2
1
1
1
1
2
1
2
1
2
2
2
1
1
2
2
2
1
1
2
1
2
2
2
2
2
1
95280246117
2
1
1
1
2
1
1
2
2
1
2
2
2
2
1
2
1
1
1
1
1
2
2
2
1
1
2
1
2
1
86402782964
2
2
1
18267943059
1
2
1
1
1
1
1
2
1
2
2
1
60576296459
1
2
2
1
2
1
1
1
1
2
1
2
1
2
1
1
2
2
2
1
2
1
2
2
1
1
2
1
1
1
2
2
21204660697
1
1
1
2
2
2
2
2
1
1
1
2
1
1
2
1
2
2
2
1
2
1
2
2
1
2
1
2
67693907226
2
1
1
1
2
2
1
1
40142025609
78795745745
2
2
2
2
2
2
2
2
2
2
1
2
2
2
2
2
1
24229582697
1
1
1
2
2
70090347484
1
1
1
2
2
2
1
1
2
2
1
2
2
1
2
2
2
2
1
1
1
1
2
1
1
2
1
1
2
2
2
2
1
2
61389610373
2
2
2
1
2
1
2
2
1
2
1
2
1
2
2
2
2
2
2
2
2
2
2
36393230609
67763721984
1
1
2
2
1
1
2
1
2
1
2
2
1
1
2
1
1
42881488814
1
2
2
1
2
2
1
2
1
2
1
1
1
1
1
2
2
1
2
2
2
1
1
1
2
2
1
2
2
2
1
2
1
1
1
2
1
1
2
1
1
1
2
1
1
2
2
2
1
1
1
1
2
2
1
2
1
2
1
2
2
2
2
2
2
1
11086475050
2
1
2
2
2
1
1
1
76756702644
2
2
2
1
1
1
2
1
2
1
1
2
1
2
1
2
63494850375
2
1
2
2
2
1
2
1
2
1
1
2
2
2
2
1
45625973633
1
2
1
2
1
1
1
2
2
2
1
1
2
1
2
1
1
26780105412
2
2
1
2
2
1
2
1
2
1
2
1
2
28634759011
1
1
1
2
1
1
2
2
2
2
1
1
2
1
1
2
1
2
1
2
2
2
1
1
2
1
2
1
2
2
1
62733045733
1
1
2
2
2
2
1
2
2
2
2
2
1
1
2
1
2
2
2
1
2
1299123052
1
1
2
1
2
1
1
2
2
2
2
2
12222124213
2
2
2
1
1
1484638033
2
2
2
2
2
2
1
1
96150162163
2
1
1
2
91431056986
1
1
2
1
1
2
88255915782
31163780824
1
2
2
71929383419
2
2
1
2
2
2
2
1
1
11028886453
1
1
1
2
2
1
1
47512068748
1
1
28272535459
1
1
2
1
2
1
1
1
1
1
1
1
2
1
1
1
1
2
1
1
1
2
2
2
2
1
1
2
2
1
2
2
1
1
1
1
2
2
2
2
2
1
1
2
1
2
1
1
2
1
2
2
1
1
2
2
2
38681642443
1
1
2
1
2
2
93886848969
2
1
1
2
2
1
1
2
2
2
1
2
1
1
2
2
1
2
1
2
2
2
1
1
2
58996590599
2
2
1
1
2
2
2
1
2
2
2
2
1
9738438236
1
2
2
2
1
59843962286
1
2
2
2
2
1
1
1
95609601679
2
1
2
2
2
1
2
1
1
1
1
2
1
8513473533
2
54174775299
1
2
2
2
1
2
2
1
1
2
2
1
23637819881
2
2
1
1
1
2
2
1
2
1
2
1
2
1
2
2
1
1
11262703702
2
1
1
2
2
1
1
1
1
2
1
2
1
2
2
1
1
2
1
2
1
1
2
2
2
32709745624
1
80979803033
1
1
1
2
2
1
1
1
2
1
1
1
2
1
46654856576
2
2
2
2
2
2
1
1
1
1
2
1
1
1
2
1
2
1
1
2
74013906109
2
1
2
2
1
2
78611485301
2
1
1
2
2
1
2
2
2
2
2
2
1
2
1
2
2
2
1
1
1
2
1
2
2
2
1
2
2
2
2
1
1
1
2
2
1
1
2
1
2
1
1
1
2
1
2
2
1
2
2
1
2
1
2
1
1
91103583611
1
1
2
56091035650
2
2
68708542926
1
1
2
1
2
1
2
1
2
1
2
2
2
1
2
2
1
1
1
1
2
1
1
1
2
1
1
1
2
2
2
2
2
2
1
2
1
1
2
2
1
2
1
2
2
1
2
1
2
1
2
2
2
2
2
2
2
2
1
2
2
2
2
1
2
2
2
1
1
2
33343047631
2
2
1
1
2
1
2
2
94349621597
2
1
2
1
1
2
1
1
2
1
2
1
1
2
2
1
1
2
2
1
2
1
2
2
2
2
1
1
2
1
2
2
1
63019381446
2
1
2
82372773440
1
2
1
1
1
2
2
1
1
2
2
1
2
1
2
1
1
67902996469
2
2
1
1
2
1
2
1
1
1
2
2
2
2
1
1
2
1
2
2
1
2
2
2
2
2
1
2
2
1
2
75468182057
2
1
2
2
1
1
2
2
2
2
2
2
2
1
2
1
2
2
2
1
2
2
2
2
1
1
2
2
2
2
1
2
2
2
2
2
1
72711712054
2
1
72825244908
1
2
1
2
2
2
1
2
1
4619381937
2
1
2
2
1
1
1
1
1
1
7847179250
2
1
2
2
2
2
2
2
1
1
2
2
1
2
2
2
2
2
2
1
2
1
37565636617
1
2
1
2
2
2
1
2
1
2
2
2
1
2
54708877093
1
2
2
1
2
2
1
2
1
1
1
2
1
2
2
1
2
2
1
1
87603642836
2
2
1
2
2
2
2
2
2
2
2
1
1
2
2
2
2
1
1
2
2
2
1
1
1
1
2
2
2
1
1
1
30850105790
1
2
2
1
2
1
29824470051
2
2
2
1
1
1
2
63063036275
2
2
2
2
2
1
1
1
1
2
1
1
35296992023
2
22139055323
1
1
2
2
1
1
2
64671517749
2
1
2
2
2
1
1
1
2
2
1
2
2
1
2
18257450174
2
2
2
1
1
1
1
2
1
2
1
2
1
2
1
1
71277772441
2
1
1
2
1
1
2
1
2
1
1
2
2
44338080819
1
1
1
2
2
1
2
1
2
2
2
1
1
1
2
2
2
2
1
1
2
1
1
1
1
2
2
1
2
1
2
2
2
2
2
1
2
2
2
1
1
1
54438206785
1
2
2
1
2
1
2
1
2
1
2
2
1
2
2
2
2
9341506776
2
1
2
2
2
2
2
1
2
2
2
2
2
2
1
1
2
2
1
1
1
1
1
2
93222192078
2
2
1
2
2
2
1
1
2
1
2
1
2
1
1
74530147667
2
1
1
1
1
1
1
2
1
1
1
1
2
1
2
1
2
1
1
1
2
87385433241
2
2
1
1
2
1
1
6186511847
2
1
1
1
2
2
1
1
87923602280
2
2
1
1
64010378846
2
1
2
2
1
2
1
2
2
1
2
1
2
2
2
2
2
2
1
90461733420
2
1
1
75737313219
2
1
2
1
2
1
2
2
2
34540307432
2
2
1
90393970809
2
2
1
2
2
1
1
1
2
1
2
1
2
1
2
2
1
2
1
2
1
1
2
55239744442
2
2
2
1
7632575054
2
2
1
2
54354822254
2
1
24465129614
2
1
2
2
1
2
1
2
2
1
73681060001
1
2
2
1
1
2
1
1
2
2
2
2
2
44593445272
2
90121085295
1
8651632189
1
1
2
2
1
96232009247
1
1
2
1
1
1
1
1
1
1
2
1
2
1
1
1
1
70158391238
2
1
1
1
2
1
2
2
2
1
1
1
94007420510
2
1
2
1
1
1
96444602894
2
2
2
1
1
1
2
2
2
1
2
2
1
2
2
1
1
2
2
2
39971491222
217890818
2
2
1
1
2
2
2
1
1
1
1
1
1
1
1
1
2
1
1
1
2
1
1
1
2
1
1
1
2
67846860390
2
2
1
1
2
1
2
1
2
2
2
2
2
2
1
2
2
2
2
2
2
2
1
1
2
2
2
2
1
1
2
2
1
2
1
37982238725
1
1
1
1
2
1
1
1
2
2
2
1
1
1
2
2
2
72793933993
1
2
1
2
1
3574483994
1
1
2
1
1
2
1
1
2
2
2
1
2
2
2
1
1
2
2
1
1
1
22699522198
1
1
1
2
1
82740985743
2
1
2
1
1
1
1
2
1
2
58970148296
2
1
2
2
1
2
1
2
1
75217020407
1
1
2
2
2
1
2
