1
2
2
1
2
2
1
2
2
1
2
2
2
2
2
1
2
2
2
1
2
2
1
2
2
2
2
1
1
2
2
2
2
1
2
2
1
2
2
1
1
1
2
1
2
2
2
2
2
2
2
2
2
1
2
1
1
2
2
1
1
2
2
2
2
2
71946432259
2
2
2
2
2
2
1
2
2
1
2
2
2
2
2
1
1
1
2
2
1
2
2
2
2
2
2
2
2
2
2
1
2
1
2
1
2
2
2
2
2
2
2
2
1
1
2
1
2
2
2
2
2
73136065115
2
1
2
2
2
1
2
2
2
2
58870176008
2
2
1
2
2
2
1
2
2
2
2
2
2
1
1
2
2
2
2
2
2
2
2
1
2
2
2
2
2
2
2
1
2
2
2
2
2
2
2
2
2
2
1
2
2
2
2
1
2
1
2
2
2
2
2
2
2
2
2
2
2
2
2
1
1
1
1
2
2
2
2
2
1
2
2
1
2
1
2
2
2
2
1
2
2
1
2
2
2
1
2
2
1
1
47789962518
2
2
2
2
1
2
2
2
1
1
2
2
2
1
1
2
2
1
2
2
2
1
1
1
2
2
2
2
2
2
2
2
1
1
1
2
1
2
1
2
2
1
2
2
1
2
2
2
2
1
2
1
2
1
1
2
2
1
2
1
2
2
2
1
2
1
2
1
1
2
13769583713
1
1
2
2
2
2
1
2
2
2
1
2
1
2
2
1
2
1
1
2
1
2
2
2
1
2
1
2
2
1
1
2
1
1
2
2
1
2
2
2
2
2
1
2
1
2
2
2
1
2
1
2
2
2
2
2
2
2
2
1
2
1
1
1
2
1
1
2
1
1
2
2
2
2
1
9949763983
14790255224
2
2
2
2
2
1
1
2
2
2
2
95275674800
2
2
2
1
2
2
2
2
1
1
2
2
2
2
2
1
1
1
2
1
2
2
2
2
2
1
2
2
2
2
1
1
2
2
2
1
2
2
1
1
1
2
2
2
2
1
2
2
1
2
1
2
2
2
2
2
2
2
2
2
1
2
2
2
2
2
2
2
2
2
2
2
1
2
2
2
2
2
2
2
2
2
2
2
2
2
2
2
2
2
1
2
2
1
2
2
2
2
1
2
2
2
1
1
2
2
2
1
2
2
1
1
2
2
2
2
2
1
2
2
2
1
2
2
2
2
2
2
1
2
1
1
1
2
2
2
2
2
2
2
1
1
2
1
2
2
2
2
1
2
2
2
2
2
1
2
1
2
2
2
4042671033
2
2
2
2
1
2
1
2
2
1
2
2
1
2
1
1
1
2
2
2
2
1
1
2
2
1
2
2
2
2
2
1
2
1
2
2
2
2
2
2
2
2
2
2
2
2
1
2
2
2
1
1
2
2
1
2
2
2
2
1
2
2
2
2
2
1
2
1
2
2
2
2
1
1
2
2
2
1
1
2
2
2
1
1
2
2
1
2
1
2
2
2
2
2
1
1
2
1
2
2
1
2
2
2
1
1
2
2
2
1
2
2
2
2
2
2
2
2
1
2
2
2
1
2
2
2
2
1
1
2
2
2
1
2
2
2
2
2
2
2
2
1
2
1
53634483238
2
1
2
2
1
2
1
1
1
13145598691
1
2
2
2
2
1
2
1
2
2
2
2
2
2
2
2
2
2
1
2
2
1
2
87641612974
2
2
1
2
1
2
2
2
2
2
2
2
2
1
2
1
2
1
2
2
1
2
2
1
1
2
2
2
2
2
2
1
2
1
2
1
2
2
2
1
2
2
1
2
2
2
1
1
2
1
2
2
2
2
2
2
2
1
1
2
2
69208161066
2
2
2
2
2
2
2
2
2
1
2
2
1
2
2
2
2
1
2
2
2
1
2
2
2
2
1
1
1
2
2
1
1
1
2
2
2
2
1
2
2
1
1
1
2
2
2
2
1
1
2
2
2
2
2
2
1
1
1
2
1
1
2
1
2
2
2
2
2
1
2
77416234704
2
1
2
2
2
2
2
2
2
2
2
2
1
2
2
2
2
2
2
2
2
2
1
2
2
2
2
2
2
2
2
2
2
2
2
1
2
1
2
2
1
2
1
2
2
1
1
2
1
2
2
50528250879
2
2
1
1
2
2
2
2
1
2
1
2
1
50789254564
1
1
2
2
2
1
2
2
2
2
2
2
1
1
1
2
2
1
2
2
2
2
2
1
1
2
1
2
2
2
2
2
2
2
2
2
2
18332173455
2
2
1
2
1
2
1
1
2
2
2
1
2
2
2
2
2
1
1
1
1
1
1
2
2
2
2
20238424277
2
1
2
1
2
2
1
2
2
1
2
2
2
2
2
1
1
2
1
2
2
1
2
2
2
2
2
2
1
2
2
1
1
2
1
2
2
1
2
2
90940432086
2
2
2
2
2
2
2
2
2
1
2
1
2
2
1
2
2
2
2
2
2
2
2
2
2
2
2
2
2
2
2
2
2
1
2
1
1
89707278137
1
2
2
2
1
1
2
2
2
2
2
2
2
1
2
1
1
2
2
1
2
1
2
1
2
2
2
2
2
2
1
2
2
2
2
1
2
2
2
2
1
1
1
1
2
1
1
2
2
2
2
2
2
2
2
2
2
2
1
2
2
2
2
2
1
1
2
2
42102492716
2
2
37994761276
2
2
2
2
2
2
2
1
2
2
2
1
2
2
1
2
2
2
2
1
2
1
2
1
1
2
2
2
2
2
2
1
2
2
1
2
2
1
1
1
2
2
2
2
1
1
2
2
2
2
1
2
2
2
2
2
2
2
2
1
2
2
2
2
2
1
2
2
1
2
2
1
2
2
1
2
2
2
2
1
1
2
1
2
2
1
2
1
2
1
1
2
2
1
2
2
2
1
2
1
2
2
2
1
2
1
1
1
1
1
2
1
2
1
2
2
2
2
1
1
2
2
1
1
2
2
1
2
1
1
2
2
1
2
2
49908971607
2
1
2
2
2
2
2
2
2
1
2
1
1
2
2
2
2
1
2
2
1
2
1
2
2
2
2
2
1
2
1
1
2
1
1
1
2
1
6909772975
1
1
1
2
2
1
2
2
1
2
1
2
2
2
1
2
2
1
2
1
1
2
2
1
2
2
2
2
2
2
2
2
2
2
1
2
2
2
1
1
2
2
1
2
2
2
2
2
1
2
2
2
1
2
1
2
2
2
2
2
1
1
2
2
2
1
1
1
2
1
1
2
2
2
2
21495489471
2
2
2
2
2
2
2
2
29749263844
67412103740
1
2
2
2
2
2
2
1
2
2
2
2
2
1
1
2
2
2
2
2
2
2
2
2
2
2
1
1
2
2
2
2
1
1
1
2
2
1
2
2
2
2
89865135022
2
2
2
2
1
2
2
2
2
1
2
22190650853
2
2
1
1
2
1
2
2
13888866237
1
2
1
2
1
2
1
2
2
2
1
2
2
1
2
2
1
2
14855324406
2
1
2
2
1
1
2
2
2
2
2
2
2
2
1
84522273616
2
2
2
2
1
2
1
2
2
2
2
2
2
2
2
2
2
2
2
2
2
2
2
1
2
2
1
2
2
2
2
2
80703308538
2
1
2
2
2
2
2
2
2
2
1
2
1
2
2
2
2
2
1
1
2
2
55909893085
2
2
2
2
2
2
2
1
1
2
2
2
2
2
2
2
2
2
2
1
2
2
2
2
2
2
2
2
2
2
2
2
2
1
2
2
2
2
2
1
2
1
2
2
2
2
2
2
2
2
2
2
2
1
2
1
2
1
2
2
1
2
1
2
2
1
1
1
2
2
2
2
2
1
2
1
1
1
1
2
1
1
2
2
1
2
2
1
2
2
2
2
1
2
2
1
1
2
2
2
2
1
1
2
2
1
2
2
2
2
1
2
2
2
1
2
1
2
2
2
1
2
2
2
2
1
2
2
2
2
2
1
1
2
1
1
1
2
2
2
1
1
12084972305
2
2
2
1
2
2
2
2
2
1
1
2
2
2
2
2
2
2
2
1
1
1
2
93639694103
2
2
1
2
2
2
2
1
2
2
2
27856030130
2
2
18300131695
2
2
2
2
2
2
1
2
1
2
2
2
2
2
2
2
2
1
1
2
2
2
2
2
1
2
2
2
2
2
2
2
2
10450494132
2
2
2
2
2
2
2
2
2
2
2
2
2
2
2
2
2
1
1
2
1
1
2
1
2
2
2
2
2
2
2
2
2
1
2
2
1
1
1
1
2
1
1
1
2
2
2
2
2
2
2
1
2
2
1
2
1
2
2
2
2
2
2
2
2
2
2
2
2
1
2
2
2
1
2
2
1
2
1
2
2
2
2
2
2
47605347712
2
2
2
1
2
1
2
1
1
2
1
2
1
1
2
1
2
1
2
2
1
2
2
1
1
2
2
2
2
1
2
2
1
2
2
2
1
1
2
1
33848932688
2
2
2
1
2
2
2
2
1
1
2
1
1
1
2
1
2
2
39188026101
2989563252
33589189407
2
2
2
2
2
2
1
2
2
2
2
2
2
2
2485184227
2
1
65780341830
2
2
2
2
2
2
1
2
2
2
2
2
2
2
2
2
2
1
2
1
2
2
1
2
2
2
2
1
2
2
1
1
1
2
2
2
2
2
2
2
2
1
2
2
2
2
2
1
1
2
1
2
2
1
2
2
1
2
2
2
2
2
2
1
2
2
2
2
1
1
2
1
2
1
2
2
2
1
2
2
2
1
2
2
2
2
1
2
1
2
2
2
2
2
2
2
2
2
2
2
2
2
2
2
2
2
2
2
2
1
2
2
1
1
1
2
2
2
2
1
2
1
2
1
1
1
2
2
2
2
2
1
1
1
1
2
2
2
2
2
2
2
1
2
2
2
1
1
1
2
2
2
1
2
2
2
2
2
2
1
2
2
2
2
2
2
2
2
2
2
2
1
2
2
2
1
2
2
2
2
1
1
2
2
2
2
2
18221608667
2
2
2
2
1
1
1
1
1
2
2
2
1
2
2
2
1
2
1
2
2
2
2
1
1
1
2
2
2
2
2
2
2
2
2
1
2
1
1
2
1
2
2
2
2
1
1
2
1
2
2
2
2
1
2
2
2
2
2
2
2
2
2
2
2
2
1
49243796903
2
1
2
1
1
2
2
2
2
2
2
1
1
2
96691466503
2
1
2
2
2
2
2
2
2
2
2
2
1
2
2
2
2
2
2
1
2
2
2
2
1
2
2
2
1
2
2
2
2
1
2
2
2
2
2
1
1
1
2
2
2
1
2
73900065776
2
2
1
2
2
2
1
2
2
68866807765
1
2
2
1
1
2
2
2
2
1
1
2
2
1
2
41281188800
1
2
2
2
2
2
2
2
2
2
1
2
1
2
1
2
2
2
1
2
2
2
2
1
2
2
1
2
2
2
2
2
2
2
2
46607050068
1
2
1
1
2
2
1
2
2
2
79185895917
2
1
1
2
1
1
1
2
2
2
2
1
2
2
2
1
2
1
2
2
1
2
2
2
2
2
36064151784
1
1
1
2
2
2
2
2
2
2
2
2
2
2
2
2
2
2
1
1
1
2
2
2
2
2
1
2
1
2
2
2
2
53339721087
2
2
2
1
2
2
2
1
2
2
1
1
2
2
2
2
2
2
1
2
2
2
1
2
1
2
2
2
1
2
2
2
2
2
2
2
1
2
2
1
2
2
2
2
2
2
2
1
2
2
2
2
1
1
2
2
2
2
1
2
2
2
2
2
2
2
1
1
2
2
1
1
2
1
1
2
2
2
2
1
2
2
2
2
2
2
2
1
2
1
2
2
2
2
2
2
2
1
2
2
2
2
2
2
1
2
1
1
1
2
2
2
2
2
1
2
2
1
2
1
2
1
2
1
1
2
2
1
2
1
2
2
2
2
2
2
2
1
1
1
2
2
2
2
2
1
2
1
2
2
2
2
1
2
2
2
1
2
2
2
2
1
2184612877
2
1
2
2
2
2
2
1
2
2
2
2
2
2
2
2
1
2
2
2
2
1
2
2
2
2
2
1
2
1
2
2
1
2
2
2
2
1
2
2
2
1
1
2
2
1
2
2
2
2
2
2
2
2
2
2
1
2
2
2
2
2
2
1
2
1
2
2
2
2
2
2
1
2
1
1
1
2
94231793239
2
1
1
1
2
2
2
1
2
2
1
2
2
1
1
1
2
2
2
1
2
2
1
2
2
1
2
2
2
2
1
2
2
1
2
2
2
1
2
2
1
2
2
2
1
2
1
1
2
2
2
2
2
2
1
1
1
2
2
2
1
2
2
2
2
2
2
1
2
2
2
2
2
2
1
2
2
1
2
1
1
2
1
1
2
2
2
2
2
2
2
2
2
2
2
2
2
2
2
2
2
2
1
2
2
2
2
2
2
2
2
2
1
2
2
2
1
2
2
1
1
2
15898424318
1
2
2
2
2
2
2
1
2
38599939491
18756691900
2
1
1
2
2
1
1
2
2
1
61730013065
2
1
2
1
2
2
2
2
2
2
2
1
2
2
2
1
2
2
1
2
1
2
2
2
2
2
1
2
2
1
1
1
2
2
2
1
2
2
34499550423
1
2
27032709987
2
1
1
2
2
2
2
2
2
2
2
2
1
1
2
1
1
2
1
2
2
2
2
1
2
2
2
1
2
2
2
1
2
2
2
2
2
2
2
1
2
1
1
1
2
2
1
1
2
2
2
28020565496
2
1
1
2
2
2
1
2
2
1
2
2
2
2
1
2
2
2
1
2
2
2
1
1
2
2
1
1
2
2
1
1
2
2
1
2
1
2
2
2
2
54506428650
1
2
2
2
2
2
2
2
2
2
2
2
2
2
2
2
2
40763679551
2
1
56918525902
2
1
1
2
2
1
1
1
2
1
2
2
2
2
2
1
2
2
2
2
2
2
2
2
2
2
2
2
2
1
2
2
1
2
44028657135
2
2
2
2
2
2
2
1
1
2
2
2
1
1
2
2
57096062626
2
2
2
1
2
1
2
2
2
2
2
2
2
2
1
2
1
2
2
2
2
2
1
2
1
1
2
2
1
2
2
2
2
2
2
2
36704434584
2
2
2
2
2
2
1
2
2
1
2
2
2
1
2
2
1
2
2
2
2
2
2
2
2
1
1
2
2
92049479304
2
2
2
1
2
1
2
1
2
2
1
1
1
2
2
2
2
2
2
2
2
2
2
1
2
1
2
2
1
1
2
2
2
2
1
2
2
2
2
2
2
2
2
2
2
1
1
2
2
2
2
2
2
2
1
2
2
2
2
2
1
2
2
1
1
2
2
2
1
1
2
1
2
2
2
1
2
2
2
2
1
2
2
2
2
2
1
2
2
1
2
2
2
2
2
2
2
1
2
2
1
2
2
2
2
2
2
2
2
2
1
2
2
2
1
2
2
1
2
2
2
2
1
1
2
2
2
1
2
2
2
2
2
2
2
2
2
2
2
2
2
2
1
1
2
12603718734
2
1
2
2
2
1
2
2
2
1
1
1
2
2
63470344679
1
2
2
1
2
2
1
2
2
1
2
2
1
2
1
2
2
2
2
1
2
2
2
1
2
2
1
1
2
2
2
2
2
2
2
2
2
2
2
2
1
2
2
66990838892
1
2
2
2
2
2
2
1
2
1
2
2
2
2
2
2
2
1
2
1
1
2
2
2
1
2
2
2
2
2
2
1
2
2
1
2
2
1
2
2
1
1
1
2
1
2
2
1
2
2
2
2
2
2
2
2
2
2
2
2
2
2
2
2
1
2
2
1
2
2
2
2
1
2
2
1
2
1
2
2
2
1
1
1
2
2
1
2
2
2
2
1
38964918210
2
2
1
1
2
2
2
2
1
1
2
1
2
1
2
1
2
2
2
2
1
2
2
1
2
1
1
2
2
2
2
2
2
2
2
2
2
2
1
2
2
2
1
2
2
2
2
2
2
2
2
2
2
1
2
46577929407
2
1
2
1
1
2
2
21305993965
2
2
76904840811
2
2
2
2
1
2
2
2
1
2
2
2
2
1
1
2
2
1
2
1
2
1
20365376859
1
1
1
2
2
1
1
2
1
2
2
2
2
2
2
2
2
2
2
2
2
2
2
2
2
2
1
18443460257
1
1
1
2
2
2
2
2
2
2
2
2
2
2
1
2
2
2
2
2
2
2
2
2
2
2
2
2
1
2
2
2
2
2
2
2
1
2
1
2
1
1
2
2
2
1
1
2
2
2
2
24827237163
2
99035978667
2
2
2
1
2
2
2
2
1
2
1
2
2
2
2
1
1
2
2
1
2
1
1
2
2
2
2
2
2
2
1
2
2
2
2
78110540599
2
2
1
1
1
2
1
1
2
1
2
1
2
2
2
2
2
1
2
1
2
2
1
2
2
2
2
2
2
1
2
2
2
2
2
2
2
1
2
2
1
2
2
1
2
2
2
2
2
2
2
2
1
2
2
2
2
1
2
2
2
1
1
2
2
2
2
2
1
2
1
2
1
2
1
2
1
2
2
1
2
2
2
2
2
2
2
2
2
1
2
1
2
2
2
2
2
1
2
17507962641
1
1
2
1
2
1
1
2
2
2
1
2
2
2
1
2
2
2
1
2
2
2
2
2
2
1
1
2
1
2
2
2
59151527786
2
2
2
1
1
2
2
1
2
1
2
1
2
1
2
1
2
2
2
1
1
2
1
2
1
2
2
2
2
2
2
33271084125
2
2
2
1
2
2
2
1
2
1
2
1
2
2
2
2
2
2
2
2
2
2
2
2
2
2
2
2
2
2
1
2
1
2
2
1
2
1
2
1
2
1
1
2
2
1
2
71705446254
2
2
2
1
2
2
2
2
1
2
2
2
2
2
2
2
1
2
2
1
2
2
1
1
2
1
2
2
54070835148
2
1
2
1
1
2
2
2
2
2
2
2
2
2
2
2
2
2
2
2
1
1
2
1
2
2
1
2
1
2
2
1
2
1
1
1
1
2
2
2
2
2
2
2
2
2
2
2
2
2
2
2
1
2
1
2
2
52446037783
1
1
2
2
1
1
2
1
2
1
2
2
2
2
2
32433099450
2
1
2
1
1
1
2
2
2
2
2
2
2
2
2
2
2
2
1
2
2
2
1
2
2
1
2
1
2
1
2
1
1
1
2
1
1
1
1
2
2
2
2
1
2
1
2
2
2
1
2
1
1
1
2
1
2
1
1
2
2
1
1
2
2
2
2
2
2
2
2
2
2
1
1
2
1
2
1
1
2
1
2
2
2
1
2
2
2
1
2
1
1
2
2
2
55838983966
2
2
80027696335
1
2
2
1
1
2
2
2
2
2
2
2
2
2
1
2
2
2
2
2
1
2
1
2
2
1
1
2
2
2
2
1
2
2
87163316889
2
1
2
2
1
1
1
1
2
1
2
1
1
1
2
2
2
2
2
2
2
2
1
2
2
2
2
1
2
2
2
2
2
2
2
1
1
2
2
2
1
2
2
1
2
1
2
2
2
2
2
2
69064605857
2
1
2
2
2
1
1
2
2
2
2
2
2
2
2
1
2
1
2
2
1
2
1
2
2
2
1
2
1
2
2
1
2
2
2
2
1
2
2
2
1
2
2
2
1
2
2
2
2
2
1
2
1
2
2
1
2
2
1
2
1
1
2
1
2
2
2
2
2
1
2
2
2
2
2
2
1
2
1
2
2
1
2
2
2
1
2
1
2
1
2
2
1
1
1
2
2
1
2
1
1
2
1
2
2
2
2
2
2
2
2
2
2
2
1
2
2
2
2
2
2
2
1
2
2
2
2
2
2
2
1
2
2
2
2
2
1
2
2
2
2
2
2
1
1
2
1
2
2
2
2
2
1
2
1
2
2
2
2
2
1
2
2
2
2
2
2
1
2
2
2
1
2
1
2
1
2
1
2
2
2
2
2
1
1
2
2
2
2
2
2
2
2
2
2
2
1
2
2
1
1
2
2
2
2
1
1
1
2
2
1
2
1
1
2
2
2
2
2
2
2
2
1
2
1
1
2
1
2
2
2
1
2
2
2
1
2
1
1
2
2
1
2
1
2
2
2
2
2
1
2
2
2
2
1
2
1
2
2
2
2
1
2
1
82258328171
2
1
1
2
1
1
2
2
2
2
1
1
1
2
2
2
2
2
1
2
2
1
2
1
2
2
2
2
2
2
1
2
1
2
2
2
1
1
2
2
2
2
2
2
2
2
2
1
2
2
41188100949
2
2
2
1
1
2
2
1
45675460466
1
2
2
2
1
1
2
1
2
2
2
2
2
2
2
1
2
2
2
2
2
2
1
1
2
2
2
2
2
1
2
2
2
1
2
1
2
2
2
2
2
2
2
2
2
2
2
1
2
2
2
2
1
2
2
2
2
2
2
1
1
2
2
2
2
1
2
2
1
1
2
1
2
2
2
2
2
1
2
2
1
1
2
1
2
2
2
2
2
2
2
2
2
1
2
2
2
2
2
2
2
2
1
2
2
2
2
2
2
2
2
1
1
1
2
2
2
1
2
1
1
2
2
2
2
2
2
1
1
2
2
2
2
2
1
1
2
1
1
1
2
1744181983
1
2
2
2
2
2
2
2
1
2
1
2
1
1
2
2
2
1
1
2
2
1
2
1
2
2
1
2
23108289710
2
2
1
1
1
1
2
1
2
1
2
2
2
2
1
1
2
2
2
2
1
2
1
2
2
2
2
1
2
2
2
2
2
2
2
2
2
2
38662081687
2
2
2
2
2
2
2
1
2
2
1
2
2
2
2
1
1
2
2
1
2
2
2
2
1
2
2
2
2
2
2
1
1
2
1
2
1
1
2
1
2
2
1
1
1
2
2
1
1
1
2
2
2
2
2
59629648371
1
1
2
2
2
2
1
2
2
2
1
2
2
1
2
2
2
2
2
1
1
2
1
1
2
2
1
2
2
2
2
2
2
2
2
2
1
2
2
1
1
2
2
2
2
2
1
2
1
1
2
2
2
2
1
2
1
1
2
2
2
2
2
44730698171
2
2
2
2
1
2
2
2
1
1
2
2
2
2
2
2
2
1
2
2
2
1
2
1
1
2
2
2
1
1
2
1
2
2
1
2
2
2
2
1
1
2
1
2
2
2
2
2
98328889884
2
2
1
2
1
2
2
2
2
2
1
2
1
2
68933136815
1
2345131878
2
1
2
2
2
2
1
2
2
1
1
2
2
2
1
2
2
2
2
1
2
2
2
85178202294
2
2
1
2
2
2
1
2
2
2
1
2
2
2
2
2
1
2
2
93610773118
2
2
1
2
2
2
2
1
1
2
2
2
2
1
2
2
1
2
2
2
1
2
2
2
2
1
2
2
1
1
2
2
2
2
2
2
1
2
2
2
2
2
1
2
2
2
2
2
1964516298
1
2
45410154849
2
1
2
2
2
1
2
1
2
1
2
2
1
2
52776027468
2
2
2
2
1
2
2
2
2
1
2
1
1
1
2
2
1
2
2
1
2
1
2
1
1
2
2
2
2
2
2
2
2
1
2
2
2
2
1
2
29008828142
1
2
2
2
2
2
1
2
2
1
2
2
1
2
2
57917526813
2
2
2
2
2
1
1
2
2
1
2
2
2
2
2
1
1
2
2
1
2
2
2
2
2
2
2
1
1
62161318993
2
2
2
1
2
2
1
2
2
25200428819
2
2
2
2
2
2
2
1
2
2
1
2
1
2
2
2
2
2
2
2
2
2
1
60851457708
2
2
2
2
1
2
2
2
2
2
2
2
2
2
2
2
1
2
2
2
2
1
2
2
1
2
2
2
2
2
1
2
1
2
2
1
2
2
2
1
1
2
2
2
1
2
1
2
77814766009
1
1
2
1
2
1
2
2
2
2
2
1
2
83796549120
2
2
1
2
2
2
1
2
2
2
2
2
2
1
2
2
1
1
1
2
2
2
1
1
1
2
1
2
1
2
1
1
2
2
2
1
1
2
2
1
2
2
2
1
2
2
2
2
2
57902749959
1
2
1
1
2
2
2
1
2
2
1
2
1
1
2
2
1
1
1
2
2
2
1
2
2
2
2
2
2
2
2
1
23182962826
1
2
1
2
2
2
1
2
1
1
2
2
2
2
1
2
2
1
2
1
2
2
2
2
1
1
1
1
2
2
1
2
2
1
1
1
2
1
2
2
1
2
2
2
1
2
2
2
1
2
2
2
2
2
2
2
2
1
1
1
2
2
2
2
2
1
2
2
2
69926496944
2
1
2
1
2
1
2
7110183322
1
1
1
2
1
2
2
2
1
1
1
1
2
2
2
1
1
1
1
2
1
1
2
1
1
2
2
2
2
1
2
2
2
2
2
2
2
1
2
58320385638
2
2
2
2
2
2
2
1
1
2
1
2
1
2
2
1
2
2
1
65458455765
1
2
2
1
2
2
1
2
2
2
2
2
2
2
2
2
1
2
2
2
2
2
1
1
2
2
2
2
1
2
2
2
2
1
2
2
2
2
2
1
2
2
2
2
2
2
2
2
85102754746
2
2
2
2
1
2
2
1
2
1
2
1
2
2
2
2
2
1
1
2
2
2
2
2
2
2
2
2
2
1
2
1
2
2
2
73695424302
2
2
1
2
1
2
2
2
2
2
2
1
1
2
2
2
2
2
2
2
2
22273230775
1
2
2
2
2
2
2
2
1
2
1
2
2
1
2
2
1
2
2
40730586221
2
1
2
2
1
1
2
21036337777
1
2
2
2
2
2
2
86487099738
2
1
1
1
1
2
2
1
2
2
2
2
2
2
1
2
2
2
2
1
2
1
2
1
1
2
2
2
1
2
2
1
2
2
2
2
1
2
2
2
2
2
2
1
2
2
2
2
2
2
2
2
2
2
2
2
1
2
2
2
2
2
1
2
2
1
2
2
2
2
1
2
2
2
1
1
2
1
2
1
1
2
1
2
2
2
2
2
2
1
1
2
2
2
2
1
1
1
2
1
2
2
2
2
2
1
2
2
2
2
2
2
2
2
55727870080
2
2
2
6202134579
2
1
2
1
2
10379291344
2
2
2
2
1
2
2
2
2
1
2
2
2
1
1
2
2
2
1
2
2
2
2
2
2
1
2
1
2
2
2
2
2
2
1
2
2
2
1
2
2
1
1
1
2
1
1
2
2
1
2
2
2
2
2
2
2
2
1
2
1
1
1
1
1
2
2
2
2
2
2
2
1
1
2
2
1
2
2
2
2
2
2
2
1
2
2
2
2
2
2
1
2
2
1
2
2
1
1
2
2
2
2
87077889050
2
2
2
2
1
2
2
1
2
2
2
2
1
1
2
2
2
2
2
2
2
2
1
1
2
1
1
2
2
1
2
2
2
2
2
2
1
2
2
2
2
2
2
2
2
2
1
1
2
1
2
1
2
2
2
2
2
1
1
2
2
2
2
2
2
2
2
2
2
2
2
2
2
2
1
1
1
1
2
2
2
1
2
1
2
2
2
1
2
2
2
1
2
2
2
2
2
2
1
1
1
1
2
2
2
2
1
2
2
2
2
2
2
2
2
2
1
2
2
2
2
2
2
2
2
2
1
1
2
2
2
2
1
2
1
1
2
1
1
2
2
2
2
2
1
2
2
1
2
2
2
1
2
1
2
2
2
2
2
1
2
1
2
2
2
2
1
2
2
2
2
1
2
1
2
2
2
2
2
2
2
1
2
1
2
2
1
14196228150
1
1
2
23450612014
1
2
1
2
1
2
2
2
2
1
1
1
2
1
2
2
2
2
2
1
2
2
2
2
2
2
2
2
2
2
2
2
1
1
1
2
2
1
1
1
2
2
2
2
1
2
2
2
2
2
2
2
2
1
2
2
2
2
2
2
2
1
2
1
2
2
2
2
2
2
2
2
2
2
2
2
2
2
1
2
2
2
2
2
1
1
2
1
2
1
2
2
2
1
46727152937
2
2
2
2
1
2
1
2
2
2
2
2
1
2
1
1
1
2
2
2
1
1
2
1
2
2
1
1
2
2
2
2
2
2
2
2
2
2
2
2
2
1
1
2
2
2
2
2
1
2
1
1
2
1
2
1
2
1
2
2
2
2
2
1
2
2
1
2
2
2
2
1
2
2
2
2
2
1
1
2
1
2
2
2
2
1
2
2
2
1
2
1
2
2
2
2
2
2
2
2
2
2
2
2
2
2
2
2
2
1
1
2
2
2
2
2
2
1
2
2
2
2
2
2
2
2
2
2
2
2
2
2
1
2
1
2
1
2
2
2
2
2
2
2
1
2
2
1
2
1
2
1
1
1
2
2
1
2
2
2
2
2
1
2
96270111068
2
1
1
2
1
2
2
2
2
1
2
2
2
2
2
2
2
2
1
1
2
1
2
1
1
1
2
2
2
2
2
2
2
2
1
2
2
2
2
1
2
2
1
2
2
1
2
1
2
2
2
1
2
1
2
1
1
1
1
2
1
2
2
2
2
2
2
2
1
2
1
2
1
2
1
2
2
2
2
2
2
1
2
1
14242489489
2
1
2
1
19197663624
2
1
2
1
2
1
2
2
1
1
2
2
1
1
1
2
2
2
2
1
2
2
2
2
1
2
2
2
2
2
2
2
2
2
2
2
2
2
2
2
2
2
2
2
2
1
2
1
1
2
2
2
2
2
2
2
2
97592264246
1
2
2
2
2
1
1
2
1
43572883254
2
1
1
1
1
1
2
2
2
1
2
1
1
1
2
2
2
2
1
2
2
1
2
2
2
1
2
1
1
1
2
1
1
2
1
2
2
2
2
1
1
1
2
2
2
77693930553
2
2
1
2
2
1
1
73035055984
79063423907
2
2
1
1
2
1
1
2
2
2
1
2
2
53442747054
1
2
1
2
2
1
2
2
2
2
2
2
2
2
1
1
2
2
2
2
2
1
2
2
1
1
1
2
2
2
2
1
2
2
2
2
2
2
2
1
1
1
2
2
1
2
2
2
2
1
2
2
1
2
1
2
1
2
2
1
2
2
2
2
1
2
1
1
2
1
2
2
2
2
2
2
1
2
1
2
2
1
2
2
1
2
1
2
2
2
2
2
2
2
2
1
2
1
2
2
2
2
1
2
1
2
2
2
2
1
2
1
1
1
2
2
2
1
1
1
1
2
2
2
2
2
2
1
2
2
1
2
1
2
2
2
2
2
2
2
2
2
2
2
2
1
2
2
2
2
1
2
2
2
2
1
2
1
2
2
2
1
2
2
2
2
2
1
2
1
1
2
1
2
2
2
2
2
2
2
2
2
2
1
1
2
1
1
2
2
1
2
2
1
1
1
2
2
1
1
2
2
2
2
2
2
1
2
20424583321
2
2
2
2
2
2
2
1
1
2
2
1
2
2
2
1
2
1
2
1
1
1
2
2
1
2
2
1
2
1
1
2
1
2
2
2
2
2
2
2
1
2
2
2
2
2
2
25861957769
2
1
49463489076
2
2
2
2
2
2
2
1
1
2
1
2
2
1
2
2
2
2
2
2
2
2
1
2
1
2
1
2
2
2
2
1
1
88600062490
2
2
2
1
2
12794454279
1
2
2
1
2
1
2
2
2
2
1
2
2
2
2
1
2
2
11218586518
2
2
2
2
1
1
2
2
2
1
2
2
2
9834672175
2
2
22906945076
1
2
2
2
2
2
1
2
2
2
2
1
1
2
1
2
1
2
2
1
2
1
2
1
2
2
2
2
2
2
2
2
2
2
2
2
1
1
2
2
2
2
2
1
1
2
2
2
2
2
2
2
1
2
2
1
2
1
1
2
2
2
1
2
2
2
2
2
2
2
2
1
1
2
2
2
2
2
2
1
2
1
1
2
2
2
2
1
2
1
2
2
2
1
2
1
2
1
2
2
2
2
2
2
2
1
1
2
1
1
2
2
1
2
2
2
1
2
2
2
1
2
2
2
2
2
2
2
2
2
2
2
28115960258
2
2
2
2
1
2
1
2
2
2
2
1
2
2
2
2
2
1
1
1
2
94516417335
2
1
2
2
1
2
2
2
2
2
2
2
1
2
1
2
2
80144584725
1
1
2
2
2
2
1
1
1
2
2
2
2
1
1
2
1
2
2
2
2
2
2
1
2
2
2
1
2
2
1
2
2
2
2
1
2
2
1
1
2
2
2
2
1
2
2
2
2
2
2
1
2
2
2
2
2
2
2
2
1
1
2
2
2
2
2
2
2
1
2
2
2
2
2
1
2
2
2
2
2
2
1
2
2
2
2
1
1
1
56508260860
2
2
2
2
1
2
2
2
2
2
2
1
1
2
1
1
2
2
2
2
2
2
2
2
2
2
1
2
1
2
2
2
2
1
2
2
1
1
1
2
2
2
2
2
1
2
2
2
2
2
2
2
1
2
2
2
1
1
2
2
2
1
2
2
1
2
2
1
2
2
1
2
2
1
1
2
2
2
2
2
2
2
1
2
2
2
2
1
59557306904
2
1
1
2
1
2
2
2
2
2
1
2
2
2
2
2
1
1
1
2
2
2
1
2
1
2
2
2
2
2
2
1
2
2
2
1
2
2
2
2
41138010787
2
2
2
1
2
2
2
2
2
2
2
2
2
2
2
2
1
2
2
2
1
1
2
1
1
2
2
2
2
2
2
2
2
2
2
2
2
2
1
2
2
2
2
1
1
52897961061
2
2
2
2
1
1
2
1
2
1
2
2
2
2
2
2
2
1
2
2
1
2
2
2
2
2
1
1
2
2
2
1
2
2
2
2
2
1
2
2
1
1
2
2
2
2
2
2
2
2
2
2
1
2
2
2
1
2
2
2
2
69213816704
2
2
1
1
1
1
2
2
1
2
2
2
2
2
1
1
2
1
2
2
2
2
2
1
2
45613596307
1
1
2
12306290524
2
2
1
2
1
2
2
2
1
2
1
2
2
98745624924
2
2
2
2
2
2
2
1
2
2
2
2
40069501579
1
2
2
2
1
1
2
2
2
1
2
1
2
1
1
2
1
1
1
2
2
2
49331346936
2
2
2
2
1
2
2
2
2
2
2
1
1
1
2
2
2
2
2
2
2
2
2
2
1
2
2
2
2
2
80239701868
87161150815
1
2
2
1
2
2
1
1
1
1
2
2
2
2
2
1
2
2
2
1
1
58839925498
2
2
2
2
2
2
1
2
2
2
1
1
2
1
2
2
2
1
2
2
1
1
2
2
1
2
2
2
2
1
2
1
2
1
2
2
2
2
1
1
1
2
2
1
2
2
2
2
2
2
1
1
2
2
1
1
1
2
1
1
2
2
2
2
2
2
2
1
2
2
1
2
2
2
2
1
2
2
2
2
2
2
1
2
2
2
2
2
1
2
2
2
1
2
2
2
2
2
2
2
2
1
2
1
2
2
1
2
2
2
2
2
2
2
1
2
2
2
2
2
1
2
1
2
1
2
81354140576
2
1
1
1
2
2
1
2
2
2
1
2
2
2
2
2
2
1
2
1
2
2
2
2
2
2
2
2
2
2
2
2
2
2
2
1
1
2
2
2
2
2
1
1
1
2
62601786516
2
2
1
2
2
2
7804992512
2
2
2
2
2
2
1
2
1
2
2
2
2
2
2
2
2
2
2
2
2
2
1
2
1
1
1
1
2
2
2
2
2
2
1
2
1
2
2
2
2
2
1
2
2
2
1
2
2
2
67761087758
2
1
2
1
1
2
7450367320
2
2
2
1
1
2
2
2
1
2
2
2
2
2
2
2
1
2
1
2
58462329369
5277075395
2
92370080024
2
1
2
2
2
2
2
2
2
1
1
1
2
2
2
1
2
1
2
2
2
2
2
1
2
2
2
2
1
2
2
1
1
2
2
2
2
2
9900378881
1
2
2
1
2
1
2
2
2
2
1
1
1
1
2
2
2
2
2
2
2
2
2
2
2
2
2
1
2
1
2
2
24634078033
2
2
2
1
1
2
1
2
2
2
1
1
2
1
2
2
2
2
2
2
2
2
7068944474
2
2
2
2
2
2
2
2
2
2
2
1
2
2
2
2
2
2
2
2
2
2
1
2
2
2
1
2
2
2
2
2
2
2
1
2
2
2
1
2
2
2
2
2
2
2
2
2
2
1
2
2
2
1
2
2
1
2
2
1
2
2
2
2
2
2
1
1
1
2
1
2
1
1
2
2
1
2
2
2
2
1
2
1
2421077723
2
2
2
2
2
1
2
2
2
2
2
2
1
1
2
2
2
2
2
1
1
2
2
2
2
2
1
2
2
1
21726843247
2
2
2
2
1
2
1
2
1
2
1
2
2
2
1
1
2
2
1
2
2
2
2
1
2
1
2
2
2
2
1
2
2
1
2
2
1
2
2
2
2
2
2
2
2
1
2
2
2
2
66659877031
2
2
2
1
2
2
2
2
2
2
1
1
2
2
2
2
2
2
2
2
2
2
2
2
2
2
2
2
1
1
2
2
2
1
2
2
2
2
2
2
1
1
2
1
2
1
2
2
2
2
2
2
1
1
1
1
2
2
1
1
1
2
2
2
1
2
1
1
1
2
2
2
2
2
2
2
2
2
1
2
1
2
2
2
2
2
2
2
2
2
2
2
1
2
2
2
1
2
1
2
1
2
2
2
2
2
1
2
2
2
2
2
2
2
1
2
2
2
2
1
2
1
2
2
2
1
2
1
78553293368
2
2
2
2
2
2
1
2
1
2
2
2
2
2
2
2
2
2
2
1
55817604452
2
2
2
1
2
2
1
2
2
1
1
2
2
2
2
2
2
80046676547
2
2
2
2
2
2
2
1
2
2
2
2
2
2
2
2
2
2
2
2
2
2
2
2
2
2
1
2
1
1
2
2
2
2
1
75612909165
2
2
2
2
2
2
1
2
2
2
2
2
1
1
2
2
1
1
2
1
2
2
2
1
1
1
2
2
2
2
2
2
2
1
2
2
2
1
2
2
2
1
2
2
2
2
1
2
2
2
1
1
1
2
1
2
2
2
2
2
1
1
1
2
2
2
2
1
2
2
20501848261
2
2
2
1
2
2
2
1
2
1
1
1
2
2
2
2
2
1
2
84668530932
2
2
2
2
1
1
2
2
1
1
2
2
2
2
2
2
2
1
2
1
2
2
1
2
2
2
2
2
2
2
2
2
2
2
1
2
1
2
2
1
2
2
2
2
2
1
2
2
2
1
2
2
2
2
1
2
2
1
2
2
1
2
2
2
1
2
2
2
2
1
1
1
2
2
1
1
1
2
2
2
2
2
2
2
2
1
2
1
1
2
2
2
2
1
1
2
2
1
1
2
2
2
2
2
2
2
1
2
2
2
2
2
2
2
2
2
2
2
2
2
2
1
2
2
2
2
2
1
1
2
2
1
1
2
2
1
1
2
1
2
2
2
1
2
1
2
2
2
2
2
1
1
1
1
2
2
2
2
2
2
2
2
1
2
2
2
2
1
2
2
1
2
2
2
2
2
1
1
2
2
2
1
2
2
2
2
1
2
1
2
2
2
1
1
2
2
2
2
8515193485
2
2
2
2
1
2
2
2
80720735271
2
1
2
2
1
2
2
1
2
2
2
1
2
2
2
2
2
1
2
2
2
2
2
2
2
1
2
1
2
2
2
2
1
2
2
2
26278528316
2
1
1
2
2
1
2
2
1
2
1
1
2
2
1
1
2
2
2
2
2
2
2
2
2
2
1
2
2
2
2
1
2
2
1
1
1
2
2
45865415102
2
2
1
78004129811
2
2
1
2
2
2
2
1
2
2
2
2
2
2
2
2
1
2
2
1
1
1
1
2
2
2
1
2
2
2
2
2
1
2
2
1
2
2
2
2
2
2
2
1
2
2
1
2
1
2
1
1
2
1
1
1
2
1
1
2
2
2
2
2
2
2
2
1
2
2
2
2
2
2
2
1
2
2
2
1
2
2
2
2
2
2
1
1
2
2
2
1
2
2
2
2
1
2
1
2
2
2
2
2
1
2
2
2
2
1
2
1
1
1
2
2
2
2
2
2
2
1
2
2
2
2
2
2
2
2
2
1
1
2
1
2
2
2
2
1
2
2
2
2
2
2
2
1
2
2
2
2
2
2
2
2
2
2
2
2
2
1
2
2
1
2
2
2
2
1
2
2
2
2
41387839502
34680035932
2
2
2
2
29179566732
2
2
2
2
1
2
1
2
2
2
1
2
1
1
1
2
2
2
2
2
2
1
2
1
2
1
1
1
2
2
2
2
1
2
2
2
1
2
2
2
1
1
2
2
2
1
1
2
2
2
51594663011
2
2
2
2
1
2
2
2
2
2
2
2
2
1
2
2
2
2
2
1
2
1
2
2
2
2
2
2
2
1
1
2
2
2
2
2
1
1
1
1
2
1
1
2
1
1
2
2
2
2
2
1
1
2
2
2
2
1
2
2
2
1
2
1
2
1
2
2
1
2
1
2
2
2
2
2
2
1
2
1
2
2
2
2
2
2
2
1
2
2
2
2
2
2
2
2
1
2
2
2
2
2
2
2
2
2
2
1
2
1
2
2
2
2
2
2
2
2
1
2
1
2
2
1
1
1
2
2
2
2
1
2
2
2
2
1
2
1
1
2
2
2
2
1
2
2
2
2
2
2
2
2
2
2
2
2
1
2
2
57368565021
1
2
2
1
1
1
2
1
2
2
2
1
2
1
1
1
2
2
2
2
2
1
2
2
2
2
2
1
2
1
2
2
2
1
2
1
2
1
2
2
2
1
2
1
2
1
2
2
2
2
2
2
1
2
1
2
2
1
2
1
2
2
2
2
2
2
1
2
1
2
1
1
2
2
2
2
2
2
2
2
2
1
1
1
1
2
2
1
2
2
2
2
1
1
2
2
2
2
1
1
2
1
2
1
2
2
2
2
1
1
2
2
2
2
2
1
33275692513
2
2
1
2
2
2
1
2
2
92755730980
2
3900695896
1
2
2
2
1
2
2
2
1
1
2
2
2
2
2
2
2
1
2
2
2
1
1
1
1
1
2
2
1
2
2
2
2
2
2
2
1
2
2
1
1
2
2
2
2
2
2
2
2
1
2
1
2
2
2
2
2
2
2
2
2
1
1
2
2
2
2
2
1
2
2
1
1
2
1
2
2
2
2
2
2
2
1
1
2
2
2
2
2
2
2
2
2
2
2
2
2
2
1
1
2
2
2
1
2
1
2
2
2
2
2
2
2
1
1
2
2
2
2
2
2
2
2
1
1
2
1
2
2
1
2
2
2
2
2
1
2
2
2
64766270594
2
1
1
2
2
2
1
2
1
2
2
2
2
2
2
1
2
2
1
2
2
2
2
1
1
1
2
1
2
2
2
2
2
2
2385410096
2
2
2
2
1
1
1
2
1
2
2
2
2
2
2
2
2
1
2
2
2
2
2
2
1
2
1
2
1
1
2
2
2
2
2
2
2
2
1
2
2
2
1
2
2
2
1
1
2
2
2
1
1
2
1
1
2
2
2
1
2
1
1
1
2
2
76722453395
2
2
1
2
2
2
2
70830697697
2
2
2
1
1
2
2
2
1
2
2
2
2
1
2
2
2
2
2
2
2
2
2
2
2
2
2
1
2
2
2
1
2
2
2
1
2
2
2
1
1
1
2
2
2
2
2
2
2
2
2
2
1
1
2
2
2
2
32792259162
2
2
2
1
2
2
1
2
1
2
1
2
2
2
2
2
1
2
1
1
1
2
1
2
2
2
2
1
2
2
2
1
1
2
2
2
1
2
2
1
1
2
2
2
2
2
2
44032190343
2
1
2
2
2
2
2
2
2
1
2
2
2
2
1
2
61168401312
1
2
2
1
2
2
2
2
2
2
2
1
2
2
2
2
2
2
1
1
1
1
2
1
2
2
1
1
2
2
2
2
2
2
2
1
2
1
2
1
2
2
2
2
2
1
1
1
1
1
2
2
2
1
2
2
2
1
1
2
2
2
2
2
2
1
1
2
2
2
1
2
2
1
2
2
2
2
2
2
2
2
2
2
2
1
2
2
1
1
2
1
2
2
1
1
1
2
1
93743941690
2
2
2
2
1
2
84598304860
2
2
2
2
2
60467349559
2
1
2
2
1
2
2
2
2
2
2
2
1
2
2
2
1
2
2
2
1
1
2
1
2
2
2
2
2
2
2
2
2
1
1
2
2
2
1
2
2
2
2
2
2
2
2
2
2
1
2
2
2
2
2
1
2
2
1
2
2
2
2
2
1
1
2
2
2
1
2
2
2
1
2
2
1
2
2
2
2
2
2
2
2
2
1
2
2
1
2
2
2
1
2
2
2
2
1
2
1
1
1
1
2
2
2
2
2
2
2
2
2
2
2
1
2
2
2
1
2
2
2
2
2
2
1
2
1
2
1
2
1
2
2
1
2
2
2
2
2
1
2
2
2
2
1
2
2
2
2
2
2
2
1
2
1
2
1
2
2
1
2
2
1
2
2
2
2
1
2
2
1
2
2
2
2
2
2
2
2
2
2
2
2
1
2
2
2
2
1
2
2
2
2
2
2
2
2
2
2
1
1
1
2
2
2
1
1
2
2
2
2
1
2
2
2
1
2
2
2
2
2
2
2
2
2
2
2
2
2
1
2
2
2
2
2
2
2
2
2
1
2
2
2
1
2
2
2
2
2
2
2
2
2
2
2
2
2
2
1
2
2
2
2
1
1
1
2
1
2
2
2
2
2
1
2
2
2
2
2
2
2
2
63065017709
2
2
1
2
2
1
2
2
2
2
1
2
1
1
2
2
1
2
2
1
2
2
2
2
1
2
2
2
1
2
2
1
2
2
2
2
2
2
2
2
2
1
2
2
1
1
2
1
1
1
2
2
2
1
2
2
2
1
2
2
2
2
2
2
1
2
1
1
2
2
2
2
2
2
2
1
2
2
2
2
2
2
2
1
2
2
56728888854
2
2
2
2
2
2
1
1
2
2
2
2
1
2
2
2
1
26429325079
1
2
2
2
2
2
2
2
2
1
2
2
1
2
2
1
2
2
2
2
2
2
1
2
2
2
1
2
1
1
1
2
2
2
2
1
2
2
2
2
1
2
2
2
2
2
2
2
2
2
2
2
2
1
2
2
2
1
2
2
2
2
1
2
87335601429
2
1
71953678547
2
2
2
2
2
2
2
1
1
2
2
2
2
2
1
1
2
1
2
1
2
2
2
1
2
2
2
1
2
2
2
2
42976140549
2
1
2
2
1
2
2
2
1
2
2
1
2
2
2
2
2
1
1
2
2
2
2
2
2
2
2
2
1
1
2
2
1
1
2
2
2
1
2
2
2
56691903328
2
2
2
1
2
2
2
2
1
1
2
1
2
2
2
1
2
2
2
2
1
2
2
2
1
2
2
2
1
2
2
2
2
2
2
1
2
2
2
2
2
2
2
2
1
2
2
2
2
1
2
2
2
1
2
2
1
1
2
2
2
2
1
2
2
2
2
2
2
2
2
2
1
2
2
1
1
2
2
2
2
2
2
2
2
2
2
1
1
1
2
2
1
1
2
2
1
38133500611
2
1
2
2
1
1
2
2
1
2
2
2
2
1
1
1
1
2
2
2
1
1
1
2
2
2
1
1
2
2
1
2
2
1
2
1
2
1
1
2
1
2
2
2
1
2
2
2
2
1
2
2
2
32398910447
2
2
2
2
2
2
2
2
2
2
2
1
2
1
1
2
2
1
1
2
2
2
2
2
1
2
2
2
2
1
1
2
1
2
2
2
2
2
2
2
2
1
1
2
1
2
1
2
2
1
2
2
2
2
2
2
2
1
37441256685
2
2
1
2
2
2
1
71283106145
2
2
1
1
2
2
2
2
2
1
1
2
2
1
2
2
1
1
2
2
2
2
2
2
2
2
2
2
1
2
2
1
1
2
1
1
2
2
2
2
2
2
2
2
2
1
2
2
1
2
1
1
1
24408384316
2
1
2
2
2
2
1
2
2
1
2
2
2
2
2
1
2
2
1
1
2
2
2
1
2
2
2
2
1
2
2
2
2
46813233736
2
2
2
2
1
1
1
2
1
1
2
2
2
2
2
2
2
2
2
2
2
2
1
57799332340
1
2
2
2
2
1
2
2
2
2
1
2
1
2
2
2
2
2
1
2
1
1
1
2
2
2
1
2
2
2
2
1
2
1
2
2
1
2
2
2
2
1
1
2
2
2
1
2
2
2
2
2
2
2
2
2
2
2
2
1
2
2
2
2
1
2
2
1
2
2
2
1
2
2
2
1
1
1
1
2
2
2
2
2
2
2
2
2
1
1
1
2
2
2
2
2
2
2
2
2
2
2
1
2
1
2
2
2
2
2
2
2
1
2
2
51316689819
2
2
2
2
2
2
1
1
1
2
1
1
2
2
2
2
2
2
2
2
1
2
2
2
2
2
2
2
2
1
2
2
2
1
2
79723946635
1
2
1
2
2
2
2
1
1
2
17556784695
1
2
2
52193638518
2
2
2
2
2
2
2
2
2
1
2
2
2
2
2
2
2
2
2
2
1
2
1
1
2
2
2
2
1
1
2
2
1
2
2
2
1
2
2
2
83047579950
2
2
1
1
2
1
2
1
2
2
1
2
2
1
2
2
2
1
1
2
2
2
2
2
2
2
2
2
2
2
2
1
10835030690
2
1
2
2
1
2
1
2
2
2
2
2
2
2
2
2
2
2
2
2
2
2
1
2
1
1
1
2
2
2
2
1
2
2
16653657912
2
2
2
1
2
2
2
1
1
1
1
2
1
2
2
2
2
2
2
2
1
49619831383
2
2
2
2
1
1
2
1
1
2
2
1
2
1
1
2
2
2
2
2
1
1
2
1
2
2
2
2
1
2
2
2
2
2
1
2
2
2
2
1
2
2
1
2
87180241586
2
1
2
95966878935
2
2
2
1
2
2
1
1
2
1
2
2
1
1
5638829268
1
1
1
1
1
85398358700
2
1
2
2
2
2
2
2
2
1
2
2
1
1
2
1
2
2
2
2
2
2
2
1
2
1
2
1
2
2
2
38296731579
2
2
2
2
1
2
1
2
2
2
1
2
2
2
1
1
1
2
2
97322256441
1
2
2
2
2
2
2
2
2
2
2
2
2
2
1
2
2
2
1
51375182329
2
2
2
2
2
2
2
2
2
1
2
2
2
2
2
2
2
2
2
2
1
2
2
2
2
1
2
2
2
1
1
1
1
1
1
2
2
2
2
83033314647
2
1
1
2
2
2
2
1
1
1
2
2
2
1
1
2
2
2
2
1
2
1
2
2
2
1
1
1
2
2
2
1
2
2
2
2
2
2
2
2
2
2
2
2
2
2
1
2
2
2
1
1
1
2
1
2
1
2
1
2
2
2
1
1
2
1
2
2
2
2
2
2
2
2
2
2
1
2
2
2
2
1
1
52471403737
2
2
1
1
2
2
2
2
1
2
80009417
2
2
2
2
2
2
53586831784
2
2
2
2
1712802415
1
1
2
2
1
2
2
2
2
2
2
1
2
1
2
1
2
2
1
1
2
2
2
2
1
2
2
2
2
2
2
2
2
2
1
2
17679054129
2
2
1
2
1
2
1
2
1
2
2
2
2
2
1
2
2
2
1
2
2
1
1
2
2
2
2
1
1
2
2
2
2
2
1
2
2
2
2
2
2
1
2
2
2
2
1
2
2
2
2
2
1
2
2
2
2
2
2
2
2
2
1
2
2
2
1
1
1
2
1
1
2
2
2
2
2
2
2
2
8761586605
2
2
1
94243922557
2
2
2
2
2
2
2
1
2
2
2
1
2
1
1
2
2
1
1
2
2
2
1
1
2
2
2
1
2
2
2
2
2
2
1
2
1
1
1
2
1
2
2
2
2
2
1
2
1
1
2
1
1
2
2
1
2
2
1
2
2
1
2
2
2
2
2
1
2
1
2
2
1
2
2
2
2
2
2
1
1
2
69681747448
2
2
2
1
2
1
2
2
1
2
1
2
2
2
2
2
2
2
2
2
2
1
2
2
2
2
2
2
1
2
2
2
2
2
2
2
2
1
1
2
2
2
2
2
1
1
2
56549148048
2
19341701548
2
2
1
2
1
1
2
2
1
2
2
2
1
2
2
1
2
2425739389
1
2
2
1
2
2
2
2
68372378610
2
2
2
2
2
2
2
2
2
2
1
2
2
2
2
2
2
1
2
1
1
2
2
2
2
1
2
2
2
2
1
2
1
1
1
11231698160
2
1
1
2
2
1
2
2
2
2
2
1
2
1
1
1
1
1
2
2
2
2
1
2
2
2
2
2
2
2
1
1
2
2
1
2
2
2
2
2
2
2
1
2
2
2
2
2
2
2
2
2
2
2
2
2
2
2
41878497983
2
2
1
18206591480
1
1
2
2
1
2
2
1
2
1
2
2
2
2
2
2
2
2
2
2
2
2
2
2
1
2
2
2
2
2
1
2
2
2
2
2
2
2
73738062979
1
2
2
2
2
2
2
1
2
2
2
44740357469
2
2
2
2
2
2
2
2
1
2
2
2
2
1
2
2
2
2
1
2
2
1
2
2
2
2
1
2
2
2
2
2
1
2
2
2
2
2
1
2
2
2
2
2
2
2
2
2
37784894246
1
87844150138
2
2
1
2
1
1
2
2
2
2
1
31131484692
1
2
2
2
1
1
2
2
2
2
2
1
2
1
2
1
2
2
2
1
2
2
2
2
2
1
2
2
2
1
2
1
2
2
2
2
1
1
2
2
2
1
1
2
2
2
1
27572084800
2
2
67745453748
2
2
2
2
2
2
1
2
1
2
2
2
2
2
2
2
2
2
2
2
1
2
32619305097
2
2
1
2
1
1
2
2
2
2
2
1
2
2
2
2
2
2
2
2
1
1
1
2
2
2
1
2
2
2
2
2
2
2
2
2
2
2
2
1
2
2
2
1
1
2
2
2
1
2
2
2
2
2
2
2
2
2
1
2
2
2
2
2
2
2
2
2
1
1
2
1
2
2
2
1
1
1
2
1
2
1
2
2
2
2
1
2
2
2
2
2
2
1
2
1
2
2
2
1
2
2
1
2
2
1
2
2
1
2
1
2
2
1
2
2
1
2
2
2
2
2
2
2
2
2
2
2
1
2
2
2
2
2
5407663764
2
2
1
2
2
1
1
1
2
1
2
1
2
2
1
2
21782235581
2
2
1
2
2
2
2
2
1
2
1
2
1
1
2
2
2
2
2
2
1
1
1
2
1
1
2
2
2
1
1
2
1
1
1
2
18889799636
2
1
2
2
2
2
2
1
2
1
2
2
2
2
2
2
2
2
1
2
2
2
2
2
2
2
1
2
2
2
2
2
2
1
2
2
2
2
2
1
33590647352
1
2
2
2
2
2
2
1
2
2
2
2
2
2
2
1
2
2
2
2
2
2
2
2
2
2
1
2
1
2
2
1
2
2
1
2
2
2
2
1
1
2
2
2
1
2
2
5917798683
2
2
2
1
2
2
2
2
2
2
1
2
2
2
2
2
2
1
2
2
1
2
1
2
2
2
1
1
57614804982
2
23430948281
2
2
2
2
2
2
2
2
1
2
2
1
1
2
2
2
2
1
2
1
1
1
2
2
2
2
2
2
2
2
1
2
2
1
2
2
2
2
2
1
1
2
2
1
2
2
1
2
2
1
2
2
2
2
2
2
1
2
2
2
1
1
2
2
1
2
1
2
1
43343813798
2
2
1
2
2
1
2
2
2
2
2
2
2
2
2
2
1
2
2
2
2
2
1
1
1
2
2
2
1
1
2
2
1
2
1
2
2
1
2
1
1
1
2
2
2
2
2
2
1
1
1
2
2
2
2
34740935783
2
2
1
2
1
2
2
2
2
2
2
1
2
1
2
2
1
2
2
1
2
1
2
2
2
2
2
2
1
1
2
1
1
1
2
1
1
2
2
1
2
1
2
97608953159
44584306248
1
1
1
2
2
1
1
1
2
2
2
2
2
1
1
2
2
2
2
2
1
1
2
2
2
2
2
1
1
1
2
1
2
2
1
2
2
1
2
2
2
2
1
2
2
2
2
1
2
2
30813137670
2
2
2
2
2
1
94694056107
2
2
2
1
1
2
2
2
2
2
1
1
1
1
2
2
2
2
2
1
2
1
2
2
2
1
1
1
2
1
2
1
2
2
2
1
2
2
1
2
2
1
2
2
1
2
2
2
1
2
1
2
2
2
2
2
2
1
2
1
2
2
51883366297
2
2
2
2
1
1
2
1
2
2
1
2
2
2
1
2
2
2
2
2
2
2
2
2
2
1
2
1
2
2
2
2
2
1
2
2
2
12740308098
2
1
2
1
2
2
2
2
2
2
2
1
1
1
2
2
1
2
2
2
2
2
2
2
2
2
2
2
2
2
2
2
2
2
2
2
2
1
2
2
2
2
2
2
2
2
1
1
2
1
2
2
1
2
1
1
2
1
2
2
1
2
1
2
2
1
1
2
2
2
2
2
2
2
2
2
2
1
2
2
1
2
1
43793597850
2
2
2
1
2
2
2
2
2
2
1
2
2
2
2
2
2
2
1
1
2
1
2
2
1
2
2
2
2
2
1
2
2
2
2
2
2
1
2
2
2
2
2
1
2
68343033273
2
2
2
2
2
1
2
1
2
2
2
2
2
58711864903
2
2
2
2
2
2
2
2
2
2
2
1
1
2
1
2
2
1
1
2
17483250210
1
2
2
2
2
2
2
2
2
2
66359033666
2
2
2
1
2
2
2
2
2
2
2
2
2
1
2
2
2
2
2
1
1
1
2
2
1
2
2
2
2
2
2
1
2
1
2
1
1
2
2
1
2
2
2
2
2
1
2
1
2
2
2
2
2
1
2
2
1
2
1
1
1
2
2
1
2
2
2
2
2
2
1
1
2
2
2
2
1
1
2
2
2
2
1
2
2
2
1
1
1
2
1
1
2
1
2
2
2
2
2
2
2
2
1
2
2
2
2
2
1
1
2
2
2
1
2
1
1
1
2
2
2
2
2
2
2
2
2
2
2
2
2
2
2
2
2
2
2
1
2
1
2
2
1
2
2
1
1
1
2
2
2
2
1
1
1
2
1
2
2
2
2
2
1
2
1
2
2
1
2
1
2
2
2
2
2
2
2
1
2
2
1
2
1
2
2
2
2
2
1
2
1
2
2
1
1
2
2
2
2
2
2
1
2
1
2
2
19422199824
2
2
10836633220
2
2
2
2
2
2
1
1
2
2
2
2
2
1
2
2
1
1
2
2
2
2
2
1
2
2
2
2
2
2
2
2
2
2
2
1
1
2
2
2
2
2
1
2
2
2
2
1
2
2
1
2
1
2
2
2
1
2
2
1
2
1
2
2
2
2
1
2
1
2
9788603202
2
2
2
2
1
2
2
1
2
2
2
2
2
2
2
2
2
2
1
2
1
2
1
1
2
1
1
2
2
2
1
2
2
1
2
2
2
2
2
1
2
2
2
87409089860
2
2
2
2
2
2
2
1
2
2
1
1
1
2
2
2
2
2
1
2
2
2
2
2
2
2
1
1
2
1
2
2
1
2
1
2
1
2
1
2
2
2
1
2
1
1
2
2
2
2
2
1
2
2
2
2
2
1
2
2
1
1
2
2
2
2
2
2
2
2
2
2
2
2
2
1
2
1
2
1
2
2
2
2
2
2
1
2
1
2
2
2
1
1
1
2
2
2
2
1
1
2
2
1
1
1
2
2
2
2
2
2
2
1
2
1
2
2
2
2
2
2
2
2
1
1
2
2
1
1
2
2
2
1
2
2
2
1
2
2
2
2
1
1
2
1
2
1
1
1
2
2
2
2
1
1
2
2
2
2
1
1
2
2
1
88139575809
1
2
2
2
2
2
1
2
1
2
1
2
2
2
1
34966225097
2
2
2
2
2
2
1
1
2
2
2
2
2
1
1
1
2
1
2
1
2
2
2
1
2
2
1
2
2
2
1
1
1
2
2
2
2
2
2
2
2
2
1
1
2
2
2
1
1
1
2
2
1
2
2
2
2
2
2
2
2
1
2
1
2
2
2
2
2
2
2
2
1
1
2
1
2
2
2
2
2
1
2
2
2
2
2
1
2
2
1
2
2
1
2
2
2
2
2
2
46911850880
2
1
2
2
2
2
2
2
2
2
2
2
13821342591
1
2
1
2
2
1
2
2
2
2
2
1
2
2
2
2
1
2
2
2
2
1
2
2
2
2
2
2
2
1
2
2
2
2
2
2
2
2
2
2
2
2
2
2
2
2
2
2
1
1
2
2
2
2
2
2
1
2
2
2
2
2
1
2
1
1
2
2
2
2
1
2
1
2
2
2
1
2
2
2
2
2
2
2
1
2
1
1
1
2
2
2
2
1
2
2
2
2
2
2
2
2
1
2
2
2
2
1
2
2
2
2
2
2
2
78988759408
1
1
2
1
1
2
2
2
1
2
2
2
1
2
2
2
2
2
2
2
1
2
2
2
2
2
1
2
2
1
2
2
2
2
2
2
2
2
2
2
2
1
2
2
1
1
1
1
2
2
1
2
2
2
2
2
1
2
2
2
1
2
1
2
2
1
2
2
2
2
1
1
1
2
1
2
2
2
74347440212
2
2
2
20267929275
2
1
1
2
2
2
1
2
2
2
2
1
1
1
2
2
2
1
1
2
2
1
2
2
2
2
2
1
1
2
1
2
2
2
94047510075
1
1
2
2
2
2
2
2
2
1
2390166788
2
1
2
2
1
1
2
1
2
2
2
2
2
1
2
2
2
2
1
2
2
2
2
2
2
2
2
2
2
2
2
2
2
2
2
2
1
1
2
2
2
2
2
1
2
1
45890529444
2
2
2
1
2
1
2
2
1
2
2
1
2
2
2
2
3038332406
2
2
2
2
2
1
2
2
2
2
2
2
2
1
2
2
2
2
2
2
2
2
1
2
2
1
2
2
1
1
2
2
2
2
1
2
2
2
2
1
2
80530247519
2
2
1
2
1
2
2
2
1
1
2
1
2
2
2
2
2
2
2
2
2
1
13703599141
1
2
2
2
1
1
2
2
1
2
2
2
1
1
2
2
1
1
2
2
1
2
2
2
1
2
2
2
1
2
2
2
1
2
2
1
2
1
2
1
2
2
2
29898788075
2
2
2
2
2
57464292834
2
2
2
2
2
2
2
1
2
1
1
2
1
2
1
1
2
1
2
2
2
2
2
1
2
2
2
2
2
2
2
1
1
1
1
1
1
1
2
2
1
1
2
1
2
2
2
2
2
2
1
1
22133952521
2
2
2
2
1
1
2
2
2
2
2
78890905077
2
1
2
1
2
2
2
2
2
2
2
2
1
2
11277481776
2
2
2
1
2
2
2
2
1
2
1
2
2
2
2
2
2
2
2
2
2
2
2
1
1
1
1
2
1
2
2
2
2
1
1
2
2
2
2
2
2
2
2
1
2
2
1
2
1
2
56478559429
1
2
2
2
1
1
1
2
1
2
2
1
36776021034
2
2
2
1
2
2
2
1
2
2
2
2
2
39939000217
2
2
2
2
2
1
1
1
2
2
2
1
2
2
1
2
1
2
2
2
2
1
1
2
2
2
1
2
2
2
2
2
2
2
2
1
2
2
2
2
1
1
2
2
2
1
2
2
2
2
1
2
2
1
2
2
2
2
2
2
2
2
1
1
2
2
2
1
2
1
2
2
2
2
1
2
1
2
2
2
2
2
1
2
2
2
2
2
2
2
2
2
1
2
2
2
2
2
2
2
1
2
40139390112
1
2
2
1
2
2
2
2
2
2
2
2
2
1
1
2
2
2
2
2
2
2
2
2
2
2
2
1
1
2
2
78221587492
2
2
2
2
2
2
2
2
2
2
2
2
48675889335
2
2
2
2
1
2
2
2
1
2
2
2
2
2
2
2
2
2
2
2
1
1
1
2
9995005108
1
2
2
2
2
2
2
50682049018
2
2
2
2
2
2
1
2
1
1
2
2
2
1
2
2
2
2
2
2
2
2
2
2
2
2
1
1
1
1
2
1
64488295413
2
2
2
1
2
2
2
1
2
2
2
2
2
2
1
1
2
2
1
2
2
2
2
2
1
2
2
2
2
2
2
2
1
2
1
2
2
2
2
1
2
2
2
2
2
2
1
2
2
2
2
2
1
2
2
2
1
2
2
2
2
1
2
2
2
2
2
2
1
2
2
1
2
2
2
1
2
2
2
1
2
2
2
1
2
2
2
1
2
2
2
2
2
1
2
2
1
2
2
2
2
2
1
2
2
2
2
2
2
2
2
1
1
2
1
2
2
2
2
1
2
2
2
2
2
2
2
2
2
2
2
2
2
2
1
2
1
2
2
2
2
1
1
2
2
2
2
2
2
2
2
1
2
2
2
2
2
2
1
1
1
2
1
2
1
2
2
1
2
2
1
2
2
1
2
2
2
2
2
2
2
1
1
2
1
2
2
2
2
1
1
2
2
2
2
2
1
2
2
1
2
2
2
2
2
2
1
2
1
2
1
1
2
2
2
2
1
1
2
1
1
2
2
1
2
1
2
1
2
2
1
2
1
2
2
2
2
1
2
2
2
2
2
2
1
2
1
2
31484258796
2
2
2
1
2
2
2
2
2
2
2
1
37220293912
2
2
18498605217
1
1
1
2
2
2
2
2
2
1
2
2
2
2
1
1
2
2
2
1
1
1
2
2
1
2
2
2
2
1
2
2
1
1
2
2
2
2
2
2
2
2
1
1
1
2
2
1
2
1
1
2
2
1
2
2
2
2
1
2
1
2
2
1
2
22448577159
1
2
2
2
2
2
2
2
2
2
2
2
1
1
2
2
2
1
2
1
1
2
2
2
2
2
1
2
2
2
2
2
2
1
2
2
2
2
2
1
2
2
2
2
1
2
2
2
2
2
2
1
1
1
1
2
2
2
2
2
1
1
2
2
2
1
2
2
2
2
2
2
2
2
2
2
1
2
1
2
2
1
2
2
2
2
2
2
2
2
1
2
2
2
1
2
2
2
2
2
1
2
2
2
2
2
2
2
2
1
1
2
1
2
1
1
1
2
2
2
2
2
1
2
2
2
12898758046
2
2
2
2
2
2
2
1
2
2
2
2
1
2
2
2
1
2
2
2
2
1
2
2
2
2
2
2
2
1
1
2
2
2
1
1
1
1
1
1
1
2
2
1
2
2
2
1
2
2
2
2
1
38382420549
1
2
1
2
1
2
2
2
2
2
1
2
2
2
1
2
2
1
2
2
2
2
2
1
2
2
1
1
2
1
2
1
2
1
2
2
2
2
1
1
2
2
2
2
1
2
2
2
1
1
2
2
1
2
2
2
1
1
1
1
2
2
2
2
2
1
2
2
2
1
1
1
2
2
2
2
2
2
2
2
2
2
2
1
1
2
2
1
2
1
2
2
2
1
2
2
2
2
2
2
2
2
1
2
1
1
2
2
1
2
2
2
2
2
2
2
1
1
2
2
2
2
2
1
2
2
2
1
1
2
2
2
1
2
2
1
2
2
2
2
70272664194
1
2
2
1
2
40165504910
2
1
2
1335312035
2
1
2
2
1
2
2
2
1
2
2
2
1
2
2
1
2
2
1
2
1
2
2
1
2
2
2
2
2
2
1
2
1
2
2
1
2
2
1
1
2
2
2
2
1
2
1
1
1
2
2
2
2
2
2
2
2
2
2
2
2
2
2
2
2
2
2
2
2
2
2
1
2
2
70133675401
1
1
2
80611173510
2
1
2
2
2
1
2
1
2
2
1
2
1
1
1
2
2
2
2
1
2
1
2
2
1
2
1
2
2
1
1
2
2
2
1
1
1
1
2
2
1
1
1
1
2
1
2
2
2
2
2
2
1
1
1
1
2
2
1
2
1
2
1
1
1
2
2
2
2
2
2
2
1
2
1
1
2
2
2
2
2
2
2
2
1
2
2
2
1
2
2
2
2
1
2
2
2
2
2
2
2
2
2
2
2
1
2
2
2
2
2
1
1
2
2
2
2
2
1
2
45000280043
2
2
1
2
1
2
2
35425709809
2
1
2
2
1
2
2
2
2
2
1
2
2
1
2
2
1
2
1
2
2
2
2
2
1
1
2
1
2
2
2
2
2
59044219808
2
1
2
2
2
2
1
2
2
2
2
1
2
2
2
2
2
1
1
2
2
2
1
2
2
2
2
1
1
2
2
1
2
1
2
2
2
2
2
2
1
2
2
2
2
2
2
2
2
2
2
2
2
2
2
2
2
1
1
2
2
2
2
2
1
21259477179
2
2
2
1
2
2
2
2
2
2
1
2
1
1
1
2
1
2
1
2
2
1
2
1
2
2
1
2
2
1
1
1
2
2
2
2
2
2
2
2
2
1
2
1
8360993547
2
1
2
2
2
2
2
2
2
2
2
2
2
2
2
2
1
1
2
1
2
2
1
2
1
2
2
2
2
88321959497
2
2
1
2
2
2
2
2
1
2
2
2
2
2
1
2
32992030676
2
1
2
1
1
2
2
1
2
2
1
2
1
1
2
2
1
1
1
1
1
1
2
2
2
1
2
2
2
1
2
2
1
2
2
1
2
2
2
2
2
2
2
2
1
2
2
2
2
2
2
2
2
2
1
1
1
1
1
2
2
2
2
2
2
2
2
2
2
2
1
