1
1
2
2
1
1
2
1
2
2
1
2
2
1
1
2
2
2
2
2
2
2
1
2
2
2
2
2
1
2
1
1
2
1
1
1
1
1
2
2
1
1
2
2
6639383491
2
2
2
1
1
2
2
2
1
2
2
2
1
1
2
2
1
2
2
2
2
1
1
2
2
2
1
1
1
94456631903
2
2
2
1
1
1
2
94660967342
1
2
2
2
2
2
1
1
2
2
1
1
2
2
67535019336
1
2
2
1
2
1
2
53814393621
2
2
1
2
2
2
1
1
2
1
2
2
2
1
2
2
2
1
2
18648823766
2
2
1
1
1
2
1
2
2
1
2
2
2
2
2
2
2
2
1
1
1
1
2
2
2
2
2
36215193006
2
2
2
1
1
1
1
1
8974577552
1
2
2
2
2
74209949347
2
2
2
2
2
22872502541
1
2
1
15380276977
2
44464776052
1
2
1
1
2
2
1
1
2
2
2
1
2
1
2
2
20137546902
2
2
2
15823525992
2
2
2
1
73429195946
2
1
1
2
2
2
22310661444
2
2
2
2
24621802364
2
2
2
2
1
1
2
1
1
2
2
2
2
1
1
27250834549
1
2
1
2
2
2
1
2
2
2
65789573516
2
1
2
2
40431735230
2
1
1
2
1
1
2
78597029312
10258577318
1
1
2
2
2
2
2
2
37024532989
95139661046
2
2
2
2
25748329056
2
1
1
2
56068138721
1
1
2
1
2
2
1
2
2
2
1
2
1
2
2
2
2
2
1
1
1
2
1
72660582731
1
2
66392659351
1
2
2
2
1
91824683173
2
2
1
1
2
2
1
2
1
1
2
2
99748638316
1
84927061086
1
1
72259507052
1
2
2
1
2
2
2
2
1
1
1
1
2
2
2
41234588239
2
1
2
1
28601488495
1
2
35258270232
1
74081646035
1
2
1
60273199753
1
1
2
2
1
1
1
1
2
2
2
1
1
2
85451311190
1
2
2
2
2
1
2
1
1
2
2
1
2
1
2
1
1
1
2
1
1
1
1
1
1
2
1
99297619734
2
1
1
1
2
1
1
1
2
1
1
2
2
2
2
1
58795723740
2
78342012269
2
2
49368222543
1
2
13372796365
78247592809
1
1
2
1
2
2
1
64926800592
2
73132396168
1
1
1
2
1
2
2
1
2
2
1
2
2
1
2
1
2
1
2
1
2
2
1
2
2
81917150675
2
1
33276235219
79616036240
49475174901
1
1
2
2
2
1
1
2
2
2
2
1
2
2
1
2
1
1
1
2
2
1
1
1
2
1
2
2
1
2
2
2
1
84968601964
1
2
1
86936192584
2
1
2
1
1
1
1
25651567194
1
2
1
2
720916965
2
1
2
2
1
2
2
1
69386739293
2
2
2
2
2
1
2
1
1
2
2
2
51239132923
1
2
1
83061571116
2
1
2
1
1
1
1
2
2
1
1
1
2
2
2
1
1
1
2
22007861185
1
1
1
2
1
2
1
1
2
2
2
2
2
2
2
2
1
1
2
1
1
1
2
2
1
2
1
1
2
2
2
1
2
2
1
2
2
2
85836988393
2
2
1
2
2
76196213384
2
59613766874
1
1
2
2
1
2
2
1
1
2
1
2
2
2
2
2
2
2
1
2
1
2
2
1
1
1
87485114742
1
1
2
2
1
2
2
2
22540386372
1
1
1
1
2
1
2
50041805793
2
1
1
2
1
2
1
2
1
2
2
2
2
2
2
2
1
2
1
2
2
1
2
2
2
1
2
2
2
1
1
1
2
1
1
1
1
1
2
1
2
2
1
2
1
2
1
2
1
2
1
2
1
2
1
1
1
2
84627927922
1
2
2
1
1
1
1
1
1
2
2
1
1
1
1
2
1
1
1
2
2
1
1
1
1
1
2
1
2
1
1
2
2
2
1
2
1
1
91917444586
2
1
96276230249
1
2
1
1
1
2
1
2
1
1
1
2
2
2
2
2
1
2
2
2
30205128234
1
1
2
1
2
1
2
2
2
1
2
2
1
1
2
2
2
2
2
1
2
2
1
2
2
1
19098525043
2
28508801184
2
1
1
1
2
1
1
78578410845
2
2
2
1
2
2
2
2
2
2
2
2
1
2
1
1
1
47433169888
2
1
10941412675
2
2
2
1
2
2
2
37456046478
2
1
59146494116
50464122471
1
1
2
1
2
2
1
1
7806725936
1
2
2
9620793030
1
2
1
1
1
2
1
2
2
2
2
2
1
1
2
2
37997769296
2
1
1
1
2
1
1
2
315813380
1
1
2
1
1
1
1
2
2
2
6528440414
2
25188463276
1
2
1
2
2
2
1
2
1
2
1
1
2
1
2
2
1
1
2
2
31924575832
2
2
2
1
2
1
2
1
2
1
2
2
24214146623
2
1
2
1
2
2
1
2
1
1
1
1
96564911858
2
2
2
2
1
21528741483
2
1
2
2
1
2
2
76191268280
2
1
31930861216
1
2
1
2
1
1
2
2
2
2
2
2
2
1
1
55080777510
1
1
75979179687
2
1
2
2
2
1
58143265851
2
2
1
1
1
2
2
2
1
1
1
2
2
1
1
1
2
2
2
1
2
1
2
1
1
2
1
1
1
2
1
2
2
2
2
2
2
1
1
2
2
1
1
13437032007
1
1
2
2
1
2
1
1
2
2
2
2
2
2
2
64360368956
1
60265786170
1
2
1
68519589406
1
2
2
55248026026
2
2
2
54696307610
2
1
1
2
2
2
1
2
2
2
1
90935877490
1
1
1
2
1
1
1
2
9633295676
1
1
2
2
2
1
2
1
2
1
2
1
1
2
1
2
1
2
1
2
2
2
2
1
2
2
38766555877
2
1
2
45639051401
1
1
2
1
2
1
2
2
2
1
2
2
2
1
2
2
2
2
96838138741
97808497797
2
1
43556539103
2
1
2
10535290827
73887307493
1
1
1
2
1
1
2
1
2
2
1
2
2
1
25322817650
2
1
1
2
2
1
2
2
1
2
2
1
2
24747388387
1
1
25173650606
2
1
2
2
1
2
1
1
1
2
1
1
2
47509370223
1
2
2
2
2
36568924637
21116042681
1
2
1
1
1
2
2
2
2
1
2
58302874683
2
1
67970646909
4657861046
1
1
2
2
1
1
2
2
2
2
2
2
1
1
73908950996
2
1
2
2
1
1
51913979775
2
86447383707
1
2
1
2
2
1
2
3063170370
1
1
2
2
2
1
1
2
1
1
2
27161920585
61536824301
1
2
2
41360783131
2
1
2
1
1
1
2
2
1
1
2
1
668573190
2
1
2
98938276468
1
2
1
2
1
1
2
1
1
80750858933
2
2
2
1
40829558850
2
1
1
79245728086
2
77287352700
1
83548739360
1
2
1
2
2
1
2
1
2
1
1
1
1
2
2
2
1
2
1
2
2
2
1
1
2
2
2
2
1
1
2
62632512078
2
45578147242
2
23853597946
2
1
1
2
1
2
2
1
2
2
1
2
1
1
2
2
59879636094
1
48665169425
1
2
2
1
2
2
2
1
2
1
2
41993450145
2
1
2
2
2
2
23569999125
2
2
1
1
2
1
2
1
2
2
2
1
2
2
2
57486983111
2
1
2
2
1
1
1
2
1
1
1
20597483905
2
1
1
71799818008
1
2
1
1
2
1
1
1
88715030713
2
1
1
2
1
2
2
1
1
1
1
97586619257
1
1
2
1
1
2
2
2
2
1
2
2
2
1
1
2
1
2
2
2
1
1
2
1
1
1
2
2
2
1
2
2
1
25799384744
2
57235548869
1
2
2
1
2
2
2
2
2
2
2
1
1
2
37762314152
2
1
2
2
7477016188
1
1
1
1
2
1
1
43782421108
63071585693
2
2
2
2
1
2
2
2
2
2
1
1
1
1
1
1
99360340407
2
2
2
2
2
96282290242
2
80541588729
1
2
1
1
2
9507717189
1
1
2
1
2
1
2
33269909140
2
35625137102
2
1
2
1
2
2
2
2
2
2
1
1
11243321988
1
1
83550958715
2
13534714664
2
2
2
2
2
1
1
2
2
1
2
1
2
1
1
2
2
2
23556893545
2
1
2
1
74020020101
1
1
2
2
2
2
41298188517
1
1
1
2
2
1
12917309394
2
2
1
2
2
2
72597393600
2
2
1
2
88825975900
2
2
1
1
2
2
2
2
2
1
2
2
1
60576714856
2
1
2
2
1
2
2
1
1
14779289510
2
1
2
2
48234207042
2
2
1
2
1
1
1
2
2
2
2
2
2
64143409408
1
2
1
2
2
1
1
1
1
2
2
1
1
1
2
2
1
2
1
2
1
2
73682910703
1
2
31041621305
2
1
2
90423183965
2
2
2
2
23762101908
1
1
2
1
1
1
21199005682
85289638844
2
1
1
2
2
2
2
2
2
2
15545075920
1
1
2
2
2
1
2
2
1
2
2
1
2
1
2
2
2
1
1
2
2
2
2
50202801541
1
2
2
1
2
2
1
2
2
30972705961
1
2
1
1
2
2
1
1
2
7115286670
2
1
1
77281524567
1
1
2
1
1
2
1
2
2
2
1
1
1
2
2
2
1
1
1
2
1
1
1
1
1
1
1
1
2
2
1
30318619045
1
2
2
1
2
1
1
2
2
2
2
2
2
1
1
2
92305830934
2
2
1
1
2
2
2
2
2
1
1
1
2
40067184910
2
1
2
32612268425
1
2
2
1
1
1
1
1
2
1
2
1
2
1
2
1
2
1
1
2
2
2
2
1
2
2
2
1
1
2
1
1
1
1
63425656895
1
2
2
2
2
1
1
2
2
1
1
2
1
2
2
1
1
2
1
2
2
1
43255778457
2
2
11618636311
2
43555241928
2
2
9508092612
1
2
2
2
1
1
1
1
2
2
2
2
2
1
2
2
2
2
1
2
2
2
28972886620
1
1
1
2
2
1
2
1
2
2
2
2
2
2
2
1
2
1
1
2
2
1
2
2
1
2
2
2
1
61074377574
2
2
1
2
1
2
2
1
1
1
2
2
2
2
2
1
2
2
2
2
2
29295524730
2
1
2
2
1
2
2
64670670990
2
75894334396
2
1
2
95922101011
1
2
2
2
2
1
2
2
1
1
1
1
89574502940
2
2
1
2
37950088344
2
1
1
1
31100721999
2
1
1
96762567809
2
2
2
2
2
1
2
2
1
1
1
67608533577
2
2
1
2
1
1
1
1
2
1
1
2
2
2
2
2
1
2
2
1
40263410972
43749479276
1
1
2
2
1
2
1
1
2
1
2
2
60073983633
2
2
28800587625
1
1
1
2
18750429879
2
2
2
2
1
1
2
1
1
1
1
2
2
2
1
61305187753
2
2
1
1
1
1
1
7681388240
2
1
2
2
2
1
1
1
2
2
2
1
2
1
1
1
2
21877816692
2
2
2
2
1
2
25257698626
2
1
1
1
2
2
1
2
2
1
1
2
2
1
2
2
1
1
2
2
20995402879
1
1
1
1
1
2
1
2
1
2
2
2
1
2
2
1
2
2
2
1
2
39779690534
1
2
2
2
2
2
2
1
2
1
1
2
29524594386
2
1
2
2
2
2
1
2
2
1
1
1
1
2
2
2
2
2
1
2
1
2
2
1
1
1
2
2
2
2
2
2
1
2
2
1
1
1
2
2
1
2
2
1
2
1
1
1
2
2
2
2
2
1
2
2
2
1
2
2
2
2
1
2
1
1
1
2
1
2
1
2
79512758720
2
2
2
2
2
2
1
1
2
2
1
2194064702
36496606258
1
1
75704626040
54344734017
36285914504
1
2
2
1
2
2
1
1
1
2
1
2
1
1
1
1
29502402288
2
1
1
1
1
2
1
2
2
2
2
1
2
2
1
2
71375532092
2
2
2
1
1
1
2
1
2
1
2
1
2
2
1
2
1
2
1
1
1
2
2
32653925230
2
1
2
2
2
2
2
2
2
2
33038091885
2
2
1
1
2
1
1
1
2
2
94952150887
2
1
88033705046
2
49895958369
1
1
2
1
1
2
2
2
2
2
2
1
54051855353
1
1
1
1
2
1
2
1
2
2
2
58638926652
2
1
1
2
2
1
1
2
1
2
2
2
1
2
2
1
1
2
2
2
1
1
27197950435
1
2
2
2
2
1
1
2
2
1
1
76471306032
33732768040
2
2
1
2
1
1
2
2
1
10877092611
77487708993
2
2
1
2
1
1
1
2
2
2
17406650338
2
2
1
1
1
1
96555483694
1
2
2
1
2
1
2
35657786416
1
2
2
1
2
2
2
1
2
2
2
2
2
2
1
1
1
66467533070
1
1
2
2
2
1
1
2
57009898819
91667029341
30818072102
2
1
2
1
2
2
1
2
2
1
1
2
2
2
2
1
8573890233
2
2
2
1
1
28371613656
2
2
1
1
1
1
1
2
2
1
1
1
2
1247541918
45920046620
2
2
1
1
2
1
2
1
8749988491
1
1
2
2
1
1
1
2
1
1
1
1
2
1
1
1
1
1
2
1
2
2
2
2
2
1
2
1
2
1
1
1
2
2
82658282495
1
2
2
1
2
1
2
1
2
2
33904734019
2
2
1
2
2
2
2
1
99694879147
1
80516283501
2
2
1
1
1
2
1
2
2
2
1
2
2
1
2
2
35493487825
92662024432
1
1
2
2
1
2
2
2
2
2
2
2
2
2
41659558565
2
1
2
96890262938
1
94595288208
1
2
2
2
2
2
2
2
93698375497
1
2
1
1
2
1
71489974688
1
2
2
1
2
91566918100
1
1
1
2
2
2
1
2
2
2
10595168497
1
1
1
2
2
2
2
2
2
2
2
1
1
2
2
2
1
2
1
2
1
1
2
1
1
2
1
2
2
2
1
2
2
2
2
1
2
2
2
1
2
2
2
1
2
1
93687242293
2
2
2
2
2
2
1
2
1
2
2
2
1
2
1
1
2
1
2
1
2
1
1
2
1
2
1
2
1
2
2
1
1
2
2
1
1
1
1
2
2
2
2
2
2
1
2
1
2
2
1
2
1
1
2
1
2
1
2
2
1
1
2
2
2
1
2
1
1
1
1
2
1
2
4066798838
1
1
1
1
25545493
95711954378
1
2
1
2
2
2
1
2
2
1
2
1
1
1
2
2
2
2
2
2
1
2
2
1
2
2
2
1
1
2
1
2
2
2
2
1
1
2
2
2
2
2
4612247433
1
2
2
1
2
1
1
2
1
1
1
2
1
88340771242
2
40540801431
1
1
1
2
1
53370279919
1
1
1
2
1
2
24556028132
2
1
2
2
1
1
1
1
30537822841
2
2
1
2
1
2
2
16140152936
2
2
2
1
2
1
2
1
1
2
28499623023
2
2
1
2
2
2
1
2
2
1
1
2
1
2
2
1
1
2
1
1
2
2
2
1
2
2
1
2
1
1
1
1
1
1
2
2
2
1
2
2
2
1
58677610433
2
1
2
1
2
2
1
1
2
1
17218096685
2
1
2
1
2
1
25595609329
1
2
1
1
1
1
2
2
1
1
2
2
1
2
2
2
2
1
2
2
2
2
2
1
1
25021517437
1
1
2
1
2
1
2
1
1
1
2
1
2
1
2
1
64920697563
1
1
1
1
1
2
1
2
66501997105
2
1
1
2
1
2
1
2
2
2
2
1
2
1
2
2
1
2
2
1
1
2
1
1
1
1458964986
2
2
1
1
1
2
1
2
1
2
1
61142108429
1
2
45362990125
2
13348788314
1
2
2
1
1
2
64647115345
2
1
2
29724010955
2
1
38757701097
2
1
1
2
66283334488
2
2
1
1
2
1
1
2
1
1
59394918494
1
17765214564
2
2
1
2
1
40968709591
1
2
1
3207543568
2
1
2
2
1
2
96627225050
1
2
2
1
2
2
74318983313
1
1
2
1
1
1
2
94017949973
1
1
2
2
2
1
2
2
2
44930957372
35579311545
1
2
1
1
1
2
1
89380408115
57302456865
92317463025
2
2
24942389389
2
2
1
67814698112
1
1
1
1
2
2
2
1
22661215868
2
2
1
2
2
2
2
33381009509
1
1
1
2
2
2
2
2
1
86828943580
1
70112721948
1
27169614801
1
1
2
2
2
1
2
2
1
1
2
2
63975078576
2
2
2
2
1
2
2
2
1
2
1
2
1
1
1
1
2
2
1
1
1
2
48267325191
2
2
1
2
1
1
28036459181
2
1
1
1
89648756856
1
2
2
2
2
1
1
2
1
1
85947411940
2
2
2
2
2
1
1
1
1
2
1
1
1
2
2
17691602344
1
68776574306
2
1
2
1
2
1
2
1
1
91889384861
2
1
2
1
2
1
1
2
2
2
2
2
2
2
1
1
1
2
1
1
1
2
2
1
1
2
2
2
2
1
2
1
1
1
1
1
2
2
2
2
2
2
1
2
1
1
29076669964
1
1
2
2
1
1
1
2
1
86983928349
2
2
1
2
1
1
2
20162375754
1
1
1
1
1
2
1
1
1
2
1
2
2
73973031754
1
2
2
1
87521987196
1
2
2
2
2
2
1
2
2
1
2
1
1
2
2
25978958168
2
1
2
1
1
2
2
2
1
2
2
2
2
2
2
1
54036620556
2
2
1
2
1
2
1
2
81795729663
2
2
2
2
1
7071038504
1
2
59780543590
1
2
1
1
1
2
2
2
2
2
2
2
2
1
83527477994
1
2
1
2
2
2
2
1
37174179135
2
1
1
2
83970194131
2
2
2
36434888642
1
1
7863778416
2
2
54795620757
2
2
2
1
1
1
2
2
2
1
2
90751718647
1
1
2
89556910707
2
2
40101528741
1
42259693990
1
2
60314749980
2
1
1
2
2
2
2
2
1
31500717834
2
1
1
1
2
1
2
1
81671688489
1
2
1
16460861459
1
1
1
2
1
2
1
22875808713
2
1
2
29716208179
1
2
1
1
1
2
1
2
1
1
2
2
96474698520
2
1
1
1
1
2
2
1
2
2
1
2
2
2
19143976588
2
1
1
2
1
2
2
1
2
2
1
1
1
2
2
1
1
1
93217412601
1
1
2
2
2
1
2
2
2
21560834640
2
1
2
2
1
65721427425
1
1
1
1
2
1
2
2
1
2
2
2
1
1
1
2
1
2
2
1
1
1
1
9040131412
2
2
2
1
1
2
2
1
2
2
82695916737
2
2
1
1
1
1
2
1
1
58144724562
80202338204
1
1
1
1
1
1
2
8379056133
48109290069
1
1
2
1
2
2
2
2
1
1
1
2
1
1
1
2
1
1
2
2
1
1
2
1
1
1
1
1
2
65420091580
90093265239
2
1
1
2
1
1
2
1
2
1
34355706437
2
1
1
2
1
1
2
2
1
2
13461532092
1
2
2
1
1
1
1
2
2
1
1
2
2
2
2
2
1
2
1
1
2
1
11508153490
2
1
2
2
2
1
2
2
2
1
2
2
60456629946
2
2
2
2
2
2
2
2
2
2
1
2
1
1
2
1
2
2
97449752804
1
2
1
2
1
2
2
1
2
2
1
1
2
1
1
10223541816
1
2
2
1
2
2
2
2
2
1
2
2
1
2
1
2
1
1
33079720744
75910793667
2
2
2
2
2
53219875285
2
2
2
1
1
2
1
1
1
96700843542
1
1
10765223994
1
2
2
1
2
2
2
2
2
1
2
2
2
2
2
43108205329
1
1
1
1
1
62064403843
2
88396238505
1
1
1
1
2
1
1
2
2
2
1
2
1
2
2
2
2
1
2
2
2
1
2
1
2
2
2
1
1
2
1
27093301344
93920214984
2
1
2
2
2
2
2
2
2
1
1
1
1
2
1
1
2
1
2
1
1
2
1
1
2
1
2
1
2
2
2
1
1
2
2
2
1
36073496961
2
2
2
2
1
1
1
1
2
1
2
1
2
1
1
2
99471492793
2
1
1
2
2
2
32509824037
2
22546740237
1
2
2
2
1
2
1
2
2
2
1
1
2
1
1
1
1
92459674407
1
1
2
2
20589583929
2
1
2
2
2
1
1
2
2
1
1
1
2
1
89320053373
75613973055
1
1
1
2
2
2
1
1
23635910221
2
2
2
1
2
2
1
1
1
2
1
1
1
2
2
1
2
2
2
1
1
1
1
1
2
2
1
2
2
7595807224
1
1
2
2
2
2
1
1
2
2
2
2
2
2
1
1
1
2
2
1
1
1
2
65138767319
1
1
2
1
658419991
1
2
2
1
1
2
2
2
2
1
2
1
1
2
2
2
91819988664
2
73987781638
1
1
2
2
1
2
2
2
1
2
2
2
2
2
2
2
1
1
1
2
2
2
20883892834
68245636965
1
2
1
2
2
2
2
1
1
1
1
1
1
2
2
1
1
2
2
2
46932328541
1
1
2
2
1
2
2
1
2
1
1
2
2
2
1
2
1
2
1
1
1
1
68275767673
2
1
2
1
2
87782368989
1
49343848143
2
1
1
1
1
2
2
1
2
1
1
1
2
2
21779893235
2
2
2
2
1
2
2
1
1
2
2
2
2
1
1
24833433681
1
1
54530470170
2
24928223339
1
84508514186
1
2
1
2
1
2
45634421011
30903623773
1
1
2
2
1
2
2
2
2
2
2
1
1
1
2
1
1
2
1
2
2
1
1
1
73231632266
2
1
19029798796
2
2
1
2
39746119535
1
2
1
2
2
1
1
2
86569498101
1
2
1
2
2
2
1
1
1
2
2
2
1
2
80254371391
2
1
2
1
2
1
1
2
1
1
15112295853
1
2
1
1
1
2
1
2
2
1
2
2
2
1
2
2
2
1
2
1
2
2
2
57197285039
1
2
2
1
2
2
2
2
1
1
2
1
2
2
2
2
2
1
2
1
2
2
2
1
2
1
1
1
1
2
1
2
1
1
2
1
2
1
2
1
1
8777694387
2
1
1
1
2
2
1
2
2
34561713769
1
2
2
2
2
2
1
1
2
1
1
2
60901596879
2
1
1
2
1
1
1
1
2
1
2
47085852920
2
2
2
1
2
2
1
2
2
1
1
2
1
34711592168
2
1
2
2
1
72713384158
1
58370463590
2
2
2
1
1
2
1
2
2
2
2
2
1
1
1
1
1
2
2
2
2
2
1
2
22352587585
2
1
1
75285112750
2
1
1
1602432048
1
1
2
1
1
1
2
1
1
850332053
1
1
1
33097038577
1
1
1
1
2
2
1
1
90323845368
1
1
2
1
93594148841
2
2
1
86912590657
1
2
1
2
2
1
2
2
1
2
42132317117
2
1
1
1
1
2
1
2
45848975229
1
2
2
2
49545498025
1
2
1
2
2
1
1
2
2
2
1
2
82319468391
12506572517
1
2
1
2
2
2
2
2
1
2
1
80925973826
89666181895
1
1
1
2
2
1
1
2
1
1
1
2
2
1
1
2
2
1
2
1
1
2
1
81453685651
2
17286309241
57221562414
1
16444275989
1
2
2
2
2
2
2
1
1
1
2
1
1
2
1
1
1
2
41255381793
67979510533
2
1
1
2
2
27110320347
1
2
1
1
2
2
1
2
34700990377
2
1
1
2
2
1
1
1
1
1
1
1
1
1
1
1
2
2
2
1
1
1
2
2
2
1
2
1
2
1
2
2
1
2
1
34462907825
2
2
1
2
2
1
2
2
1
2
65288744549
1
1
2
38846579791
2
1
1
2
1
2
2
2
6516626643
2
2
2
2
2
2
1
1
2
1
1
1
1
1
2
1
6172391633
2
1
2
1
1
1
2
2
2
2
2
2
2
2
2
2
1
2
2
2
2
2
1
1
2
2
2
2
2
1
1
2
2
2
1
2
1
2
85665807796
2
2
41801740010
1
2
2
1
2
2
1
1
1
1
1
1
2
2
2
1
2
2
1
1
2
1
1
1
1
2
1
2
1
2
2
1
1
97313679867
94239814300
2
2
2
41312778325
2
1
1
1
2
40233074292
1
2
19328017688
2
1
1
2
2
2
2
2
71270965638
1
99184788946
1
1
1
1
1
2
28393435459
2
2
2
2
2
2
2
1
1
1
2
2
2
1
2
2
2
1
1
2
2
1
1
1
2
1
2
2
2
1
2
1
1
1
2
2
2
1
62635979827
1
1
1
2
1
2
2
2
2
2
1
2
1
2
1
1
2
2
2
1
2
1
1
2
2
1
1
1
2
1
1
1
2
1
2
2
2
2
1
1
2
1
2
2
1
1
2
1
1
2
1
1
1
2
1
95944359607
2
2
1
2
2
2
6725661844
1
1
1
2
2
2
1
2
2
1
1
1
1
1
1
2
2
1
1
1
2
2
2
1
2
2
2
2
2
1
2
2
2
1
91978413072
1
1
2
1
2
2
1
1
1
2
2
2
2
2
2
1
2
1
1
1
1
1
1
2
2
2
1
2
1
2
2
2
72401441117
2
1
2
2
1
93540436761
1
1
2
19431140982
2
2
1
2
1
2
84974110647
82552202727
1
2
1
1
45810386284
2
1
27118621089
2
1
1
2
1
1
1
2
1
2
1
2
2
2
2
1
2
2
99921134238
2
2
1
2
58816579308
1
2
2
2
1
2
2
2
1
2
2
2
1
2
1
2
81641521131
2
2
1
2
2
1
2
2
1
65912181268
1
2
2
1
1
2
1
2
1
2
2
2
2
2
1
1
2
2
1
54299735574
1
1
1
1
1
1
1
1
38659929951
32782990475
2
1
2
2
1
2
2
15829952992
2
2
2
1
2
1
2
2
2
11978389326
2
13304540406
1
1
2
2
2
12656631247
2
27216821070
2
2
2
35034119483
37926057868
10444563105
2
2
1
2
2
2
2
2
2
1
1
2
1
2
2
1
2
1
1
2
2
1
1
1
2
2
1
2
1
1
2
1
1
2
1
1
2
2
1
2
46058039147
1
1
1
1
2
57566421590
2
19366455525
1
2
2
2
2
69848831584
2
2
1
2
2
2
2
2
2
1
63054795569
1
1
2
1
36836748790
1
2
2
2
1
2
2
1
1
1
1
1
2
1
2
66911501684
2
1
1
2
2
2
2
2
2
2
1
1
2
2
2
1
2
1
1
1
2
2
2
2
1
2
1
53675612324
2
2
77448202750
2
2
2
2
2
1
1
23466383155
2
1
2
79387498523
2
2
21510010350
1
2
1
2
2
67958583450
2
2
2
2
1
2
2
2
1
1
1
1
1
1
2
2
2
1
9214420773
2
1
2
1
2
1
1
2
2
1
2
35010563487
1
2
2
6304510051
1
1
1
2
2
79001993029
1
2
88870920770
2
1
1
1
1
2
1
1
2
1
2
1
1
61822914530
2
2
1
1
2
25429986805
40334636901
2
1
1
2
1
2
2
22658066417
1
2
1
1
2
2
1
2
60483693650
2
1
2
2
1
33041041498
2
1
1
1
2
2
2
2
1
2
2
2
2
2
1
78535008134
2
2
2
2
2
1
1
1
2
2
1
1
1
2
2
2
1
28567645204
2
2
2
2
25416136953
1
1
2
2
1
2
2
2
1
1
1
1
1
2
1
2
1
2
2
1
2
2
2
2
2
2
1
1
1
2
2
2
44443850940
1
1
1
1
1
2
1
1
2
2
1
1
1
2
2
2
2
2
1
2
1
2
2
5243665772
1
2
70540167603
1
1
1
1
61842247630
1
96621148650
1
1
2
1
1
1
9947761843
1
2
1
2
43369816073
2
1
5545068602
2
1
1
2
1
2
2
2
1
2
2
2
2
1
1
1
2
2
1
1
1
2
1
2
1
1
97162926113
2
2
2
1
66453896681
82875702680
2
15868919419
1
2
1
2
2
1
2
2
2
1
1
1
2
1
2
1
2
1
80731951784
1
1
2
2
2
1
2
1
2
2
2
2
2
2
2
1
2
1
2
1
2
2
1
27109020413
2
1
2
1
1
2
2
1
2
2
2
2
1
2
1
2
1
69219423484
1
2
1
1
1
2
1
2
1
2
2
2
2
2
2
1
2
2
45376488066
1
2
2
80734526567
2
2
1
2
2
1
1
1
2
1
2
1
2
2
18249737474
2
1
2
1
2
2
2
1
2
2
1
1
2
1
2
2
2
2
1
1
2
2
2
2
34839457869
1
1
80873081605
2
2
2
32468151459
1
2
2
1
2
2
2
2
2
1
1
2
1
1
2
1
2
1
2
1
2
1
1
1
2
7342305637
74255013591
47849552480
2
2
2
1
2
1
2
1
2
2
1
1
2
2
1
1
1
2
2
2
1
77925830811
2
1
1
1
2
2
1
1
2
2
2
34619891696
1
1
2
1
1
2
46636651390
2
2
1
1
2
48531230383
63598295800
2
1
61750227267
2
1
4180210650
2
2253621969
2
30784865693
1
1
25957937
78137831467
2
1
1
2
1
2
2
2
2
1
2
2
2
2
2
1
2
1
1
2
2
1
2
2
1
7280280566
1
2
2
2
1
1
2
2
2
1
2
2
2
1
1
70413647744
2
2
1
39094182287
2
1
2
1
1
2
2
1
2
1
2
1
2
2
2
2
2
2
1
2
1
1
2
2
2
1
2
1
1
2
1
1
2
2
2
2
1
1
2
1
2
2
2
2
2
1
2
70282672582
2
2
71234969102
2
2
1
2
2
1
2
1
2
1
2
62524987783
1
1
2
1
2
1
2
2
1
2
2
1
2
2
2
2
2
1
2
2
1
2
1
1
2
83696129282
2
1
2
2
1
1
2
2
2
2
1
1
1
2
2
1
1
1
1
2
1
2
1
66683303170
1
1
2
1
1
1
1
1
1
2
1
1
1
2
2
2
1
2
2
1
2
99767298142
2
2
2
1
1
2
34443735027
1
1
1
1
2
2
1
2
2
1
2
1
2
2
1
1
1
2
2
1
1
24377517066
2
2
2
1
1
2
1
2
1
1
1
1
2
66655278393
6142772415
2
2
1
2
2
48118006244
1
2
2
2
2
1
2
62514077313
2
1
1
1
1
2
2
2
2
2
2
1
2
1
2
2
2
1
1
1
1
2
2
1
1
2
1
2
1
2
1
2
81018190999
92412813881
2
2
2
2
2
12247552381
2
2
1
2
2
2
1
1
2
2
1
2
2
1
2
2
1
21265326717
2
1
1
1
1
1
2
1
1
2
55689783717
2
2
25342573880
1
1
2
1
2
1
2
1
2
1
2
2
1
1
2
1
2
2
2
2
1
1
1
1
2
1
2
93659491848
2
1
2
2
2
2
2
2
1
2
1
2
2
2
2
2
2
1
1
2
2
2
1
2
1
2
82696616682
1
2
1
2
2
1
1
1
2
1
2
2
1
1
65924818582
1
1
1
1
1
1
2
2
2
82437511083
1
2
1
2
2
1
2
1
1
2
2
2
1
1
16808096287
2
1
2
1129902698
51880438743
1
1
1
5648294913
2
1
2
2
2
1
1
2
2
2
1
2
2
2
53371559196
2
1
2
1
2
2
60905191080
2
2
2
1
2
1
2
1
2
1
1
2
2
1
2
74235581197
1
2
94085438253
1
2
2
1
53767303450
91533367016
2
28267833474
1
1
2
15168722463
1
1
1
1
2
2
2
2
1
1
2
2
2
2
2
1
18179093423
1
2
2
2
1
2
1
2
2
2
2
1
2
1
2
1
1
1
2
2
2
1
1
2
1
1
2
2
2
1
38530537602
2
1
1
1
2
36880271724
1
2
1
1
2
2
1
2
2
2
1
86515655467
1
2
2
2
2
2
1
1
2
2
1
86913746010
2
2
1
2
1
2
2
1
1
1
1
1
2
2
1
1
1
12529896653
2
1
2
1
59659221061
1
2
2
1
1
1
1
1
1
2
1
2
2
2
2
1
2
2
1
2
1
1
2
2
1
1
2
2
2
2
1
2
2
2
1
1
2
10229158849
2
1
1
2
30458685629
1
1
1
2
2
2
1
2
2
2
2
2
2
2
2
1
2
2
1
1
1
2
2
2
2
2
2
1
1
2
2
2
1
2
1
2
2
2
2
2
1
1
2
2
2
52090537843
1
1
1
1
1
1
19940661352
2
2
1
14623377742
2
2
2
2
2
2
1
1
1
1
2
1
1
3711224733
1
1
96592433718
1
2
2
2
1
1
2
2
2
1
2
2
2
1
1
1
1
2
1
2
1
1
1
1
1
1
1
1
2
36939719638
1
1
1
1
2
2
18826483510
2
2
2
1
2
1
2
2
2
2
2
1
1
1
57753717521
81022422265
1
1
2
2
1
1
1
2
2
1
2
1
2
2
14562274556
2
1
2
1
2
1
1
1
2
2
1
2
2
1
1
2
2
1
2
1
2
2
2
2
1
2
89783956944
1
2
2
2
2
2
1
1
2
27331167565
56791073163
1
2
2
2
1
2
1
1
1
2
1
1
59073361250
2
2
2
1
2
70057602599
2
2
2
2
2
2
2
2
2
2
1
1
837286199
2
1
2
2
1
1
2
1
2
1
69301906640
2
1
1
1
2
2
2
2
15909561864
2
2
1
28497215931
2
1
1
2
1
55721361235
1
34902183364
1
2
1
2
1
2
2
2
1
2
2
1
1
2
2
2
2
2
1
82680090519
2
2
2
2
1
2
1
1
2
1
2
2
1
2
24854276682
1
2
1
96769101252
2
1
2
71053445436
1
1
2
51214304218
1
1
1
1
2
1
1
1
2
1
2
2
2
2
2
1
1
2
2
2
1
2
2
1
2
1
1
2
2
1
2
2
2
1
2
1
2
1
2
1
2
1
2
2
92733266399
1
1
1
1
1
2
2
2
37854561876
2
2
2
97946296828
1
2
2
2
1
2
2
2
1
1
1
2
1
1
1
2
2
2
1
1
2
2
2
2
1
2
1
2
2
2
2
1
2
2
2
2
1
1
1
2
1
2
1
2
2
1
73686041841
2
1
2
2
2
2
2
1
2
2
1
1
1
2
2
2
1
1
2
1
4653661484
2
1
1
2
2
1
2
1
2
1
1
2
1
2
25803610381
1
1
1
19653660301
2
1
1
56882458511
2
2
2
2
1
2
1
1
2
1
1
1
1
1
1
2
2
2
20462071695
19423958031
2
2
2
2
2
1
2
36526867266
2
2
1
2
1
1
2
95067966622
1
2
2
1
2
1
1
1
2
1
98536251137
2
21223490171
1
2
1
1
2
2
2
2
2
2
19772036720
1
2
1
2
2
1
1
2
1
1
1
2
2
87800502830
2
2
1
2
2
2
2
2
2
1
1
2
1
1
1
81797643131
1
2
1
1
1
2
2
2
1
2
1
1
58763647482
11864186468
1
2
2
1
1
2
1
1
59038206242
2
2
84385089076
1
1
1
1
2
11718069725
2
2
2
1
1
2
2
93621388284
2
2
1
78775277868
2
1
2
2
2
2
1
1
2
92903777348
1
1
58322346606
2
27796804780
2
2
1
2
2
2
1
1
2
39062727319
35483068430
1
2
1
2
1
1
2
1
2
1
1
1
1
1
2
1
2
1
2
2
2
2
2
2
2
2
2
1
2
2
1
2
2
20914154564
1
1
1
2
2
2
2
2
93550274731
2
2
2
1
1
2
2
2
2
1
2
2
1
2
1
1
1
1
1
1
1
2
1
2
2
1
1
1
2
2
2
2
2
1
2
2
2
1
2
2
1
2
1
1
1
2
2
2
1
2
2
1
1
2
80406923715
2
2
2
2
2
2
2
2
1
2
2
2
2
1
1
1
2
2
2
2
2
21774642482
1
2
2
1
1
2
1
2
2
1
2
58403554989
1
1
1
1
1
1
2
1
1
2
2
1
1
2
1
31546496846
2
2
1
2
2
2
2
1
2
2
1
1
1
2
2
2
2
2
1
2
2
1
2
1
2
64251810112
1
1
2
1
2
2
1
85473060647
1
1
1
1
1
2
2
2
1
1
1
2
2
2
2
2
2
2
2
2
2
2
2
1
2
83237149075
2
1
2
1
1
1
1
1
2
1
2
1
1
1
2
2
2
1
1
2
2
2
2
20806133457
1
2
1
1
2
2
32784957673
1
2
42614673134
2
1
2
1
2
53271757450
2
83239677984
2
1
2
1
2
1
1
1
1
2
1
2
1
1
1
2
1
1
2
2
1
1
2
1
2
1
1
2
2
35252138905
2
1
24451071870
1
50793885781
2
67838141315
1
2
2
2
1
73777298817
2
54946764681
88935580545
1
1
1
62742988294
1
1
1
1
86438153129
1
2
1
2
2
2
1
2
2
1
1
2
3753100688
2
2
2
1
2
1
2
1
2
1
1
75324797427
2
2
54569729814
1
2
1
2
2
1
1
1
2
1
2
1
1
2
2
2
1
40136912572
2
2
1
2
2
2
2
2
1
1
2
1
2
1
2
2
90687107132
2
1
1
2
1
1
2
1
2
2
2
2
2
2
2
2
2
1
1
2
3222321741
2
1
1
2
2
2
1
2
2
1
2
1
2
2
2
1
2
2
1
2
1
2
8385991155
1
83324263201
1
2
2
1
1
1
1
2
2
2
2
2
1
2
2
1
2
1
2
1
2
1
37267731407
2
2
2
2
2
2
1
1
1
2
2
2
1
1
2
1
1
2
2
1
1
1
2
2
1
1
2
2
72081068966
2
1
2
2
2
2
2
2
2
1
2
1
1
1
2
2
2
28184056604
2
1
2
2
1
2
2
2
1
2
1
2
1
1
2
1
1
1
1
2
1
2
2
1
110130276
2
2
1
1
78166966150
1
2732982962
1
2
2
76372915041
2
2
1
1
2
1
62939546349
1247642547
2
40379799625
2
2
2
2
69454790310
2
2
1
2
2
1
38661442829
2
1
54332593093
2
1
2
2
2
1
28421183792
1
1
1
1
1
1
2
1
1
1
1
2
2
1
1
79076271773
2
1
1
2
2
66654806118
1
2
2
1
2
1
1
2
63906738213
2
2
1
1
2
1
1
2
2
2
2
1
1
2
1
1
2
90904723287
2
2
2
2
1
2
1
36929294404
45265130788
1
1
29189512019
2
1
1
1
2
1
1
1
2
2
1
2
2
1
1
2
2
2
1
2
2
2
79381248076
2
1
2
2
1
2
1
2
1
2
2
1
1
1
1
2
2
2
2
2
2
2
2
1
2
2
1
2
24230565863
2
1
1
1
2
2
1
2
2
2
2
2
2
2
2
1
1
2
1
1
2
2
1
2
1
2
2
2
2
1
1
2
1
1
1
2
2
1
2
1
2
2
1
2
2
1
2
2
1
1
2
2
2
2
1
2
2
1
1
1
2
1
2
35276772461
2
1
1
2
1
2
2
2
2
2
2
1
2
2
2
1
2
2
2
1
2
2
2
2
2
2
2
1
2
2
2
1
37679990171
1
1
1
1
1
1
28246005231
2
1
1
1
1
1
1
1
2
1
2
2
1
2
2
2
2
2
2
1
1
2
2
1
2
2
1
2
2
94802439931
2
2
97415502228
2
1
2
2
31522556739
2
1
2
1
1
1
1
2
1
1
1
2
1
2
2
2
1
1
1
2
1
2
2
2
1
1
2
2
2
1
2
2
58556682096
2
2
1
2
2
2
2
1
2
2
1
1
2
1
2
1
1
1
1
2
2
1
2
2
74687731262
2
2
1
1
1
2
1
1
1
1
2
2
2
2
2
1
1
92930602986
2
2
2
1
2
1
1
1
2
1
2
1
1
2
1
1
2
54630070793
2
1
1
2
1
1
2
2
90233293466
2
2
2
1
2
2
1
2
2
2
1
2
2
2
2
1
1
2
1
2
1
2
1
1
1
1
2
1
1
2
94073289893
1
1
1
2
1
1
1
2
2
35609106797
1
1
1
2
67438786267
2
2
2
1
2
1
2
2
2
1
2
1
1
1
2
1
1
1
45906712587
2
1
1
2
1
1
2
2
2
2
2
2
1
2
2
2
2
2
2
2
1
2
1
2
2
1
1
2
1
2
2
2
1
1
2
1
1
2
1
1
76304865604
2
1
2
2
1
2
1
1
2
1
16030327730
2
1
25446661992
2
2
1
2
2
2
2
1
36020234625
2
2
96912091251
1
2
1
2
80076000664
2
1
22803121797
1
1
2
2
1
1
1
2
1
2
2
2
72959106492
1
2
1
1
13543678424
1
2
2
2
1
47941699529
2
1
77265449840
2
2
1
1
2
2
79678538380
2
1
2
1
1
1
1
1
2
2
1
2
2
4389146592
1
1
2
45251480038
2
1
8435680222
2
2
2
2
2
1
2
95192479051
2
50455558004
1
2
2
60085964040
2
1
2
2
1
2
2
2
2
2
1
2
1
1
2
2
1
2
1
23658744049
2
2
1
2
1
1
2
2
2
1
2
2
1
2
2
2
1
1
1
1
1
1
2
2
2
2
12109533837
1
1
1
1
2
1
67301959469
1
2
2
2
1
2
2
2
2
2
1
1
1
1
2
2
2
37299012167
1
2
2
2
2
1
2
1
1
2
2
2
2
2
1
2
1
1
2
2
1
1
2
2
2
2
2
1
2
2
1
91432268216
1
1
1
21539638830
1
2
2
1
2
2
1
2
2
2
1
1
1
2
1
2
1
1
2
1
2
13878001828
2
1
1
1
2
2
1
1
19286605583
2
6807924818
2
88565738434
2
52324884182
68462517257
1
2
1
2
1
87486673353
2
1
1
1
1
1
2
2
1
1
1
1
1
87584515133
2
2
2
2
2
1
2
23778404859
1
2
1
1
2
1
2
1
1
2
2
2
2
2
2
1
1
2
1
2
28726492678
1
1
1
1
1
1
2
1
2
2
2
1
1
2
98352618732
2
49815883038
2
2
2
2
2
1
1
2
2
2
2
13464474203
1
2
1
1
88652501145
1
2
9926214503
1
76003510737
1
2
35974728232
2
2
12083610774
1
1
1
2
1
2
1
1
2
86297886208
1
1
1
2
2
2
2
1
1
2
2
2
2
82732176333
1
1
1
1
80514425476
1
2
1
1
1
1
1
1
2
2
1
2
2
2
1
2
1
2
2
2
1
1
2
87326451744
1
2
1
1
1
1
2
1
2
1
2
2
1
2
1
1
2
2
1
2
2
1
2
1
69911927358
1
2
1
2
2
1
22993703870
1
2
2
1
2
2
1
1
2
2
2
1
2
2
2
1
2
1
1
1
1
1
2
1
2
2
62619439850
1
1
1
1
1
2
1
63754450097
83320659884
1
85204608987
1
2
2
1
1
84449413116
1
2
2
1
2
1
2
2
2
1
1
70779286099
2
2
2
1
2
2
2
2
2
2
2
1
2
1
2
1
2
19930578951
1
20919232639
2
2
1
1
2
2
1
2
1
2
1
2
1
2
1
2
2
2
1
2
2
1
2
2
2
1
5534346218
2
1
1
2
1
2
2
2
1
2
1
2
2
1
2
2
2
2
2
1
1
1
2
2
2
2
1
2
1
1
1
2
2
1
2
1
1251805658
2
2
2
2
1
2
1
2
2
13209966127
2
2
1
1
1
2
1
1
1
1
2
73675160487
1
23235963947
1
2
2
2
2
1
1
83942272662
2
1
2
1
2
1
1
2
1
2
2
2
2
1
68812343270
1
2
2
62682349443
1
1
2
1
2
1
2
1
1
1
2
46277994272
1
1
1
85844485275
1
2
2
2
2
1
2
2
1
1
1
1
1
1
2
2
1
2
1
2
1
2
67893633082
2
2
1
1
1
1
1
2
2
1
2
2
2
2
1
42513948879
1
2
83716410206
2
2
2
2
1
2
2
2
1
1
14159745378
80205569841
2
1
2
4548609437
2
2
2
2
2
1
1
2
1
2
2
1
2
2
2
1
1
1
2
1
2
1
2
1
2
1
1
1
2
78557937070
1
1
46160459201
2
1
2
2
2
1
1
1
2
2
2
1
2
1
76273765293
1
2
2
2
1
2
2
1
2
1
1
2
2
2
1
2
1
2
2
2
2
1
1
2
2
2
1
2
16618492562
2
1
2
2
2
1
3882187591
1
1
1
18349844472
2
58044507441
48967676720
2
2
2
92362923630
1
2
2
2
2
2
1
2
51740815424
1
2
65401347600
1
2
2
2
1
2
2
1
1
1
1
2
2
2
1
2
2
1
1
1
2
2
1
2
2
2
1
2
1
2
2
2231557432
1
1
1
1
78837234614
2
1
1
2
2
195055095
1
1
1
1
1
2
2
2
2
1
8052598842
2
2
2
47204592572
2
2
1
2
61600015638
1
1
2
2
2
2
2
2
1
1
1
1
1
2
2
2
2
2
2
2
2
1
2
2
2
1
2
1
1
1
2
95628414045
2
1
2
2
1
1
2
2
2
1
1
1
2
2
2
1
2
2
2
2
2
2
1
2
1
2
75891672831
1
1
1
2
2
1
2
2
1
2
2
1
2
2
42410275809
2
2
1
2
62319278444
27786332728
2
1
2
2
2
1
2
1
1
1
2
1
1
2
1
1
2
1
1
2
2
2
94401971719
1
1
1
1
2
2
62240159214
2
2
2
1
18769001757
2
1
73720305938
1
1
2
2
2
1
2
1
1
2
1
1
1
1
2
1924395113
2
2
2
2
2
63076381890
2
2
2
1
1
2
2
88686524968
74223332889
19622161417
2
2
2
1
1
2
1
1
2
1
1
1
21490456179
1
2
1
2
2
2
1
1
2
2
2
2
2
2
2
1
2
2
2660943785
55776366881
1
2
1
28901500546
2
1
1
1
1
2
1
1
2
2
1
1
69015959618
1
2
2
2
27917976249
1
2
2
2
1
59165093951
2
1
2
2
1
286731379
2
2
2
1
1
1
2
1
2
2
2
2
2
2
1
1
2
1
52866696921
2
1
2
1
1
2
2
2
1
2
2
1
1
2
2
1
1
2
2
79434946668
13772346859
1
1
1
2
1
1
2
1
2
2
2
2
2
1
1
1
41906811238
2
2
2
1
2
2
1
2
2
2
1
2
1
2
1
11053596051
1
1
2
1
2
50100590894
1
2
2
2
1
1
2
2
1
2
2
2
2
2
2
1
2
1
2
1
2
2
2
2
47753732180
56229482995
2
1
1
2
21427966809
1
1
24079230670
1
1
1
2
2
2
2
2
1
35797052600
1
2
2
2
2
2
2
1
2
1
2
2
2
2
5699174357
1
2
2
2
1
1
1
2
2
85827697130
2
2
17077125292
3758136720
2
2
2
2
1
1
1
1
1
2
1
1
2
2
1
2
1
1
1
2
2
1
1
1
1
2
2
2
1
1
1
1
2
2
1
2
2
1
1
2
2
2
2
2
2
2
2
1
2
80230600630
2
2
1
1
1
2
1
2
2
2
1
1
1
2
2
2
2
2
2
2
1
2
1
2
2
2
2
1
2
1
1
2
2
85104466048
1
1
2
2
2
2
1
1
2
1
2
1
2
96063466937
2
2
1
2
1
1
1
2
2
57994970624
2
1
1
2
2
2
1
2
2
1
1
2
1
2
1
1
1
1
2
2
2
2
1
2
2
2
2
64197324133
2
2
1
2
2
1
2
1
1
1
1
1
1
1
2
2
75723299529
2
2
1
2
2
2
2
1
2
2
2
2
1
1
60061230271
2
2
2
1
1
1
2
1
1
2
2
1
2
1
2
2
1
1
2
1
1
43618900515
2
1
1
2
2
1
1
34647149020
2
1
1
1
2
2
2
1
35131440901
1
2
1
2
2
2
2
2
1
2
2
2
2
2
1
1
2
1
1
49860316506
1
2
2
2
2
1
78304505640
1
1
1
1
2
2
1
1
1
1
29360405612
2
1
481111404
2
1
2
2
58009908687
1
1
79545022991
2
1
2
2
2
2
1
2
1
2
1
2
2
2
2
1
1
30964126741
2
1
1
2
2
2
22981840350
1
2
2
1
2
1
1
1
69221950401
1
2
2
48506016391
2
2
1
2
26565804158
2
2
35297966609
96067526048
1
2
2
2
1
2
2
2
1
63714312965
2
1
2
1
1
1
1
1
1
1
2
18436200517
1
2
1
2
1
1
1
1
1
2
2
2
2
1
2
2
2
2
2
2
2
2
93790657411
1
2
2
2
2
95931485864
1
1
48749914519
2
1
1
2
2
1
49916833468
1
2
2
2
1
14037055314
2
2
1
24776763513
1
2
2
84613460264
1
2
1
1
1
74229594531
2
2
1
2
1
2
24738493067
1
1
1
2
2
1
1
1
90767056669
19859452068
77991739598
1
1
2
2
1
2
1
2
14051880755
1
91895377706
2
2
1
2
2
2
1
2
5191377551
2
1
2
1
2
2
2
1
1
2
1
1
1
2
2
95844509451
2
2
2
1
2
2
1
2
37776951628
1
2
1
2
2
1
1
1
1
1
1
2
2
2
1
2
2
58938254208
1
73873677252
2
32189161000
1
2
2
2
2
1
1
2
2
2
1
2
1
1
2
96107295968
1
2
2
2
1
1
2
1
1
1
1
2
53636883315
2
1
2
1
2
1
2
1
2
2677516890
1
2
2
2
2
1
45159911668
2
2
1
1
2
1
2
1
2
1
1
1
2
2
2
2949876924
1
1
1
2
2
2
2
2
1
2
2
2
2
37278077184
2
1
2
29213176626
184811405
2
1
1
60462548522
2
2
2
2
2
1
2
2
2
2
1
2
28664812944
2
1
1
1
1
75287142653
1
1
1
1
20650872165
1
2
2
12881442977
1
2
2
2
2
1
1
1
2
1
2
2
2
1
1
2
2
1
1
2
2
2
1
2
2
2
2
1
2
2
2
2
57079245958
2
1
1
60889120582
2
2
1
2
1
1
1
13473293632
2
2
42032106
1
37676486353
1
1
2
2
1
2
1
1
2
1
2
2
2
1
1
17775978778
1
2
2
1
1
40181804766
74835616153
2
2
2
2
2
2
1
1
2
1
84048264016
1
2
1
2
1
1
2
2
1
1
1
1
2
2
38916242155
2
2
2
1
42217672381
1
2
1
1
2
1
1
1
29119665806
2
2
2
1
1
1
1
1
1
1
1
1
1
2
2
1
86598286678
1
2
1
2
2
89058858212
2
2
2
2
2
1
2
38972943702
1
1
2
1
2
2
2
2
1
1
1
2
1
2
1
2
1
1
1
2
1
1
1
1
22970739518
2
2
2
1
2
6936538387
2
2
2
1
2
2
1
1
1
2
1
2
75989327165
4370500325
2
2
1
58072545684
29076787034
2
1
2
2
2
1
2
1
1
1
2
2
2
1
2
2
2
1
2
1
2
1
1
2
1
2
2
2
1
1
2
2
2
1
1
2
1
1
1
1
2
2
2
1
1
2
2
2
1
99150600922
2
1
2
1
1
2
1
72371087866
2
2
2
2
2
2
2
79699779447
2
1
5341724512
2
1
1
2
1
1
1
1
2
11826885490
85372139764
2
86171968588
1
1
2
2
1
2
2
2
1
2
2
1
1
2
36783887944
2
2
1
2
2
2
2
2
2
1
2
1
1
2
54732666464
2
1
1
2
1
2
2
1
2
2
29369649129
2
2
2
2
2
16161761182
22399709064
1
1
2
1
25983464149
1
1
2
2
1
2
2
1
1
2
1
1
2
1
1
2
1
2
2
2
2
2
2
1
1
1
2
2438355127
2
2
2
1
1
1
1
2
1
2
2
85187462539
2
2
1
36782951116
3518927415
2
2
2
2
1
1
1
1
2
1
1
1
1
2
2
2
2
81861778258
1
2
83893803206
2
45914978753
1
1
2
1
2
2
1
2
2
1
1
2
2
1
2
1
2
2
1
2
1
2
1
90166144409
1
2
82994497217
1
29836044560
2
1
1
1
1
1
1
1
2
1
2
1
1
2
10492920572
2
1
1
1
2
2
1
2
2
2
2
2
2
6910993750
1
2
1
2
2
2
1
2
2
2
1
1
1
2
2
2
1
1
1
1
1
1
1
1
1
2
2
2
1
1
1
6813516803
2
1
1
1
1
61709924459
39178475783
1
2
2
2
2
1
2
2
2
1
2
1
2
2
1
2
1
2
2
1
1
2
2
92755959713
4485656748
1
2
5200084236
1
1
1
1
1
1
1
1
2
2
1
2
1
1
2
2
2
1
2
1
1
1
1
1
1
2
1
1
1
2
1
74441923117
1
1
1
2
2
2
2
1
28793870564
1
2
2
2
1
2
2
2
1
996712433
2
1
2
2
28997633389
1
1
1
2
19898203401
1
2
1
1
2
2
1
2
1
1
92988439312
2
1
2
51248356749
1
1
2
2
2
1
2
2
2
56739276815
2
1
1
2
25706376400
2
1
28462790822
66222060092
2
1
2
1
1
2
1
1
1
2
2
2
2
1
2
1
2
1
1
2
2
2
2
1
2
1
1
1
2
2
1
1
1
1
2
2
25069699465
1
1
2
2
2
2
2
2
2
2
2
2
2
1
2
1
1
25271248382
2
1
2
2
2
2
55639198477
2
97127292597
2
5054813682
1
1
1
2
2
2
1
1
1
2
1
2
2
1
49240064737
2
1
1
2
1
2
1
75106606700
1
2
2
2
1
2
2
2
1
2
2
1
1
1
2
2
2
1
2
2
2
2
20918988885
1
39517092929
1
25320624020
1
1
1
1
1
1
2
1
2
1
77385254999
1
2
2
1
1
2
2
2
2
2
8750183280
2
1
2
2
1
1
1
1
1
2
2
16218621286
13391392252
2
80559623863
2
2
1
2
1
2
1
2
1
1
1
1
2
2
2
1
2
96317381495
95985503069
1
1
1
2
1
2
1
2
47335555670
2
2
2
1
95242731230
1
2
1
2
52819672906
2
2
1
2
2
1
2
1
2
1
1
2
1
1
2
2
2
2
1
2
51309530011
2
1
2
1
2
1
1
2
1
95466244463
1
1
2
2
2
2
2
1
2
1
1
2
1
2
2
2
1
1
2
1
1
590029032
1
33058842608
2
1
2
2
2
1
2
2
1
2
761870956
2
1
2
1
1
1
2
2
1
1
2
2
1
1
1
2
1
2
2
2
1
2
1
2
1
43316747105
2
2
1
1
2
1
2
1
1
1
2
2
2
1
1
2
2
87542397704
2
2
2
1
2
2
1
1
1
2
1
1
1
1
2
2
2
1
73503057689
2
2
1
1
1
2
45036979262
1
2
2
1
2
1
1
2
42796256853
1
2
1
2
2
1
2
1
1
2
92069994575
2
2
1
1
1
2
2
2
2
1
2
1
1
2
2
20757098010
2
1
2
2
1
2
2
2
1
1
1
2
1
1
1
2
2
1
2
1
2
2
2
53574235215
2
1
2
1
2
2
1
1
2
1
1
1
1
1
1
2
2
2
1
1
2
1
1
1
28072806632
1
94579856256
1
2
2
2
71299272060
2
2
45329617520
2
1
1
1
2
1
1
51656968475
2
2
2
2
20373507277
1
2
2
2
1
2
2
1
1
1
2
2
1
2
1
2
1
61030005194
1
16037098614
59337250743
1
1
99184836601
1
1
20182325053
1
1
1
2
1
1
2
1
1
2
2
2
2
24595673877
2
1
2
2
2
1
2
2
1
2
2
2
2
2
2
1
1
2
1
2
55306182565
2
44921031700
2
99478660487
2
1
1
21661686450
1
2
1
1
1
2
1
1
2
1
1
2
2
1
83205795771
1
1
1
1
1
2
2
1
2
2
1
1
2
1
1
1
1
2
1
2
24781541342
1
2
1
1
2
2
1
2
298917248
2
1
2
44620408823
1
84398038127
2
2
1
2
1
2
62212788961
2
1
1
2
2
1
2
2
2
2
1
2
1
1
2
1
2
2
1
2
1
37053178265
2
7158484022
2
1
1
2
2
1
2
1
2
2
2
1
2
1
2
1
2
63861285046
2
2
1
2
18194325713
1
1
2
53063140458
33543723082
2
1
2
41767494162
1
2
2
1
1
2
2
1
2
2
1
1
1
1
2
38507286491
2
2
98210534551
2
2
2
1
2
2
2
2
1
2
2
2
2
1
2
1
1
2
2
1
1
1
2
2
2
2
1
2
1
1
2
2
1
2
1
73048749148
2
2
37460210171
1
1
1
2
2
2
1
1
1
2
1
1
2
2
1
1
1
2
2
2
1
1
2
2
2
2
1
2
2
2
1
1
2
1
2
1
1
2
2
2
3362376700
2
2
14003373179
1
2
2
2
2
2
1
2
7252923734
2
1
2
2
1
2
11355859613
1
2
2
2
2
2
1
2
2
1
1
1
2
1
1
2
1
2
43438875958
1
2
1
2
1
2
46031360459
2
2
2
1
31668598283
9001040966
2
1
1
2
1
2
11652656828
2
2
2
1
78512892679
1
2
1
2
2
1
20456188508
1
1
2
1
2
2
1
1
1
2
1
2
2
1
1
1
2
1
2
1
1
16251096682
1
1
2
2
1
98249203468
1
1
1
1
1
1
1
2
2
1
2
1
1
1
1
1
1
2
1
2
2
1
1
1
2
1
1
2
64674025729
2
1
2
1
2
2
1
1
15423321758
18518169909
2
2
1
43972520008
62203638741
2
2
80153325729
1
1
1
81269759269
1
1
2
1
2
1
1
2
2
2
1
2
2
1
1
2
2
2
1
1
2
2
1
2
2
2
2
1
2
2
2
2
2
1
2
1
2
1
2
2
1
2
1
1
2
1
1
2
2
2
2
1
2
1
2
1
2
2
2
1
2
1
2
2
2
2
2
2
51697025012
1
2
1
74786838276
1
2
2
2
2
2
2
2
2
2
2
1
1
1
2
1
2
1
2
1
2
1
1
2
2
1
1
1
2
2
1
1
1
2
2
2
2
75931712917
2
2
2
65583891937
2
1
1
1
2
2
2
1
1
1
2
1
1
1
1
2
2
2
55256820582
1
2
2
1
2
1
2
1
1
2
2
2
2
2
1
2
2
1
1
2
2
1
2
2
1
2
1
1
2
2
2
2
2
1
2
2
1
1
1
1
2
1
1
2
2
1
67442816826
2
80480851752
2
1
2
2
2
2
2
2
2
2
1
1
2
1
2
2
2
2
2
2
1
2
2
2
2
2
45220793822
2
1
2
2
1
2
2
1
1
41094428475
2
2
2
2
20340809301
2
17388359705
1
2
2
1
1
2
2
2
2
1
2
2
2
2
1
2
1
2
1
2
1
1
2
40305019963
2
1
2
2
1
2
2
59543227866
1
2
1
2
2
2
1
2
2
2
1
1
2
2
2
2
91187284111
1
1
2
2
2
1
1
64795980145
2
1
2
1
86197839618
2
2
2
1
44942009706
2
2
2
2
2
1
1
1
1
1
2
2
1
2
2
1
63146565014
2
2
2
2
57806377173
1
2
24317889689
2
1
1804271180
2
2
1
2
1
2
1
1
1
1
1
2
2
2
2
2
2
43865049014
2
1
2
1
1
55888854603
1
2
1
98854176741
2
2
1
2
2
2
2
2
2
1
2
2
1
1
1
1
1
2
1
2
2
1
2
2
2
1
1
2
2
1
1
2
2
2
2
1
1
2
2
2
1
2
2
2
52461330529
2
2
2
1
1
2
1
2
2
1
2
2
2
2
2
24314854515
2
2
1
1
1
29140832743
70080919924
2
2
2
1
1
39190206307
1
2
2
2
1
1
1
2
99589294112
2
1
1
2
1
2
1
9420469053
1
1
2
1
2
2
1
1
99145891030
2
33021085904
1
51584485456
2
1
2
1
1
1
55803580606
2
7439270705
1
1
1
2
2
2
1
66697448703
2
2
2
1
2
1
1
1
1
1
2
1
2
1
1
2
2
2
2
1
2
2
67694794558
1
1
1
1
1
2
1
2
2
1
2
2
2
1
2
2
2
1
1
2
2
1
2
1
2
8460162118
2
2
2
66809403893
2
2
2
59422870565
2
2
1
2
2
2
2
2
18138810363
2
2
2
1
47693479085
2
1
1
2
2
1
1
2
2
2
79134524383
2
1
2
2
1
1
2
2
94929002485
1
1
1
1
1
2
1
1
1
2
1
2
1
8571899473
2
2
1
2
2
2
1
84749603077
2
1
2
2
1
2
2
1
1
2
2
1
2
1
2
1
1
2
2
1
2
2
2
1
2
1
1
1
2
2
37535205202
2
1
1
1
2
2
2
1
2
2
1
2
1
2
1
2
1
2
2
1
2
1
1
1
2
1
1
1
1
2
1
1
57245052099
2
2
2
11461248813
2
1
1
2
54148520058
2
2
1
1
2
2
1
1
2
1
28213350127
1
1
2
1
1
2
2
2
1
2
1
1
2
2
2
1
2
2
1
1
8465462306
1
79309516538
98142434123
2
1
1
2
2
1
1
2
2
2
2
13553999135
29449541494
2
1
1
2
2
2
2
2
59885868490
1
2
1
2
2
1
48713720041
2
1
1
1
1
1
1
2
1
2
1
2
2
2
1
2
2
21415447500
1
1
1
2
1
2
2
2
2
2
2
2
1
1
1
1
2
2
2
80990959695
2
2
2
1
4586185795
1
2
1
1
1
2
1
1
2
2
1
2
1
1
2
1
2
1
2
2
57313018876
2
2
2
1
1
2
2
2
1
2
1
1
1
1
8748582262
42243188255
2
1
2
1
2
2
2
2
1
1
23577816095
2
2
2
2
2
2
1
2
1
2
2
19662123220
1
59349023252
1
29455019838
1
1
2
2
1
96479621330
1
1
2
1
2
1
2
2
1
2
2
2
2
1
1
2
2
2
1
1
2
2
2
1
2
2
1
1
2
1
2
99997533458
2
1
2
2
2
2
2
2
13169955817
1
1
1
2
2
1
2
2
1
2
2
2
91620019232
2
1
2
1
2
1
1
2
1
1
2
1
1
2
2
1
1
1
1
1
2
2
86881797068
2
2
1
45928059531
2
1
2
2
1
2
2
1
26574498763
1
2
2
2
1
2
2
2
1
2
1
1
1
1
1
2
2
1
1
2
1
1
1
2
2
12737715385
2
2
1
1
2
1
1
2
87121059619
1
2
1
2
1
12914270998
1
2
1
1
1
2
2
2
1
1
1
2
1
2
2
57830077749
1
2
1
1
2
1
2
2
2
2
1
1
50172866777
1
1
2
1
2
2
2
2
1
1
1
1
2
2
2
2
1
2
1
2
2
1
2
1
2
1
2
2
1
2
1
2
2
2
1
1
2
1
1
1
1
1
1
33581156792
1
64093663860
1
84933492016
89825612589
2
2
2
2
76506680432
1
2
22291762217
2
1
1
1
1
2
21481661195
2
2
1
2
2
1
1
2
2
2
1
2
59550975805
2
1
1
1
2
1
50900450575
2
2
2
2
2
2
99655338685
2
1
1
1
1
2
70218972491
2
1
1
1
1
1
2
2
1
1
1
2
22698596206
1
2
2
2
1
1
1
2
1
2
1
2
2
2
2
2
47992572026
1
2
2
2
2
1
2
1
1
1
40825602834
2
1
2
1
2
2
1
1
1
1
1
2
1
1
1
1
2
76775766908
2
1
2
2
2
1
1
2
94285627454
2
2
2
2
1
1
1
2
2
1
2
2
2
1
1
2
2
2
1
1
67470927802
2
1
1
2
1
2
1
1
69360578934
2
2
1
2
2
1
2
1
2
2
2
1
1
2
1
2
1
2
2
2
2
2
1
2
2
27665336724
2
2
2
2
2
2
1
2
2
44355069468
1
1
2
2
2
2
2
2
81103583724
2
1
94046719413
2
1
2
1
2
2
63081328911
61435506136
2
1
1
2
2
2
1
2
2
2
1
1
2
2
37606967635
2
2
2
2
1
2
2
1
1
1
37071275482
2
1
1
1
2
2
1
2
2
2
1
1
2
1
1
1
2
1
2
1
65922787426
2
2
2
2
2
2
2
83546344676
11306519087
2
1
1
1
50098254553
1
1
2
2
1
2
2
2
1
1
1
2
84830873755
2
1
1
2
2
1
39613782209
2
63958854269
1
38914704337
1
1
53137466169
2
1
2
2
2
1
1
2
1
1
2
1
1
2
3025383324
2
2
1
1
1
2
2
2
1
1
2
1
1
2
2
2
2
2
1
2
2
45912571654
2
1
2
2
1
1
1
1
2
1
2
2
2
1
2
97069895508
1
2
1
1
97528853279
2
2
2
2
2
1
2
2
1
2
1
1
2
1
2
2
2
2
1
1
2
5346288910
2
23023667341
1
1
2
2
1
2
2
19083964061
2
1
2
2
2
30940845470
1
1
2
1
2
2
1
2
2
1
2
1
5346958268
46186617460
1
2
1
77115596852
2
1
2
1
1
1
2
1
2
1
1
1
2
2
2
2
1
2
1
1
1
2
2
1
68480494654
2
95439664820
2
2
2
1
2
2
2
2
2
2
2
2
2
27680563136
2
2
1
1
1
2
2
1
2
2
2
1
2
1
1
94908181292
1
2
1
1
1
85806631372
1
2
2
2
2
1
2
1
2
1
1
1
1
1
2
1
25737949892
1
1
2
1
1
19087016339
2
77897683958
2
2
272125306
1
2
2
12761728063
1
2
1
70900867502
1
1
2
1
2
1
2
1
2
2
1
2
2
2
2
2
2
2
2
1
2
2
1256526493
2
1
1
1
2
1
1
85248298915
1
1
31440471132
2
1
2
1
2
2
51747459502
2
2
2
1
1
2
1
1
1
2
94313327554
2
1
2
2
2
2
1
2
2
2
2
1
1
2
1
71588711439
1
7896373567
59668906217
2
1
2
1
2
2
2
2
2
1
1
1
2
2
1
1
2
2
1
1
2
2
2
1
2
1
1
2
2
2
2
2
1
2
2
2
1
2
2
1
1
2
1
1
2
1
2
2
1
2
1
1
1
1
2
1
2
1
2
1
2
1
1
2
1
2
2
1
2
6124460674
1
1
1
2
2
1
2
2
1
2
1
1
2
2
39615248091
1
1
1
1
2
1
1
11277526455
1
1
2
2
1
2
1
1
1
2
2
37569136103
1
1
2
2
1
2
1
2
2
2
2
2
1
2
1
44965244943
1
2
2
2
2
57295192687
2
81442017728
2
1
1
2
2
2
2
1
1
1
1
1
2
1
2
1
2
2
1
1
11148449451
2
1
1
2
1
2
1
2
2
2
1
2
2
1
1
1
2
1
1
1
1
1
1
2
1
2
1
2
1
1
2
1
1
1
2
1
1
1
1
2
1
2
2
1
1
1
2
1
2
2
2
1
2
1
2
1
1
1
2
2
2
2
94709819271
44688434982
52785463369
2
1
64168371849
1
1
1
2
52166334196
2
1
67596246927
2
1
2
2
1
1
2
1
2
2
1
2
2
1
2
1
1
1
2
1
2
1
1
1
1
1
2
2
1
1
2
2
2
1
1
2
1
62114470854
1
1
2
2
1
1
1
1
2
37030402570
1
1
2
2
2
1
57752840502
83448052054
1
2
1
2
1
1
1
2
2
18898525828
1
1
67448776100
2
2
68921986438
2
48580778965
1
2
2
1
1
1
2
1
2
1
1
39072253347
2
2
1
2
1
1
2
2
1
1
10838203070
1
2
2
2
1
1
1
2
2
2
1
1
2
2
1
1
1
1
2
2
77073140977
2
54392374605
1
1
2
1
1
1
1
2
2
2
1
1
1
1
2
1
2
1
1
1
1
1
1
2
2
2
2
2
2
2
1
11642864378
1
2
2
2
2
1
2
2
1
1
2
2
46983083382
2
1
2
2
1
1
2
1
2
1
98747296216
1
1
2
2
2
15905014245
2
2
20358902324
1
2
2
2
2
7883193648
2
2
1
2
1
1
2
1
1
2
1
1
2
2
2
8734838265
1
2
1
2
2
2
2
2
1
2
1
2300252891
1
2
2
2
1
1
1
1
2
2
2
1
2
2
1
2
2
1
2
71321312836
2
2
2
2
2
1
2
1
74233386109
1
1
2
2
1
1
1
2
1
1
1
2
2
2
1
1
1
2
2
2
2
2
2
1
2
2
32909937460
75900810830
36844393514
2
1
1
2
2
2
2
1
2
2
2
2
2
79565470740
1
1
2
2
86554922954
2
2
2
1
1
2
2
1
1
1
2
1
2
1
2
2
1
1
2
2
2
2
2
1
1
2
1
1
2
1
2
91523503356
99353979607
1
2
1
2
2
2
1
1
2
1
2
1
2
1
1
72792702895
2
2
2
1
2
1
2
1
2
1
2
1
1
2
2
2
1
1
761180571
2
10396481682
1
1
1
2
2
2
2
2
2
2
2
79710605591
2
1
1
16538911804
2
2
48290904823
2
2
2
12619932058
1
2
2
2
1
2
1
1
2
56044221538
1
1
1
1
2
1
2
2
31626197055
2
2
1
2
1
2
1
1
1
15497210043
1
1
1
2
1
2
2
2
2
2
2
1
2
2
58418598199
2
43535371433
2
1
30932769382
2
1
2
2
2
1
2
1
33784038851
2
1
2
2
1
2
2
2
2
1
1
1
1
2
2
1
1
3651446916
1
1
8077391469
1
1
1
2
2
2
2
2
1
2
2
2
2
1
2
71700941628
2
1
1
1
29978954977
2
2
1
2
2
2
1
2
2
2
1
2
1
1
1
2
2
2
2
96991013421
2
2
2
2
1
2
2
1
1
2
2
2
2
1
1
2
2
1
2
1
85612940636
2
59626710179
2
1
2
2
1
2
2
2
2
2
2
46147052874
2
47155826913
1
2
2
2
37776927429
2
2
1
1
31278943454
2
2
2
2
1
1
1
2
2
2
1
1
2
1
2
2
2
1
2
1
1
1
2
2
1
1
1
98644139409
2
1
1
2
71352776925
2
2
46874011992
2
2
46326763543
2
2
2
2
1
33611131126
2
2
41003265680
2
1
2
1
2
1
32992822088
1
2
34509027488
2
2
50453164652
2
2
1
2
2
2
1
2
2
2
2
1
1
2
1
1
2
1
2
2
1
2
2
2
2
1
2
2
2
1
1
1
2
1
27420840115
1
1
2
2
1
2
2
1
2
1
80532515322
2
2
14112406393
2
2
2
1
1
1
2
2
2
2
1
1
1
2
2
2
2
1
2
2
1
12899563222
1
1
1
2
1
1
1
2
2
2
1
37295633867
2
2
1
2
29876846376
1
1
2
99587277783
2
2
1
2
1
1
1
1
2
1
35265841249
2
59235662145
2
1
9033270423
1
1
1
2
1
2
2
2
2
2
1
1
2
1
1
2
2
2
1
1
2
1
1
2
1
2
2
2
2
2
2
1
3057583468
1
1
1
1
1
96107686337
2
2
1
2
1
2
1
1
2
2
18151152545
2
2
2
2
2
1
2
1
1
1
2
2
1
2
2
1
2
2
2
2
2
1
2
1
1
1
1
1
2
2
1
1
1
1
2
1
1
2
1
1
2
1
1
2
1
1
1
1
2
1
2
2
1
2
2
14766332865
1
2
2
2
2
2
1
1
1
2
2
1
2
1
2
1
48461476016
1
1
1
1
2
1
2
2
1
1
1
2
2
2
1
1
2
61140254560
2
39127952691
1
1
2
2
55595476523
2
1
2
1
1
2
1
1
1
2
2
1
1
1
2
1
1
2
1
1
1
2
2
1
1
2
2
1
2
1
1
1
2
1
2
56681478176
2
1
2
44500572471
1
1
2
1
1
1
37813168536
2
2
1
1
2
2
1
2
1
1
2
2
2
53096528462
6920472240
1
2
23604632287
1
2
1
2
2
2
1
2
1
1
2
2
1
1
2
1
1
1
1
1
2
1
68156582706
1
2
2
1
2
2
1
2
2
2
1
2
98834471204
14856391037
1
2
20478060169
2
2
1
1
1
2
1
1
1
2
1
1
2
2
2
1
1
2
1
2
1
2
2
1
1
1
1
2
1
2
2
2
2
1
2
2
1
96152144697
95678180329
2
2
1
2
1
2
2
2
1
1
1
1
1
2
2
1
1
2
88940913840
1
2
1
29430587751
1
2
1
1
1
1
1
1
2
2
12065367250
1
2
2
1
2
2
2
2
1
2
2
1
2
2
1
1
1
1
2
2
1
1
78509869946
2
1
2
1
2
2
2
2
2
2
2
1
1
2
2
1
1
1
2
2
2
2
2
2
1
76570415999
4730619432
2
1
2
2
2
2
1
2
2
2
2
1
2
2
1
1
2
1
2
1
2
1
86914946061
1
2
2
2
2
2
1
24048575136
1
2
1
2
10709108945
2
2
1
1
2
2
1
2
2
1
1
1
42244367461
2
2
1
1
1
97084897013
2
1
1
2
2
1
2
2
70115980849
2
1
1
1
1
2
1
2
2
2
1
2
1
2
2
1
1
2
1
1
2
2
1
2
2
1
2
1
2
1
1
2
2
1
55951061013
2
1
2
2
1
2
2
2
1
54505776571
1
2
2
1
1
2
2
1
1
2
2
1
1
1
2
2
2
1
2
2
2
2
1
2
2
1
1
2
1
2
2
2
1
1
1
1
1
1
1
1
2
32398404285
1
2
2
2
2
1
1
2
66941009231
1
2
1
1
1
1
2
2
1
2
1
1
1
1
95946607493
1
2
1
2
1
1
2
2
2
2
1
2
2
1
54432517987
1
2
98502381485
2
1
2
1
2
2
2
2
2
1
2
34441059502
2
2
2
2
2
2
2
2
2
1
2
2
1
1
2
2
2
1
2
1
58518839533
2
2
2
2
2
2
2
78089225848
2
2
2
2
1
1
2
2
1
1
2
2
1
2
2
2
2
1
2
2
1
2
1
6905165970
2
2
1
2
1
2
2
2
1
1
2
1
1
2
1
1
2
2
1
1
2
20548009968
2
2
2
75163432982
1
2
2
1
2
2
2
2
51900825041
2
1
95198519689
2
2
1
2
8972286644
2
2
1
2
2
1
1
34278809290
2
1
2
2
2
1
1
1
2
8468076241
2
2
2
1
1
2
2
2
4421200130
1
1
1
1
61967502339
44411975988
1
1
1
2
2
2
1
1
1
1
58500433584
1
2
1
1
2
1
1
1
2
1
2
2
1
1
1
2
1
2
2
1
1
1
1
1
2
2
2
2
2
2
2
1
2
2
1
1
1
7132598783
1
1
1
1
2
48843362787
1
2
2
2
2
70916611883
2
2
23024321553
2
2
2
1
2
2
1
26573244156
2
2
1
1
2
2
1
21639703618
2
1
1
2
1
1
2
1
2
2
2
1
1
2
1
2
2
2
2
1
1
1
2
1
1
1
1
1
1
2
76947247859
2
1
1
1
2
2
2
1
11285503437
2
2
1
2
2
2
1
2
2
10308097603
2
1
2
1
1
1
1
2
1
1
2
2
2
41542216114
29887156412
1
2
2
2
2
1
1
2
62799885425
1
1
2
1
1
2
2
2
1
2
2
67034965409
2
73932944677
2
2
2
1
2
1
2
2
2
1
2
1
2
2
2
1
1
1
2
2
1
2
2
1
1
1
2
2
54270207317
2
2
1
1
2
2
1
1
1
2
1
2
2
1
1
1
2
2
2
1
2
2
1
2
2
1
1
2
2
2
2
1
2
2
64416327308
1
2
2
2
2
2
2
2
2
2
15599914241
2
2
1
2
1
2
1
1
2
1
2
2
51500626377
1
1
2
2
2
1
1
1
1
2
1
2
1
1
1
1
1
2
64282293132
2
47099766513
1
2
1
2
33580922164
2
1
2
2
2
2
2
1
1
2
2
2
2
1
2
2
2
2
2
1
2
1
2
1
39606549157
2
2
1
2
44811419989
2
2
1
2
2
1
1
2
1
2
2
1
2
2
2
1
2
2
2
2
1
1
2
1
35819548782
2
1
1
1
2
2
2
2
1
2
2
1
1
1
1
2
96943749573
1
1
2
1
2
1
2
1
2
2
2
2
2
2
2
2
2
2
2
2
2
13629176039
1
1
2
1
2
1
1
55920485473
1
1
38481442722
2
2
2
2
1
1
2
2
1
1
2
62472491260
99306355228
1
1
1
1
2
53534421775
2
2
2
1
1
2
49702740520
2
2
1
1
1
1
1
2
2
30522155686
45996826107
2
2
2
1
2
2
1
1
1
1
2
2
2
15440658891
1
1
1
2
2
2
2
62015559198
1
1
2
1
1
2
2
2
1
2
2
1
1
94473427409
2
2
2
2
2
2
1
1
2
2
2
2
2
2
1
2
2
2
1
1
59130775961
2
1
1
2
2
1
2
1
90099910631
2
1
1
1
2
1
1
1
1
1
2
1
1
1
2
1
2
79384915440
2
1
2
1
2
2
2
2
2
2
1
25924703714
2
2
1
1
1
1
1
1
2
2
2
2
2
1
2
2
1
1
2
2
1
24467794321
2
1
1
2
2
1
2
1
1
1
2
2
2
1
1
74597178230
2
1
1
2
2
1
2
2
2
1
2
2
59683137987
1
2
5474834818
2
78211175938
1
1
2
2
2
1
2
1
2
1
1
1
1
1
2
2
26513054819
23353523471
2
2
2
1
2
2
2
2
1
2
2
2
2
12478804212
2
2
1
1
32660019580
1
1
2
1
2
1
1
91021243842
1
1
1
1
1
1
1
2
1
1
1
2
1
2
29481373268
2
1
1
1
1
1
14680104811
1
2
1
2
1
1
1
62365027501
1
2
2
2
1
2
1
1
2
1
1
1
1
2
62783787306
2
1
2
46712871594
1
1
2
2
2
1
1
1
2
1
1
2
1
1
1
2
1
1
1
1
1
1
1
1
1
1
2
2
31451534311
1
1
2
2
1
1
2
1
1
2
2
2
2
1
1
2
2
2
97867204026
2
2
2
2
1
1
2
1
1
2
1
8835205848
1
86351367357
1
1
1
1
2
1
1
1
2
2
1
2
1
2
2
2
1
2
15271696611
1
1
2
1
1
2
1
1
2
2
1
1
2
1
1
1
1
2
1
1
2
1
1
1
2
63166419365
2
2
1
1
2
159699157
1
2
1
1
69521659393
1
1
1
2
1
61506460902
1
26778368373
2
1
2
1
2
1
2
1
2
1
2
1
2
2
1
2
2
1
2
1
1
2
1
2
2
2
1
2
2
2
1
1
1
1
2
2
2
1
2
1
1
2
1
2
1
2
2
1
1
2
1
2
1
2
2
1
2
1
2
2
2
2
2
2
2
1
2
36189849310
1
1
1
64363162358
2
1
1
2
2
2
2
1
1
77047511819
1
2
1
1
2
1
2
2
1
2
2
1
1
2
2
1
2
1
2
2
1
1
1
1
1
2
2
2
2
89749439696
1
2
90332613633
30524867457
2
10847326866
2
1
2
2
2
2
2
2
2
2
1
1
2
1
1
1
1
1
2
2
2
1
20409694020
1
2
2
2
2
1
91043389075
1
16171488322
2
2
2
2
2
2
2
2
1
2
2
2
2
1
1
1
1
2
2
1
1
42846152433
83173993933
2
2
2
1
68805035813
2
2
2
2
2
1
1
2
2
2
1
1
94394071694
1
2
1
1
2
2
2
1
2
1
2
2
1
2
1
1
1
1
2
2
1
65580802795
1
1
2
1
2
2
1
2
2
2
2
2
1
2
2
1
1
2
2
2
1
1
52484739680
2
1
2
2
1
2
2
2
2
2
2
2
1
2
2
1
1
1
1
2
2
1
2
2
1
1
2
2
2
2
1
27444578580
1
2
2
84023724065
1
2
2
2
2
1
12776633172
2
43868145942
1
2
1
1
1
1
1
2
61205070455
2
1
1
2
2
1
1
1
2
2
2
1
1
1
2
1
1
84097882173
2
2
2
2
2
1
2
2
2
1
1
2
1
1
2
95916116628
2
1
2
2
2
1
2
2
1
2
1
2
1
1
2
2
2
64798331394
2
71452103271
1
2
1
2
1
1
2
2
95719460589
1
1
2
1
53096167657
2
2
2
2
2
1
1
2
2
1
2
1
2
1
1
8333954837
1
2
1
2
2
2
2
2
2
2
1
60985064184
1
2
2
1
1
2
2
2
2
1
2
1
2
2
1
2
31235422253
1
1
2
2
1
2
2
2
2
1
1
2
2
1
2
1
2
1
14562380655
1
2
2
22972190535
2
2
2
2
1
2
1
2
2
96920923024
1
2
47147427967
1963243440
2
2
2
1
2
2
1
2
2
2
2
83084637638
2
1
2
1
1
1
2
1
2
1
2
2
92423676822
2
1
2
2
2
2
2
2
2
7514657639
2
2
1
2
2
2
6589664124
2
2
2
2
2
1
2
2
2
1
2
1
1
2
1
2
2
2
2
1
1
2
1663413807
1
1
2
1
2
2
1
1
2
1
2
2
2
2
1
1
2
2
1
2
1
2
1
2
1
2
2
2
1
2
2
2
1
1
2
2
2
2
2
2
1
2
2
1
2
2
1
1
2
1
2
1
1
2
2
1
1
1
1
2
2
2
2
2
2
2
1
1
1
2
2
1
2
1
2
1
1
2
1
1
1
1
2
2
1
1
1
1
6032850403
2
16296453760
2
1
2
1
2
1
2
2
2
2
46001213076
2
1
2
1
42283406172
1
2
4451135067
2
1
1
2
2
2
1
2
2
2
1
97298055075
1
2
2
2
1
2
2
2
1
1
2
1
2
1
1
2
1
1
1
1
2
1
2
2
2
2
1
1
1
19559276049
2
76392145430
2
2
2
2
63754920397
68003828413
1
2
1
2
2
2
2
2
2
2
46689237701
29012099242
2
1
2
1
1
1
2
1
2
2
2
1
2
2
2
2
2
2
2
2
2
2
1
2
1
2
1
2
2
5679532820
2
1
1
1
2
2
38627023731
1
1
10336248468
2
1
1
2
2
2
1
1
2
2
1
1
1
1
1
21131925290
2
2
1
2
1
1
2
2
1
97897264526
1
2
2
2
1
2
1
2
2
1
2
21074821017
2
2
32533621465
1
2
1
1
1
1
2
1
2
2
1
1
1
1
2
2
1
2
2
2
1
2
2
