1
2
2
2
1
2
1
1
1
2
1
2
2
2
2
1
30134244853
2
2
2
2
2
2
15709899364
2
2
1
2
2
1
1
2
1
2
1
2
2
1
1
2
2
2
1
2
1
2
2
2
1
2
2
2
1
2
2
2
1
1
2
1
2
1
2
23583611585
2
1
2
2
2
2
2
2
27225946879
1
2
2
2
2
2
1
2
1
2
1
1
2
2
2
2
2
1
1
1
2
1
17815247757
2
2
2
2
1
2
2
1
2
2
1
1
2
1
2
2
1
2
2
2
1
2
2
1
1
2
2
2
15134833455
2
2
1
1
2
1
2
1
2
2
1
2
2
1
2
2
1
1
1
2
2
1
2
2
2
29694724031
2
2
2
2
2
2
2
2
1
2
1
1
2
1
2
2
1
2
1
1
2
1
2
1
2
2
1
2
1
2
1
2
2
1
2
2
1
1
2
1
1
1
1
2
1
2
1
1
1
2
2
2
2
1
2
2
2
1
2
1
2
2
2
2
2
2
2
2
1
1
2
1
2
2
2
1
2
1
2
1
2
2
2
2
2
2
2
2
1
2
1
1
2
2
2
2
2
2
2
2
1
2
2
2
1
2
2
2
2
2
2
2
2
2
2
2
1
1
1
4041069082
1
2
1
2
2
1
2
1
2
1
2
1
1
2
85981900309
1
2
1
2
1
2
2
1
1
2
2
2
2
2
2
2
2
1
1
2
2
2
2
2
2
2
1
1
1
2
1
1
1
2
2
2
2
2
2
1
2
2
2
2
2
2
2
2
2
1
2
2
1
2
2
1
2
2
2
2
1
1
1
2
2
2
1
2
1
1
1
2
1
2
2
2
2
2
1
2
2
2
2
2
1
2
2
1
62114658797
2
2
2
1
2
1
1
2
2
2
2
2
2
2
2
2
2
2
1
1
1
1
2
39258023194
2
1
8892666134
2
2
2
2
1
2
1
1
1
1
2
2
2
2
1
22391431224
2
1
1
64032243818
2
2
1
2
1
1
1
2
2
1
1
1
2
1
2
2
2
2
2
2
1
1
2
2
2
2
1
1
2
1
2
2
2
1
2
1
1
2
2
1
2
1
1
2
2
1
2
1
2
2
2
2
1
1
1
2
2
2
1
1
2
2
2
1
55916990872
2
2
1
2
2
2
2
2
1
2
1
1
2
2
2
1
1
1
2
1
2
1
2
1
1
1
2
2
1
2
1
2
2
2
1
1
2
1
2
1
2
1
1
1
2
2
2
1
2
2
1
1
2
2
1
1
2
1
1
1
2
16787860964
1
2
2
2
1
2
2
1
2
1
2
2
2
1
2
2
1
1
38197609240
2
1
1
1
1
1
2
1
1
2
2
2
1
2
2
2
13397694066
1
1
1
2
1
25112071841
2
1
2
2
1
2
2
2
2
2
2
2
2
2
1
2
2
2
2
1
1
1
2
2
1
1
2
2
1
2
1
1
1
1
1
1
2
1
2
2
2
2
2
1
2
2
2
2
2
2
1
2
2
1
2
2
2
1
2
2
1
2
2
2
2
2
2
2
2
2
2
1
2
1
2
2
2
1
2
2
2
2
1
1
2
2
2
1
2
1
2
1
2
2
2
1
1
2
1
7121983265
2
2
2
1
1
46208479830
2
2
2
1
2
1
2
14682418370
2
2
2
1
1
2
2
1
2
2
2
1
2
2
2
60766767971
2
1
2
2
1
2
2
2
2
2
2
2
2
2736648287
1
2
2
1
1
2
1
2
2
2
2
1
2
2
2
2
2
2
21490820738
2
1
2
2
2
1
2
1
2
2
2
2
1
1
1
2
1
2
1
2
1
2
2
1
1
2
1
2
1
2
2
2
2
2
1
2
2
1
1
2
2
2
1
2
2
1
2
2
1
1
1
2
1
2
2
2
1
1
2
1
1
1
2
2
1
2
1
2
1
1
1
2
2
1
2
2
2
1
2
2
2
2
2
1
2
1
2
1
2
1
2
2
2
2
2
1
2
1
2
2
2
2
1
2
1
93937503758
2
1
1
1
2
2
2
1
2
2
1
2
1
2
2
24115499828
2
2
2
1
1
2
2
1
2
1
2
2
2
1
2
1
2
1
1
2
1
2
2
1
2
2
2
1
1
2
2
2
2
2
2
1
2
2
2
2
1
79863508981
1
1
2
1
2
1
1
2
1
2
2
2
1
2
1
1
1
1
2
23034490202
2
1
2
2
2
2
2
1
2
2
1
2
1
2
2
2
2
1
2
1
2
2
2
2
2
2
2
2
1
1
2
2
1
2
2
2
1
2
1
2
1
2
2
1
1
2
83045263733
2
2
1
2
2
2
2
2
2
1
2
2
2
2
2
2
2
1
1
2
1
2
2
2
1
2
2
2
1
2
2
2
1
2
2
2
2
2
2
1
23046326113
2
2
1
2
1
2
2
1
1
2
2
1
94879708017
2
1
1
2
1
2
1
1
2
15152246608
2
2
2
2
2
1
2
2
1
1
1
1
2
2
1
1
27921837847
2
2
1
1
1
2
1
1
1
2
2
1
2
2
1
1
2
1
2
73764381208
2
1
2
2
2
1
2
2
2
2
2
2
1
1
2
2
2
2
1
2
2
1
2
1
2
1
2
2
2
1
2
2
1
1
2
2
2
1
67093653119
1
2
2
2
2
2
2
1
1
1
2
70232016472
1
1
1
1
2
2
2
2
1
2
1
2
2
2
1
2
2
2
2
2
2
1
2
1
2
2
1
1
1
2
2
2
2
2
2
2
2
2
2
2
1
1
2
1
1
2
1
29367281894
2
1
2
2
2
1
2
1
2
1
2
2
2
1
2
2
2
2
2
33705154214
2
1
1
1
2
2
2
2
1
2
2
2
2
2
1
1
2
1
2
2
2
2
1
2
2
2
2
2
2
2
2
1
2
2
2
1
1
1
1
2
2
1
1
2
2
2
2
2
2
2
2
2
2
2
1
2
2
1
1
2
1
1
2
1
2
1
2
2
2
2
1
1
2
2
2
2
1
2
2
2
2
1
1
2
2
1
2
1
1
2
2
2
2
2
1
1
2
2
1
2
2
2
2
2
2
1
2
1
1
34936365385
2
2
70834260542
2
1
9513887622
2
1
2
2
2
2
2
2
2
1
1
2
24384479296
1
1
2
1
1
2
2
2
1
2
2
2
2
1
72430554250
2
2
2
2
2
2
2
1
25290644474
1
2
1
2
2
2
1
2
1
2
2
2
1
2
2
1
2
2
2
1
1
1
2
2
1
2
2
77430474046
1
2
1
1
2
2
1
1
2
2
1
1
2
2
1
1
2
1
2
1
1
2
2
70153336957
1
2
1
2
2
2
1
1
1
2
2
1
2
1
2
1
2
1
2
1
1
1
2
1
2
2
2
1
2
1
2
2
2
2
2
2
2
1
1
2
2
1
1
2
2
2
2
1
2
2
2
2
1
1
1
1
1
2
1
91407152703
2
1
2
2
2
2
2
1
1
1
2
1
2
2
2
47461934232
2
1
2
2
1
2
2
1
2
2
2
2
2
2
2
1
2
2
2
1
1
2
2
1
10158733725
2
1
1
1
2
1
2
2
21655289412
1
1
1
2
2
2
2
2
1
1
2
2
1
2
2
2
1
61660616906
2
2
1
2
2
2
2
2
1
1
2
2
2
2
2
1
1
2
2
1
2
1
1
2
2
1
1
2
2
1
2
1
2
2
1
2
2
1
2
1
71019408344
2
2
1
2
1
2
1
2
2
2
2
1
2
2
2
1
1
2
2
1
2
1
2
1
2
1
1
1
1
2
2
1
1
2
2
2
1
1
2
2
2
1
1
52337055752
1
2
2
2
2
2
2
1
2
2
2
2
1
2
2
2
1
15683995897
2
2
2
1
1
2
2
1
2
1
2
1
2
2
1
1
2
2
1
2
1
1
2
2
2
2
2
1
11484462868
1
2
1
1
2
2
1
1
1
2
1
1
1
1
42713070562
1
2
2
2
2
2
2
2
1
2
2
2
1
2
2
2
2
80208744986
2
2
1
2
1
1
2
2
2
2
2
2
1
1
1
2
2
2
77123969782
2
1
2
2
1
2
2
1
2
2
2
1
2
2
1
1
2
1
2
1
2
2
1
1
2
97039933462
2
2
2
2
2
2
1
1
2
1
18028944623
2
2
1
2
2
2
2
1
1
2
2
1
2
2
1
2
1
2
1
1
2
2
2
2
2
2
2
2
2
1
2
1
1
2
2
2
2
2
1
1
2
2
2
2
2
1
1
2
1
2
1
2
1
2
1
1
1
2
2
1
1
2
1
2
2
1
2
1
1
1
2
1
1
2
2
45298147003
2
2
1
2
1
2
2
2
2
1
2
1
2
1
1
2
2
2
2
2
2
2
1
2
2
1
1
2
2
1
2
2
1
1
2
1
2
1
2
1
2
2
1
2
2
1
1
1
1
2
1
2
2
2
2
2
2
1
1
1
1
2
1
1
78474970544
2
2
1
1
2
2
2
1
1
2
1
1
2
2
2
2
2
2
2
2
1
2
2
2
2
2
2
2
2
2
1
1
1
1
1
2
2
1
2
2
2
1
1
1
2
1
2
1
1
2
2
2
2
2
1
2
2
2
2
2
2
1
2
2
2
1
24645796717
1
2
2
2
1
1
2
2
2
1
1
2
2
2
2
2
1
1
1
1
1
1
2
2
2
2
1
2
2
1
45092773226
2
2
2
1
1
2
1
1
2
2
2
1
2
60986208725
2
2
1
2
1
1
2
1
2
2
2
2
2
2
2
1
2
2
2
1
1
1
2
2
1
1
1
2
2
1
2
2
2
74284515256
2
2
2
1
2
2
1
2
1
2
2
1
1
2
2
1
2
2
2
2
1
2
2
2
2
2
2
1
2
2
1
2
52327873974
2
2
2
2
2
2
1
2
66837349215
2
1
2
1
1
1
1
2
2
2
1
2
2
2
1
2
1
2
1
1
1
2
2
2
1
1
1
1
2
2
2
1
1
2
2
1
2
1
1
2
2
1
1
1
2
1
1
1
2
2
2
2
2
34330817252
2
2
2
2
2
1
2
1
1
2
2
2
2
1
1
1
2
1
2
1
2
2
25990054028
2
2
2
1
2
2
2
1
1
2
1
2
2
2
2
2
1
2
2
1
2
2
2
1
1
2
2
1
2
2
1
2
1
2
1
2
2
2
2
1
2
2
2
2
1
2
2
2
2
2
1
1
2
1
2
1
2
2
1
1
1
2
2
1
2
2
1
2
1
2
2
2
2
87144803906
2
2
1
1
2
2
1
2
2
2
2
2
1
1
2
2
2
1
2
1
1
2
2
2
1
2
2
2
2
1
2
2
1
1
1
1
2
17063131757
2
1
2
1
2
1
1
2
1
2
2
2
2
2
2
2
2
1
2
1
2
1
2
2
1
2
1
2
2
2
2
2
2
2
2
2
1
1
2
2
2
2
1
1
1
1
1
2
1
1
54097054424
1
1
81088009803
2
2
2
2
1
1
2
2
1
2
2
2
11237992044
2
2
26881917067
2
1
2
1
2
1
2
2
1
1
1
1
1
2
2
1
2
2
2
2
2
2
2
1
2
32304608359
2
1
2
1
2
1
2
2
2
1
1
2
2
2
2
2
2
1
2
2
1
2
1
1
2
1
2
2
2
2
2
2
1
2
2
1
2
2
2
2
2
2
1
2
2
2
2
2
2
1
2
1
1
2
2
2
2
1
2
1
2
2
2
2
2
1
1
2
1
2
2
1
2
2
1
1
2
2
2
2
2
2
2
2
2
2
2
2
2
1
26657357620
1
2
2
2
2
1
2
2
2
2
2
1
2
1
2
1
2
2
2
2
2
1
1
2
2
2
2
1
1
1
2
2
2
2
2
1
2
1
1
2
2
93577476015
2
1
2
2
2
2
2
2
1
2
1
1
2
2
1
2
2
2
2
2
2
2
1
2
1
1
2
1
1
2
1
2
2
64163296008
2
2
2
1
2
2
2
1
1
34083918839
2
1
2
2
2
1
2
1
2
1
2
1
2
1
2
2
2
2
2
2
1
2
1
2
1
2
2
1
2
2
2
1
92026110591
1
8544132742
1
2
2
2
1
2
2
2
2
1
1
1
2
1
1
2
1
2
1
2
2
2
2
2
2
1
1
1
2
2
2
2
1
2
2
2
1
1
1
1
2
2
2
2
1
2
2
2
1
1
2
1
1
2
1
2
1
2
2
1
2
2
2
2
2
2
2
2
2
2
1
2
1
1
2
2
2
2
1
2
1
1
1
2
1
2
2
2
1
95985837639
81648995838
2
2
1
1
1
1
2
1
2
2
2
2
2
1
1
1
2
1
1
2
1
2
2
2
2
2
1
1
2
2
1
2
2
2
2
2
2
2
2
2
1
1
2
2
1
1
2
2
1
1
2
2
12916708300
2
1
2
2
1
2
2
1
2
2
2
2
2
2
2
2
2
2
2
1
1
1
2
2
1
1
2
2
2
1
2
2
2
47391579764
2
1
1
1
2
2
2
2
1
2
2
1
1
1
2
2
1
2
2
2
2
2
2
2
2
2
1
2
2
2
1
2
2
2
2
1
1
2
2
2
2
1
2
2
2
2
2
2
2
2
2
2
2
2
1
2
2
2
2
2
2
2
2
1
1
2
2
1
2
2
2
1
2
2
1
2
2
2
1
2
1
1
2
2
2
2
2
2
2
2
45711373740
2
2
1
2
1
2
1
2
1
2
1
2
2
1
1
2
2
2
1
2
2
2
2
2
1
1
1
2
2
2
1
1
1
1
1
2
1
1
2
1
2
1
2
42722298999
1
1
2
1
2
2
2
1
2
2
2
1
2
2
1
2
2
10609294476
1
2
2
2
1
2
1
59395327024
2
1
1
2
2
2
2
2
2
2
2
2
2
1
2
1
2
2
2
2
2
1
57521423822
1
1
1
2
2
2
1
2
1
2
2
1
2
2
1
1
1
2
1
2
2
2
1
2
2
1
2
2
2
2
2
2
2
2
2
1
2
2
2
2
2
2
2
2
2
2
1
1
2
2
1
1
2
2
2
2
2
2
1
2
2
1
2
2
1
1
2
2
1
2
1
2
1
2
1
1
2
2
2
2
2
2
2
2
2
2
1790390591
2
2
1
2
2
2
2
1
2
1
2
1
2
2
1
2
1
1
2
2
2
1
2
2
2
35843841777
1
2
2
1
1
1
2
93368351745
2
2
40081016911
33539220761
2
2
2
2
2
2
1
2
2
1
2
1
1
2
2
2
1
3468887451
2
2
1
1
1
2
2
1
2
2
1
2
1
93791318412
2
2
2
1
2
1
1
1
1
1
2
1
2
2
1
2
2
2
1
1
1
2
1
1
1
2
2
1
2
1
2
1
1
2
2
1
2
71225610700
2
2
2
1
2
2
1
2
1
2
2
1
1
2
1
2
2
2
2
2
2
1
31661820927
2
1
1
2
1
1
2
2
2
2
2
2
2
2
2
2
1
1
2
2
2
1
2
1
2
2
64703891974
1
2
2
1
2
1
1
2
2
2
1
2
2
24071784590
1
1
2
1
2
2
2
1
1
2
1
1
1
2
2
1
1
2
1
1
2
2
1
1
1
2
2
2
1
1
2
57553091746
1
1
1
26773341407
2
2
2
2
40023060088
2
1
2
2
2
2
1
1
1
2
1
2
1
1
1
1
2
1
2
1
1
2
2
1
2
2
2
1
1
2
2
1
2
2
2
2
2
2
2
2
1
2
2
2
2
1
2
1
1
1
2
1
2
2
1
2
1
2
1
2
2
1
2
2
1
2
2
1
1
2
2
1
1
2
2
2
1
2
2
2
2
2
1
1
2
2
2
1
79270581157
2
1
1
2
2
2
2
1
1
2
2
1
92409735918
2
1
1
2
1
2
2
2
2
1
2
2
1
1
1
1
2
2
2
2
1
2
1
1
1
1
2
1
1
2
2
2
2
2
2
2
2
2
2
2
2
2
2
2
2
1
2
2
2
2
2
2
1
2
2
1
1
1
1
2
1
2
2
2
2
1
2
2
2
2
1
2
2
1
2
2
2
2
2
2
2
2
2
1
2
43670058528
1
2
2
2
2
2
2
2
1
1
2
2
2
1
2
2
1
2
2
2
2
1
2
1
2
2
2
1
2
2
1
83804340782
870456668
1
2
1
2
1
1
2
2
2
2
90393902787
1
2
1
2
2
2
2
72954327185
2
2
2
1
1
2
2
1
2
15645632946
1
2
2
1
2
1
1
1
2
2
13926613419
2
2
1
2
1
1
1
2
2
1
2
2
1
1
2
1
1
1
1
2
1
2
1
2
2
2
1
2
2
2
2
2
1
2
2
1
2
2
2
1
1
2
2
2
1
2
2
2
2
1
2
2
1
2
2
2
1
2
1
2
2
1
2
2
2
2
1
2
2
2
1
2
2
1
1
2
2
2
2
2
1
2
1
1
2
2
2
2
2
2
1
58172039879
2
2
2
2
1
1
1
2
1
2
2
2
1
1
1
2
2
1
2
2
2
1
95152850756
1
2
2
2
1
2
2
2
2
1
2
2
1
2
2
1
2
2
1
1
2
2
1
2
1
1
2
1
2
2
1
1
2
2
2
2
1
2
1
2
1
2
2
2
2
1
2
2
2
2
2
1
1
2
2
2
2
1
2
2
2
2
2
1
1
2
1
2
1
1
1
1
2
2
1
1
2
1
2
2
1
2
2
1
1
2
1
2
2
1
2
2
2
2
2
2
2
2
1
2
2
2
2
2
2
2
2
2
2
1
2
2
1
2
1
2
2
2
2
1
1
1
2
1
1
1
1
2
2
1
2
2
1
1
1
2
2
1
1
2
1
2
2
2
1
2
2
2
1
2
2
2
2
12494715273
2
1
2
2
2
2
2
1
1
2
2
2
2
1
2
1
1
2
2
2
2
2
42667315683
2
2
2
28882577409
2
1
2
1
1
2
2
2
90565491765
2
1
1
1
1
1
76982480553
1
2
2
2
2
1
2
2
1
1
2
1
1
2
2
1
1
1
2
2
2
2
1
2
1
2
2
2
2
1
44712862672
2
1
2
80886034365
2
1
2
2
2
1
2
1
2
2
2
1
1
2
2
2
2
1
2
2
2
1
2
2
1
1
2
1
2
2
2
1
2
1
2
2
2
2
1
2
2
2
1
1
2
2
2
1
1
2
1
2
2
2
2
2
2
2
1
2
1
28805309819
1
1
1
2
1
2
2
2
2
1
2
2
2
2
1
2
1
2
2
1
1
2
2
2
1
1
2
2
2
2
1
2
1
2
1
1
1
1
2
2
2
2
2
72405167507
2
1
1
2
2
1
2
2
1
2
2
2
2
2
2
1
1
2
1
21469505673
1
9483349487
2
1
1
2
1
2
1
2
2
2
2
2
2
2
1
2
2
2
1
2
1
2
2
1
1
1
2
2
32277869957
2
1
2
2
1
1
2
2
1
2
2
2
1
2
1
1
1
1
1
2
2
1
2
1
1
2
2
2
2
2
2
2
2
2
1
2
2
1
90518239558
2
1
2
2
2
2
2
2
2
2
2
2
2
2
1
2
1
1
1
2
68914244491
1
2
2
2
1
1
2
2
2
2
2
1
2
1
1
2
2
2
2
2
1
2
2
2
1
2
1
2
2
2
98739633894
2
2
1
1
42483173679
2
1
10833692948
1
81996901438
1
2
2
2
2
2
2
1
2
2
2
1
1
2
1
1
2
2
2
2
2
1
2
2
1
1
2
2
1
2
2
2
2
1
2
7648230291
2
1
2
2
2
1
1
2
2
2
2
1
2
1
2
1
2
2
1
2
2
2
1
2
1
1
2
1
1
1
2
1
1
1
1
58029390403
2
2
2
1
1
24054605505
2
1
1
2
2
2
2
2
1
2
2
2
2
1
1
1
1
2
16860721164
2
1
1
2
2
4476693653
2
1
1
2
2
1
2
2
7113829264
2
1
2
2
2
2
2
2
2
2
2
1
2
2
2
1
2
1
2
1
2
2
1
2
2
2
1
2
1
94988919724
1
2
1
1
2
2
1
1
2
2
2
1
2
2
1
79731660791
2
1
1
1
2
2
1
1
21515964156
1
2
2
2
2
2
1
2
1
2
1
2
28305495524
2
2
2
2
2
1
1
2
2
2
2
2
2
2
2
2
1
2
1
2
2
2
2
1
1
2
2
2
2
1
1
2
2
2
81949941662
2
2
1
2
2
2
2
2
2
1
2
2
2
2
1
2
2
1
1
1
1
2
2
1
2
2
2
2
2
2
2
2
1
2
1
1
2
1
82217392696
1
1
1
2
2
2
2
2
2
2
2
2
1
1
2
1
1
2
2
2
2
2
2
1
1
2
2
2
2
2
1
2
1
2
2
1
2
2
2
1
1
2
2
1
1
2
2
1
2
1
1
1
2
2
2
2
1
2
2
2
1
2
1
2
1
2
2
2
1
1
1
1
1
2
2
1
1
2
1
2
2
2
2
2
2
2
1
1
1
2
2
1
1
2
1
2
2
46944822675
2
2
1
2
2
1
1
1
93495197938
1
2
1
2
2
1
2
2
1
1
2
1
2
2
2
2
1
2
2
2
1
2
2
2
2
1
1
2
1
2
1
2
1
1
2
1
2
1
1
2
1
2
2
1
1
29234307671
2
1
2
2
2
2
1
2
1
1
2
2
2
1
2
2
2
1
2
1
1
2
2
2
1
43176802996
1
1
1
2
2
1
2
2
68984134333
2
2
2
2
2
2
1
2
2
2
2
1
2
2
2
88213030187
1
2
1
2
34825220708
2
1
2
2
1
2
2
73964332190
2
2
2
1
2
1
1
1
2
86780752224
1
1
1
1
1
1
69764888878
2
2
2
2
2
2
2
1
2
2
2
1
2
2
1
1
2
1
2
17844811320
2
2
1
1
1
2
2
2
1
1
2
51131786057
1
2
2
2
2
1
2
1
2
2
69840760436
1
2
1
1
1
2
2
2
2
2
1
2
2
1
8192818833
2
2
1
2
1
2
1
1
2
1
2
1
2
1
1
1
1
2
1
2
1
2
1
2
1
2
1
2
1
1
1
2
2
1
2
2
2
45467396936
2
1
2
1
2
71947174909
1
2
2
2
2
1
26339173941
1
1
30356135089
2
2
1
2
1
1
2
2
1
2
1
1
2
2
2
2
2
2
2
2
1
2
2
2
1
2
2
1
2
2
2
2
1
1
2
19147743102
1
2
2
1
2
1
2
2
2
2
2
1
2
2
2
2
1
2
1
2
1
2
2
2
1
1
1
2
2
1
2
2
2
2
1
1
2
1
2
2
2
2
2
2
54190709719
2
1
2
1
2
2
1
2
2
2
2
2
1
2
2
2
2
2
2
1
2
2
2
2
2
2
10035199410
2
1
2
2
2
2
1
1
2
1
2
2
2
1
2
2
2
1
2
2
2
2
2
2
37788544419
1
2
2
1
1
1
2
1
2
1
2
2
2
1
1
1
2
2
2
2
1
2
2
2
2
2
2
2
2
1
2
2
2
2
2
2
2
2
2
2
2
2
2
2
1
2
15549188894
2
2
81913557417
2
1
1
1
1
1
2
1
2
2
1
1
2
1
1
2
1
2
2
1
1
2
2
2
1
1
1
2
2
2
2
1
1
1
1
1
2
1
2
2
2
2
1
1
2
1
1
1
2
83015896951
2
2
56935777332
2
1
2
1
2
1
1
2
2
1
2
2
1
1
2
2
2
2
1
2
2
2
1
1
2
2
2
2
2
2
2
2
1
2
1
1
1
1
1
1
2
1
1
2
2
2
2
2
2
2
2
96942931435
1
2
2
2
1
2
2
1
2
2
1
2
2
2
2
2
2
1
2
2
2
2
1
2
2
1
2
2
2
2
1
2
2
2
2
2
33620029015
1
1
2
1
1
1
1
2
2
2
2
1
2
1
2
2
2
1
1
2
2
2
27780963199
84503177311
1
2
2
2
54696843657
1
2
2
2
1
1
1
2
1
1
1
1
2
2
2
2
2
2
1
2
2
2
2
1
1
1
1
1
1
1
2
2
1
2
2
2
2
1
1
2
2
29648901937
2
2
2
2
2
2
1
2
1
2
1
1
2
1
2
1
2
1
2
2
2
2
2
2
2
1
2
2
2
2
1
2
2
2
1
2
1
2
1
2
1
1
2
2
1
2
1
2
2
1
2
1
1
2
2
2
1
10228806524
2
2
2
2
1
2
2
2
1
1
1
2
1
1
1
2
2
2
2
2
2
2
2
2
1
2
2
2
2
1
2
2
1
96715957922
2
32599866203
2
2
2
2
2
2
2
2
2
2
2
2
1
2
1
2
1
1
2
65704033181
1
1
1
1
2
2
1
2
2
2
2
2
1
2
2
2
1
2
2
2
2
1
1
1
2
1
2
2
1
1
1
2
1
1
1
10364255923
2
2
1
1
1
1
1
1
2
74125261459
1
2
19001816340
1
2
2
1
1
1
2
1
2
60193076455
1
2
2
2
1
2
2
2
1
2
2
1
1
1
1
1
2
1
2
1
2
1
2
2
1
2
2
1
1
1
2
1
1
2
2
1
2
2
2
1
1
1
2
2
2
2
2
2
2
2
43952793064
2
2
2
2
2
2
1
1
1
2
2
26031789019
2
2
2
1
2
1
2
1
2
1
2
1
1
1
1
2
1
2
2
2
1
1
1
2
2
1
1
1
31777239236
2
2
2
2
2
1
2
2
2
2
2
1
2
2
2
1
1
2
2
2
2
2
2
2
2
2
2
1
2
2
2
1
2
2
2
1
5991909899
1
1
2
2
2
1
2
1
2
1
1
2
1
2
1
1
2
2
1
2
2
2
1
2
2
2
2
1
2
2
1
2
2
2
1
2
2
2
2
2
1
1
2
2
1
2
2
2
2
2
1
2
1
2
2
2
1
2
2
2
2
2
2
2
57337365951
2
2
1
2
2
1
2
1
1
1
1
1
2
2
1
1
2
2
1
2
83541131868
2
1
1
1
1
2
416095515
58726410446
2
2
1
2
2
2
2
2
2
2
1
2
1
2
2
2
2
2
2
2
2
1
2
1
2
2
2
1
1
2
2
2
2
2
1
1
1
2
1
1
1
2
1
1
2
1
2
2
2
2
2
2
2
2
1
2
2
1
2
2
2
2
1
2
2
42224820344
1
1
2
2
1
2
2
1
1
1
1
2
2
1
2
1
2
2
1
2
2
2
2
2
2
1
1
1
1
1
2
2
2
2
2
2
2
1
1
2
2
2
2
1
2
2
2
2
1
1
78478917824
1
2
1
55062285650
2
1
28777843405
2
1
1
2
2
2
1
1
2
1
1
56101740210
2
2
1
1
57925181333
1692765262
1
2
2
1
1
1
1
2
2
2
92617118950
1
2
2
2
1
1
2
2
2
1
2
1
2
1
2
2
2
2
26784744003
2
2
2
93609697103
2
21697239676
2
1
2
1
1
1
1
2
2
1
2
1
1
2
2
2
2
2
1
2
1
2
1
2
2
2
2
1
2
2
59324793173
2
2
2
2
2
79100773442
2
2
1
1
2
1
2
1
2
2
1
2
2
1
1
1
2
1
2
2
2
2
2
2
2
1
2
1
2
2
2
2
1
2
1
2
1
50996863905
1
2
1
2
2
1
2
2
2
2
2
2
2
2
1
2
2
1
2
2
1
1
2
2
1
1
2
2
1
2
1
1
1
2
2
2
2
2
2
1
2
2
1
1
2
2
62595484964
2
2
1
2
2
1
2
2
2
39659120356
1
2
1
1
2
2
2
1
2
2
1
2
2
1
86315547799
2
2
1
1
2
2
2
2
1
1
1
2
1
2
1
2
1
1
1
1
1
1
1
2
2
2
1
2
1
1
2
2
2
2
2
2
2
2
1
70771964125
1
2
2
2
54093542430
2
1
2
2
1
1
2
2
2
2
2
2
2
2
1
2
1
2
2
1
2
1
2
2
2
2
2
1
2
2
2
1
1
2
2
1
2
2
2
2
1
1
2
1
1
2
2
2
2
1
2
2
2
2
2
2
1
2
1
1
1
2
1
2
1
2
37211707817
2
1
2
2
1
2
2
1
2
1
1
1
2
2
2
2
2
2
2
2
2
2
1
2
2
2
2
2
2
2
2
2
1
1
2
2
2
2
2
2
1
2
2
1
2
2
2
2
1
2
2
63732324535
2
2
2
2
2
2
2
2
2
1
1
1
2
2
1
2
2
1
2
1
2
1
1
2
2
1
1
2
2
2
2
2
21435712064
1
2
1
2
1
1
1
1
2
2
41216409804
2
2
2
2
2
2
2
1
2
2
2
2
2
2
2
1
2
1
1
2
1
1
2
2
2
2
67983093840
2
1
1
1
1
2
2
2
2
2
1
2
2
2
2
2
1
2
1
2
2
2
2
2
2
2
1
2
1
1
2
1
1
1
2
2
1
1
1
2
2
2
2
2
2
1
2
1
2
1
1
2
2
2
1
1
2
1
21816690789
1
2
1
2
2
2
2
2
2
1
2
2
2
2
1
1
2
1
2
2
2
61094193466
2
2
1
2
1
2
2
2
1
1
2
2
2
1
2
2
2
2
1
2
2
2
1
1
2
2
1
2
2
2
1
1
2
2
1
2
2
1
2
1
2
1
2
1
6368559090
1
1
2
2
58004376139
1
1
2
2
2
2
1
2
2
1
92827028698
2
2
2
1
2
2
1
2
2
1
1
2
2
1
1
2
2
2
2
1
2
2
1
1
2
1
2
1
2
2
2
1
2
2
1
1
2
1
2
1
1
1
1
2
1
2
1
2
1
2
1
2
2
2
2
2
1
1
2
1
2
1
2
1
45396217117
1
1
2
2
2
2
2
2
2
2
1
1
1
1
1
2
2
1
1
2
2
2
21989940588
2
2
1
2
2
2
2
2
2
1
84455812101
82793249881
2
1
14400223749
1
2
2
1
2
2
1
2
2
1
1
2
1
1
1
1
1
1
2
2
2
2
1
2
1
1
2
1
1
2
1
2
1
2
1
2
2
1
1
2
1
1
2
2
1
2
2
2
2
1
2
2
1
2
2
2
2
2
2
2
2
1
2
2
2
2
2
1
1
2
2
52161784283
2
2
1
2
1
2
2
2
1
1
2
2
2
22129272913
2
1
2
1
2
1
2
2
1
2
1
2
1
2
2
1
1
1
68144293389
2
1
2
1
1
2
1
2
2
1
1
1
2
2
91554557065
2
1
2
2
1
2
2
2
2
2
1
2
1
2
1
2
1
1
2
2
2
1
2
1
1
2
2
1
1
1
2
1
2
2
2
2
2
2
1
1
2
2
2
2
2
1
2
1
2
1
1
2
2
1
1
1
1
2
2
2
2
1
2
1
2
2
2
1
2
1
2
2
2
1
1
2
2
2
2
2
2
2
1
2
1
1
24687311388
1
2
1
2
2
2
1
1
2
1
2
2
2
2
1
2
2
2
2
2
2
1
2
2
2
99711049080
1
1
2
1
1
1
2
1
2
2
2
1
2
1
2
2
15124962409
89155414135
1
2
2
2
1
2
1
2
2
1
2
1
2
1
2
2
2
2
1
2
1
2
2
2
2
1
2
2
2
2
75724005195
2
1
2
1
2
2
2
2
2
1
1
1
2
2
2
1
2
2
2
66336648439
2
2
1
2
1
2
2
1
1
1
1
2
2
2
1
2
1
2
2
2
2
2
2
2
2
2
2
2
2
2
1
2
2
2
2
2
1
1
2
1
2
2
1
1
1
2
2
2
1
1
1
2
2
2
2
1
2
2
2
1
1
1
2
2
2
1
1
2
2
2
2
2
1
2
1
2
91084465512
1
1
1
2
1
2
1
2
2
1
2
99344244953
2
2
1
2
2
2
2
1
1
2
2
2
1
2
2
1
6177470802
2
2
1
2
2
2
2
1
2
2
2
2
2
1
2
1
1
1
2
1
2
2
2
1
2
2
1
1
2
2
2
2
2
2
2
1
1
1
1
1
2
1
1
2
1
43735159635
1
2
2
2
95684863423
2
2
2
2
2
2
2
1
1
2
2
2
2
2
2
1
1
2
1
2
2
1
1
1
2
1
1
2
2
1
2
1
2
1
2
2
2
2
1
2
2
2
1
2
2
2
1
2
2
89314432100
2
2
2
1
2
2
2
1
2
1
2
2
2
2
1
2
2
2
75583108428
2
2
2
2
2
2
1
1
2
1
2
2
2
2
1
1
2
32461384129
2
1
2
1
2
1
2
2
1
2
2
73771928540
2
1
2
1
1
2
2
1
1
2
2
2
2
2
2
1
43663244022
1
2
1
1
2
1
2
1
1
2
2
2
1
1
2
1
2
1
2
2
2
1
1
2
2
1
2
2
2
2
2
2
1
2
2
28370977996
1
2
1
2
2
2
2
1
1
797923970
2
1
2
1
2
2
2
2
2
2
1
2
2
2
2
1
2
1
1
2
1
82663689646
2
2
2
1
2
1
1
1
1
1
2
1
2
2
2
1
1
1
2
78988831523
2
2
1
2
68362861085
2
2
1
25691710107
1
1
2
31954089991
2
2
1
43833782780
2
1
2
2
2
2
1
2
2
44000962811
2
2
2
2
2
2
2
2
2
2
2
2
2
1
2
2
1
2
1
2
2
2
1
1
1
1
2
1
2
2
2
2
1
2
2
1
1
24589716360
1
2
1
1
2
2
1
1
2
2
2
2
1
2
1
2
2
2
2
2
2
2
2
2
2
2
1
2
2
1
1
2
2
1
2
2
1
2
2
2
2
2
89056022888
1
1
74892210709
2
2
2
2
1
2
2
2
1
2
1
2
2
2
1
2
89622607402
2
2
2
2
2
2
2
1
2
1
2
2
1
2
2
2
2
1
1
2
2
2
2
2
2
2
1
2
1
2
2
1
2
2
2
1
2
1
2
1
1
2
2
2
2
2
2
2
1
2
1
1
1
2
2
2
1
1
2
1
2
2
2
2
2
2
1
1
2
1
1
1
2
1
2
1
2
96944125858
2
2
1
2
1
2
2
1
2
2
2
2
2
1
2
2
2
2
1
2
2
1
2
2
1
1
1
1
1
1
1
2
1
53719095738
1
2
1
1
2
2
2
2
1
2
2
2
2
1
1
2
1
2
2
1
2
2
1
2
2
2
1
1
2
1
2
2
2
2
1
1
1
2
1
2
1
1
2
2
1
1
2
2
1
2
2
2
1
2
2
2
2
1
2
1
2
1
2
2
2
72932190421
2
1
2
2
2
1
1
2
1
2
2
2
2
1
2
2
2
2
2
2
2
1
2
2
2
2
1
2
2
1
2
2
1
2
2
2
2
1
2
1
2
2
2
2
2
1
2
2
2
2
1
1
2
2
2
2
2
2
1
2
1
2
1
2
2
2
1
2
2
1
1
2
2
2
2
1
1
2
2
2
1
2
1
84766218022
2
2
1
1
1
2
2
2
2
2
2
2
1
2
2
1
2
2
2
2
2
2
1
2
2
1
2
2
1
1
2
2
2
2
1
2
2
1
1
1
2
2
2
2
2
2
1
2
2
2
98867535178
2
2
2
1
2
2
2
2
1
2
2
2
2
2
2
2
2
1
2
2
2
2
1
26166999729
2
2
1
1
2
2
2
1
2
2
1
1
2
2
1
2
1
2
1
2
2
1
2
1
1
2
2
2
42527795456
10832854203
1
1
1
1
2
2
1
2
1
2
1
69502842897
1
2
1
2
1
1
2
1
2
2
2
2
2
1
2
2
1
1
2
2
2
2
2
1
2
1
1
1
1
1
2
1
1
2
2
2
2
2
1
1
2
7997895308
1
91106002951
2
2
1
1
1
2
24142407803
2
1
2
2
2
1
2
1
2
1
1
14846364180
1
2
1
2
2
1
2
2
1
1
2
2
2
1
2
2
2
2
2
1
2
2
2
2
2
2
1
1
1
1
2
2
2
2
2
1
2
2
2
2
2
1
2
2
2
1
2
2
2
1
1
1
2
2
1
2
1
81439264991
2
1
1
2
2
2
2
2
1
2
1
2
2
2
2
2
2
1
2
2
1
2
2
2
2
2
2
2
2
2
2
2
2
1
2
2
1
2
2
1
2
2
2
1
2
1
2
1
2
2
1
1
1
2
2
1
35146968914
1
2
2
1
2
2
1
2
2
2
2
1
1
1
2
2
2
2
2
1
2
2
1
2
1
2
2
1
2
2
2
1
1
2
1
2
2
2
1
2
1
2
2
2
2
44275652698
65000774931
2
2
1
2
2
1
1
2
2
2
2
1
2
2
1
2
1
1
2
1
2
2
2
86879215259
2
1
1
2
1
2
2
1
2
2
2
1
1
2
2
1
2
2
1
1
1
1
2
2
1
2
2
1
1
2
1
1
2
2
2
1
1
2
2
2
2
1
2
2
2
2
1
1
2
2
1
2
2
2
2
2
2
1
2
1
2
2
1
2
2
2
1
2
2
2
2
1
2
2
1
1
2
2
2
2
1
2
1
2
1
1
2
1
78074443917
2
2
2
1
2
2
2
1
2
1
68930026747
2
2
1
2
2
2
1
2
1
2
1
2
1
2
1
12606925310
1
1
2
1
2
1
2
1
1
2
1
2
1
1
1
1
1
2
1
2
2
2
80791632526
97639008007
1
2
2
2
2
1
2
2
1
2
2
1
1
1
2
2
1
2
2
2
2
1
2
2
2
2
98994811442
2
2
2
2
2
2
71460309590
2
2
2
2
48430902373
1
2
2
2
2
2
1
2
2
1
2
1
2
1
2
2
1
2
1
2
2
1
1
2
1
1
1
2
2
1
2
1
1
2
2
2
2
2
2
1
1
1
2
2
2
2
2
1
1
2
2
2
2
2
1
1
2
2
1
2
2
1
1
2
2
2
2
1
2
2
1
2
1
2
1
2
4399849107
1
1
1
2
1
2
1
2
1
1
2
2
2
2
1
1
1
1
1
2
1
2
2
2
2
44701799686
2
2
2
2
1
2
2
2
2
2
2
59172414813
2
2
1
1
2
2
1
1
2
2
2
2
2
2
1
2
2
1
2
2
2
2
1
2
2
2
1
1
1
2
2
1
1
50126402419
9291348711
2
1
2
2
2
2
2
2
1
2
2
1
2
1
1
2
2
2
1
1
2
2
1
2
2
2
2
1
2
2
2
1
2
2
2
2
2
1
2
2
1
1
1
1
1
1
1
1
1
1
2
2
2
2
1
1
2
2
1
2
1
2
1
2
1
1
1
1
1
2
1
2
2
2
87264580291
1
1
2
2
2
2
2
2
2
2
2
2
2
1
1
2
1
2
2
1
2
1
1
2
2
2
1
2
2
1
2
1
70115492748
1
1
1
2
1
2
2
2
1
1
2
1
1
2
2
1
2
2
2
2
2
2
2
2
2
1
2
2
2
2
2
2
2
1
2
2
2
2
1
2
2
1
1
1
1
1
30053444413
2
1
1
86309271972
2
2
2
2
1
2
2
92547520619
2
1
2
2
21007996919
2
1
2
2
2
1
67785663947
1
2
2
1
2
2
2
2
75006821282
2
1
1
2
1
2
2
2
1
2
1
1
1
1
2
2
2
2
1
2
2
2
1
1
2
2
2
2
2
2
2
1
2
1
96444023861
1
1
1
1
2
1
1
2
2
2
2
2
2
2
2
2
2
2
2
2
2
1
2
1
1
2
1
2
2
2
2
2
69654102136
2
1
1
1
2
1
2
1
1
1
2
1
2
2
2
1
2
1
2
2
87342072205
1
2
1
1
1
1
2
61850395594
2
2
2
2
2
2
1
2
1
2
2
2
2
2
42013109295
1
1
2
2
2
2
2
2
2
2
2
2
2
2
2
2
2
54845874290
1
2
1
2
2
2
1
1
2
2
2
2
2
2
2
1
2
2
2
2
2
1
1
1
2
1
2
2
1
1
2
2
2
2
2
2
2
1
1
2
1
2
1
2
2
2
1
1
1
2
1
2
2
2
1
1
2
1
2
2
2
2
2
2
43364828381
2
2
2
2
2
2
2
2
2
2
1
2
1
2
2
1
2
2
2
1
1
1
2
1
2
2
2
2
2
2
1
2
2
2
2
2
2
2
1
2
2
2
1
2
1
2
1
2
2
2
2
1
8675813743
1
1
1
2
2
93768756144
2
1
2
2
2
1
8414844971
2
2
2
2
1
2
2
2
2
1
2
2
2
1
2
2
1
2
2
2
1
2
1
2
1
2
2
2
1
1
2
2
2
2
2
1
2
2
1
2
2
2
1
2
2
2
2
1
1
2
1
1
1
2
2
2
2
2
78965554499
1
2
1
2
2
2
2
2
2
2
1
2
2
1
2
1
2
2
2
2
2
2
20246796780
2
2
1
1
2
1
2
1
2
97457158913
1
2
2
1
2
2
2
2
2
2
2
1
2
1
2
1
2
1
2
1
1
2
2
2
1
1
1
1
2
1
1
2
1
2
2
1
2
2
2
2
1
2
1
1
1
2
1
1
2
2
1
2
2
1
1
2
2
2
2
5127918567
2
1
2
1
2
2
2
2
1
1
2
1
2
1
2
2
2
1
2
1
1
1
2
2
1
2
2
2
2
1
2
2
2
1
2
2
1
1
2
1
2
2
2
2
2
1
1
2
1
2
2
66293978258
2
1
2
2
1
1
1
2
2
2
2
1
2
1
2
2
2
2
2
2
2
2
2
2
2
2
1
1
2
2
1
2
1
2
1
1
2
2
2
1
1
1
1
2
2
2
2
2
2
2
1
2
1
2
2
1
2
2
1
2
1
2
2
1
2
1
1
2
1
46982569393
1
2
2
2
2
1
1
1
1
2
45443662001
2
1
1
2
2
2
1
2
1
1
1
2
2
2
1
2
2
2
2
1
2
1
2
1
1
1
2
2
2
1
2
2
2
1
2
2
1
2
2
1
2
1
1
1
1
2
11131966067
2
2
1
1
2
1
2
2
2
1
2
2
2
1
79062559274
2
2
1
1
2
2
2
2
2
1
1
2
2
2
2
2
1
2
2
1
1
2
2
1
1
1
2
2
2
2
2
2
2
2
2
2
2
2
1
2
2
2
62912991622
2
2
1
2
2
2
1
2
1
2
1
2
1
2
2
1
2
2
1
2
1
28614202179
1
2
1
2
2
2
2
1
2
1
2
1
2
2
2
2
2
2
1
2
2
91101674820
2
1
2
1
2
1
1
2
2
2
36114563419
2
2
96085790216
2
1
2
1
2
2
2
2
2
2
2
2
1
2
2
1
2
1
2
2
2
1
2
2
2
2
2
2
1
2
2
2
2
1
2
2
2
1
1
2
2
2
2
2
70063643665
2
2
1
2
2
1
1
1
2
2
2
4258064578
2
2
1
2
46161009861
1
1
1
2
2
2
2
2
2
2
1
2
2
2
2
1
2
1
2
1
1
2
2
2
2
2
2
2
2
2
2
1
2
2
2
1
57843234110
2
1
2
2
2
1
2
2
2
2
38917550903
2
1
2
2
1
2
1
1
2
1
2
1
2
1
60966097350
2
1
2
19139827159
1
2
1
2
2
59222612838
1
2
2
2
2
2
1
2
2
2
2
2
2
1
2
1
2
2
2
1
2
2
2
2
2
2
2
2
2
1
2
1
2
61646258029
2
2
1
1
2
2
2
2
2
1
1
1
1
2
2
2
2
2
1
1
2
2
2
1
1
1
1
2
2
2
2
1
1
2
1
1
2
2
1
1
2
1
2
2
2
2
2
1
1
2
1
2
75703232788
2
2
1
587859996
2
2
2
2
1
2
2
2
2
2
1
1
1
1
1
2
38514164542
2
1
1
2
72384468604
2
2
2
1
1
21499321795
1
2
1
1
2
2
2
2
1
1
1
1
2
1
1
2
86519451589
2
1
1
1
97583046741
2
2
1
1
1
1
1
1
2
2
1
2
1
1
2
2
2
1
2
2
2
2
2
2
2
1
1
2
2
2
2
1
2
2
2
2
1
1
2
1
2
1
2
2
2
2
2
2
2
2
1
2
2
1
2
1
1
2
1
2
45640689845
2
2
1
2
1
2
2
2
2
2
1
2
1
2
1
2
2
2
1
2
2
35333024239
2
2
1
2
2
2
1
2
2
2
1
1
1
2
1
1
1
2
2
2
2
2
2
2
2
2
2
2
2
2
2
2
2
2
2
2
1
1
2
2
2
1
2
2
2
2
1
1
2
2
2
2
2
2
2
2
2
1
1
1
2
2
2
2
2
1
2
2
1
2
2
2
1
2
1
1
1
1
2
2
1
1
2
2
1
2
1
2
2
2
2
2
1
2
1
2
2
1
56945171372
2
1
2
1
2
2
2
2
1
2
2
2
2
1
2
2
1
2
2
1
2
2
2
1
2
2
2
1
2
1
1
2
1
1
2
2
2
1
2
2
1
2
1
1
2
2
2
2
2
2
1
1
2
1
1
2
2
2
1
2
2
1
2
1
2
2
2
1
2
2
2
87083480925
1
2
1
1
2
1
2
80369008901
2
1
1
2
1
1
2
1
1
1
1
1
1
2
1
2
1
1
2
2
1
1
2
2
2
1
2
1
2
2
1
2
2
1
2
1
1
1
2
1
2
2
2
2
1
2
2
2
1
1
2
1
1
2
1
2
2
24154220083
1
2
1
1
2
1
1
2
1
1
2
2
2
1
1
2
2
2
1
2
2
1
1
2
1
2
2
8091125097
1
1
1
2
1
2
1
2
2
2
2
1
2
2
2
1
2
2
2
2
2
2
1
2
1
2
2
2
1
1
2
2
1
2
2
2
2
2
1
1
1
2
1
2
25786679261
2
1
1
1
2
81394538362
2
1
1
1
1
2
2
2
2
1
2
2
19883441612
74938039404
2
2
2
1
2
1
2
2
1
2
2
2
2
2
1
2
2
2
2
1
2
2
2
2
2
1
2
2
2
1
2
1
1
2
1
2
2
2
1
2
2
2
1
2
2
2
2
1
1
1
1
2
1
2
2
2
2
2
2
2
2
2
2
2
2
2
2
2
2
2
2
2
1
2
15498511276
1
2
1
1
2
2
2
2
2
2
2
1
2
2
2
1
2
2
2
1
2
5763853642
1
2
2
2
2
2
2
2
1
2
2
2
1
1
2
1
2
2
2
1
2
1
1
2
2
2
2
2
1
1
2
1
2
2
2
1
1
2
2
2
2
1
2
2
2
2
2
1
2
97726417921
2
2
1
2
2
2
2
2
1
2
2
2
2
1
2
2
2
1
2
2
2
2
2
2
2
1
2
2
19366553890
1
1
1
1
2
2
43027201417
1
1
2
2
1
2
2
1
2
1
1
1
1
1
1
1
2
1
2
2
2
2
2
2
2
2
2
1
2
1
2
2
2
1
2
2
2
2
2
1
2
2
1
2
1
2
2
2
2
1
2
1
1
2
2
1
1
2
2
1
2
1
68355952690
1
1
2
2
2
1975125001
2
2
2
1
1
2
2
1
2
1
2
2
2
2
1
1
1
2
1
2
2
2
2
2
2
2
1
2
2
2
2
2
2
2
2
2
2
2
1
2
2
2
2
2
1
1
1
1
1
2
2
2
2
1
2
1
2
2
2
2
1
2
2
2
2
1
2
2
2
1
1
2
2
92872833024
2
1
1
2
1
1
2
2
2
2
2
2
2
2
2
2
2
2
2
2
2
1
2
2
2
2
2
1
1
2
2
1
2
2
2
1
2
2
2
2
2
1
1
1
2
2
1
1
2
2
2
1
2
2
2
2
1
2
2
2
1
2
2
2
2
36117495513
1
1
1
2
2
2
1
2
2
2
2
2
2
2
2
2
1
2
1
2
2
2
83594217578
2
2
2
2
2
2
2
1
2
2
2
2
1
2
2
2
2
1
1
2
2
2
1
29966654261
2
1
2
1
2
2
2
2
2
1
2
2
1
2
1
1
1
2
9259227059
2
2
2
1
1
1
1
76265359624
88101635673
1
2
2
1
2
2
2
2
1
1
1
2
2
2
2
2
1
2
2
2
1
1
2
2
2
6512106417
2
1
87048628627
2
1
1
1
39285912909
23229932637
2
2
2
2
2
2
2
2
1
2
2
2
2
2
2
2
2
1
2
1
2
1
1
1
2
2
2
2
1
2
1
2
2
2
1
1
2
2
2
2
2
2
2
1
2
2
1
1
2
32762241803
2
1
1
2
1
1
1
1
1
2
2
1
2
2
2
1
1
2
2
2
2
2
2
2
1
1
1
2
2
2
1
2
2
1
2
1
2
2
1
1
2
2
1
1
1
2
2
1
2
1
1
2
2
2
1
1
2
2
1
1
2
2
2
2
1
1
2
1
1
2
2
2
2
2
1
2
2
15704596259
2
2
2
2
2
1
2
2
1
62592249639
2
2
2
2
1
1
2
2
1
1
1
2
2
2
1
81271520710
2
2
1
1
1
1
2
1
2
1
2
1
2
2
98509796377
2
2
2
2
1
2
1
2
2
2
2
2
2
2
2
1
2
2
2
1
2
2
1
2
2
2
1
2
2
1
1
1
2
2
2
1
2
1
2
1
2
2
2
2
1
2
2
1
2
1
1
2
2
2
2
1
2
1
2
2
1
2
1
2
2
2
2
2
1
1
92492395466
2
2
2
69109435671
2
1
2
2
2
2
1
2
1
1
1
2
2
2
2
1
1
1
1
2
2
2
2
2
2
1
2
1
2
2
2
2
1
2
2
1
1
2
2
2
1
1
2
1
2
1
2
1
2
2
2
2
2
2
1
2
2
41841690259
1
1
1
1
2
2
1
1
2
1
2
2
2
2
2
1
2
1
1
1
1
1
2
1
2
2
2
2
1
1
2
1
1
1
2
1
1
1
1
2
2
2
1
1
2
1
2
2
1
1
2
2
2
1
2
1
1
65337428139
1
1
2
1
39972622748
2
1
1
2
2
36908732112
1
2
1
2
2
2
2
2
2
1
2
1
1
1
2
2
1
2
820937927
1
1
2
2
2
2
2
2
2
2
2
2
2
2
2
47693097029
2
1
2
2
1
2
2
1
1
1
2
1
2
1
2
1
2
2
2
2
1
1
2
2
1
2
1
2
1
2
2
2
1
2
2
2
2
1
1
1
1
2
2
2
1
1
1
1
2
2
2
2
1
1
2
1
2
2
1
1
2
2
1
2
1
2
2
2
1
75630362293
2
28827063019
2
2
2
1
2
2
1
2
2
1
1
1
1
2
2
2
1
1
2
2
2
2
2
2
2
2
1
1
2
2
2
2
1
1
2
1
2
2
1
1
1
2
1
1
1
2
2
2
1
2
2
2
89923436984
2
86827326690
2
2
1
2
2
1
2
2
2
2
2
1
1
1
2
1
1
2
1
1
1
2
2
2
1
2
1
2
2
1
2
1
1
1
2
2
2
2
2
2
2
2
2
1
1
1
1
1
2
2
2
2
1
2
1
17821592778
2
2
2
2
1
1
906977940
2
2
2
1
2
2
2
2
1
2
2
2
1
1
2
1
1
2
1
2
2
44514551453
2
2
2
2
2
2
1
2
1
50381859035
1
1
2
2
2
2
1
1
2
1
1
1
2
2
1
2
2
1
2
2
2
2
2
1
1
1
1
2
1
2
2
2
1
2
2
2
1
1
1
2
2
2
1
2
2
2
2
2
2
2
1
1
2
1
2
1
2
1
1
2
2
2
2
1
2
1
1
2
2
1
1
2
2
2
2
1
2
1
2
2
2
1
2
2
2
2
2
2
1
2
2
1
1
2
2
2
2
2
1
1
2
2
1
2
2
2
2
2
2
2
2
1
2
2
2
2
2
1
1
2
2
2
2
1
1
1
2
2
2
2
2
2
2
2
1
1
2
1
2
2
1
2
2
2
1
2
1
2
1
2
2
1
2
1
2
1
2
2
1
1
2
15949929514
2
2
2
2
1
1
2
1
2
2
1
2
1
1
1
68807407006
2
2
1
1
1
2
2
1
2
21574935583
2
1
2
2
1
1
2
2
2
2
2
2
2
1
1
1
2
2
2
2
2
2
2
2
1
2
2
2
1
1
2
2
2
2
2
1
2
2
2671918513
2
2
1
2
1
1
1
1
2
1
2
49888121629
1
2
2
131068245
2
2
2
2
1
2
2
2
2
1
1
2
1
2
1
2
1
1
2
2
2
2
2
1
1
2
2
1
2
2
1
2
2
2
1
1
2
1
2
2
2
2
1
1
1
2
2
2
2
2
2
2
2
2
1
2
2
2
1
1
1
2
2
2
2
2
2
17562413895
2
2
1
1
2
1
1
2
2
1
2
2
2
1
2
2
2
2
2
2
2
2
2
1
1
1
2
2
1
2
2
2
2
2
1
1
1
2
1
1
9041147262
2
2
1
2
2
1
1
1
1
68247651801
1
2
2
1
1
1
2
1
2
2
2
2
2
2
2
2
2
2
2
1
2
2
2
1
2
1
1
2
2
2
2
1
2
1
2
2
2
1
1
2
2
1
1
2
2
2
2
2
2
2
2
1
1
2
2
2
2
59475424167
2
2
2
1
2
2
2
1
2
2
2
2
1
1
1
2
90365004856
1
1
2
2
2
1
1
2
2
2
2
2
1
2
1
2
2
2
2
1
1
2
1
2
2
1
2
2
1
2
2
2
1
2
2
2
2
2
1
2
1
1
2
2
2
1
2
2
1
2
2
2
52585431729
1
2
2
1
2
2
1
2
2
2
2
2
1
2
1
2
2
1
1
2
1
2
2
1
2
2
1
1
2
2
2
2
1
1
2
2
1
9970261767
2
1
2
1
1
2
2
2
2
1
1
1
2
1
2
1
2
2
1
2
1
2
2
2
1
2
2
2
2
2
2
2
2
1
2
2
2
2
1
1
2
2
1
2
2
1
2
2
2
2
1
2
2
2
1
2
2
1
5895577555
2
1
2
2
2
1
2
85235696138
2
2
2
2
1
1
2
1
1
1
2
2
1
2
2
2
2
2
2
2
2
1
1
2
2
1
1
1
1
50776993224
2
1
2
2
2
1
1
2
2
1
2
2
2
1
1
1
2
2
2
2
2
2
2
2
2
2
2
2
1
1
1
1
2
2
1
83205854880
2
2
1
6794006299
1
1
2
2
2
2
1
2
1
1
36619135673
2
2
1
2
1
2
2
2
2
1
2
1
2
2
1
1
2
51072770861
2
1
2
2
2
1
2
2
1
2
2
2
1
2
2
1
2
2
2
1
1
1
2
2
2
2
1
2
2
2
2
2
2
2
2
2
1
2
1
2
1
2
2
2
2
1
1
2
1
2
2
2
2
2
1
2
1
2
2
1
86847392881
2
1
1
82092938017
2
1
1
2
1
2
2
1
2
1
2
2
2
2
2
2
2
2
2
2
2
2
2
2
1
2
2
2
2
2
2
1
2
1
1
1
1
2
2
1
1
1
2
2
2
1
2
2
84570125811
1
2
2
1
1
2
1
1
2
2
2
2
2
2
2
2
1
2
2
1
2
2
2
2
2
2
1
2
1
1
1
1
2
1
2
7260545011
2
1
1
2
2
2
2
2
2
1
2
1
74358001774
1
1
2
1
2
2
13200127217
2
2
2
2
2
2
2
2
88716229821
2
2
2
2
2
2
2
2
1
2
1
2
2
2
1
2
2
1
2
1
1
2
2
1
1
42056338412
2
2
71952806169
2
2
2
1
2
1
2
1
2
2
1
1
1
2
1
79908469203
1
2
1
1
2
2
2
1
1
1
2
2
2
1
2
2
1
89402232202
1
54099477509
2
1
2
2
2
2
2
2
1
2
2
1
2
2
1
2
2
2
2
2
2
2
1
1
2
2
2
1
1
1
2
1
2
1
1
1
1
2
2
1
2
2
2
2
2
2
95060035816
2
1
1
2
2
2
2
2
1
2
2
2
2
1
2
2
2
2
2
1
28064112301
2
2
2
2
1
1
2
31580332403
1
2
2
1
2
2
1
2
2
2
2
1
2
49444634769
1
1
2
1
2
2
41463243495
1
2
2
2
2
2
2
64102857102
2
1
2
28366649000
2
1
2
2
1
1
1
2
1
1
1
2
1
1
2
70282806744
2
2
2
2
2
2
1
2
2
2
90482494004
2
2
2
2
2
2
2
1
2
2
1
2
19451104032
2
1
2
1
2
2
10746255395
2
1
1
2
2
2
1
2
2
94016506019
1
2
2
2
2
66417629672
2
1
1
2
2
2
2
1
1
1
2
2
1
1
2
2
2
2
1
2
2
2
2
1
2
2
2
1
2
2
2
2
2
2
2
1
2
72679513961
1
1
2
2
1
1
2
1
2
2
1
2
2
2
2
1
2
2
1
2
2
1
2
2
1
1
2
2
2
24938433966
1
2
2
2
1
2
2
2
1
2
1
1
2
2
2
1
2
2
2
2
2
2
2
2
1
1
2
2
2
1
29532807078
1
1
2
2
1
2
2
1
2
2
1
2
2
1
2
1
2
1
2
2
2
1
2
2
2
1
1
2
2
2
2
2
1
2
1
2
1
2
2
1
2
2
2
2
2
2
1
2
1
2
1
2
1
1
1
2
2
1
2
2
2
1
1
1
2
2
2
2
2
2
1
2
1
1
2
2
2
2
1
1
1
1
2
2
2
2
2
1
2
2
1
1
1
2
1
1
2
1
2
1
2
1
1
1
1
2
1
2
2
1
1
2
2
1
2
1
1
2
2
2
1
2
2
1
2
1
2
2
1
40258891847
1
1
1
2
2
1
1
1
2
2
2
2
1
1
1
1
2
1
2
2
1
1
2
2
2
2
2
1
1
2
2
85031495731
1
2
1
162985605
2
1
2
2
2
2
2
2
2
2
1
2
1
2
1
1
1
2
2
2
1
2
2
2
2
1
2
1
1
2
1
1
1
2
99550451467
1
1
1
2
1
1
2
2
2
1
2
2
1
1
1
2
2
1
2
1
2
1
2
2
2
2
1
2
2
2
1
2
2
1
1
1
2
1
2
2
1
49215259622
2
2
2
1
1
1
2
2
2
2
2
1
1
2
1
2
1
1
2
2
2
2
2
1
1
1
1
2
1
1
1
46847727706
2
2
1
49136130067
2
2
2
1
2
2
1
2
2
1
2
2
2
2
1
1
1
2
2
1
2
1
2
2
1
1
2
1
2
2
20471704827
1
1
2
2
1
2
1
2
1
2
1
1
1
1
1
2
2
1
1
1
2
2
2
1
2
1
2
2
2
1
2
1
1
1
2
1
1
1
1
2
2
1
2
1
2
2
2
2
1
2
1
2
1
1
2
2
1
1
2
2
2
2
2
2
1
1
2
2
2
2
2
79215469525
1
1
1
1
2
2
2
2
2
2
1
1
2
2
2
62260256866
1
2
1
2
1
1
1
2
19816008558
2
2
1
2
1
1
2
1
2
2
2
2
2
2
2
1
2
1
1
1
2
1
2
1
2
2
1
1
1
2
2
2
2
2
2
1
1
2
1
1
2
2
2
2
2
2
2
2
2
1
2
2
1
2
2
2
2
2
1
2
2
1
1
1
1
2
1
2
2
2
2
1
2
2
1
2
1
2
1
1
1
2
2
1
2
2
2
2
1
1
1
1
1
2
2
2
2
1
2
2
1
2
1
2
96976628741
2
2
2
2
970653440
2
2
1
1
2
1
2
2
2
2
2
2
1
2
2
1
2
2
2
2
2
1
2
1
2
2
2
2
1
2
2
2
1
2
2
2
2
2
2
2
1
1
1
1
2
2
1
2
1
1
1
1
2
2
1
2
1
1
1
1
1
2
2
1
2
1
2
2
2
1
2
2
2
2
2
1
2
1
2
1
1
2
2
2
2
2
2
2
1
2
1
1
2
2
2
2
1
2
2
1
2
2
2
1
2
1
1
58889877173
2
17991388802
2
1
2
2
2
1
2
2
1
2
63430532917
1
2
2
2
1
2
1
2
40390419234
2
1
1
2
2
2
2
1
2
1
2
2
2
1
2
1
2
1
1
2
2
2
2
62256757130
2
1
29167492924
1
2
1
1
1
1
2
2
2
2
2
1
2
1
2
2
2
1
1
1
1
2
2
2
2
2
1
1
2
1
1
1
2
2
2
1
2
2
2
2
72314120037
2
1
2
1
2
1
2
2
2
1
2
1
1
1
1
2
2
1
1
1
2
1
2
2
2
1
1
2
2
2
2
2
2
1
2
2
2
2
2
2
2
1
2
2
2
1
1
2
1
1
1
2
2
2
1
1
2
2
1
2
2
1
2
2
2
1
2
1
2
2
1
1
2
1
1
2
1
2
2
2
2
1
1815353165
1
2
1
1
2
2
2
2
1
1
2
1
2
1
1
2
2
1
2
2
1
67912789969
85792746119
1
1
2
1
1
2
2
2
1
2
1
2
2
2
2
2
2
2
2
1
2
2
2
2
2
1
1
1
1
1
34245581729
2
2
1
88772372598
2
1
2
1
2
2
1
2
2
1
2
2
2
89787761449
16189523500
2
2
2
93013728465
2
2
2
2
1
2
2
2
2
1
2
1
2
2
2
2
1
2
2
2
2
2
2
1
2
2
1
1
2
2
2
1
1
2
1
2
1039822385
1
2
1
2
1
1
2
2
1
1
1
1
2
2
2
2
2
82932574718
1
2
1
2
1
2
1
2
1
2
2
56017688359
2
1
2
1
2
1
2
2
2
2
1
1
1
2
2
1
2
2
1
1
1
2
1
2
1
2
1
2
2
2
2
1
1
2
1
2
2
2
2
2
1
2
1
2
1
1
2
2
2
2
1
14152400726
2
1
2
1
2
2
2
2
1
1
1
2
1
13425253090
1
2
1
2
2
1
2
2
2
2
2
1
1
2
1
2
1
2
2
1
2
2
2
1
1
2
2
2
1
1
1
1
1
75882266308
2
2
1
1
2
2
1
1
1
1
2
2
2
1
39159146882
1
2
2
1
2
1
2
1
72531261645
2
2
1
2
2
2
2
2
2
1
47692299466
2
2
2
2
65029896096
2
1
2
2
1
2
1
2
1
2
2
2
2
2
2
2
2
2
35944214425
1
1
1
1
1
1
2
1
1
2
2
2
1
1
2
1
2
1
1
2
2
2
2
1
1
1
1
1
1
2
1
2
2
2
1
2
1
2
2
2
1
1
2
2
2
2
1
1
2
2
1
1
2
2
2
2
2
2
2
2
1
2
1
2
1
1
2
2
1
2
1
1
1
1
2
1
2
2
1
2
2
59125081478
2
1
1
2
2
2
2
1
1
2
1
2
1
2
2
2
2
1
1
1
2
1
2
2
1
2
2
2
1
1
2
1
2
2
83060796067
1
2
2
2
1
2
2
1
1
2
2
2
1
1
2
1
2
1
2
2
2
2
1
2
49117030898
24543901776
2
1
1
1
2
2
2
2
1
2
1
2
19196568528
43982259829
2
1
2
2
1
2
1
1
2
2
1
1
2
2
2
2
24118353225
2
1
2
2
1
2
2
2
1
2
1
1
1
1
2
1
1
1
2
1
2
2
1
1
2
2
2
2
2
2
2
2
1
2
1
2
2
1
1
2
2
1
1
1
1
2
1
2
1
2
1
2
2
95419354976
2
1
1
1
2
2
2
2
2
2
2
2
2
2
2
2
2
2
1
1
2
89279311499
2
1
2
58736850985
2
2
1
2
2
2
1
2
1
2
2
1
2
1
2
2
2
1
2
2
2
1
2
2
2
1
1
1
2
1
1
1
1
1
1
1
1
2
2
1
2
2
2
2
1
2
2
2
1
1
1
2
2
2
2
2
2
1
2
2
2
2
2
2
2
2
1
2
1
1
1
2
1
66798872287
1
2
2
1
2
1
1
1
1
2
2
1
1
2
1
1
1
2
2
2
1
2
2
2
1
2
2
2
2
1
2
1
1
1
1
1
2
2
1
2
2
1
2
2
2
2
2
1
2
2
2
2
2
2
1
2
2
2
2
2
1
2
2
2
2
1
1
2
1
1
2
4331769148
1
2
2
2
2
2
1
1
1
2
2
2
97482997612
1
2
1
2
2
2
2
1
2
1
2
1
1
2
2
2
1
1
2
1
2
2
2
2
1
1
1
2
1
2
2
2
1
2
1
2
2
2
2
2
2
2
2
1
1
2
2
1
2
1
2
5297494600
1
2
2
1
2
2
1
1
2
1
2
1
2
2
2
1
2
2
2
1
2
87681674435
2
2
2
2
2
2
2
2
2
2
2
1
2
93089405543
2
2
2
2
1
2
1
1
1
1
2
2
2
1
2
2
2
1
1
2
2
2
1
2
2
2
1
1
1
2
1
2
2
2
2
2
1
1
2
2
1
2
1
1
2
2
1
2
2
2
1
2
2
1
2
2
1
1
2
1
1
1
1
1
37484504492
2
1
1
2
2
2
1
2
2
2
2
2
2
1
2
2
2
2
32672060678
1
2
1
2
2
2
2
1
31983623009
1
1
2
2
1
1
2
2
2
2
2
2
2
2
2
2
1
1
2
1
1
80940102312
2
2
2
1
1
1
1
10888275227
2
2
2
1
2
2
2
1
2
2
1
1
2
2
1
1
1
2
1
2
47824638365
1
2
1
1
2
81462409833
2
2
1
2
2
2
2
2
1
2
1
2
1
2
1
2
2
1
1
2
2
2
1
2
2
2
2
1
2
1
1
2
2
2
2
1
2
1
73418193083
2
83282578010
1
1
2
1
2
2
1
2
2
2
2
1
2
2
2
1
2
1
2
2
2
2
2
1
46140715569
1
2
1
1
2
1
2
1
2
1
2
2
2
2
2
1
2
2
1
2
1
1
1
1
2
1
2
2
2
1
2
2
2
2
2
2
2
1
2
2
1
2
2
2
2
2
2
1
2
2
1
1
2
1
2
2
74679678449
2
1
1
1
2
2
2
2
1
2
2
1
2
1
2
2
2
1
1
2
1
2
2
1
1
2
1
2
2
1
1
2
2
1
1
2
2
2
2
1
1
2
2
2
2
2
2
2
2
2
2
2
1
1
2
2
2
2
2
2
1
2
2
1
2
2
2
2
1
2
28611033506
83451926396
1
1
2
1
2
2
2
2
2
1
1
1
3848742457
2
1
2
1
1
64443142407
2
1
2
2
2
86070307807
2
44759860118
2
2
1
1
1
1
33856078190
2
1
1
2
2
2
2
1
2
2
2
1
1
2
2
1
1
1
2
23118280303
2
1
1
2
1
2
2
2
1
2
1
2
2
1
2
2
2
2
1
1
1
2
1
2
1
2
2
1
2
1
2
2
1
1
1
1
2
2
2
2
2
2
2
2
2
2
2
2
2
2
2
2
1
1
2
2
1
1
2
1
1
1
2
1
1
1
2
1
2
2
2
2
2
1
2
2
2
1
2
2
1
2
1
2
2
1
2
1
2
1
2
1
2384818878
2
1
2
2
2
1
2
1
2
2
1
1
2
2
1
2
1
2
2
2
2
1
2
85628103730
2
1
2
2
2
98086020063
2
2
2
2
1
2
1
1
2
2
1
2
63451616019
2
2
2
2
1
2
1
2
1
2
2
1
1
2
2
41512631040
2
2
2
2
2
2
2
2
1
1
2
1
2
1
1
2
1
2
1
2
45136421828
1
2
2
21490580559
2
2
2
2
2
2
67472234559
1
1
2
2
2
2
1
2
2
2
2
2
2
1
2
2
2
1
1
2
1
2
2
2
1
2
2
1
2
2
2
2
2
1
2
2
1
2
2
2
1
2
1
2
2
2
2
2
2
2
14614711320
1
2
2
2
2
2
2
1
2
2
2
2
2
2
2
2
2
1
2
2
1
2
2
2
2
1
2
2
1
1
2
6867329120
2
2
2
2
2
1
1
2
2
2
2
2
2
2
2
2
2
2
22776869261
51209259285
2
2
1
18614480668
2
1
1
1
2
1
60003877304
2
1
2
2
2
2
1
1
2
2
2
2
2
2
2
1
2
1
1
1
1
2
2
2
2
1
2
1
2
2
2
2
2
1
2
2
1
2
1
50244039398
2
1
1
2
1
2
2
2
2
1
2
2
2
2
2
2
2
2
2
2
1
2
2
2
1
2
1
1
2
2
2
2
2
2
1
2
2
1
1
2
2
2
1
4045873131
2
1
1
2
2
1
2
1
1
2
2
1
2
1
1
1
46877150901
2
1
1
1
2
2
1
2
2
1
1
1
2
1
1
2
1
2
1
2
1
2
2
1
2
2
2
2
1
2
58313473549
2
1
2
2
2
1
2
2
1
1
2
1
2
2
1
2
2
2
2
1
2
2
2
2
1
2
1
2
1
1
2
1
2
2
1
2
1
2
1
2
2
2
1
1
1
2
1
2
2
2
2
1
2
2
1
2570547763
2
2
1
2
1
2
2
1
2
2
1
2
2
79515386030
2
1
2
1
2
2
2
2
59104424641
1
2
2
1
2
2
2
2
1
2
1
2
1
2
2
1
2
2
1
2
2
2
1
2
1
1
2
2
2
2
2
2
1
1
2
2
2
2
2
1
1
2
1
1
1
2
2
2
2
2
2
2
1
1
2
2
12110068700
2
2
1
2
2
1
1
2
2
2
1
2
2
2
1
2
1
1
2
2
1
2
2384609045
2
1
1
2
2
2
2
1
2
1
2
1
1
1
1
1
98999069760
2
1
2
43393811573
1
2
1
2
2
2
2
2
2
2
2
1
1
1
2
1
2
2
2
2
2
1
2
2
1
2
2
2
2
1
2
1
1
2
2
2
2
2
2
2
2
2
1
2
2
2
1
2
2
1
2
2
2
1
2
2
2
1
2
2
1
2
2
2
1
41945064314
1
2
1
2
2
2
2
1
2
2
2
99426060077
2
1
1
2
2
2
2
1
2
2
2
2
2
2
2
2
2
2
2
2
1
2
1
1
2
2
2
2
2
2
2
2
2
2
2
2
1
2
2
1
1
2
2
1
1
2
2
1
1
2
2
2
2
2
2
2
2
2
2
2
2
2
2
1
2
1
2
2
1
2
2
2
2
1
1
2
2
1
2
2
2
2
1
2
1
2
1
2
1
1
2
1
2
2
97320746704
1
2
2
2
2
2
2
2
1
1
2
2
2
1
2
1
1
2
1
2
2
1
2
2
2
2
2
2
1
2
2
1
2
2
1
1
1
2
2
1
2
1
1
2
2
2
2
2
1
1
2
2
2
2
2
1
2
1
1
2
1
1
2
2
2
2
2
1
2
2
2
2
2
2
2
1
1
2
1
1
2
1
1
2
2
2
2
1
1
2
1
2
2
2
2
1
1
2
2
1
1
1
2
2
2
2
2
2
2
2
1
2
2
2
1
1
2
2
2
1
1
1
1
2
1
1
2
2
2
2
1
2
2
2
1
2
1
1
2
1
1
2
2
2
2
2
1
2
2
2
1
2
2
2
2
2
1
2
2
2
1
2
2
2
57816109777
1
2
2
1
1
2
2
2
2
1
2
2
2
1
2
2
2
2
2
2
71038792922
1
2
2
1
2
2
1
2
2
2
2
2
2
2
1
2
2
2
2
1
70647695457
1
1
2
2
2
2
1
2
2
1
2
39565132975
2
1
2
82445149237
2
2
1
1
1
2
2
2
1
2
2
2
1
2
2
2
2
1
1
2
98249193020
2
1
2
1
2
1
82494943050
2
2
2
2
2
31325326668
1
2
1
2
2
1
1
1
2
2
2
1
2
2
2
1
2
1
2
1
2
1
2
1
2
1
2
63771978583
2
2
34908685287
2
2
96004644421
1
1
2
2
2
2
2
2
2694328947
2
2
1
2
2
2
1
1
2
2
1
2
2
1
2
2
2
2
1
2
1
2
2
2
1
2
2
1
2
2
1
1
1
46177230648
1
2
2
2
2
2
1
2
2
2
1
1
2
2
2
2
2
1
1
2
2
1
2
1
2
1
2
2
2
1
2
2
1
2
2
2
31810652664
2
2
2
2
2
2
2
2
1
2
2
2
2
2
2
2
1
2
1
1
1
2
2
2
33343106318
9559597692
2
2
1
1
2
2
2
1
2
1
1
1
1
2
1
1
2
2
1
95183102195
1
1
2
2
1
2
1
2
2
1
2
2
18122795347
2
36738338147
2
2
1
1
2
2
2
2
2
2
2
2
2
2
1
2
2
2
1
1
2
1
2
1
2
2
2
1
44635333806
2
1
2
2
2
1
1
1
16093162058
2
2
2
2
2
2
1
1
2
1
1
2
2
2
2
2
2
1
2
2
2
2
2
2
2
2
2
2
2
2
1
2
2
1
2
1
2
1
2
1
2
1
1
2
1
2
2
2
2
2
2
1
1
1
1
2
2
1
1
1
2
2
2
1
1
2927009267
2
2
2
1
1
1
2
1
1
2
2
1
1
2
2
1
60735649138
2
1
1
2
51471441378
1
2
1
2
2
2
2
2
1
2
2
2
1
2
1
1
1
1
1
2
2
1
2
2
1
2
2
2
2
2
1
2
1
1
1
2
1
15265098000
2
2
2
2
2
2
2
1
2
1
1
1
2
1
2
2
1
37585208440
1
2
2
2
2
1
2
2
2
1
2
1
2
2
2
1
2
1
1
1
2
1
2
2
2
55722677361
1
2
2
1
2
2
2
2
2
2
2
2
1
94808162141
1
43431854539
2
2
1
2
2
2
2
2
2
1
1
1
1
2
1
2
2
2
2
1
2
2
99623594065
1
2
2
2
2
2
1
1
1
2
2
2
2
1
2
2
2
2
1
2
2
2
1
2
1
1
2
2
2
2
1
2
2
1
2
1
2
2
1
2
2
1
1
1
1
1
2
2
2
2
2
2
2
2
54128799971
1
1
2
2
2
2
2
2
2
2
2
1
2
2
2
97211240450
2
2
2
2
1
1
1
2
1
1
1
2
2
2
1
2
2
2
2
2
1
2
1
2
1
2
2
1
2
1
2
2
2
2
1
2
1
2
2
1
2
1
2
2
2
2
2
2
2
2
1
2
1
2
2
2
2
2
2
2
1
2
2
2
2
2
1
1
1
1
2160337652
2
2
2
2
1
69250814691
2
1
5716405513
2
24270787483
2
1
1
2
2
1
2
2
2
1
2
2
2
2
2
1
1
2
2
1
1
2
41314494859
1
1
1
2
2
1
2
1
2
2
2
1
2
1
2
2
2
2
2
1
2
2
2
2
2
1
2
2
1
2
2
1
2
2
2
1724811567
2
1
1
2
2
2
2
2
1
2
2
1
2
1
1
2
1
1
2
1
2
2
1
2
1
2
1
2
2
88699856892
2
1
2
2
1
2
2
2
2
2
2
2
1
2
1
2
1
2
1
2
2
2
1
22922785475
1
2
2
1
2
2
1
2
1
2
2
2
2
1
2
1
2
1
2
2
2
1
1
1
2
2
2
1
1
2
2
5500521124
2
1
2
2
1
2
2
1
2
2
1
67800179649
1
1
1
2
2
2
2
2
2
1
2
2
2
2
2
2
2
1
17782665415
2
1
2
2
2
1
2
2
2
2
2
1
2
2
1
2
1
2
26116585825
2
1
2
2
2
1
2
1
2
2
2
2
2
1
4173802021
1
1
1
2
1
2
1
1
1
1
1
1
1
2
1
2
2
2
2
1
1
2
2
2
2
1
2
2
2
2
2
2
1
2
2
2
1
2
1
1
2
1
2
2
2
2
2
1
2
2
2
1
1
2
2
1
2
2
2
2
2
2
1
2
1
2
1
1
2
2
1
2
1
2
2
2
1
2
2
2
4995285710
1
1
1
2
1
2
1
2
2
1
2
2
1
1
2
2
1
2
2
2
2
2
1
1
2
1
2
1
2
1
2
2
1
2
1
42148607740
2
2
1
2
2
2
1
2
2
2
2
1
1
2
2
2
83164854534
2
1
1
2
1
1
1
1
2
2
1
1
1
97422985779
43687816826
1
48993536263
1
1
2
1
2
2
2
29241993757
2
2
2
2
2
1
2
2
1
2
2
1
2
2
2
1
1
2
1
2
1
2
1
2
1
2
2
1
1
2
1
2
2
2
2
1
1
1
1
2
2
1
1
2
2
2
1
2
2
2
2
2
2
2
2
2
1
2
2
1
2
2
2
2
2
2
2
1
1
2
1
2
1
2
2
2
2
2
2
2
2
2
2
2
2
2
2
1
2
2
1
2
2
2
59887635063
2
2
2
2
2
2
1
1
1
2
2
1
2
24129090377
2
1
2
1
1
2
1
2
1
2
2
2
2
2
2
1
1
1
2
2
98421045571
2
2
1
1
2
2
1
2
1
1
2
2
1
1
2
2
2
2
1
2
1464684568
2
1
2
1
2
2
2
2
2
2
1
1
2
1
2
2
2
2
1
2
1
2
1
2
2
86933277949
1
2
2
2
2
1
1
2
1
1
1
2
1
1
54728568774
1
2
1
62260674711
1
1
2
2
2
2
1
2
2
2
2
1
1
1
2
2
1
1
2
1
59493548480
2
2
1
2
2
1
2
2
2
2
2
1
2
2
2
2
2
1
1
2
2
2
2
2
2
2
2
1
1
2
2
1
1
1
2
2
2
2
2
2
1
2
2
55729388596
1
2
2
2
2
2
1
1
1
1
2
2
2
2
2
1
2
1
2
2
1
2
2
2
2
2
1
1
1
2
1
2
1
2
2
2
2
1
2
2
1
2
1
2
2
2
1
2
1
2
2
1
2
2
2
2
1
2
2
41752618289
2
2
2
2
2
2
1
24428762975
2
2
1
2
2
2
1
1
2
1
2
1
2
2
2
2
1
1
2
1
2
1
2
1
2
2
2
2
2
2
2
2
2
2
1
2
2
2
305976487
2
1
2
2
2
1
2
1
1
2
2
2
2
1
2
2
2
1
2
2
1
2
1
2
2
2
2
2
2
2
2
1
1
2
1
2
1
2
1
2
1
2
46106367607
2
2
1
1
2
1
2
2
1
2
2
1
2
1
2
1
2
2
2
2
2
2
1
2
1
2
2
1
2
2
2
2
1
2
2
2
2
2
2
2
2
2
2
1
1
1
1
2
2
2
2
1
2
1
2
2
2
1
2
2
2
1
1
1
1
1
1
1
1652926586
1
2
1
2
2
2
1
1
2
1
2
2
2
1
1
1
1
2
2
1
2
2
2
1
2
2
2
2
2
1
1
1
2
2
2
1
2
2
2
2
2
2
1
9118335592
2
2
2
2
2
2
1
2
2
2
2
2
2
1
2
1
2
2
1
2
2
2
2
2
2
49598636605
1
1
37303934979
1
2
2
1
2
2
2
2
2
2
2
2
2
2
2
2
1
2
2
1
2
1
2
2
1
1
75624084591
95006301896
1
1
64673628900
2
1
2
2
2
2
1
2
2
1
2
1
2
2
2
2
2
2
2
2
2
2
1
1
2
1
2
2
18435130903
2
2
1
1
2
2
2
4808652504
2
2
2
2
2
2
2
2
2
1
2
2
2
1
2
2
1
1
1
2
2
2
66310995381
1
1
84833281244
2
2
1
2
2
2
2
1
1
1
2
2
2
2
61463829292
1
1
1
2
1
2
2
2
2
69665677934
1
2
2
1
2
2
2
1
1
1
2
1
1
1
2
2
2
1
2
2
2
2
2
2
2
2
1
2
1
2
1
2
1
2
2
2
1
2
2
2
70049350917
2
2
2
2
1
2
2
1
2
1
1
2
2
2
2
2
1
2
1
1
56022198725
2
31414734011
2
2
1
2
2
2
2
2
2
2
38733724340
2
2
2
2
2
1
1
2
1
1
1
1
1
1
2
47792084244
1
2
1
2
2
1
2
2
1
2
2
2
2
1
1
1
2
2
1
1
2
2
1
1
2
2
1
2
2
2
2
1
2
2
2
2
2
2
1
2
2
1
2
1
2
2
2
2
1
2
2
2
1
2
2
2
1
1
2
2
2
2
2
2
2
2
1
1
1
2
2
2
1
2
2
1
2
2
1
2
1
1
2
1
1
2
2
1
1
2
88761478662
2
2
2
1
2
1
2
1
2
2
1
2
1
2
2
2
1
1
2
2
1
2
1
1
1
2
2
2
2
2
1
2
2
2
1
2
1
1
2
2
2
2
1
1
1
2
1
1
2
2
2
2
1
1
2
2
1
2
2
2
1
1
2
1
2
30116027117
2
2
2
2
2
2
17144227626
2
2
2
2
2
2
2
2
2
1
92380002471
21223963601
2
1
2
2
2
2
2
2
2
1
2
1
2
1
2
1
1
2
1
2
2
1
1
2
1
2
1
1
1
2
2
1
1
2
2
2
2
2
1
2
2
2
2
2
2
1
1
1
2
1
1
1
2
1
1
2
2
1
1
2
2
2
1
2
2
1
1
2
1
1
2
2
2
2
2
2
1
1
1
1
2
2
2
2
2
2
2
2
1
1
1
1
2
2
1
1
1
2
1
1
2
1
2
1
2
1
2
1
2
2
2
1
2
1
2
1
2
1
2
1
1
2
2
2
1
2
2
2
2
1
96021264432
1
1
2
2
2
1
1
2
2
1
1
1
2
2
2
2
1
2
2
1
1
2
2
2
2
2
2
1
1
1
2
2
1
2
2
2
2
2
2
1
1
2
1
2
2
2
2
2
2
1
1
2
2
1
1
2
2
2
1
53523880672
2
2
2
2
2
1
2
1
1
2
1
2
1
1
1
1
2
1
1
2
1
1
2
1
1
2
2
2
2
1
1
2
1
70573584651
2
1
2
2
2
2
2
2
2
2
2
2
2
2
2
2
2
2
2
2
1
2
2
1
1
2
2
2
1
2
1
1
2
2
2
2
1
1
1
2
1
1
2
1
1
2
1
2
1
2
2
2
2
2
2
2
1
2
1
2
1
2
2
2
2
1
2
2
2
1
2
2
2
1
2
1
2
2
2
1
1
2
2
1
1
2
2
2
1
2
1
2
2
2
1
2
2
2
70154219954
2
2
1
1
1
2
2
1
2
2
2
1
2
1
16375952878
2
2
2
48591467023
2
1
2
2
2
2
2
2
2
2
2
1
2
2
1
2
2
2
2
2
2
2
2
2
2
1
2
2
2
1
1
2
58135219590
1
2
2
1
2
1
42220394794
2
2
1
2
2
1
2
2
2
1
2
2
2
1
1
1
2
2
1
2
2
2
2
1
2
1
2
2
2
1
2
1
1
2
2
2
2
2
2
2
2
2
2
1
1
1
2
2
2
1
2
1
2
2
2
2
1
2
2
2
2
2
1
1
1
2
2
1
36559981543
2
2
1
2
1
4256769898
2
2
2
2
2
2
2
2
1
2
2
2
1
1
2
1
2
1
2
1
1
24420317640
2
2
1
2
2
2
2
2
2
57727418570
2
1
2
33228039100
2
2
1
2
1
1
2
1
1
1
2
1
2
2
2
2
1
2
2
2
2
1
1
2
2
2
2
2
16229966031
2
2
2
62772291213
1
1
2
2
2
2
2
1
52910418339
2
2
2
1
2
2
2
2
2
2
1
2
2
2
1
1538212814
1
2
1
2
2
1
2
77714880460
2
2
2
1
2
2
1
2
1
2
2
1
2
1
1
2
2
2
2
8867750965
1
2
1
2
2
2
1
2
2
2
2
2
1
2
1
2
2
2
1
97495542283
2
21445544442
2
2
2
1
2
1
1
2
1
2
61855559448
2
2
2
2
2
2
1
2
2
1
1
2
1
1
1
2
2
1
2
2
2
2
1
1
1
2
2
7008937121
2
2
2
2
1
1
10641977060
18789426252
2
1
1
2
1
2
2
1
2
2
1
2
1
1
1
2
1
2
2
2
2
2
2
2
2
2
1
2
2
2
2
2
2
1
2
2
1
1
1
1
1
2
2
1
2
2
2
1
2
2
2
2
2
2
2
1
2
2
2
2
1
2
1
1
2
1
2
2
2
2
2
1
2
2
2
1
1
2
2
2
2
2
2
1
2
1
2
2
2
2
2
2
2
1
2
2
1
1
2
2
2
1
2
1
2
2
1
2
1
2
2
1
2
2
1
2
2
2
1
2
1
2
2
2
2
1
1
2
2
2
2
2
2
2
2
2
2
1
1
1
2
2
1
1
2
2
1
2
2
2
2
41340663306
2
1
1
1
2
2
2
1
1
2
1
1
2
2
1
1
2
2
1
2
2
2
2
2
2
2
1
2
2
2
1
2
2
2
2
1
2
1
2
2
2
2
2
2
2
1
1
2
1
2
2
2
1258762555
1
2
29222245526
1
2
1
2
1
2
2
2
1
2
2
2
2
2
2
2
1
2
1
2
1
1
2
2
1
2
1
2
2
2
2
2
2
2
2
1
2
2
1
2
1
1
2
1
1
1
1
2
1
86378124534
2
2
2
2
1
1
2
2
1
2
2
2
2
2
1
6619569500
45629037221
2
2
2
2
1
1
1
2
2
2
2
2
2
2
2
1
2
2
2
2
2
2
1
2
1
1
1
2
2
2
1
2
1
2
1
1
2
2
2
2
2
2
1
1
2
1
2
2
2
1
2
2
2
2
2
2
2
2
2
1
1
2
1
2
1
2
2
1
1
2
1
2
21762075199
2
1
2
2
2
2
2
1
2
2
2
2
2
1
1
2
2
1
1
2
2
2
1
2
1
2
2
2
2
2
1
2
2
2
2
1
1
1
2
66634154044
2
2
2
2
2
2
2
2
1
2
2
1
2
2
2
1
1
2
1
2
2
2
2
2
2
2
1
1
1
1
1
1
2
1
2
1
1
2
2
2
2
2
1
1
1
2
1
2
2
2
2
1
2
2
2
2
13157226281
2
1
1
1
2
1
2
2
2
1
2
1
1
1
2
1
1
2
2
1
2
2
1
2
2
1
1
2
2
1
1
2
2
1
1
2
2
1
2
2
1
1
1
2
1
1
2
2
1
2
2
2
1
1
1
2
2
23682897441
1
2
2
2
2
2
1
2
1
2
2
2
2
1
1
1
2
1
1
1
2
2
2
1
2
2
2
2
2
2
2
2
2
2
2
2
2
2
1
2
2
1
1
1
2
2
2
1
1
2
2
2
2
2
2
2
1
2
2
2
1
2
2
2
2
1
88903400895
2
2
2
1
2
2
2
1
2
1
1
1
1
1
2
1
1
1
1
2
2
2
2
1
2
2
1
1
2
1
2
2
2
2
2
2
2
1
1
2
2
2
2
2
2
2
1
1
1
1
2
1
1
1
2
2
2
2
1
2
2
2
2
1
1
2
2
63114036789
2
2
1
2
1
1
2
2
2
2
1
1
2
2
2
2
1
2
2
2
2
1
2
2
1
1
1
2
1
2
1
1
2
1
2
1
2
2
1
2
2
2
1
2
2
1
1
1
1
2
1
1
2
2
2
2
1
2
1
2
1
2
1
2
2
2
1
2
1
1
2
2
2
2
1
1
2
1
2
2
2
2
1
2
2
1
1
2
2
12834934378
2
2
2
2
2
1
35713041527
1
2
1
2
1
2
1
2
1
2
1
1
2
2
32992500448
1
1
1
2
2
2
2
2
2
1
2
2
2
2
2
2
2
2
2
2
1
2
1
2
1
1
2
2
2
2
2
1
2
2
2
2
2
1
2
1
1
1
2
1
1
2
1
1
2
1
1
2
1
2
1
1
1
2
1
2
2
2
2
2
2
2
1
1
2
2
2
1
1
2
1
2
1
2
2
1
2
2
2
2
2
2
2
1
2
2
71480646504
2
2
1
2
1
2
1
1
2
2
2
2
46532836174
2
2
2
2
1
2
1
2
2
2
1
2
2
2
1
2
2
2
1
1
2
2
2
2
2
1
77112558735
1
2
2
2
2
2
2
2
2
92025603218
1
1
2
2
2
2
1
2
2
2
2
2
64757938407
2
2
2
2
2
2
1
2
2
2
2
1
57342773117
2
2
2
1
1
2
2
2
1
1
1
1
1
2
2
1
1
2
2
2
1
2
2
2
2
2
2
1
95243471745
2
2
2
2
2
2
5905809853
2
1
2
1
2
1
2
2
1
2
1
1
2
1
1
2
2
1
1
2
1
1
2
1
2
2
2
1
1
1
2
2
2
1
2
2
2
2
1
2
2
2
1
2
2
2
2
1
2
2
2
2
1
1
2
1
2
2
2
2
2
2
1
1
2
1
1
2
1
2
2
2
2
2
1
1
1
2
1
2
1
2
1
2
1
2
82125613760
1
2
2
2
2
2
1
2
2
1
2
2
2
2
2
1
64024036826
1
2
2
1
2
1
2
2
2
1
1
2
2
1
2
2
2
2
2
2
2
1
2
2
1
2
1
2
1
2
2
1
2
70805967343
2
1
1
2
2
2
2
1
2
2
2
1
2
2
1
2
1
2
1
2
1
1
38069495757
2
2
2
2
47716738982
1
2
2
2
2
2
1
2
2
1
1
1
1
2
2
1
1
2
1
2
1
1
2
2
1
2
2
2
1
1
1
2
2
2
1
1
2
2
1
2
2
1
1
2
2
2
2
2
2
2
2
26154331837
2
2
2
2
1
1
2
84520335942
2
2
2
2
56024270695
2
2
1
2
2
2
2
2
2
1
2
2
2
1
1
2
1
2
2
1
1
2
2
2
1
2
18969906798
2
2
2
2
2
1
1
2
2
2
1
2
2
1
2
2
2
1
2
1
1
1
2
2
6477836516
1
2
2
1
1
1
2
2
2
2
1
20704440300
2
2
2
2
2
2
1
2
2
2
2
2
1
1
1
2
2
2
93350494216
2
2
1
2
2
2
2
2
2
1
2
2
2
2
1
1
2
1
2
1
2
1
1
1
1
2
2
2
2
2
2
2
2
2
2
1
1
2
2
2
1
16050135067
1
1
1
1
1
2
2
2
2
2
1
2
2
1
2
2
2
1
2
2
2
2
2
2
2
1
1
1
2
2
1
1
1
2
1
1
2
1
2
2
46511194711
2
1
2
1
2
1
1
2
2
2
36816713600
1
2
2
2
1
1
1
2
1
1
2
2
2
1
1
2
2
1
2
1
2
1
1
2
1
2
2
2
2
2
1
1
2
2
1
4924131270
2
1
1
2
2
1
2
2
89079607759
1
2
2
2
1
2
2
29259816975
2
2
2
1
2
1
2
2
20182114845
2
1
2
1
1
2
2
2
1
2
2
2
2
2
1
2
2
2
1
2
2
1
1
2
1
1
80877178144
2
1
1
2
2
2
1
2
2
1
2
2
2
2
2
1
2
2
2
1
2
2
1
2
2
2
2
77322373585
2
2
1
2
1
2
1
2
1
2
2
1
2
1
2
1
2
2
1
2
1
2
1
4740326359
2
2
1
1
2
2
2
2
2
2
2
2
1
2
1
1
2
2
2
1
1
2
2
2
2
2
2
2
2
1
1
2
2
2
1
1
2
1
2
2
1
2
2
2
1
1
2
2
2
2
1
2
2
42164253153
2
2
2
2
2
86085854843
2
1
2
2
1
2
2
2
2
2
1
1
2
1
1
2
2
2
2
2
70965855731
2
1
2
2
2
2
2
2
1
2
1
2
1
2
2
2
2
2
2
2
2
2
1
98503674453
2
2
1
2
2
2
1
2
2
1
2
2
2
41808890857
2
2
1
2
7375670043
1
2
1
1
2
2
2
1
2
2
2
1
1
2
2
2
1
2
2
1
2
2
2
1
1
75225054378
2
2
1
2
2
2
1
1
1
2
2
1
1
2
1
2036325386
2
1
2
2
2
1
44878436271
1
1
2
2
1
2
2
2
2
1
2
2
2
2
2
2
1
2
55727643833
2
66231033850
2
1
2
2
1
2
2
2
1
1
1
2
2
2
2
2
2
2
2
2
2
2
2
2
2
1
2
2
1
2
2
2
2
2
1
1
2
1
2
2
1
2
2
1
2
2
2
2
2
2
1
1
2
2
2
1
2
2
2
2
1
1
2
2
1
2
1
2
2
1
1
1
1
2
12717675330
2
1
2
1
1
1
2
1
2
1
1
2
1
1
1
1
2
2
2
2
2
2
2
2
2
2
1
1
1
2
1
2
2
2
2
1
1
1
2
1
1
1
2
2
2
2
2
2
2
2
15077586837
2
2
1
1
1
2
2
2
2
2
2
2
2
2
2
2
1
1
1
1
1
1
2
1
2
2
1
2
1
1
2
2
1
2
1
1
2
2
1
1
2
2
2
2
2
1
2
1
2
2
1
2
2
2
1
2
1
2
1
2
2
1
2
1
1
2
1
1
2
2
2
2
2
2
2
1
1
2
1
1
1
2
2
1
2
2
2
1
2
33262409043
2
2
2
1
2
2
2
2
2
2
2
1
1
2
2
2
2
1
2
1
1
1
1
1
2
2
2
1
2
2
2
1
1
2
1
1
1
2
1
2
1
2
2
1
2
1
1
2
2
1
2
1
1
1
2
2
1
1
2
2
1
2
2
2
2
2
1
1
2
2
2
2
1
1
2
1
1
2
1
1
2
2
2
2
2
2
2
1
2
1
2
2
11650432597
2
2
2
1
2
2
1
2
2
1
1
2
2
1
2
2
2
1
2
1
1
2
2
2
1
2
2
1
1
1
1
2
2
2
2
1
2
2
2
2
1
2
2
2
2
1
2
1
2
1
2
2
1
2
1
1
2
2
2
1
2
1
2
1
2
2
2
1
2
1
2
2
2
2
1
56330890205
2
2
1
2
1
2
2
1
2
2
6666885242
2
2
2
1
2
1
1
2
1
1
1
2
1
2
2
2
2
2
1
2
2
2
2
2
29471546909
2
1
2
1
2
20820462809
2
1
1
1
1
53551026492
2
74186716636
1
2
2
1
1
1
2
2
78115470864
89381400503
2
1
2
2
10605588442
2
2
2
45819840693
1
1
2
2
2
2
64448822070
41367759911
2
1
2
1
2
2
2
2
1
1
1
2
1
2
1
2
1
1
1
2
1
1
2
2
2
2
1
2
2
2
2
2
1
1
1
2
2
2
1
2
2
1
25373810796
1
2
2
1
2
1
2
2
2
2
2
2
1
2
2
2
1
2
2
2
2
2
31408074183
1
1
1
1
2
1
1
2
1
2
2
2
1
2
2
2
1
1
2
1
1
2
1
2
1
1
1
2
2
2
2
2
2
2
2
2
2
2
2
2
2
1
1
2
2
2
1
1
2
1
1
1
2
1
2
2
1
1
1
2
2
2
6125055447
1
2
2
2
1
1
1
1
1
2
2
2
1
1
2
2
2
2
1
2
2
2
1
2
1
2
1
2
2
2
33192827477
1
1
1
2
2
1
2
1
2
1
92462262774
1
2
2
1
1
2
1
1
1
2
2
2
1
2
2
1
2
2
2
1
2
29291939079
2
2
2
2
2
2
2
2
1
1
2
2
1
2
2
1
2
2
2
1
2
1
2
2
2
2
1
2
2
1
2
2
2
1
1
2
1
2
2
2
1
2
1
2
2
2
2
1
1
2
2
2
1
2
2
1
1
2
1
2
2
1
2
1
1
1
2
2
1
2
2
2
1
1
1
1
2
2
2
2
2
2
62612057679
2
2
1
1
2
1
2
2
2
2
2
36895659725
2
1
1
2
1
2
2
1
2
2
1
1
2
2
2
2
2
2
2
1
2
2
1
2
1
2
1
1
1
2
1
2
2
1
2
1
2
1
1
1
29110711738
1
2
2
2
1
2
2
2
2
2
2
2
1
2
2
2
2
1
2
2
1
6247477419
2
2
2
1
1
2
2
2
1
2
2
1
2
1
62306174481
2
2
1
2
1
2
1
1
2
1
2
96654985621
2
2
2
2
2
2
2
1
2
1
2
2
1
2
1
1
1
1
2
2
2
1
2
1
2
1
2
2
2
2
1
1
1
1
2
2
2
2
2
2
2
1
1
2
2
1
1
2
1
2
2
2
1
15299311465
1
1
2
2
1
1
2
2
2
2
2
2
2
2
1
1
2
1
2
1
1
2
2
1
2
2
1
2
2
1
2
1
2
2
2
2
1
2
2
2
1
2
2
2
2
1
2
1
1
1
2
2
1
2
1
1
2
1
2
1
2
2
2
1
2
2
2
2
2
2
2
2
1
2
2
2
2
1
2
2
1
2
2
2
1
1
1
2
2
1
2
2
1
2
2
2
2
1
2
2
1
1
2
59000666573
2
2
1
2
1
2
2
2
2
2
2
2
2
2
1
2
1
2
2
2
2
2
2
2
2
2
2
2
2
1
2
1
2
2
2
2
2
2
15518580678
2
2
2
2
1
2
1
2
2
2
2
2
1
2
2
1
2
2
2
2
1
1
1
1
2
1
94042196594
2
2
1
1
1
2
1
2
2
1
1
2
1
2
2
2
2
2
2
2
1
2
2
4921815102
1
2
2
1
1
1
2
2
2
2
2
1
2
2
2
1
1
2
2
1
1
1
1
2
2
1
1
2
2
2
2
1
2
2
2
2
1
1
2
1
1
2
1
1
2
1
1
1
26065631681
22228069704
2
2
2
2
1
2
1
2
2
2
2
2
2
2
2
2
2
2
2
1
2
1
2
2
2
2
2
2
1
1
2
1
7983580240
2
1
1
1
2
2
2
1
1
1
2
2
2
1
2
1
2
2
2
2
2
1
2
1
2
2
1
2
2
1
1
2
1
2
2
30314701868
1
1
2
2
2
2
2
2
8947822387
2
2
2
2
1
1
1
2
1
2
1
2
2
2
2
2
2
1
2
2
2
2
1
2
2
1
2
2
2
2
5585811515
2
2
2
2
2
1
2
1
2
2
2
1
2
2
1
2
2
2
2
1
4664637115
19024360701
1
73652854833
2
2
1
2
2
2
54276465965
2
1
2
1
2
2
2
2
1
2
2
69140376591
2
2
2
1
2
1
2
1
1
2
1
2
2
1
2
2
2
2
1
2
2
1
1
1
1
2
2
2
2
2
1
2
2
2
2
2
2
21019746614
1
1
2
2
1
1
2
2
2
2
2
1
2
17140505651
2
1
2
2
1
2
2
2
2
2
2
1
2
1
1
2
2
2
2
2
2
2
2
2
2
2
2
2
2
2
2
2
1
2
2
2
1
2
2
1
2
1
2
1
2
1
2
1
2
1
2
1
1
16414014341
2
2
2
2
2
2
2
2
2
2
1
2
2
2
2
2
2
2
2
1
1
2
1
1
1
1
2
95036835774
1
1
52420812913
2
2
2
1
1
2
21021065332
2
1
2
1
2
1
2
2
1
2
2
2
1
2
1
2
2
2
1
2
2
2
2
2
2
81491714747
2
2
2
42180750954
1
1
2
2
2
2
2
2
1
2
2
1
1
49814535443
1
1
2
2
1
2
2
2
2
1
2
2
1
12291293955
2
2
2
1
2
1
1
2
1
2
1
1
1
2
2
2
2
2
1
2
2
1
2
2
1
69220736921
2
2
2
2
2
1
2
2
1
2
2
2
2
2
2
2
2
1
1
2
2
30127196476
2
2
2
2
1
2
2
2
2
2
2
2
2
2
2
1
1
2
2
1
1
1
1
2
2
87055088373
2
2
2
2
1
2
2
2
2
2
2
2
2
2
2
2
2
1
2
1
2
2
1
2
1
2
1
1
2
2
1
2
2
2
2
2
2
2
2
1
1
1
1
2
1
1
2
2
2
2
2
2
2
2
1
1
2
1
1
2
2
2
1
1
2
2
1
2
1
2
2
2
2
1
2
1
1
1
2
1
2
1
1
2
2
1
2
2
2
2
1
2
1
1
2
2
2
1
2
1
2
2
2
2
1
2
1
1
2
2
1
2
2
2
2
2
61735342127
1
1
1
2
2
2
2
1
2
2
2
2
2
2
2
1
2
2
2
2
2
2
