1
2
2
2
1
2
2
1
1
1
2
2
2
2
2
2
2
1
2
2
2
2
2
1
1
2
2
2
2
2
2
1
2
1
2
2
2
1
1
2
2
1
1
2
1
2
1
2
2
2
1
1
2
2
2
2
2
1
2
2
2
2
1
2
2
2
2
2
1
1
17417778123
2
2
1
1
2
2
2
2
1
2
2
2
2
2
2
2
2
2
1
1
2
2
2
2
1
2
1
1
1
2
2
2
2
2
2
1
2
1
1
2
2
2
1
1
2
2
2
2
2
2
1
1
2
2
2
2
2
1
1
1
1
2
2
1
2
2
2
2
2
1
1
1
2
2
2
1
1
1
2
2
2
2
2
2
1
2
2
2
2
2
2
2
2
1
2
1
2
2
2
2
1
1
2
2
1
2
65254918142
2
2
2
2
1
2
2
2
2
2
2
2
2
1
1
2
2
2
37706425265
2
1
2
2
2
2
2
1
2
2
1
2
1
1
1
1
2
2
1
1
2
2
1
2
2
2
2
2
2
2
1
2329469959
1
2
2
1
2
1
1
2
1
2
2
2
1
1
1
2
2
1
2
2
1
1
2
2
2
2
2
2
2
1
2
2
1
1
2
2
1
1
2
2
1
2
2
2
1
2
2
2
1
1
2
2
2
1
22091611176
2
2
2
2
1
2
1
1
1
1
1
2
1
1
2
2
2
1
2
1
2
2
1
2
1
2
1
2
1
1
2
2
2
2
1
2
1
2
2
2
1
1
2
2
2
2
2
1
1
1
1
37882115494
2
1
2
2
1
2
2
2
2
2
1
2
2
1
2
2
2
2
2
1
2
2
2
2
1
1
1
2
1
2
1
1
2
2
1
2
2
2
1
2
2
2
2
2
2
1
2
1
2
2
1
2
2
1
2
2
2
2
2
2
1
1
1
2
2
2
2
2
2
2
2
2
1
2
1
1
1
1
2
1
2
1
2
1
2
2
2
1
1
2
1
1
2
2
1
1
2
1
1
1
1
2
2
5965529942
1
2
1
2
1
1
2
2
2
1
1
2
2
2
2
2
2
1
1
1
1
2
2
1
2
2
2
1
2
1
2
1
2
2
2
1
1
2
2
1
2
1
2
2
2
2
1
1
2
2
86023310733
2
1
2
2
2
2
2
1
1
1
2
2
1
1
2
2
2
1
1
1
2
1
1
2
2
81853147154
2
2
2
1
1
2
2
1
1
2
1
2
2
2
2
2
2
2
2
1
1
2
1
1
2
46263790914
2
2
2
2
1
2
1
1
2
75246881217
2
2
2
1
2
2
2
2
1
1
2
2
2
2
1
53067167323
2
2
1
1
1
2
1
2
1
2
2
2
1
2
1
2
2
2
2
2
2
1
2
1
2
2
2
2
1
2
1
2
1
2
2
1
1
1
2
1
1
2
1
2
1
2
2
2
2
2
2
2
1
2
2
2
1
1
1
1
2
2
1
1
2
1
82536116538
2
2
2
2
2
1
2
2
2
2
1
1
1
1
1
2
2
2
41797315101
2
2
2
2
1
1
1
1
1
1
2
2
2
2
1
2
2
2
2
2
2
2
2
1
2
2
2
2
2
1
2
1
2
2
2
1
2
2
1
2
2
2
1
2
1
2
2
2
2
2
1
2
2
2
2
2
2
1
2
1
1
2
2
1
2
2
1
2
2
2
2
2
1
2
1
1
1
2
2
2
1
1
2
1
2
2
2
2
2
2
2
1
2
1
2
2
1
2
2
1
1
2
2
2
1
2
2
2
2
2
1
2
2
1
2
1
1
2
2
2
2
2
2
2
1
1
2
2
1
88229674611
65913972127
2
2
2
1
2
1
1
2
2
2
2
2
2
1
2
2
1
2
2
2
2
1
2
2
2
1
2
1
2
1
2
2
48879890047
1
2
2
2
26807254502
2
2
2
1
1
1
2
2
2
2
2
1
1
1
2
73242333693
1
2
1
1
2
1
2
2
1
2
2
1
2
1
2
2
2
1
1
1
2
2
2
53253035642
2
2
1
2
2
2
1
2
2
2
1
1
2
1
2
2
1
2
2
2
2
2
2
2
2
2
1
1
2
2
2
1
2
2
2
2
2
1
2
2
2
2
2
2
2
1
2
2
1
2
2
1
2
2
1
1
2
2
2
2
2
1
1
1
1
2
2
1
1
2
2
1
1
2
82602415443
1
2
2
2
2
1
2
2
1
1
2
2
1
2
32404535387
1
2
1
2
1
1
2
1
2
2
2
2
2
2
2
1
2
2
2
2
2
2
2
1
1
1
1
2
2
2
1
1
1
2
1
2
2
2
2
1
2
1
2
2
87736645193
1
1
2
2
2
2
1
2
2
2
1
2
2
2
2
2
1
1
2
2
2
1
1
1
1
2
2
1
2
1
1
1
1
1
2
1
2
2
1
2
2
2
1
2
2
2
2
2
1
2
1
1
2
1
2
2
1
2
2
2
2
2
2
2
1
2
2
2
27060367295
1
2
2
2
2
1
1
2
1
1
2
2
1
2
1
1
1
2
1
1
2
1
2
2
2
2
1
2
2
2
2
2
2
2
2
2
2
1
2
1
1
81846720243
1
2
1
2
88080037969
2
1
2
2
2
2
1
1
1
1
2
1
2
1
2
2
2
1
1
1
1
1
2
1
2
2
1
2
2
2
2
2
2
2
2
2
1
2
2
1
2
2
2
2
2
1
2
1
2
2
2
2
1
2
2
1
2
2
2
2
2
2
1
2
2
2
1
1
2
2
2
2
1
2
1
1
2
2
2
2
2
2
2
2
2
1
1
1
1
1
1
1
2
2
1
2
2
2
1
2
1
2
2
1
2
2
2
2
2
2
2
1
1
2
1
1
2
1
2
2
2
2
2
1
1
2
2
2
1
2
2
1
2
2
1
2
2
2
1
2
2
1
2
1
2
2
1
2
2
1
1
2
1
1
1
1
2
1
2
1
1
2
1
2
2
1
2
1
2
2
1
1
2
1
2
28481386307
2
2
1
1
2
2
2
2
2
2
2
2
2
2
2
2
2
1
1
1
1
1
1
2
2
2
2
1
2
2
2
2
1
1
2
2
2
2
66373414525
2
2
2
2
2
97205006554
1
2
2
1
2
2
1
1
2
2
1
2
1
1
2
2
2
2
5086152465
2
1
93978347379
1
2
2
2
1
2
1
1
2
1
2
2
2
2
2
1
1
2
1
1
2
1
1
1
2
1
1
2
1
2
2
2
2
2
2
2
2
1
1
2
2
1
2
2
1
2
2
2
2
1
1
2
1
2
2
2
1
2
2
2
1
1
1
2
2
2
2
1
2
1
1
2
2
2
1
1
2
2
2
2
71303023169
1
1
1
2
2
2
2
1
1
2
5481393734
2
2
1
2
1
1
1
1
2
2
2
2
2
1
1
1
1
2
2
1
2
1
2
2
2
2
1
1
2
1
2
2
1
2
2
2
2
1
2
2
2
2
2
2
1
2
2
2
1
2
2
2
2
2
2
2
2
2
1
1
2
1
2
1
2
1
2
2
2
2
1
2
1
1
1
1
2
2
1
2
1
2
1
1
2
2
2
1
2
1
2
2
2
2
1
2
2
1
1
2
2
1
2
2
1
2
1
1
1
2
2
2
1
2
1
2
2
2
1
2
1
1
2
2
1
2
1
1
1
2
2
2
1
2
2
2
2
2
1
1
2
1
2
2
1
1
1
2
2
2
2
2
2
1
1
2
2
2
2
2
2
1
1
1
46056044719
2
1
2
2
2
2
2
1
1
2
1
2
2
1
2
2
1
2
2
1
2
2
2
2
2
1
2
1
2
1
2
2
1
1
2
2
2
2
1
2
2
2
2
2
2
1
2
1
1
2
1
2
2
2
2
1
2
91728013435
2
1
1
2
2
2
1
2
2
2
2
2
2
2
2
2
2
2
1
49975241695
2
2
2
1
1
2
2
1
1
1
2
1
2
2
2
2
2
2
2
1
2
1
1
2
2
1
2
2
2
1
2
1
2
2
1
2
2
1
1
1
2
2
1
2
2
1
2
2
1
2
1
2
2
2
1
1
1
2
2
2
1
1
2
2
1
54909583148
2
2
2
1
2
2
2
1
2
2
44556683557
1
1
1
1
2
2
2
91163070823
2
2
1
2
2
2
2
1
2
1
2
2
2
2
2
1
1
2
2
2
2
1
2
1
2
1
2
2
1
1
2
2
2
2
2
1
2
1
1
2
1
2
2
1
2
1
1
2
2
2
2
1
1
2
2
1
2
2
2
1
1
1
1
2
2
2
1
2
2
2
2
84308967504
1
2
2
2
2
1
2
2
1
2
1
2
2
2
2
2
1
2
2
2
59399979001
2
2
2
2
2
1
2
2
1
35140137993
2
2
2
1
1
2
2
2
2
2
2
1
1
2
1
2
1
2
1
2
1
1
2
1
2
1
2
1
2
2
17995790910
1
2
1
1
2
1
2
2
1
1
1
35149902523
2
1
2
2
2
2
1
1
2
2
1
2
2
1
2
2
2
2
1
2
1
1
1
2
2
2
2
1
2
1
2
2
1
1
2
2
1
2
1
2
2
1
1
2
2
1
1
1
2
2
2
2
2
2
2
2
1
1
1
2
1
1
2
1
1
1
1
2
1
1
1
1
2
2
2
1
2
2
2
2
2
2
2
93558531225
1
1
1
1
2
2
1
2
1
2
1
2
1
2
1
2
1
2
1
2
2
2
2
2
2
2
2
1
2
2
1
2
2
1
1
1
2
1
1
2
2
1
1
2
2
2
2
2
1
2
1
2
2
2
1
1
1
1
2
2
1
2
2
2
1
1
2
1
1
2
1
1
2
2
1
1
2
2
2
2
1
2
1
1
2
1
2
2
2
2
2
1
2
2
2
2
2
1
47083912787
1
2
2
49124044535
1
2
2
7390120353
2
2
1
2
2
2
1
2
2
2
2
1
2
2
2
1
2
2
2
1
2
2
2
1
2
2
1
2
1
2
2
2
2
1
2
2
2
2
2
2
2
18649393655
2
2
2
2
1
2
1
2
2
2
2
2
1
1
2
2
2
2
1
2
2
2
1
1
2
1
1
2
2
2
2
2
2
1
2
1
2
1
2
1
2
2
1
1
2
2
2
1
2
1
1
1
2
2
2
2
1
1
2
2
1
1
1
2
2
2
1
1
1
2
2
2
2
1
1
1
1
2
2
2
2
1
2
2
1
1
2
2
1
2
2
1
1
2
2
2
2
2
2
1
2
1
1
2
2
2
1
2
2
2
2
1
2
2
1
2
2
2
1
2
2
1
1
2
2
1
1
2
2
1
2
2
2
2
2
2
2
1
2
1
2
1
2
2
1
2
2
2
2
1
2
2
1
1
1
1
2
2
2
1
1
1
1
2
24048168549
1
1
2
2
2
1
2
2
1
2
2
2
2
2
2
2
2
2
1
2
2
2
2
2
2
1
1
2
31029164982
2
1
1
2
1
2
1
1
2
1
1
2
2
2
1
2
2
1
2
2
1
1
2
2
2
1
2
22082790702
1
2
2
2
2
2
2
2
2
2
2
2
2
2
1
2
1
2
2
2
1
2
1
2
1
2
2
2
2
2
2
2
2
2
2
2
1
1
2
2
1
2
1
2
1
2
2
1
2
2
1
2
2
6042788931
2
1
1
1
2
20076042010
1
2
2
2
2
1
1
2
2
2
2
2
1
2
2
2
1
2
2
2
2
2
1
2
2
2
2
2
1
2
1
2
1
2
2
2
1
2
2
1
1
2
25156102942
2
1
2
2
2
1
2
2
2
2
2
2
2
1
1
2
2
2
1
2
1
1
2
97594561283
1
2
2
2
2
2
1
2
2
1
1
2
2
2
1
2
2
2
2
1
2
1
2
2
2
1
2
2
2
2
2
2
1
2
1
2
1
1
2
2
2
2
2
1
2
2
1
2
2
2
1
2
2
2
2
1
2
2
2
1
2
2
2
1
2
2
2
2
2
1
2
1
2
2
2
2
2
2
2
2
2
2
2
2
2
2
1
1
1
2
2
2
2
2
2
2
1
2
2
2
1
2
1
1
2
2
2
1
2
2
2
76370995880
2
2
1
2
1
2
2
1
2
2
18054070102
2
1
2
2
2
1
2
1
2
1
2
2
1
1
2
2
1
2
2
2
1
2
2
1
2
2
1
1
2
2
1
2
1
2
2
2
2
2
2
1
2
2
1
2
2
1
2
2
1
1
2
2
1
2
1
2
2
2
2
2
1
1
2
1
2
2
2
2
2
2
2
2
2
1
2
1
2
2
2
2
12552403631
2
2
2
2
2
1
1
2
2
2
1
2
1
1
1
1
2
2
2
2
2
2
1
2
1
2
2
2
2
2
1
2
2
1
2
2
2
1
2
2
2
1
2
1
1
2
2
2
1
2
2
1
1
1
2
2
2
2
2
2
1
2
2
2
2
1
19444538393
2
2
1
1
1
2
2
1
1
2
1
1
29098863222
2
1
1
2
2
2
2
2
2
2
1
2
2
2
2
1
1
1
1
1
1
2
2
1
2
2
1
1
1
2
2
2
2
1
2
1
1
1
2
2
1
2
2
2
2
2
2
2
2
1
2
1
71393975697
2
1
1
2
1
2
2
2
2
2
2
2
1
1
2
1
2
2
2
2
2
2
1
1
2
2
1
1
1
1
2
1
2
1
2
2
1
2
1
2
2
2
2
2
2
1
1
2
2
2
1
1
1
2
2
2
2
1
2
1
1
1
1
2
2
2
2
2
1
2
2
2
1
1
1
2
2
2
1
2
2
2
2
2
2
1
2
2
1
2
2
2
2
1
1
2
2
2
2
2
1
2
2
2
2
2
2
2
2
2
2
2
1
2
2
2
1
1
2
1
2
2
1
2
2
2
1
2
1
1
1
2
2
2
1
2
2
1
2
2
1
1
2
2
1
2
2
1
2
1
1
2
2
1
2
2
2
2
2
2
2
2
2
2
55241218152
1
2
2
2
2
2
2
1
1
1
1
1
1
2
2
2
1
1
2
2
1
2
1
2
1
1
2
2
1
2
2
2
1
2
1
1
1
2
1
1
2
2
1
2
2
2
2
66417938254
1
2
1
2
2
21293345774
2
2
2
2
2
2
2
2
2
1
2
1
2
2
2
2
1
2
1
1
1
2
1
2
2
1
2
2
1
1
2
2
2
2
1
2
2
2
1
11312943602
2
1
2
2
2
2
1
2
2
1
2
2
2
2
2
2
1
2
2
2
2
2
2
1
68825031334
1
1
2
2
2
1
2
1
2
2
88492746610
1
1
2
2
1
1
2
1
1
2
2
2
2
2
2
2
1
2
2
1
2
2
1
2
2
2
1
7667160820
2
2
1
2
1
1
2
1
2
2
2
2
1
1
1
2
1
2
2
1
2
2
1
2
2
1
1
2
2
1
1
2
2
2
2
2
1
2
26534817472
2
2
2
1
1
2
2
2
2
2
2
2
2
1
2
1
1
1
2
2
2
1
2
1
1
2
2
2
2
2
2
1
2
2
1
2
2
1
2
1
1
1
2
2
1
2
2
2
1
2
2
1
1
1
1
1
2
2
2
1
2
1
2
1
2
2
1
1
2
2
2
1
2
2
1
2
2
2
1
2
2
2
2
1
2
1
2
2
1
1
1
2
2
2
2
2
1
1
2
1
1
2
1
1
2
2
2
2
2
2
1
40090579733
2
1
2
2
2
2
1
2
2
1
1
2
2
2
1
2
2
2
2
1
1
2
2
2
2
2
2
2
1
2
2
1
1
2
1
2
2
2
1
2
2
2
2
1
2
1
1
2
1
1
2
1
1
2
2
45295282849
5153582650
2
1
2
2
1
1
2
2
2
2
1
1
1
2
1
1
1
1
2
2
2
2
2
2
2
2
1
1
2
2
2
1
2
1
1
1
599816352
1
1
2
1
1
2
2
1
2
1
2
2
1
2
2
1
2
2
2
1
2
2
2
2
2
1
2
2
2
2
2
2
1
2
2
2
2
1
2
2
2
1
1
2
2
1
2
2
1
2
1
1
2
1
2
2
2
2
1
2
1
2
2
1
2
1
2
1
2
1
2
2
2
2
2
2
2
1
2
2
2
1
2
23035907959
2
2
2
2
2
2
1
1
2
2
2
2
2
1
1
2
2
2
2
2
2
1
1
1
2
1
2
2
1
1
1
2
2
2
2
1
2
1
1
1
2
1
2
2
2
1
2
2
1
25299199289
1
1
2
2
2
2
1
1
2
2
2
2
2
2
2
2
1
2
2
2
2
1
2
2
2
1
1
2
2
2
2
1
2
1
2
2
2
2
1
2
2
2
2
2
2
1
2
2
2
1
2
2
2
2
32809910020
2
2
2
2
2
2
2
2
1
2
1
1
2
2
2
2
2
2
2
2
2
2
2
1
2
1
2
2
1
2
2
1
2
2
1
2
1
2
2
2
1
2
1
1
2
1
2
2
1
2
1
2
2
2
1
1
1
1
1
2
2
2
2
2
2
2
1
2
2
2
1
1
2
2
2
2
1
1
1
2
1
2
39499527097
2
1
61977349975
2
2
1
2
2
1
2
64651986725
2
1
1
2
2
1
2
2
2
1
1
1
1
2
1
1
1
1
2
2
2
2
2
1
2
1
2
2
2
1
2
2
1
1
2
1
2
2
2
2
2
2
46784874862
1
2
2
2
2
1
1
2
65316477466
2
2
2
2
2
2
2
1
2
2
1
2
2
2
2
2
1
2
2
1
2
2
2
1
2
1
1
2
2
2
1
2
1
1
2
2
2
1
1
2
2
2
1
2
1
1
1
2
2
2
1
2
2
2
1
1
1
2
2
2
2
2
2
1
2
2
2
86309367037
2
1
2
2
1
2
2
1
1
15650361411
1
1
2
2
1
2
2
2
1
1
2
2
2
2
1
2
2
2
89441638131
2
2
2
81459660152
2
2
2
2
2
1
2
2
2
1
1
2
2
1
2
1
48049154502
1
2
2
2
1
1
2
2
1
1
2
2
2
2
2
1
1
2
2
2
1
1
2
1
1
2
1
1
2
2
2
2
1
2
2
2
2
2
2
2
2
2
2
2
2
2
2
2
2
1
2
1
1
2
2
2
1
2
2
2
2
1
1
1
2
2
1
2
1
2
2
2
2
2
1
2
1
2
1
1
2
1
2
1
2
1
2
1
2
2
2
2
2
2
1
2
2
2
1
2
2
1
2
2
2
1
2
2
2
2
1
1
2
1
2
2
2
1
1
2
2
2
1
2
1
2
1
2
1
2
1
2
2
2
1
1
2
2
2
2
1
1
1
1
1
2
1
2
1
2
1
1
1
40783278269
1
2
1
2
1
2
2
2
2
1
2
2
1
2
2
1
1
2
2
1
1
2
1
2
2
2
2
2
2
2
1
2
2
2
2
2
1
2
2
77324282604
1
2
1
2
2
2
2
1
2
2
2
1
1
48462390398
2
2
2
1
2
2
2
2
1
2
2
1
2
2
2
1
1
2
2
1
2
2
1
2
1
2
2
2
1
1
2
2
1
1
1
2
2
2
2
2
1
1
2
2
1
2
1
2
18782021791
95502139616
1
2
2
2
2
1
1
2
2
2
2
2
2
2
2
2
2
2
2
1
2
2
1
2
2
2
1
2
1
1
1
2
2
2
2
1
2
1
1
1
2
2
2
1
2
2
2
2
2
2
2
1
2
1
1
2
2
1
1
2
1
2
2
1
2
2
1
2
2
2
1
2
2
2
1
2
2
2
2
1
2
1
1
2
2
1
2
1
2
37700537715
2
2
2
2
2
2
1
2
2
1
2
2
1
2
1
2
2
2
1
2
2
1
2
2
1
2
2
12524736705
1
2
1
1
2
2
1
1
2
2
2
2
1
2
2
2
2
2
2
1
2
1
1
1
2
2
2
2
2
2
2
2
2
1
1
1
1
1
1
2
1
1
1
1
1
2
2
2
2
2
2
2
2
2
2
2
1
2
2
2
1
2
1
2
2
2
2
2
1
2
1
2
1
1
1
2
2
2
1
1
1
2
1
2
2
2
2
1
2
2
2
2
1
1
2
2
2
2
1
2
2
2
1
2
2
2
1
2
2
41135425685
1
2
2
1
2
2
2
2
83961202289
1
1
2
1
1
2
2
2
1
2
1
2
2
1
2
1
2
2
2
2
1
76425622915
2
1
2
1
1
2
1
2
2
1
2
2
2
1
1
2
2
1
2
1
2
2
1
1
1
2
1
2
2
2
46320857413
2
2
2
2
2
2
80440233346
2
2
2
2
2
2
2
1
1
1
2
1
2
1
2
2
92195093701
1
2
2
2
1
2
1
1
1
1
1
2
2
2
2
2
2
2
2
2
1
2
2
1
2
2
1
1
1
1
2
2
1
2
2
1
1
1
1
2
2
2
1
2
1
2
2
2
2
2
1
2
2
2
1
2
1
2
2
1
1
1
2
2
1
1
1
2
2
2
1
1
2
2
2
1
2
2
1
1
2
2
2
2
2
1
1
2
2
2
2
2
2
2
2
2
2
2
1
2
2
2
2
1
2
2
2
1
1
2
2
1
2
2
1
2
2
1
1
2
2
2
2
1
2
2
1
2
1
2
1
1
2
1
2
2
1
2
2
2
2
2
2
1
1
2
1
1
1
1
1
2
1
2
2
2
2
2
2
2
2
1
2
2
1
2
1
1
2
2
2
2
2
2
1
2
1
2
2
2
1
1
2
1
2
2
2
2
2
1
1
2
2
1
1
2
2
1
2
1
2
1
42644815127
2
2
2
2
2
2
2
1
2
2
1
1
1
2
2
2
2
2
2
1
1
1
1
1
1
1
2
2
1
2
2
2
2
2
2
2
2
2
2
1
1
2
2
2
1
2
1
1
2
2
2
2
1
2
1
2
2
1
1
2
1
2
1
1
2
2
1
1
2
1
2
2
1
2
1
1
2
2
2
2
1
1
2
2
2
2
1
1
2
1
1
1
1
2
2
2
2
1
2
1
2
2
2
1
2
2
2
2
1
2
2
1
2
28625394109
1
2
2
1
2
2
2
2
2
2
2
1
2
1
2
1
2
2
1
2
2
2
1
2
2
2
2
1
1
2
2
2
1
1
1
1
2
2
1
1
1
2
2
2
2
1
2
2
2
2
1
2
2
2
1
1
2
1
1
2
2
1
2
1
2
2
1
2
2
2
2
2
1
2
2
2
2
1
1
1
2
2
1
1
2
2
2
47050089612
2
1
2
1
1
2
1
1
2
2
2
2
2
2
2
2
1
2
2
1
2
2
1
2
1
1
2
1
2
2
1
1
2
1
2
2
1
2
2
1
1
1
2
2
2
2
2
1
2
2
1
2
1
1
1
2
2
1
1
2
2
2
13387339396
2
1
1
2
2
2
2
2
1
2
2
1
1
1
2
2
2
1
2
1
2
2
2
2
1
2
1
1
1
1
2
2
2
2
1
2
1
1
1
1
1
2
2
2
1
2
2
1
2
2
2
1
2
1
2
1
1
1
2
2
1
2
1
2
1
2
1
1
2
1
1
2
1
2
2
2
2
1
2
2
1
2
35795487395
2
2
2
2
2
1
2
2
2
2
2
2
1
2
2
2
2
2
1
2
2
1
2
1
2
2
1
2
2
2
2
2
85920381870
2
2
2
91247326547
2
2
1
2
2
2
2
2
1
2
2
1
1
2
1
1
2
2
1
1
2
2
2
1
2
2
2
2
1
2
1
2
1
2
2
2
2
1
53082728850
1
1
2
2
2
9177573756
2
2
2
2
2
68355170203
2
1
2
1
2
2
2
2
1
2
69487038765
1
2
1
2
2
2
2
1
2
2
2
1
2
1
2
1
2
2
2
1
2
2
1
2
1
2
2
1
2
2
19989629166
1
2
2
1
2
2
1
2
2
2
2
1
2
2
2
2
2
2
2
2
2
2
2
2
2
2
2
2
1
2
2
1
2
2
1
1
2
1
1
1
2
1
2
1
1
1
1
2
2
2
1
2
1
2
1
2
2
1
2
2
2
2
2
1
2
1
2
1
2
2
1
1
2
1
2
2
1
1
1
2
2
2
2
1
2
1
2
1
2
1
2
2
2
1
2
1
2
2
2
1
2
2
2
1
2
1
2
2
1
1
2
2
2
1
2
2
2
1
1
2
1
1
1
2
2
2
2
2
1
2
1
17334006824
1
83398916151
2
1
2
1
2
1
1
2
2
2
2
1
1
2
2
2
2
2
2
1
2
1
2
1
2
2
1
2
1
1
2
1
2
2
2
2
1
2
2
1
1
1
1
2
2
2
1
1
2
1
1
2
2
1
1
2
1
2
1
2
1
2
2
2
1
1
1
2
1
1
1
2
1
1
2
1
2
2
2
2
2
2
1
2
2
1
1
1
1
2
35321599360
1
1
2
2
2
1
2
2
1
1
2
2
2
1
2
29629455385
2
2
65605215073
2
2
2
2
1
1
2
2
1
2
2
2
1
2
1
2
2
2
2
2
2
2
2
1
1
2
1
2
80288514537
1
1
1
2
2
2
2
2
1
2
2
1
2
2
2
1
1
1
2
2
1
1
2
2
2
2
2
1
2
2
1
1
2
2
2
1
1
2
1
2
1
2
2
2
2
2
1
2
1
2
2
2
2
2
2
2
1
1
1
2
2
2
2
2
2
2
2
2
2
2
2
1
2
2
1
2
1
2
1
2
2
1
1
1
1
1
2
2
1
2
2
2
2
2
2
1
2
2
2
2
1
2
2
2
2
2
2
2
1
1
2
1
2
2
1
2
2
2
1
2
2
2
2
1
1
2
19783718149
1
2
1
2
2
2
1
1
2
1
1
1
1
1
2
1
2
2
2
1
1
2
1
2
1
66745713432
2
1
2
2
1
1
1
2
2
2
2
2
2
1
2
1
2
1
1
2
2
1
1
2
2
2
1
2
1
1
2
2
1
2
2
2
1
2
2
2
2
2
2
2
2
1
2
2
1
1
1
2
2
1
2
1
2
1
1
1
2
2
2
2
2
1
2
2
2
2
2
2
1
2
34610472343
2
1
2
1
2
2
2
2
2
1
2
1
1
2
2
1
2
2
1
2
1
2
1
1
2
2
1
2
2
2
2
2
1
1
2
2
2
1
1
1
2
2
1
2
1
2
2
1
2
2
2
1
2
2
1
2
1
2
2
2
2
2
2
2
2
2
2
2
2
2
54196150358
1
2
2
1
2
1
2
2
1
2
1
2
2
1
2
1
2
1
1
2
2
2
2
2
1
1
1
2
2
2
2
1
2
2
2
2
1
2
1
2
2
1
2
2
1
2
2
2
2
2
2
2
1
1
2
2
2
1
2
2
2
2
2
2
2
1
2
1
2
2
2
1
2
2
2
1
2
1
2
2
2
2
1
2
2
2
2
1
2
1
1
1
2
2
2
2
2
2
1
2
1
1
2
2
1
2
1
1
2
2
1
1
1
2
1
1
2
2
2
1
2
2
2
2
2
1
1
2
2
2
2
2
2
2
2
2
2
2
2
2
25621847188
1
2
2
2
2
1
2
2
1
2
2
2
2
2
1
2
1
1
2
1
1
2
1
2
1
1
2
1
2
2
2
1
2
2
2
2
2
3009889160
2
2
2
2
1
1
2
1
1
1
2
2
2
2
2
1
2
2
1
1
1
2
2
2
1
1
2
2
1
2
2
2
2
1
1
1
2
2
2
2
2
1
1
2
2
2
2
2
2
2
2
2
1
2
1
2
2
2
1
2
2
1
1
1
1
1
1
2
1
2
1
2
2
1
1
2
2
2
1
2
1
2
1
1
1
1
1
1
2
1
1
2
1
2
1
1
1
2
1
2
1
2
2
2
1
1
2
2
1
2
2
1
1
2
2
2
1
2
2
2
2
2
2
2
2
1
2
1
2
2
2
2
2
1
21992406882
1
1
1
2
1
1
1
2
2
2
2
2
2
1
2
2
2
1
2
1
2
1
2
1
2
2
2
1
1
2
1
2
1
2
2
1
2
2
2
2
1
1
2
1
1
2
2
2
1
2
2
71249429025
1
2
2
2
2
2
1
2
83150386165
1
2
1
2
1
2
3586640060
2
2956797899
2
2
2
2
1
2
1
2
2
1
2
2
2
1
1
2
2
1
2
2
1
2
1
2
1
2
1
2
2
2
2
2
2
2
2
1
2
2
2
1
1
1
2
2
2
2
2
1
2
2
1
2
1
1
2
1
2
1
2
2
2
2
2
1
1
2
1
2
1
2
2
2
2
2
2
2
1
2
1
2
2
2
2
2
2
2
2
1
2
1
2
2
2
2
1
2
1
2
2
2
2
1
2
2
1
94941693535
1
1
13911584655
1
1
2
1
1
1
2
2
2
2
2
2
1
1
2
1
2
2
2
2
1
2
2
1
1
2
1
2
2
2
2
1
2
1
2
2
2
1
2
1
2
2
2
2
1
2
2
2
1
2
2
1
2
1
2
2
2
1
2
2
1
1
2
1
2
2
2
2
2
1
2
2
2
2
2
2
2
64009848708
2
1
1
2
1
2
1
2
1
1
1
2
1
1
2
2
2
2
2
2
1
1
2
1
2
2
2
2
72194188432
2
2
2
2
2
2
1
2
2
1
2
2
2
2
2
1
2
2
1
2
2
2
2
2
2
2
2
1
2
2
1
2
2
2
2
2
1
2
1
1
2
2
2
1
2
1
2
1
2
2
1
1
1
1
2
1
2
2
2
2
1
2
1
2
1
2
2
1
1
90479728165
1
2
2
2
2
2
1
2
2
2
1
2
2
1
2
1
2
1
2
1
2
1
1
2
2
1
2
2
1
2
1
2
2
2
2
2
2
2
2
2
1
2
2
2
2
2
1
2
1
2
2
2
2
2
2
2
2
1
1
1
1
1
1
2
2
2
1
2
1
1
2
2
2
2
1
2
2
1
2
2
2
1
1
2
2
1
1
2
2
2
2
2
1
2
1
1
2
2
1
2
2
2
1
2
2
2
2
1
1
1
2
2
1
1
1
2
2
2
1
1
2
2
2
2
2
1
2
2
2
2
1
1
1
2
2
2
1
1
1
1
1
2
2
2
2
2
1
1
2
2
1
1
1
2
2
2
54360608670
2
2
2
2
1
2
1
1
2
1
1
1
2
2
1
2
2
1
2
2
1
2
1
2
2
2
1
2
1
2
2
2
2
1
2
2
1
1
1
2
1
2
19428220037
2
2
2
1
1
2
1
2
1
1
1
2
2
1
54311370391
1
2
2
1
2
1
2
2
2
2
1
1
2
1
2
2
1
2
1
1
2
1
93542604718
2
2
1
2
1
2
1
55520851461
2
45463421286
2
1
1
2
1
1
2
2
2
1
2
2
1
2
2
2
2
1
2
1
2
1
1
1
2
2
2
2
2
2
2
1
1
1
2
1
2
1
1
1
2
1
1
2
1
2
2
2
1
2
1
2
2
2
1
2
1
1
1
2
2
1
20345638330
1
2
2
2
2
1
1
2
1
2
2
2
2
2
2
2
2
1
2
2
2
2
6864565841
2
2
2
1
2
2
2
2
2
1
1
2
2
1
2
2
1
2
1
2
1
1
2
1
2
1
2
2
1
2
2
1
2
2
2
2
1
2
1
2
2
2
1
1
2
1
2
1
1
1
1
1
1
1
1
1
2
1
2
1
2
2
1
2
2
1
1
2
2
2
1
2
2
2
1
2
1
1
2
2
2
1
2
1
2
2
2
2
2
2
1
2
2
1
1
2
1
2
2
2
1
1
2
2
2
2
2
87055828777
2
2
1
1
1
2
1
2
2
2
1
1
1
2
2
1
2
1
2
2
2
2
1
1
2
2
2
2
2
1
2
1
2
2
2
2
2
2
77095617406
1
2
1
2
1
1
1
2
1
2
1
2
2
2
1
2
2
2
2
2
2
2
1
2
2
2
2
1
2
2
2
1
1
2
1
2
1
1
1
31435929300
2
1
2
2
1
2
1
1
5514182711
2
2
1
1
2
1
2
2
52466019417
1
2
2
2
2
1
1
2
2
2
2
2
2
1
2
2
1
2
2
1
2
1
2
2
2
2
2
2
1
2
1
1
2
2
2
2
1
2
2
2
2
2
1
2
2
2
2
1
1
2
2
1
1
2
1
2
1
2
1
2
2
1
2
2
2
2
2
1
2
2
2
2
2
1
1
1
2
1
1
2
2
1
2
2
2
1
1
2610987973
2
2
2
1
2
2
2
1
1
2
2
1
2
2
2
2
2
2
1
2
1
2
2
2
2
2
2
1
2
1
1
11524931630
2
1
79322715449
1
2
2
1
2
2
1
2
2
1
1
2
97422665811
1
2
2
2
2
2
2
2
1
2
2
2
1
1
2
2
1
2
2
2
2
2
2
2
2
1
2
2
2
2
2
1
2
2
2
2
1
2
1
2
1
2
2
1
2
2
1
2
2
2
2
2
1
2
2
1
2
2
2
2
2
2
2
2
2
2
2
1
1
2
2
1
2
1
1
2
2
2
2
2
2
2
2
2
2
1
1
2
2
1
1
1
2
2
2
2
1
2
2
2
2
57680154874
1
2
2
2
2
2
1
2
1
2
1
2
2
2
1
2
1
1
2
2
2
2
2
1
2
1
2
2
2
1
1
2
1
2
2
2
2
1
2
2
2
2
2
2
2
2
2
2
1
1
1
2
2
2
2
1
2
2
1
2
1
2
2
2
2
1
2
2
2
1
2
2
2
2
2
79323549450
2
2
2
1
2
1
2
2
2
2
1
2
1
1
1
2
1
1
2
2
2
2
2
2
2
2
1
1
2
2
2
1
2
2
2
2
1
1
2
2
2
2
1
2
2
1
1
1
1
2
2
1
2
1
2
1
2
2
2
1
1
2
2
2
2
2
1
1
1
1
2
2
2
2
1
70710318333
1
2
2
2
2
2
2
1
2
1
2
2
2
2
2
2
1
2
1
2
1
1
2
1
1
1
2
2
1
2
2
2
2
1
2
1
1
45685841558
2
1
2
2
2
1
2
2
1
2
1
1
1
2
1
2
1
1
1
67700490890
2
2
2
1
2
1
2
2
1
1
1
2
1
1
2
2
2
2
1
2
1
1
2
2
2
1
2
2
1
2
1
2
2
2
2
2
2
2
2
2
2
2
2
2
1
2
2
2
2
1
2
2
2
1
2
2
1
1
55955474292
2
1
2
2
1
2
2
1
2
2
2
1
2
1
1
2
1
2
1
2
1
1
1
2
1
2
2
2
2
1
2
2
2
2
2
2
2
2
2
2
1
1
1
2
1
2
1
2
2
2
2
2
1
2
1
2
1
1
2
2
1
2
2
1
2
1
2
2
1
2
2
1
2
2
2
1
2
2
1
1
2
2
2
2
2
1
1
2
2
2
2
2
2
2
2
2
1
1
39466275558
1
2
2
2
2
2
1
2
2
1
2
1
2
2
2
2
2
2
2
2
1
2
2
1
1
2
1
2
2
1
2
15846727047
2
1
2
2
2
2
1
2
1
54094150170
2
2
1
2
2
2
1
1
2
2
2
2
1
1
2
2
2
2
1
2
2
2
2
1
1
2
2
1
2
2
1
1
2
2
1
1
2
2
2
1
2
2
1
2
2
1
2
1
1
2
2
2
2
2
2
2
1
2
1
1
2
1
2
2
1
2
2
1
2
2
1
1
1
2
1
2
14874459034
2
2
2
1
2
2
1
2
1
2
2
2
1
1
1
2
1
2
1
1
2
2
1
14288058688
2
2
2
2
1
2
2
2
2
1
2
2
1
1
2
2
1
2
1
2
2
1
2
1
1
2
2
2
2
2
2
2
2
1
2
2
2
2
2
2
1
2
2
2
2
2
1
2
2
1
2
2
1
2
2
1
2
2
2
2
1
1
2
2
2
2
2
2
2
1
2
2
23832795071
1
2
2
2
2
2
1
1
2
1
2
2
2
2
2
2
1
2
1
1
2
1
1
1
1
1
2
2
2
1
2
1
2
2
2
1
2
2
2
2
2
2
2
1
2
2
2
1
2
1
2
1
2
2
2
2
1
1
2
2
2
2
1
2
2
2
2
2
1
81124689673
1
2
2
1
2
2
2
2
2
2
2
1
2
2
2
2
2
1
2
2
2
1
2
2
2
2
2
2
2
2
2
2
2
1
2
2
2
1
2
1
74475377475
2
2
2
1
6077033028
2
1
1
2
1
1
1
2
2
2
1
2
2
1
2
1
2
2
2
1
1
1
1
70337527082
2
1
1
2
2
63989677974
1
1
2
1
2
2
1
1
1
2
1
2
2
2
2
2
1
2
2
2
2
2
1
2
1
2
1
2
1
1
1
1
2
1
1
2
1
2
2
2
2
2
1
1
2
1
1
1
2
2
1
2
1
1
2
2
2
2
2
1
2
2
2
2
1
2
1
26860002658
2
1
1
1
1
2
1
19482920318
1
1
2
2
2
2
2
2
1
1
1
2
2
1
2
1
2
1
2
2
2
2
2
2
2
2
2
2
1
2
2
64230011318
2
2
2
1
2
2
2
1
1
1
2
1
1
1
21605458363
1
2
2
2
1
2
1
2
2
2
2
1
2
2
2
2
2
2
1
2
2
2
2
2
2
1
1
2
2
2
2
1
2
2
22137572374
1
2
1
2
2
1
1
1
1
1
2
2
2
2
92487511414
2
1
2
2
2
2
2
2
1
2
2
1
1
2
18723990396
2
1
1
2
2
1
2
1
2
1
2
1
2
1
2
2
2
2
2
1
1
2
2
1
1
2
1
2
2
1
1
2
2
1
2
1
2
2
2
2
2
1
2
2
2
2
2
1
1
2
2
2
1
2
1
1
1
1
2
2
2
2
1
1
2
2
2
2
2
2
1
2
2
1
1
1
2
2
1
2
1
1
1
1
1
2
2
2
1
2
1
2
2
2
2
1
2
1
1
2
2
27422574607
2
2
2
2
1
2
2
2
2
2
80760089664
2
1
2
2
2
2
1
2
2
2
1
1
2
2
18492127886
2
2
2
1
2
1
1
2
2
1
1
1
2
2
1
2
2
2
1
2
2
1
2
2
1
2
1
1
2
2
1
1
2
2
1
1
1
2
2
2
1
2
1
2
2
2
2
2
2
2
1
1
2
2
2
1
1
2
1
1
2
1
77675757184
2
2
1
1
2
6238422501
1
1
2
2
2
1
2
2
1
2
2
2
2
2
2
51718670867
2
1
1
2
1
1
2
2
2
2
2
2
2
1
2
1
2
2
2
2
1
2
2
2
2
2
1
2
1
2
2
2
2
2
2
2
1
1
2
2
2
2
2
1
2
2
2
1
2
2
2
1
2
2
1
2
10998337313
1
2
2
2
2
1
2
1
1
2
2
2
2
1
1
2
2
2
1
2
2
2
2
1
2
1
2
1
2
2
2
2
2
2
2
2
1
1
2
2
2
1
1
2
2
2
2
1
2
1
2
2
2
1
2
2
2
2
1
2
2
2
2
1
1
1
2
2
1
2
1
1
1
2
2
1
2
2
2
1
1
1
2
1
1
1
1
2
1
2
2
1
2
2
1
2
2
2
1
2
2
2
2
2
2
2
2
1
2
2
2
1
2
1
2
1
1
2
2
2
2
1
2
2
2
2
2
8665960384
1
1
1
2
1
2
1
1
1
2
1
2
1
2
2
2
2
2
2
2
2
2
2
2
1
2
2
1
1
1
2
2
2
2
2
1
1
2
2
2
1
2
1
2
2
2
1
2
1
2
2
2
2
1
1
1
42688321034
1
1
1
2
1
2
1
1
2
2
2
2
2
1
2
1
2
1
2
1
2
2
2
1
1
1
1
1
2
2
1
2
1
2
2
2
2
2
1
1
2
51393175044
2
2
2
2
2
2
2
2
2
1
1
2
2
1
2
2
1
2
2
1
1
2
2
1
1
2
1
1
1
1
1
2
1
2
1
1
2
1
1
2
1
2
2
2
2
2
2
1
2
2
2
2
2
2
2
1
2
2
2
2
1
2
2
2
2
2
2
1
1
1
1
2
2
1
1
2
2
2
1
2
1
1
2
2
2
1
2
1
2
1
2
2
1
2
2
2
2
2
2
2
1
2
1
1
1
1
2
1
1
2
2
2
1
2
1
2
2
2
2
2
1
1
2
1
2
1
1
1
2
2
1
2
1
2
2
1
46238118528
2
1
2
1
2
1
1
2
1
2
2
2
2
2
1
2
2
1
2
2
2
2
2
2
2
2
2
2
2
2
2
1
2
2
1
1
2
2
2
2
2
1
2
2
2
2
2
1
2
2
1
2
2
1
2
1
2
1
1
1
2
1
2
1
2
2
2
1
2
2
1
2
1
2
1
2
2
1
2
1
1
2
1
1
2
1
1
2
2
2
1
1
1
2
2
2
2
2
1
2
1
2
2
1
2
2
2
1
1
2
2
2
2
2
1
2
2
1
1
1
1
2
2
1
1
2
2
2
2
1
2
2
1
1
2
2
1
2
1
2
1
1
1
2
2
2
2
92278231249
1
2
2
2
2
1
2
2
2
1
2
2
2
2
2
2
2
2
2
2
1
1
2
2
2
2
2
2
1
2
2
2
2
53977571185
1
2
2
1
1
2
2
2
2
2
1
2
2
2
2
2
2
2
2
1
2
37342197188
2
1
2
1
2
2
2
2
1
1
1
1
1
2
2
2
1
2
2
2
1
2
2
2
2
1
2
1
2
2
2
2
2
1
2
2
2
1
2
2
2
1
2
2
2
2
1
2
1
1
2
1
2
2
1
1
2
2
1
1
2
2
2
1
2
2
1
1
2
1
1
2
1
1
2
1
2
2
1
2
2
2
2
2
25292147524
1
2
1
2
2
1
2
1
1
2
1
2
2
1
1
2
1
2
2
2
1
2
2
2
2
2
1
2
2
2
1
1
2
2
1
2
2
1
2
1
2
1
2
2
2
1
1
1
2
1
1
2
1
2
1
2
2
2
2
1
2
2
2
2
2
2
2
2
1
2
1
2
1
2
2
1
1
1
2
2
1
2
2
1
2
2
2
1
2
2
1
1
2
2
2
27231694373
2
2
2
1
2
1
2
2
1
2
1
2
1
1
1
1
2
1
2
1
2
99555599468
2
2
1
1
2
2
2
2
2
2
2
1
2
1
2
1
2
2
2
2
1
2
1
1
2
2
2
1
1
2
2
2
2
2
2
1
2
2
2
2
1
2
2
2
2
2
2
2
2
2
2
2
2
2
2
2
1
1
2
1
1
1
1
1
55428781921
42425970101
1
1
2
1
1
2
2
2
1
1
2
65016731314
2
1
1
2
2
1
1
2
1
2
2
2
2
2
1
1
1
4454234973
2
1
1
2
1
2
1
1
2
2
1
2
1
2
2
2
2
2
1
2
2
2
2
2
2
2
2
2
2
13542944156
1
2
1
1
1
2
1
2
2
2
2
1
2
2
1
2
2
2
2
1
2
1
2
1
1
1
1
2
2
2
2
2
2
1
2
1
2
2
1
2
2
1
2
2
1
2
1
2
2
1
2
1
2
1
1
2
2
2
2
2
2
25368574658
2
2
1
1
1
1
16093920898
2
2
2
2
2
2
2
1
2
2
2
2
1
2
1
2
1
2
2
1
1
2
1
1
2
1
1
1
2
1
2
1
2
2
2
2
2
2
2
2
1
1
1
2
2
1
2
2
2
1
2
1
1
1
2
1
2
1
2
1
1
2
2
2
1
2
2
2
2
2
2
1
2
2
2
2
1
2
2
2
1
1
1
2
2
2
2
2
2
1
2
2
2
2
2
1
15790467614
2
2
2
2
2
1
2
2
2
1
1
1
2
1
2
1
2
2
2297781876
2
1
2
2
60229274010
1
2
1
2
1
2
1
2
1
2
2
1
1
2
2
2
2
2
2
2
1
2
2
2
18406221575
2
1
1
2
2
2
2
2
1
2
2
2
1
1
2
2
2
1
1
2
2
1
2
1
2
1
1
1
1
1
1
2
2
2
1
2
2
2
2
1
1
2
2
2
18339293412
2
2
2
2
2
2
2
2
2
2
2
1
1
2
2
1
2
2
2
2
2
2
1
1
2
1
2
2
2
1
1
2
2
2
2
2
2
2
2
2
2
1
2
18699008893
1
1
2
1
1
2
2
2
2
1
2
1
1
1
2
2
2
2
2
2
1
1
2
2
2
1
2
1
2
2
2
2
1
2
1
2
2
1
2
1
1
2
1
2
2
2
1
1
1
2
1
2
2
2
1
1
1
2
2
1
2
1
2
2
1
1
2
1
2
2
1
2
2
2
1
2
1
2
1
1
33323704187
1
2
2
1
22169775704
2
2
2
1
1
2
2
1
2
2
1
2
2
1
1
1
2
2
1
1
2
2
1
1
2
2
1
1
2
1
1
2
2
1
2
2
2
1
2
2
1
2
2
2
1
2
2
2
2
2
2
2
2
1
1
2
1
2
2
2
2
2
1
1
1
2
2
2
1
2
2
2
1
1
2
2
1
1
2
2
1
2
2
2
2
1
2
1
1
2
2
2
1
1
2
2
1
2
2
2
2
2
2
1
2
1
1
2
2
2
1
2
2
2
2
2
2
2
2
1
1
2
1
2
2
2
1
1
1
2
2
2
2
2
2
2
2
2
2
2
2
1
1
2
2
2
1
1
1
2
2
2
2
2
2
2
2
2
2
2
2
2
1
2
2
2
2
1
2
1
2
2
2
2
2
1
2
2
2
1
1
2
2
1
1
1
1
2
2
2
1
1
2
1
1
2
2
2
2
2
2
1
2
1
1
2
1
2
2
2
2
1
2
1
2
2
2
2
2
2
2
2
2
2
2
1
2
2
2
2
1
1
2
2
1
2
1
2
2
1
2
2
1
1
2
1
1
2
2
2
2
2
2
1
2
2
2
2
2
2
1
2
2
1
97407222539
2
2
2
2
2
2
2
1
1
1
1
2
2
2
2
1
1
2
1
2
2
2
2
1
2
1
2
2
1
2
2
2
2999780697
1
1
2
1
1
1
2
1
1
2
2
1
1
1
1
2
1
1
2
2
2
1
2
1
2
2
1
2
1
1
2
2
2
1
2
1
2
2
2
2
2
2
1
2
1
2
34383319119
1
1
2
2
1
2
2
2
2
2
1
2
2
2
2
2
2
1
2
1
2
1
1
1
2
1
1
2
2
2
1
2
60838213534
2
2
2
45578027461
1
2
1
2
2
2
2
1
2
1
1
2
2
1
1
2
1
1
2
1
1
1
1
2
2
2
1
1
1
1
2
2
2
2
2
2
2
1
32641998449
2
2
2
1
2
1
2
1
2
2
2
2
2
1
1
2
1
1
2
2
1
2
1
1
1
2
1
1
2
1
5008169016
1
2
2
1
2
2
2
2
2
2
2
1
1
1
2
2
1
1
2
2
1
2
1
2
2
2
2
2
1
2
2
1
2
2
1
2
1
2
2
1
2
2
2
2
2
2
1
2
2
2
1
2
2
1
2
2
2
1
2
1
2
1
1
2
2
2
2
2
2
2
2
2
2
2
2
2
2
2
2
1
2
1
2
62185843700
1
2
2
1
2
2
2
2
2
2
2
1
2
2
1
2
1
2
1
2
1
2
2
2
1
2
2
2
2
1
1
1
2
2
2
1
2
1
1083465815
2
2
2
2
2
2
2
2
1
2
54041890888
2
1
2
2
2
1
1
2
2
1
2
1
2
2
1
2
2
2
1
2
2
2
2
2
2
2
2
1
2
2
1
2
2
2
1
2
2
2
2
2
2
2
2
2
1
2
2
1
1
1
1
77731558168
1
2
1
2
1
2
1
1
1
1
2
2
1
1
1
1
1
47386450348
2
2
2
2
2
2
2
2
2
2
2
1
2
2
80076063874
2
2
1
2
2
2
1
2
2
1
2
2
2
1
2
2
2
1
2
1
1
2
2
2
1
1
2
1
1
2
2
2
2
1
1
1
2
2
2
1
1
2
1
2
1
2
2
2
2
2
1
2
2
2
2
2
1
1
58918348097
2
2
1
2
2
2
2
2
1
2
2
2
2
2
2
2
1
2
2
2
2
1
1
2
1
2
2
1
2
2
1
2
1
2
2
1
2
2
2
2
2
1
1
2
2
1
2
2
88325819269
1
1
1
2
1
1
2
2
2
2
2
1
2
2
1
1
2
2
2
2
2
1
2
2
2
2
2
1
25635374470
1
2
2
1
2
1
1
2
2
2
2
2
2
2
2
2
1
2
1
2
2
1
2
2
2
1
1
2
1
1
2
2
2
2
1
2
2
2
2
2
2
2
2
1
2
2
2
1
2
2
2
2
2
2
2
1
2
2
2
2
2
2
1
2
2
2
2
2
2
1
2
1
2
2
1
2
2
2
2
2
1
1
1
1
2
2
1
1
2
1
1
2
1
2
2
2
1
2
2
2
2
1
1
1
2
2
2
1
1
1
2
1
2
2
2
1
2
2
2
2
1
2
1
1
2
2
2
2
2
2
2
2
2
2
1
2
1
1
2
2
1
2
1
1
1
2
1
1
2
2
1
2
1
2
2
2
2
2
1
2
2
2
2
2
2
2
2
1
1
2
2
1
2
1
2
1
2
2
2
1
1
2
2
1
31685491208
2
2
2
2
2
1
2
2
2
2
2
1
1
1
2
1
2
2
82967831483
1
1
2
1
2
2
1
1
87605193006
2
2
2
2
2
1
2
1
2
2
2
2
1
2
2
1
1
1
2
2
1
2
2
1
2
2
2
1
2
1
1
2
1
1
2
1
2
2
1
46931272580
2
2
1
1
2
1
1
2
2
2
1
1
2
1
1
1
2
1
2
2
2
2
2
2
2
2
1
1
2
2
2
2
2
2
1
2
2
2
2
2
1
1
2
2
2
1
1
2
1
2
2
2
2
1
1
17484080789
1
1
1
2
2
2
2
2
44750357000
2
1
1
1
2
2
2
2
2
1
1
2
2
2
2
2
2
2
2
1
2
2
2
2
1
2
2
2
2
27049371752
2
1
2
2
2
1
2
2
1
2
1
2
2
2
1
2
2
1
2
2
2
2
1
2
2
2
2
93074164887
2
2
2
1
2
1
2
1
2
2
1
2
2
1
2
2
1
2
2
2
2
2
1
2
2
2
2
2
2
2
1
1
1
2
2
1
1
2
2
2
2
2
1
1
1
1
2
2
2
1
2
2
1
1
1
2
2
2
2
1
1
2
2
2
2
2
2
2
1
2
2
65455150807
2
1
2
2
2
2
1
1
2
1
2
2
2
1
2
1
2
2
2
2
2
1
2
1
2
1
2
1
2
2
1
2
1
1
1
2
1
2
2
2
2
2
2
2
2
1
2
2
1
1
2
8700352419
2
1
1
2
1
2
2
2
2
1
1
2
2
2
2
1
1
81932895667
2
1
1
1
1
1
1
2
1
1
2
2
2
1
2
2
1
1
80259488720
2
2
1
1
1
2
2
1
2
1
1
1
2
2
2
2
2
1
1
1
2
2
2
1
2
2
66533265324
17184072843
1
2
2
2
1
1
1
1
2
2
2
2
2
2
2
2
2
2
1
1
2
2
2
1
1
1
1
1
50387752937
1
2
2
2
1
1
2
1
2
1
2
2
1
2
2
1
2
2
2
2
1
1
2
2
2
2
1
1
2
2
2
1
2
1
1
1
2
2
1
1
2
2
1
2
2
2
2
1
2
1
1
2
2
2
69367108598
2
2
2
2
1
1
2
2
2
1
1
1
2
2
1
2
76387397623
2
1
1
2
2
2
1
1
2
2
2
2
2
2
1
2
1
2
1
1
2
2
1
2
2
1
2
1
2
2
1
1
2
1
2
96525691749
2
2
2
2
1
2
2
1
1
2
2
1
2
1
2
2
2
2
2
2
2
1
1
1
1
1
1
2
2
2
1
42039047121
2
2
2
1
2
2
1
2
2
1
2
1
2
2
1
1
2
2
2
2
2
1
1
2
2
1
2
1
1
2
1
2
1
1
2
2
2
2
1
2
2
1
2
2
1
2
2
2
1
2
2
2
1
2
2
2
2
1
2
1
2
1
1
1
2
1
2
2
2
2
2
1
2
26122095757
1
1
1
2
1
1
2
2
2
1
2
2
2
1
1
1
2
2
2
41144518040
2
2
2
2
1
1
1
2
1
2
2
1
2
2
2
1
2
2
2
2
2
1
2
1
1
2
2
2
2
2
88134063512
2
2
2
1
2
2
1
2
2
1
2
2
1
1
1
2
2
2
2
1
1
1
2
2
2
1
1
2
2
2
2
1
1
2
1
2
2
1
2
2
1
2
1
2
2
2
2
2
1
2
88819699902
1
2
2
2
2
2
2
2
2
1
2
2
1
2
2
1
2
1
1
1
2
2
2
2
2
2
1
1
2
1
26328026363
2
2
2
1
2
2
1
2
2
1
2
2
2
2
1
2
2
2
2
2
2
2
1
2
2
2
2
1
2
1
2
2
1
2
1
2
2
1
1
2
1
2
1
2
1
1
1
2
1
2
2
2
2
2
2
2
1
1
1
2
2
2
2
2
1
1
1
2
2
2
2
2
10063387178
1
2
2
2
1
1
1
2
2
2
1
2
2
1
63577662265
2
2
2
2
2
2
2
1
2
2
2
2
2
2
2
2
1
2
2
1
1
15980240013
2
1
2
1
2
2
1
2
1
1
2
2
2
2
1
2
2
1
1
1
1
2
1
2
1
2
1
2
47063539955
1
1
2
1
2
2
2
2
2
1
2
1
1
2
2
2
1
2
1
2
2
1
2
2
2
2
2
2
2
2
2
1
2
2
2
1
2
1
2
2
1
2
2
1
2
2
2
1
2
1
2
2
2
1
2
1
2
1
2
1
2
2
2
2
2
2
2
1
1
2
1
1
2
2
2
2
2
2
1
1
2
1
2
1
2
2
1
2
2
1
1
2
1
1
1
2
1
2
2
1
1
2
1
2
2
1
2
1
2
1
2
2
2
2
2
2
2
2
1
2
2
38593717969
1
2
1
2
2
2
2
31849454936
2
2
2
2
1
2
2
2
2
1
2
1
2
1
1
2
2
2
2
2
66629426188
1
2
2
2
2
1
2
1
1396741878
2
1
1
2
2
1
2
1
1
2
1
1
1
2
2
2
2
2
2
2
2
1
2
77869175973
2
2
2
2
2
2
2
38913419780
1
2
1
2
2
2
2
1
1
2
2
1
2
2
2
2
1
2
1
2
1
2
2
2
2
2
2
1
2
2
1
2
2
1
2
1
2
2
1
2
2
2
2
2
1
2
2
2
2
2
2
2
1
2
1
2
2
2
2
1
1
2
1
2
2
2
1
1
1
1
1
1
1
2
1
2
1
1
2
2
2
2
2
1
2
2
1
1
2
2
1
2
1
2
2
2
1
1
2
2
2
2
2
1
2
2
2
2
2
2
2
1
2
2
2
2
2
1
2
1
2
2
2
1
1
2
2
2
2
2
2
2
2
2
1
91768861891
2
1
1
1
1
2
2
1
2
2
2
1
2
1
14588592060
1
1
2
2
1
2
2
2
2
2
2
2
1
1
2
1
1
1
2
1
2
2
2
2
1
1
2
2
2
2
1
2
2
1
2
2
1
2
2
2
2
2
2
2
2
2
2
2
1
2
2
1
1
2
2
2
2
2
2
2
2
2
1
2
1
2
2
2
1
1
2
2
2
2
1
1
2
1
1
2
1
1
2
2
2
2
2
1
2
2
1
87935868227
2
1
2
68740052030
2
1
2
2
2
2
1
1
2
2
2
2
1
1
1
2
2
2
2
1
78799688096
2
2
2
2
2
1
2
2
1
2
50545547756
2
2
1
2
1
1
2
1
2
2
2
1
2
2
2
7352283888
2
2
2
1
2
1
1
1
2
2
2
2
2
1
1
2
1
1
2
2
1
51262237534
2
2
2
2
2
1
1
1
2
1
2
1
2
1
2
2
2
2
2
2
53856122115
2
2
2
2
2
1
2
2
1
1
2
2
1
1
1
1
1
2
1
2
1
1
2
1
1
1
1
2
2
2
1
1
2
2
2
2
1
1
2
1
67354843997
2
1
2
2
1
1
1
1
2
2
2
2
2
2
2
2
2
2
2
2
2
2
1
1
2
1
1
2
2
1
1
2
2
1
2
2
2
2
2
2
2
2
2
1
2
2
2
2
2
1
1
2
1
1
2
1
1
2
1
1
2
1
1
93821860229
2
1
2
2
2
2
1
2
2
2
2
1
2
1
1
2
1
2
2
2
2
1
2
1
1
1
2
1
1
1
2
1
2
2
2
2
1
2
2
2
1
2
2
1
2
1
2
2
2
2
1
2
13544299431
2
2
1
2
2
1
2
2
2
2
2
2
1
2
1
2
2
2
2
1
2
2
1
2
2
1
2
1
1
1
79370807897
1
1
2
2
1
1
1
2
2
2
2
2
1
2
2
2
2
1
2
2
2
2
2
2
1
1
2
1
1
2
1
2
2
2
1
2
2
2
2
1
2
2
1
2
2
1
1
1
2
1
1
2
2
2
2
2
2
1
1
2
2
1
2
1
2
1
2
1
2
2
2
2
1
2
1
2
1
20219877079
2
2
2
2
2
2
1
2
2
2
2
1
1
1
2
2
2
2
1
2
2
2
2
2
1
2
1
2
2
2
2
94905052860
2
1
1
2
2
1
2
2
1
2
2
2
2
1
2
2
2
1
1
2
2
2
2
1
2
2
2
2
1
1
2
2
2
1
2
2
2
2
2
1
1
2
2
2
1
1
1
2
2
1
31061002267
2
2
2
2
2
1
2
2
2
2
1
2
2
2
1
1
2
2
2
1
2
1
1
2
2
2
2
2
2
1
2
2
2
1
1
2
1
2
2
2
1
2
2
1
2
1
2
2
2
1
2
1
2
2
1
293809401
2
2
2
1
2
1
2
2
1
2
2
2
2
1
2
2
1
2
2
2
2
2
2
2
2
1
2
2
1
1
1
2
2
1
2
24724928844
2
2
2
2
2
1
2
2
2
35771818269
2
2
2
2
2
1
2
1
2
1
2
1
2
1
2
1
58618210626
2
2
2
2
2
2
2
2
1
2
1
2
2
2
1
2
2
1
2
2
2
2
2
2
2
2
1
1
2
2
2
1
1
2
1
2
1
2
2
1
1
2
1
1
2
2
2
2
2
2
2
2
2
1
1
2
1
2
2
2
1
2
2
1
1
1
2
2
2
2
2
2
2
1
2
2
2
2
2
1
1
1
2
1
1
2
2
2
2
2
1
2
2
2
1
1
1
1
1
2
1
2
2
1
2
1
2
1
1
1
1
2
2
1
1
2
2
2
2
2
1
2
1
1
1
2
1
2
2
2
2
1
2
1
1
2
2
2
2
2
2
2
2
2
2
2
1
1
2
1
2
2
1
1
2
2
1
1
2
2
2
2
2
2
2
2
2
91912380395
2
2
1
2
2
2
2
1
1
1
1
2
1
2
2
2
2
1
2
2
1
2
2
2
2
2
1
2
1
1
2
2
1
2
2
2
2
1
2
1
2
1
1
1
1
2
2
1
2
2
1
1
2
1
1
2
1
1
2
1
1
1
2
2
1
1
2
1
2
2
2
2
2
2
2
2
2
1
2
2
1
2
2
2
2
1
1
2
1
1
2
1
2
1
2
2
2
2
1
1
1
2
2
2
2
1
2
2
1
2
2
2
1
1
1
2
2
1
1
1
1
2
2
1
2
1
2
2
2
1
1
2
1
2
1
2
2
1
1
2
2
2
2
1
2
1
1
1
2
2
1
1
2
2
1
1
2
2
1
2
1
2
2
2
2
1
1
2
1
1
2
2
1
2
2
1
2
2
2
2
1
1
2
2
2
2
1
1
2
2
1
1
2
2
1
2
2
1
2
2
2
2
1
2
2
2
2
2
2
2
2
1
2
1
1
1
1
2
2
2
2
2
1
1
2
1
2
2
2
1
1
2
2
2
2
2
2
2
1
2
2
2
1
2
83519042548
2
1
2
2
1
1
1
1
2
2
2
2
2
2
2
1
2
2
1
1
2
2
2
2
1
1
2
2
2
1
2
1
2
2
2
1
1
1
2
2
1
1
1
2
2
1
2
1
2
2
1
2
1
2
1
2
2
2
1
1
2
1
2
2
1
2
1
2
1
2
2
1
1
2
1
2
2
2
2
1
1
2
1
1
2
2
2
2
2
1
2
2
2
2
2
1
2
2
40507934918
2
2
2
1
1
2
2
1
45374783855
1
2
2
2
2
2
2
1
2
2
1
2
1
2
2
1
1
2
1
2
2
2
1
2
2
2
2
2
2
2
1
1
2
1
1
2
1
2
2
2
2
2
1
1
2
1
2
2
1
2
2
2
1
1
1
1
2
2
2
1
2
44645245363
2
2
2
2
2
2
2
2
1
1
2
2
2
2
2
2
1
2
2
2
2
2
2
2
1
2
2
2
2
2
2
1
2
1
1
1
2
2
2
2
2
2
2
1
2
2
1
1
1
2
2
2
1
1
2
1
1
1
2
1
1
2
2
1
1
2
1
2
2
2
2
2
2
2
2
1
1
2
2
1
92821814975
2
2
1
1
2
1
2
1
2
2
1
2
2
1
1
2
2
1
2
1
2
1
1
2
2
2
2
1
2
2
2
2
2
2
2
1
2
1
1
2
2
2
2
1
1
2
2
2
1
1
1
2
2
1
2
1
2
2
15512796961
2
1
2
2
1
2
1
2
2
2
2
2
2
2
2
2
2
2
2
1
2
2
1
1
2
2
56293305474
2
2
75399386127
1
1
7996684793
2
1
1
2
2
2
23302785499
2
2
1
2
2
2
2
30563309022
2
1
2
2
2
2
2
1
1
2
2
2
2
2
1
1
1
2
2
1
2
2
1
1
1
2
2
2
1
2
2
1
2
2
1
1
2
1
1
2
1
1
1
1
2
1
2
1
2
2
2
2
2
1
2
2
2
2
2
1
2
2
2
2
1
1
1
1
1
2
2
2
2
1
2
1
2
1
2
1
2
2
2
1
2
2
1
2
1
1
2
2
2
2
1
2
2
2
2
2
2
2
2
1
2
1
2
2
1
2
2
2
1
1
2
1
56238808788
2
2
2
22913501656
1
2
2
1
1
1
2
1
2
2
2
1
1
1
1
2789485083
2
2
2
1
1
1
2
1
2
2
2
2
2
2
2
2
2
2
2
1
2
2
1
1
2
2
2
1
2
1
2
1
1
2
1
2
1
1
2
1
2
2
1
2
2
2
1
2
2
1
2
1
2
2
2
2
1
2
1
2
2
1
2
2
1
1
2
2
2
2
2
1
2
1
1
2
2
1
2
1
54380271552
2
1
2
2
1
2
2
1
2
2
2
2
2
2
2
2
2
1
1
2
1
42995350767
2
1
2
1
2
2
2
2
2
2
1
1
2
2
14509912618
2
2
1
2
1
2
1
2
2
2
1
2
1
1
1
2
2
2
2
2
2
1
1
1
2
2
2
2
1
2
2
1
2
2
1
1
1
1
2
1
2
2
1
1
2
1
2
2
1
2
2
2
1
2
2
2
2
2
1
1
2
2
2
2
1
1
1
2
2
2
2
1
2
2
2
2
2
1
1
2
2
1
2
1
1
1
1
2
2
2
1
2
1
2
2
1
1
1
2
2
1
1
2
2
2
1
2
1
1
1
37186898137
2
1
1
1
1
2
2
2
1
1
1
1
2
2
1
2
1
1
2
1
2
1
8537457834
1
2
2
2
2
2
2
1
2
2
2
2
2
1
1
2
1
1
2
2
1
1
1
2
2
2
2
2
2
2
2
2
2
2
2
1
1
1
1
1
1
2
2
1
9948962101
1
2
2
2
1
2
1
1
1
1
2
2
1
2
1
1
1
2
2
1
1
2
2
2
1
2
2
2
1
1
2
2
2
2
2
2
1
1
2
2
1
1
2
2
1
1
1
1
2
2
1
1
2
1
1
44237599260
1
1
2
2
2
2
1
2
1
2
1
2
1
2
1
2
2
2
2
83175307090
2
1
1
2
1
2
2
1
1
2
2
2
2
2
2
1
1
1
2
1
1
2
2
1
1
2
1
2
2
2
1
2
1
1
2
2
2
2
2
2
2
1
2
2
2
1
1
2
2
2
1
2
2
2
2
1
1
1
1
1
2
1
2
2
2
2
2
2
1
2
1
2
2
1
2
1
1
2
2
1
1
2
1
2
2
1
1
2
1
2
1
2
2
1
1
2
2
2
2
2
2
1
2
2
1
2
1
1
2
1
1
1
2
2
2
2
1
2
1
1
2
2
2
2
2
2
2
82163380354
2
1
2
1
2
1
2
2
2
2
2
2
2
1
1
2
1
2
2
1
1
2
1
2
2
1
2
2
1
2
2
2
2
2
2
1
1
6115607309
2
2
2
2
2
1
2
1
1
2
2
1
1
2
2
1
1
2
1
2
2
1
2
2
2
2
1
40745503623
2
2
1
2
1
1
2
2
1
2
2
2
1
2
1
1
2
1
1
2
2
1
1
1
2
2
2
2
91342717389
2
1
2
2
1
2
1
42138941223
2
2
1
2
2
2
2
2
2
2
2
2
1
2
76828907151
2
1
1
2
2
2
1
1
1
2
2
2
2
2
1
2
2
1
1
2
84836975624
1
2
2
1
1
1
2
1
2
1
2
2
2
2
1
2
1
2
2
2
1
2
13000447075
2
1377064694
1
2
1
2
2
2
1
2
1
1
1
2
2
2
2
1
2
2
2
2
1
2
2
1
1
65202910949
1
2
1
1
2
2
2
1
2
2
1
2
1
2
1
2
2
2
2
2
2
1
2
2
2
1
1
2
2
2
1
2
1
33039010005
1
1
2
2
1
2
2
2
2
1
2
2
2
2
2
1
2
2
1
2
1
2
2
2
20502940338
2
1
2
2
2
2
2
2
2
1
2
1
2
2
1
2
1
1
1
2
36639962153
1
1
2
2
1
2
2
2
1
2
1
1
2
1
2
2
2
2
2
2
2
10890767119
1
2
2
2
2
2
2
1
1
1
2
2
2
1
1
2
2
2
2
1
1
1
2
2
2
1
2
2
1
1
2
26850887341
2
1
2
2
2
2
2
2
2
1
2
18547939332
2
2
1
1
2
1
1
2
2
2
2
2
1
1
2
2
2
2
1
1
2
2
2
1
1
1
37832697387
1
1
2
2
1
73646087943
2
2
2
2
1
2
2
2
2
1
2
2
1
2
1
2
1
2
2
2
1
1
1
1
2
2
1
2
1
2
2
2
2
2
2
2
1
2
2
1
1
2
2
1
1
2
2
2
1
64291888317
1
1
1
2
1
2
2
1
2
2
2
2
1
1
2
2
1
2
2
1
1
1
2
2
2
2
1
2
1
1
1
2
1
2
2
2
2
1
2
2
2
1
2
1
37860018886
2
1
2
2
1
1
2
1
2
1
2
2
1
2
1
2
2
2
87088238089
2
2
1
1
2
2
2
1
1
2
1
1
2
1
2
1
2
1
2
1
2
2
2
1
1
1
2
2
2
2
1
1
2
1
2
1
2
2
2
2
2
1
2
2
2
2
2
2
2
2
2
1
2
2
2
1
1
1
2
1
2
1
2
2
2
1
2
2
1
2
2
2
2
2
2
1
2
2
2
1
2
2
2
2
1
2
1
1
2
1
2
1
2
2
2
1
1
1
2
1
2
2
1
2
1
1
1
2
2
1
1
1
1
2
2
2
2
1
1
2
2
1
2
2
1
2
1
1
2
2
2
2
2
2
2
1
1
2
2
2
2
2
2
2
2
2
1
2
2
2
2
1
2
2
2
2
1
2
1
1
2
2
1
1
2
1
2
2
2
2
2
1
2
1
1
1
2
1
1
2
1
1
2
1
1
1
2
1
1
1
75587587989
2
1
2
37830946723
1
2
2
2
1
2
2
2
2
2
1
1
2
1
2
1
1
2
1
2
2
2
2
1
1
2
1
2
30228512213
2
1
2
2
1
1
2
1
2
2
2
1
2
2
1
1
2
2
2
2
2
2
2
1
2
1
1
81411871846
2
1
2
2
1
2
2
2
2
2
2
2
2
2
2
1
2
2
1
2
2
1
2
2
2
1
2
2
1
2
1
2
1
1
2
2
2
1
2
2
2
1
2
2
2
65418958763
2
1
2
2
1
2
2
2
1
2
2
2
2
2
2
2
2
2
2
1
1
2
2
2
1
2
2
1
2
2
1
1
1
2
1
2
1
2
2
2
1
1
68604727930
1
2
1
2
1
1
2
2
1
2
2
2
1
2
1
2
1
2
1
2
2
1
2
2
2
2
2
2
2
2
2
2
2
1
2
2
2
1
1
2
2
2
1
1
2
2
2
1
2
2
2
2
1
2
2
1
80006090564
2
1
1
1
2
2
2
2
1
1
5175387864
2
2
2
2
2
1
2
2
2
1
2
2
1
1
2
2
2
1
2
2
2
1
2
2
2
2
2
2
2
1
1
2
2
2
1
2
2
2
2
2
2
2
2
1
2
2
2
1
2
2
2
2
2
73386462346
2
1
2
2
2
2
2
1
2
2
2
1
1
2
1
2
2
2
2
2
1
2
2
2
2
1
2
2
1
2
1
2
1
1
2
1
2
2
2
2
1
1
2
2
2
2
2
2
2
2
2
2
2
2
1
2
1
2
2
2
1
1
1
1
1
2
1
2
2
1
1
2
2
2
2
1
1
2
2
2
2
2
2
2
2
1
2
1
1
2
2
1
1
2
1
2
2
2
1
2
31487389543
1
1
1
2
2
2
2
2
2
1
1
1
2
2
2
2
2
2
2
2
1
2
2
2
2
2
1
2
1
1
1
2
2
2
2
2
2
2
2
1
2
1
2
1
2
2
2
2
2
1
1
85895687194
1
2
1
2
1
1
2
2
1
2
1
2
1
1
1
1
1
1
2
1
2
65253807392
2
2
2
1
2
1
1
1
1
2
75565107804
2
2
2
1
2
2
2
2
2
2
1
2
2
2
2
2
1
1
1
2
2
1
2
2
2
1
1
2
1
2
1
2
2
2
39498530600
2
2
2
2
1
1
2
2
2
1
1
2
1
2
2
2
2
2
2
1
2
1
2
1
2
2
2
1
2
1
1
1
1
2
2
2
1
2
2
1
2
2
2
1
2
2
2
2
1
2
1
2
2
2
2
2
2
1
1
2
2
2
1
2
2
2
2
1
2
2
2
2
2
2
1
66386871933
2
1
2
2
2
2
2
2
2
2
1
1
2
2
1
1
2
57800048796
2
2
2
1
1
2
2
1
2
2
2
1
1
2
2
2
2
2
2
2
2
2
2
1
2
1
1
1
1
2
2
2
2
2
2
2
2
2
2
1
2
1
1
2
1
1
2
1
2
1
2
2
1
1
2
1
2
1
1
2
1
1
2
2
2
2
1
2
2
1
2
1
2
1
2
2
2
2
2
1
2
2
2
97074247572
1
2
1
1
1
1
2
2
1
2
2
2
2
2
2
2
1
2
1
1
2
2
2
1
2
46672502047
2
1945002343
2
2
2
2
2
2
2
2
1
2
2
2
2
2
1
23993031719
2
2
2
2
2
2
1
2
2
2
1
2
1
1
2
2
1
2
2
2
1
2
2
2
1
1
1
2
2
2
1
2
2
30533142590
2
1
1
1
2
2
2
2
2
2
1
2
2
2
2
2
2
2
2
2
2
2
2
2
2
2
2
2
1
1
1
2
2
2
2
2
2
2
2
2
2
2
2
2
2
2
2
2
1
1
2
1
2
2
2
60696034447
1
1
1
2
2
2
2
2
2
2
2
2
2
2
2
1
2
2
2
1
1
2
2
2
2
2
1
2
2
1
2
2
1
2
2
1
1
1
2
2
2
1
1
1
2
2
2
1
2
2
2
1
2
2
2
1
1
2
2
2
2
2
1
2
2
2
1
2
2
2
1
2
2
2
1
2
2
2
1
2
2
1
2
2
2
2
2
2
1
2
2
2
2
1
1
1
2
2
2
2
17901002912
1
1
2
2
2
1
2
1
2
2
2
2
2
2
2
2
1
2
1
2
2
9737265999
1
2
1
2
2
1
2
2
1
2
2
1
2
1
1
2
1
2
1
1
1
1
1
2
2
1
2
1
1
2
1
2
2
2
2
2
2
2
2
2
2
2
1
2
2
2
2
2
2
1
2
1
2
2
1
2
1
1
1
1
2
2
2
2
1
2
1
2
2
1
2
2
1
1
1
1
2
1
1
2
2
2
2
1
2
2
2
2
2
2
1
2
1
1
2
2
2
2
2
2
77818424179
1
2
2
1
2
2
2
2
1
2
2
2
2
2
2
2
1
1
2
2
1
1
2
2
2
2
2
1
2
2
2
2
1
1
1
1
2
2
1
2
2
1
2
2
1
2
1
1
2
2
2
2
1
1
1
1
2
2
1
2
2
2
1
1
2
2
1
2
1
1
2
2
1
2
2
2
1
2
2
1
1
1
2
2
2
1
2
1
1
2
2
2
2
1
2
2
2
2
2
1
2
1
1
2
1
2
2
1
2
1
2
1
1
2
2
1
1
2
2
1
2
1
2
1
2
2
1
2
1
2
1
2
2
2
2
2
2
1
2
2
2
1
1
2
2
1
2
2
2
1
2
2
4524957895
1
1
2
1
1
2
2
2
2
2
2
1
2
2
2
86547077120
2
2
1
2
2
2
2
2
2
1
2
1
2
1
1
2
1
2
2
2
1
2
1
2
2
2
1
2
2
2
2
2
2
1
2
2
2
2
1
2
1
2
1
2
1
2
2
2
2
2
2
2
2
2
1
1
2
2
1
2
1
2
1
2
1
1
1
1
2
1
81629890712
2
2
1
2
1
1
1
2
2
1
1
2
1
2
2
2
2
1
2
2
2
1
2
1
2
2
2
1
2
2
2
2
2
2
2
2
2
2
1
2
2
2
1
1
2
1
2
1
2
1
1
2
2
2
2
2
2
2
1
2
2
2
2
2
2
1
2
2
1
1
1
2
2
2
2
1
1
1
1
2
2
2
2
68455891633
2
2
2
2
2
2
2
2
2
2
2
1
2
2
1
1
1
1
2
1
1
2
2
2
63634153056
2
2
2
2
2
64355916144
1
1
1
1
2
2
1
1
2
2
2
1
2
20366694447
1
2
1
2
2
1
2
2
1
2
2
1
2
1
1
2
1
2
1
1
1
1
2
2
2
2
2
2
2
1
2
1
1
2
1
2
2
2
2
1
1
2
2
1
2
1
1
2
1
2
1
1
2
2
2
1
2
1
2
2
1
2
1
1
1
2
2
2
2
2
2
2
2
2
1
1
1
2
2
2
2
1
2
2
1
52767528740
1
90586758911
2
2
2
2
1
2
2
1
2
1
1
2
1
2
2
1
2
2
1
1
2
2
2
2
1
1
1
2
2
2
2
2
2
2
1
1
2
2
1
1
2
1
2
2
2
2
2
2
2
1
1
1
1
2
59089362154
2
1
2
1
1
2
1
2
2
2
16403613408
47620227834
2
2
2
1
1
2
2
2
2
2
1
2
2
2
2
1
1
2
2
1
1
1
1
1
1
1
2
2
2
2
1
2
2
1
2
2
2
2
2
2
2
1
2
1
2
1
2
2
2
2
2
2
2
2
2
2
2
2
2
2
2
1
2
1
2
2
1
9090806313
1
2
1
1
2
1
2
1
2
2
2
2
1
2
1
2
1
1
2
1
2
2
2
1
1
2
2
2
1
1
2
2
1
2
857193252
2
2
2
2
2
1
2
2
2
2
33546649115
2
1
2
1
1
1
2
2
2
1
1
2
2
2
2
2
1
1
2
2
1
2
2
2
1
2
2
2
1
2
1
2
1
2
2
2
2
2
2
2
1
1
2
1
2
2
1
2
1
2
1
2
1
1
2
1
2
71688116544
2
2
2
2
1
2
2
2
1
2
2
2
2
1
2
2
2
1
2
1
2
2
2
2
2
1
2
2
2
1
1
63029786811
2
1
2
2
2
1
1
1
2
2
2
1
2
1
2
2
2
1
2
2
2
2
1
1
1
1
2
2
2
1
2
2
2
2
1
2
2
2
2
1
2
2
2
2
67788688582
2
2
1
2
2
57281543268
2
2
1
2
1
1
1
2
1
2
1
2
2
2
2
2
55933091775
2
2
1
2
1
2
2
1
1
1
2
1
2
1
2
1
2
1
39781003776
1
2
2
2
1
1
1
2
1
1
2
2
2
1
2
2
2
2
2
2
2
2
2
1
1
1
2
1
2
2
2
1
2
2
1
2
2
2
1
2
2
1
2
2
1
2
2
1
1
2
2
1
2
1
1
1
1
1
2
2
1
1
1
2
2
1
1
1
1
1
2
2
2
1
1
2
1
2
2
2
2
1
2
2
2
2
1
1
1
2
1
2
2
2
2
3759906780
2
2
2
2
1
1
2
1
2
2
2
2
1
2
2
2
1
2
2
2
1
1
2
2
1
1
2
2
2
2
2
1
1
2
2
1
1
2188616275
2
2
2
2
2
2
1
2
2
1
2
2
1
2
1
1
2
1
2
2
2
1
2
1
1
1
2
1
2
2
2
2
2
45193348930
1
1
2
2
1
2
2
2
1
2
2
1
1
2
2
2
2
1
2
2
2
2
2
2
2
1
2
1
2
2
1
1
2
2
1
1
2
1
1
1
1
1
2
1
1
1
2
2
1
2
1
1
2
2
2
2
1
1
2
2
2
2
1
2
2
2
71297635599
1
60359556915
2
1
2
2
2
12377642243
2
1
2
2
94078954826
1
1
2
2
2
1
2
1
1
2
2
1
80059324448
1
2
2
2
2
1
2
2
2
2
2
2
1
2
1
2
2
2
2
1
1
31572013973
1
2
2
2
2
2
2
2
2
2
2
2
2
2
2
1
1
2
2
2
1
2
2
2
2
2
2
2
1
2
1
2
27961530498
1
1
2
1
2
36760733177
2
1
2
2
2
2
2
2
1
2
1
2
2
13843771066
1
2
2
2
2
1
2
2
2
2
2
2
1
2
2
1
2
1
2
2
1
2
1
2
1
2
2
2
2
1
2
2
2
2
1
2
2
2
2
1
2
1
1
2
1
2
2
2
2
1
2
1
1
2
2
1
2
1
2
1
2
2
1
2
2
1
2
2
2
2
2
2
2
2
2
2
2
2
2
2
1
1
1
2
1
2
1
1
1
2
2
1
1
2
1
1
2
1
2
1
2
2
2
2
2
1
1
2
1
1
2
1
1
2
1
1
1
2
2
1
2
1
2
2
2
2
1
1
1
2
1
2
1
2
1
1
2
2
1
2
2
1
1
2
2
1
1
2
1
1
2
2
2
2
2
2
1
1
2
1
2
2
2
2
2
28025932863
2
1
1
2
2
1
2
1
2
2
2
2
2
1
1
2
2
1
2
2
2
1
2
1
1
2
2
2
2
2
1
2
1
2
2
2
2
2
1
2
2
2
1
2
1
2
2
2
2
1
2
1
2
2
2
1
2
1
2
2
2
1
1
2
1
2
2
1
2
62478533392
2
2
2
2
2
2
1
2
2
2
1
1
2
20320107925
2
2
2
2
1
2
2
2
1
2
1
2
1
2
1
2
1
2
2
2
84426412825
1
2
2
1
2
2
1
2
2
2
1
2
1
2
1
2
2
2
2
1
1
2
2
69477683530
1
1
1
1
2
2
2
1
1
1
2
2
2
2
2
1
2
2
2
2
2
2
2
1
2
1
1
1
1
2
2
1
2
2
2
1
2
2
2
2
2
2
2
2
74833083120
1
1
1
79204285169
1
2
2
1
2
2
2
1
2
2
2
2
2
1
2
1
1
1
1
2
2
2
1
1
2
1
1
1
2
2
2
21971864538
2
1
1
1
2
1
2
2
2
2
2
2
2
2
1
2
1
2
2
2
1
2
1
2
2
2
1
2
2
2
2
1
2
2
2
2
2
1
2
1
1
1
1
1
2
2
2
2
2
2
2
2
2
2
2
1
2
2
2
1
2
1
2
7099252482
1
2
2
2
1
2
2
1
1
1
1
2
2
2
1
2
2
2
2
2
1
2
1
2
2
1
2
2
2
2
2
1
2
1
2
2
2
1
2
1
71733899228
2
1
2
2
2
2
2
1
2
2
2
2
2
2
2
2
2
1
2
2
2
2
2
2
2
2
2
1
1
1
2
1
2
2
1
67408053590
1
2
2
1
2
2
2
2
2
1
2
2
2
2
1
2
1
1
2
1
2
1
2
2
1
1
2
2
2
1
2
1
16555983116
2
2
2
1
2
2
2
1
2
2
2
80375378637
2
1
2
2
2
2
1
1
2
1
2
2
2
1
2
2
2
2
2
1
2
2
2153380950
2
1
2
2
2
1
2
1
2
1
2
2
1
1
2
2
1
1
2
2
1
1
2
2
1
1
2
1
2
1
2
2
2
2
1
2
2
2
2
80470588390
2
2
2
2
2
1
1
1
1
2
1
1
2
1
1
1
1
2
98517197732
1
2
2
1
2
2
1
1
1
2
2
1
2
2
2
1
2
25376214547
2
2
2
1
2
2
2
1
2
2
1
2
2
1
2
2
2
2
1
2
2
2
2
2
1
2
1
2
1
1
2
2
2
2
2
2
2
2
64452617224
1
1
2
1
2
1
2
2
2
1
1
2
2
2
1
2
1
2
2
1
1
1
2
2
2
1
2
1
1
2
2
1
2
1
1
2
2
1
1
2
1
2
1
2
1
1
2
2
2
2
1
2
2
1
1
2
1
2
2
2
2
2
5318488653
2
1
1
2
2
1
1
2
1
2
2
1
2
2
2
2
2
1
2
2
2
2
2
2
2
1
1
2
1
2
1
2
2
2
2
1
2
2
2
1
2
1
1
2
1
2
2
2
2
2
2
1
1
2
2
1
2
2
1
1
1
2
2
1
2
1
2
1
2
2
1
2
2
1
2
1
2
1
1
2
2
2
2
2
1
2
2
2
1
2
1
2
1
1
2
2
1
2
2
2
2
1
2
2
1
1
1
1
1
2
2
2
2
1
1
2
2
2
9924485174
2
2
1
2
2
2
1
1
1
2
2
57321551486
2
2
1
2
2
1
1
1
1
29989827454
2
1
2
2
56124485851
1
1
2
2
1
2
1
2
1
2
1
2
8783402590
1
2
1
2
2
1
1
2
2
2
1
1
2
1
1
1
2
1
1
1
1
2
2
1
2
2
2
2
2
2
2
1
2
2
1
1
2
2
2
2
2
2
1
1
1
2
2
2
1
2
2
2
2
2
2
1
2
1
74254055304
2
2
1
1
2
2
2
1
1
2
2
2
1
1
2
2
2
2
2
1
2
2
1
1
2
1
2
1
1
1
2
2
1
2
2
2
1
1
1
1
2
2
2
1
2
2
2
2
2
1
2
74699619881
1
2
2
1
1
2
2
2
1
2
2
2
2
2
2
2
2
2
2
2
2
1
2
1
1
2
2
2
2
2
2
2
2
1
2
1
1
2
2
2
2
2
2
2
2
2
2
1
2
1
2
2
1
2
2
2
1
87807309422
2
1
1
1
2
1
2
2
2
2
2
2
1
1
2
2
1
2
2
2
2
2
2
1
1
2
2
2
2
2
1
2
1
2
1
2
1
2
2
2
2
1
1
2
2
2
2
2
1
2
2
1
1
2
2
2
2
1
2
2
2
2
1
1
1
2
2
2
2
1
1
32892885660
1
2
2
2
2
1
1
2
2
2
2
2
2
2
2
2
2
2
2
1
2
2
2
1
2
2
2
2
2
1
2
2
2
1
1
2
1
2
1
2
2
1
2
2
2
1
1
1
2
2
2
40349017664
1
2
2
2
2
2
1
2
1
2
2
2
1
2
2
2
2
1
2
2
2
2
1
1
1
2
2
2
2
2
2
2
1
1
2
2
2
2
2
2
2
2
2
11215766566
2
2
1
1
2
2
2
2
2
1
2
1
2
2
2
2
1
2
2
2
2
2
2
1
1
1
2
2
2
1
1
2
1
2
2
2
2
2
1
1
2
2
2
1
2
1
2
2
1
1
2
1
2
2
2
1
1
2
1
2
2
2
2
2
1
2
2
2
2
2
1
2
1
2
2
1
2
2
2
2
1
2
1
2
1
1
1
2
1
1
2
2
2
2
2
1
2
2
1
1
2
2
2
2
2
1
2
2
1
1
1
2
2
2
1
2
1
2
60340715476
2
2
2
2
2
2
1
2
2
2
2
2
2
1
1
2
1
2
2
2
2
2
1
2
2
1
1
2
2
2
2
2
2
1
1
1
2
2
1
2
1
1
2
2
2
1
2
1
2
2
2
2
1
2
2
2
2
1
2
2
2
2
2
2
2
2
2
2
2
1
2
2
2
2
2
1
2
2
2
1
1
1
1
2
1
2
2
1
2
2
1
2
1
2
2
2
2
2
1
2
2
2
2
1
2
2
1
2
2
2
77884225817
1
2
1
2
2
1
2
2
2
1
2
2
1
1
2
2
2
2
2
1
2
2
2
2
55064780413
1
1
1
2
2
1
2
2
1
2
1
2
1
2
2
2
1
1
1
2
1
1
2
2
2
2
2
2
2
2
2
2
2
2
2
2
2
1
2
2
2
1
2
2
1
2
2
1
2
1
1
2
1
1
2
2
2
2
1
2
2
2
2
2
2
1
2
2
2
2
2
2
2
2
2
1
2
1
2
1
2
2
2
1
2
2
2
1
2
2
1
1
2
54385023048
1
35782151803
2
2
2
1
1
2
1
2
2
1
2
2
2
2
2
1
2
1
1
2
2
1
2
1
2
2
2
2
2
1
2
2
1
2
1
2
2
2
1
1
1
2
2
1
1
14131605446
2
2
2
2
2
1
2
2
2
1
90512822768
1
2
2
2
59620643467
1
2
1
2
1
2
2
2
2
2
1
1
2
2
1
2
2
2
1
2
2
2
2
2
1
2
2
2
2
2
2
2
1
2
2
1
2
2
2
2
2
2
1
1
1
2
1
2
1
2
2
1
1
2
2
1
2
2
2
1
2
2
1
2
2
2
2
2
2
2
2
2
2
2
2
2
1
2
1
2
2
1
86069871418
2
2
1
2
1
2
2
2
2
2
2
2
2
1
2
2
2
1
1
1
2
2
1
1
2
1
1
2
2
1
2
1
2
2
2
2
2
2
2
2
2
2
2
2
1
1
2
2
1
2
2
2
1
1
1
2
2
1
51264753598
36097528098
2
2
2
2
2
2
2
2
1
2
2
1
1
1
2
1
2
1
2
2
1
2
2
2
1
1
2
2
2
2
2
1
1
2
1
2
1
2
2
1
2
2
1
2
2
2
1
2
2
2
1
2
1
2
2
1
2
1
2
1
2
2
1
2
2
1
2
2
2
1
2
75365065592
2
2
1
1
2
2
1
1
2
2
1
2
2
2
1
1
1
1
2
2
2
1
2
2
2
1
2
1
1
2
1
2
2
2
2
2
2
2
1
1
2
80605018963
2
2
1
1
1
2
2
2
2
1
1
2
1
2
2
2
2
1
2
1
77168487880
1
2
2
1
2
2
2
1
1
2
1
1
2
1
2
2
2
2
2
1
2
2
1
2
1
1
2
2
2
2
1
2
2
1
2
2
2
2
2
1
2
2
2
2
1
2
1
1
2
1
1
2
2
1
2
1
2
2
2
1
2
2
2
1
2
1
1
2
1
1
2
2
1
2
2
1
2
1
2
32992118946
2
2
2
1
1
2
1
2
2
2
1
2
2
2
2
2
1
1
2
2
1
1
1
2
1
58918441941
2
2
2
2
2
2
2
2
2
2
1
2
2
2
1
93353196247
2
1
2
2
2
1
2
1
2
2
2
2
2
1
2
1
2
2
2
1
1
2
2
2
1
2
2
2
2
2
1
2
2
1
1
2
2
1
2
2
1
88566121200
2
2
2
2
1
1
1
2
1
1
1
14173558283
2
2
1
2
2
1
2
1
2
2
2
2
1
2
2
2
1
2
2
2
1
2
1
2
2
1
2
1
2
1
2
2
2
2
1
2
1
1
2
2
2
2
2
2
2
1
2
2
2
1
2
2
2
2
1
2
1
2
2
2
2
2
2
2
2
2
1
1
2
1
2
2
2
2
1
2
1
2
1
1
1
1
2
2
1
1
2
1
2
1
2
2
2
1
2
2
2
2
1
1
2
2
2
2
1
2
1
2
2
2
2
1
1
2
2
2
1
2
1
2
1
2
1
2
1
1
2
1
2
1
1
2
1
2
2
2
2
1
2
2
1
1
2
2
2
2
1
2
2
2
2
2
2
2
2
1
2
1
1
1
2
1
2
2
2
2
21590911594
2
2
1
2
2
2
1
2
2
1
2
1
1
1
1
2
2
2
1
2
2
2
2
2
2
2
1
2
2
1
1
2
1
2
2
2
2
2
49341518565
2
1
2
1
1
1
1
1
2
2
1
1
2
1
1
1
2
1
1
2
2
2
2
1
2
2
2
2
1
2
2
2
1
2
2
2
63067496263
1
2
1
2
2
2
1
1
2
2
27270719909
2
2
2
2
1
2
2
1
89928048108
2
1
1
1
2
2
2
2
1
2
1
2
1
2
2
2
1
2
2
2
1
2
2
2
2
2
12958216218
2
1
2
2
2
1
1
2
1
2
2
2
1
1
1
2
1
2
2
2
2
2
1
2
2
2
2
2
2
2
2
1
2
2
2
1
1
2
2
1
2
2
1
2
2
1
2
1
1
1
1
1
1
2
2
2
2
1
2
2
1
2
1
2
2
2
2
2
1
2
2
16772668466
52499336395
2
2
2
2
1
1
2
2
2
1
2
1
1
1
2
2
2
2
2
2
2
1
1
1
2
2
2
2
1
2
2
26687548625
2
2
2
17103840113
1
1
2
2
1
2
2
2
1
2
2
2
2
1
2
2
2
2
1
2
1
1
1
2
2
2
2
2
1
2
1
2
1
2
1
1
2
2
2
2
2
2
2
1
2
1
1
1
1
1
1
1
1
2
2
2
2
1
1
2
2
2
2
1
2
1
1
2
2
2
2
2
2
1
2
2
1
2
2
2
2
1
2
1
17608842154
2
2
2
2
2
2
2
1
1
2
1
2
1
2
1
1
2
1
1
2
2
2
2
2
1
2
2
2
2
1
2
2
1
2
2
2
2
2
1
2
2
2
86964780676
2
2
2
2
1
2
2
1
2
1
1
40301992284
2
2
2
2
2
1
1
1
2
2
1
2
1
1
1
1
1
2
1
2
2
1
2
2
2
2
1
1
1
2
1
1
2
2
2
2
2
2
1
2
2
1
2
2
2
2
1
2
2
2
2
2
2
2
2
2
2
1
2
2
2
2
2
1
1
2
2
2
1
2
2
1
2
1
2
2
2
2
2
2
1
2
1
1
2
2
1
2
1
2
1
2
2
2
1
1
2
2
2
1
1
2
2
2
2
1
2
2
1
2
1
2
2
2
1
2
1
1
2
2
1
2
2
1
2
1
1
1
2
2
2
2
2
2
2
1
1
2
2
2
2
2
1
2
2
2
2
2
2
2
1
1
1
2
1
2
2
2
1
2
2
2
2
2
1
2
2
2
2
1
1
2
1
2
1
2
2
2
2
2
2
2
2
2
2
2
1
1
1
1
2
2
2
79057972444
2
1
2
2
2
1
2
2
1
1
1
2
1
1
1
2
2
2
2
2
1
2
2
2
1
2
1
2
2
2
2
1
2
2
1
2
1
2
2
2
2
2
2
1
1
1
2
2
1
2
1
2
1
1
1
2
2
2
1
1
1
1
2
1
2
2
1
1
1
2
2
2
1
1
2
2
2
2
2
1
2
1
1
2
1
2
1
1
2
1
2
2
2
2
1
1
2
1
1
2
2
2
2
1
1
2
2
1
2
2
2
1
1
2
2
2
2
2
1
2
1
2
2
2
2
1
1
1
1
1
1
2
2
2
1
2
2
2
2
1
2
2
1
1
2
2
2
2
2
1
2
1
2
1
2
2
1
2
2
1
46206484808
2
1
2
2
2
2
1
2
1
2
1
2
1
2
2
1
1
2
2
1
1
2
2
1
2
2
2
1
1
2
2
2
1
2
1
1
2
1
2
2
1
1
1
2
2
2
2
2
2
2
1
1
1
2
2
2
1
1
2
2
2
2
2
2
2
1
1
2
1
1
2
1
2
2
2
2
2
2
1
2
2
1
1
2
2
1
2
2
2
1
2
2
2
1
1
2
2
1
2
2
1
1
2
2
2
2
1
1
2
2
2
2
1
2
2
1
2
2
1
2
1
2
2
2
1
2
2
2
2
2
1
1
1
2
1
1
1
2
1
2
2
2
1
2
2
2
1
2
1
1
2
2
2
2
1
2
1
1
2
2
2
2
2
2
2
2
2
2
1
1
1
2
1
1
2
2
2
2
1
2
2
1
1
1
2
2
2
2
2
1
1
2
1
1
2
2
2
1
2
2
2
2
2
2
1
1
1
1
2
1
2
2
2
1
1
2
2
1
2
2
2
2
1
2
2
1
1
2
2
2
2
2
2
2
2
2
1
1
2
2
2
1
2
2
2
2
2
2
2
2
1
2
2
2
1
2
2
2
2
1
1
2
1
2
2
1
2
1
2
2
1
1
2
2
2
1
2
2
2
2
2
2
1
1
2
2
2
2
2
1
82562982667
2
2
2
1
1
2
2
1
1
1
2
48248332260
2
2
2
2
1
1
1
2
2
1
1
1
1
2
1
2
2
48795331859
2
2
1
2
2
2
2
2
2
2
2
2
2
2
2
2
2
1
2
1
1
2
2
1
2
2
2
1
2
1
1
2
2
1
1
2
2
1
2
2
1
2
2
1
1
2
1
2
2
2
2
2
1
2
1
1
1
1
1
1
1
2
1
1
2
2
2
2
2
2
7485123557
1
1
16170694186
2
1
2
2
1
2
1
2
1
2
2
2
2
2
2
2
2
2
1
1
1
1
2
2
2
1
1
1
1
2
2
2
2
2
2
2
2
2
2
1
1
2
1
1
1
2
2
1
2
2
2
2
72085179662
1
2
2
1
2
2
2
2
1
1
2
2
2
2
2
2
2
2
8199371018
2
2
1
2
1
2
1
1
1
2
2
2
2
1
2
2
1
1
1
1
2
2
1
2
2
1
1
2
1
2
1
1
1
1
1
1
2
1
46799709736
1
2
2
2
2
2
2
2
2
1
1
2
2
2
1
1
1
1
2
1
1
2
2
2
2
2
2
2
2
2
1
2
2
1
2
1
2
2
1
2
2
1
2
1
50646805063
1
1
1
2
1
2
2
2
1
2
1
1
2
1
1
2
2
2
2
2
1
2
2
2
1
2
2
2
2
2
2
1
2
2
1
1
2
2
1
1
1
2
2
2
1
2
2
2
2
2
1
2
2
1
2
2
2
1
1
2
2
2
1
1
2
1
2
2
2
2
1
2
2
2
13259379044
2
2
2
2
1
2
2
2
2
2
2
1
2
2
1
1
1
1
2
1
2
2
1
2
1
2
2
2
2
2
1
1
1
2
1
2
2
66389909513
2
1
1
2
2
1
1
1
1
2
1
1
1
2
2
2
1
2
2
1
2
2
2
1
2
1
2
2
1
1
1
2
1
1
2
1
2
2
1
2
2
1
2
26492546842
2
2
2
2
1
2
2
1
2
1
1
2
1
2
2
1
1
2
1
2
2
2
2
1
2
2
2
2
2
1
2
2
2
1
2
1
2
2
2
2
1
2
34598567371
1
2
2
1
1
2
2
2
2
2
46596124026
2
2
2
1
2
1
2
2
1
1
1
2
1
1
1
1
1
2
1
1
2
1
2
2
2
46791048029
2
64166190557
1
2
1
20485335705
1
2
2
2
2
2
2
2
2
2
2
2
2
1
2
2
1
2
2
2
2
2
2
1
2
2
1
2
61030310320
1
2
2
1
2
2
2
1
2
2
2
1
1
2
1
2
1
2
1
2
1
1
2
2
2
1
1
2
1
2
2
2
2
2
2
2
2
1
1
2
2
1
2
2
2
2
1
1
1
2
2
2
1
7734133106
1
1
1
1
2
2
1
1
2
2
2
2
2
1
2
1
2
2
1
1
1
7879872338
2
2
1
2
1
2
1
1
2
2
2
2
2
2
2
2
1
1
2
2
1
1
2
1
1
2
2
2
1
1
2
1
2
1
2
2
2
1
2
2
1
1
2
16529174962
1
2
2
1
2
2
1
2
2
51762125246
2
2
1
2
1
2
1
1
1
2
2
2
2
1
2
1
2
2
2
1
2
1
1
2
2
2
2
1
2
2
2
2
2
1
1
2
2
1
2
1
2
2
1
1
2
2
2
2
1
2
1
2
2
2
1
2
1
2
2
2
2
2
2
2
2
1
2
1
2
2
2
1
2
2
1
2
1
1
1
2
1
2
2
1
1
1
2
1
1
2
2
1
2
2
2
1
2
2
2
2
1
2
1
2
1
2
2
1
2
2
2
1
1
2
2
2
1
2
1
2
1
1
2
1
2
1
2
2
2
1
1
2
1
2
1
2
2
2
2
2
2
2
2
2
2
2
2
2
1
1
2
2
1
2
2
1
2
2
11917608781
1
2
2
1
2
2
2
2
2
2
1
1
1
2
2
1
1
1
2
1
2
2
1
2
2
2
2
89675970848
1
2
1
2
2
2
2
1
2
2
2
2
2
1
1
1
1
2
2
1
1
2
2
2
2
2
1
1
2
2
53418203207
2
2
2
28678394302
1
2
2
2
1
2
1
2
1
2
2
2
2
2
2
2
1
2
2
2
4233622481
2
2
1
2
2
1
2
1
1
1
2
1
1
1
2
2
2
2
2
2
1
1
2
1
2
2
2
2
2
2
2
2
2
1
2
2
2
1
2
2
2
1
2
1
1
1
2
1
2
2
2
68666827646
2
2
2
2
2
1
1
2
1
1
2
1
2
2
1
2
2
2
2
2
2
1
2
1
2
2
2
2
2
2
2
1
1
2
2
2
1
2
2
2
2
2
1
1
2
2
2
2
2
2
2
1
2
2
2
1
2
2
2
2
2
2
1
1
1
1
2
2
15944871472
1
1
1
1
2
1
2
2
2
2
1
2
1
1
2
2
2
2
2
2
1
1
50936886616
1
1
1
2
2
2
2
2
1
2
2
1
2
1
2
2
1
2
1
2
2
1
2
2
1
1
1
2
1
1
2
2
2
1097245024
2
2
2
2
2
2
2
1
1
2
1
1
1
1
2
1
1
1
2
1
2
2
1
2
2
2
2
2
2
1
2
1
2
2
2
2
2
1
1
2
2
54097873384
2
1
1
1
2
1
2
2
2
2
2
1
2
1
6176443711
2
2
2
2
2
2
2
1
1
2
2
2
2
2
2
97203958803
1
2
2
1
2
2
2
1
2
1
2
1
2
2
2
1
2
1
1
2
2
2
2
2
2
1
2
2
1
2
1
1
2
1
2
1
2
2
2
2
2
2
1
2
2
37554877720
2
2
1
2
1
1
1
2
2
2
2
1
2
2
2
1
2
2
2
2
1
2
2
2
2
2
1
1
1
2
2
2
1
2
1
1
2
2
2
1
2
2
1
2
2
2
2
2
2
2
2
2
1
2
2
2
2
2
2
2
2
1
2
1
2
2
2
2
2
2
1
2
2
2
1
2
1
1
1
2
2
2
2
1
2
2
1
1
1
1
2
2
2
2
2
2
1
2
2
2
2
2
2
1
1
2
2
1
2
2
2
2
2
2
2
2
1
1
2
2
1
2
2
2
1
2
2
1
2
1
2
2
2
2
2
2
2
80421837998
2
2
1
1
2
2
2
2
2
2
2
2
2
2
2
2
2
1
2
2
2
2
1
2
2
2
1
2
1
2
1
2
1
1
2
1
1
34252455251
1
2
2
2
2
2
1
2
2
2
2
2
2
1
1
2
2
2
1
2
2
1
1
1
1
2
1
1
1
2
1
2
2
1
1
2
1
1
2
1
2
2
2
1
2
2
1
2
2
2
1
2
2
2
2
2
2
2
1
2
2
2
1
2
1
1
1
2
2
1
2
1
1
2
2
2
1
1
1
2
2
1
2
2
1
2
2
2
1
2
1
2
16758673878
2
2
2
2
1
2
1
2
2
2
1
1
2
2
1
1
2
2
2
2
1
2
2
1
2
1
2
1
2
2
1
2
1
2
2
2
2
2
2
2
1
1
1
2
2
2
2
1
2
2
2
2
2
2
2
1
1
2
1
1
1
1
2
1
2
2
2
1
2
2
2
2
2
2
2
2
2
1
1
99727482687
2
2
2
2
1
2
2
2
2
2
1
1
1
2
2
2
2
2
2
2
2
2
2
1
1
1
1
2
1
2
1
2
2
2
1
87701911405
51828419497
2
2
1
2
1
2
1
2
1
2
1
2
2
2
2
2
2
2
2
2
2
2
1
1
1
2
2
2
1
1
2
1
1
2
2
1
2
2
2
2
2
2
2
2
2
1
2
2
1
2
1
2
2
1
2
1
2
2
1
2
2
2
2
1
2
2
1
2
2
1
2
2
2
2
2
1
98197900052
2
1
2
1
2
2
2
2
1
2
2
2
2
2
2
1
2
2
2
2
2
