1
2
2
1
1
1
2
2
1
2
2
1
2
1
1
1
2
1
1
1
1
2
1
1
2
1
2
1
1
2
2
2
1
2
2
1
1
25228393905
1
1
1
1
1
2
2
1
1
2
1
1
1
2
1
1
1
1
1
1
1
1
74276288090
2
1
2
1
1
1
1
1
2
1
1
1
1
1
1
1
2
1
2
1
1
2
2
1
1
1
1
1
1
1
1
1
1
1
1
1
2
1
2
1
2
2
1
1
1
1
86288490279
1
1
2
1
1
2
1
2
1
1
1
1
1
1
1
1
1
1
1
2
2
2
1
1
1
1
1
1
1
1
1
2
1
1
1
2
1
1
1
1
1
1
1
1
1
1
1
1
2
2
65239700899
1
1
2
2
1
2
1
1
2
1
1
1
1
2
1
2
1
2
2
1
1
1
1
1
2
2
60668725485
1
1
1
1
2
1
1
64164772507
2
2
1
1
1
1
1
1
2
2
2
2
2
2
1
1
1
2
2
2
1
2
1
1
2
1
2
1
2
2
2
1
1
1
2
1
1
1
1
1
1
2
1
1
1
1
2
2
1
2
2
2
2
1
1
2
2
2
1
1
1
2
2
1
1
1
1
1
1
2
2
1
1
1
2
1
2
2
1
1
1
1
2
1
1
1
58638788528
1
2
67098784393
2
2
2
1
1
2
2
1
2
51948894128
2
1
1
1
2
1
2
2
1
1
1
1
2
2
1
2
1
2
1
1
2
1
1
1
1
2
1
1
1
1
1
2
2
2
2
1
1
1
1
2
1
1
1
1
1
1
1
1
1
1
2
1
2
1
2
1
1
2
1
1
1
1
37162809531
1
75768141165
1
1
1
1
2
1
1
2
1
1
1
1
2
1
1
1
1
1
2
1
2
1
1
1
2
1
2
1
2
2
2
1
1
1
1
1
1
2
1
2
1
1
1
1
1
1
1
1
1
1
1
1
2
2
1
1
2
1
1
1
2
2
1
1
1
2
1
1
1
1
1
1
1
1
2
1
1
2
2
1
1
2
2
1
2
1
2
2
1
1
1
1
1
2
1
2
2
1
2
1
1
1
1
1
1
1
1
1
1
1
1
2
2
1
1
1
17156248162
1
1
1
2
1
2
1
1
2
1
33408650533
1
1
1
1
1
2
1
1
1
1
1
1
2
2
1
1
1
1
2
1
1
1
1
1
2
1
2
2
31573082390
2
2
2
1
2
1
2
2
1
2
2
1
2
1
1
2
1
1
1
1
1
1
2
2
1
1
2
1
1
1
1
1
2
2
1
2
2
1
1
2
1
2
1
2
1
1
1
2
2
1
2
1
1
1
1
70472076730
2
1
1
1
2
1
2
2
2
1
2
1
2
2
2
1
1
2
1
1
1
1
1
1
1
1
1
1
1
1
1
2
1
1
1
1
1
1
2
2
2
86356924355
2
2
1
63208044969
1
1
2
1
1
1
1
2
1
1
1
2
1912280313
25606319067
1
1
1
92923229714
2
1
1
1
2
1
1
16512623866
1
1
2
1
1
1
1
1
1
2
1
1
1
1
2
1
2
2
2
1
2
1
2
2
1
1
1
1
2
1
1
2
1
1
1
2
1
1
1
2
1
1
1
1
1
1
2
2
2
78562088151
2
2
2
1
1
2
1
1
1
1
2
2
2
1
1
2
2
1
1
2
1
2
1
1
1
1
1
1
2
1
1
2
1
1
1
1
1
1
1
1
1
1
1
2
2
2
1
1
1
2
73234612649
1
46813963297
1
1
1
1
1
1
1
1
2
2
1
2
2
1
1
2
2
2
1
1
1
1
1
1
1
1
1
1
1
1
1
1
2
1
2
1
1
1
2
1
1
2
2
1
1
1
1
1
2
2
1
1
2
2
1
2
1
1
2
2
1
2
2
1
1
1
1
2
2
1
2
2
2
2
2
2
1
2
1
1
2
1
1
1
2
2
1
1
2
2
1
2
1
2
1
1
1
1
2
1
1
1
1
2
1
1
1
2
2
2
1
6791899752
1
1
1
2
1
1
2
2
2
1
1
2
2
2
1
2
1
1
1
2
2
1
2
1
1
1
1
1
1
32790527202
1
2
1
1
1
2
1
38997311188
1
1
1
1
1
2
1
2
1
1
1
1
1
1
1
2
1
2
79502725483
2
1
1
1
1
1
1
1
2
1
1
1
1
1
1
1
1
89997469785
1
1
1
2
2
2
1
1
1
1
2
1
1
1
2
1
2
1
2
1
2
1
2
1
2
1
1
1
1
2
2
1
1
1
2
2
1
1
1
1
1
1
1
1
2
1
2
2
1
2
1
2
2
1
1
1
1
1
1
1
2
1
2
2
1
1
1
1
2
2
2
1
1
1
1
1
2
1
1
2
1
1
2
1
1
1
1
1
1
2
1
2
2
2
1
2
1
1
1
1
1
1
1
1
1
2
1
2
2
1
1
1
1
1
2
1
1
1
1
1
2
2
1
2
2
2
1
1
1
1
2
1
1
1
1
2
2
1
2
1
1
1
2
1
1
2
1
1
1
1
1
1
1
2
1
1
1
2
1
2
1
1
19172337487
1
2
2
1
1
1
1
1
1
1
2
2
1
1
1
2
1
2
1
1
1
1
1
63380670833
2
2
1
2
1
1
1
1
1
2
1
1
1
2
1
1
1
1
1
2
1
2
2
1
2
2
1
2
1
2
1
1
1
1
1
1
1
1
2
2
1
1
1
1
2
1
1
1
2
2
1
2
2
2
15570057815
1
2
1
1
1
1
2
1
1
2
1
2
1075140991
1
1
1
1
2
2
27576016943
1
1
1
1
1
1
1
1
1
2
1
2
1
1
1
2
1
1
2
1
2
1
1
1
2
1
1
1
2
1
1
1
2
2
1
1
1
1
1
1
1
2
1
71597573451
2
2
1
2
1
2
1
1
1
1
2
1
2
35345614466
2
2
98984876160
2
1
1
1
1
1
1
1
2
1
2
1
1
1
1
1
2
2
1
1
2
2
2
1
2
1
77880027743
2
1
1
1
2
1
1
1
1
1
1
1
1
1
2
1
1
1
1
1
2
1
1
2
2
1
2
1
1
2
1
1
1
2
2
2
1
2
1
1
1
2
1
1
1
1
1
1
2
1
1
2
2
50051180064
1
1
2
1
1
2
1
1
1
1
1
2
73966937449
1
1
2
1
2
1
1
1
2
2
1
1
1
1
1
1
2
1
1
2
1
2
1
1
1
2
1
2
1
2
1
1
1
1
2
1
1
1
2
2
2
2
1
1
1
1
1
2
1
1
1
1
2
1
1
2
1
1
1
1
1
1
1
1
1
2
1
1
2
2
1
2
1
1
1
2
1
1
2
1
2
1
1
1
1
1
1
1
1
1
2
1
1
1
1
2
77810691448
1
1
1
1
1
2
67873542832
1
1
1
2
1
2
1
2
2
1
1
1
1
1
1
1
2
1
1
2
1
1
2
1
1
1
1
1
2
1
1
2
2
1
2
2
2
1
1
1
2
1
2
1
2
2
1
2
1
1
2
1
2
2
1
2
1
1
2
1
1
2
1
2
2
1
1
2
1
1
2
1
1
2
1
1
1
1
2
2
1
2
1
1
2
2
1
1
1
1
1
2
1
1
1
1
1
73195758406
1
1
2
1
1
2
1
1
2
1
1
1
2
2
2
1
2
2
1
1
1
2
1
1
1
1
1
1
2
2
1
1
2
1
1
1
1
1
2
1
1
2
1
1
2
1
1
1
1
1
1
1
1
2
2
1
1
1
1
2
1
2
2
1
2
1
2
1
2
1
1
2
2
1
2
1
1
2
1
2
42423696588
1
1
1
1
62519701694
1
1
1
1
1
1
2
1
1
1
1
1
1
2
2
1
1
1
2
1
2
1
2
2
2
1
1
1
1
2
2
1
1
1
1
1
1
2
1
2
1
1
1
1
1
1
1
1
2
1
1
1
2
1
1
1
1
1
64875021794
2
2
1
1
1
1
1
1
1
1
1
1
1
1
1
1
1
2
1
1
1
67821914307
1
1
1
1
1
1
1
1
2
1
1
1
1
1
2
1
2
2
2
1
2
2
1
1
1
1
1
2
1
2
1
1
2
1
1
1
1
2
1
1
2
1
57518437103
1
1
63361715460
2
1
2
67745347972
1
1
2
2
1
1
2
1
1
66831681709
2
2
1
8499232055
2
2
1
1
2
1
1
1
1
1
2
1
2
1
1
1
1
1
1
2
1
2
2
1
1
1
1
1
1
2
2
1
2
1
2
1
2
42927912864
2
2
1
1
1
1
2
1
2
1
2
44028784310
1
1
1
1
1
1
1
1
2
2
2
2
2
1
1
1
1
1
2
1
21572587850
2
1
19733347295
1
48162468573
1
2
2
2
6720511832
1
1
1
2
2
1
2
1
1
1
1
1
2
1
1
1
2
1
1
1
1
2
1
2
1
1
1
1
2
1
70353145228
2
2
1
2
1
1
1
1
1
2
1
2
1
2
1
2
1
1
1
1
2
2
1
2
1
1
2
1
1
47470510672
2
1
1
1
2
1
1
1
50214697796
1
1
1
1
2
1
1
1
1
2
1
1
1
1
1
2
1
1
2
1
2
1
1
1
1
1
3434656256
2
1
2
1
1
2
2
1
2
1
1
1
2
1
1
1
1
1
1
2
2
1
1
2
1
2
1
1
1
2
1
1
1
1
1
2
1
1
1
2
1
2
2
1
1
1
2
1
2
1
1
1
1
2
1
1
1
1
2
1
1
1
1
1
2
2
2
2
1
1
1
35163082140
1
1
1
1
1
2
1
2
1
2
1
1
1
2
2
1
2
1
1
2
78798287038
2
2
1
2
1
1
1
1
1
2
1
2
1
1
1
1
1
1
1
2
1
2
2
1
2
2
1
1
1
1
1
1
1
1
1
1
1
1
1
1
1
2
1
1
1
1
2
2
2
1
1
2
1
64239660042
1
1
1
2
1
2
2
2
1
1
1
1
2
1
1
1
1
1
2
2
2
1
1
1
1
1
1
2
2
1
1
2
1
1
1
1
1
1
2
1
1
1
2
2
2
1
2
1
1
2
1
1
1
1
1
1
1
1
2
2
1
1
1
1
2
2
1
1
2
1
2
1
43779522967
1
1
2
2
1
2
1
1
1
1
2
1
2
1
2
2
1
1
1
1
1
1
1
1
1
1
1
1
2
1
2
1
1
2
1
1
2
1
1
1
1
1
2
2
2
82888500143
2
1
73424020279
1
1
10246525854
2
1
1
25149145369
1
1
2
1
1
2
1
1
22314036623
1
1
1
1
1
2
1
1
1
1
2
72399315340
1
1
1
1
2
2
1
1
2
1
2
1
1
1
2
1
1
1
1
2
1
1
1
1
1
2
1
1
1
1
1
2
1
1
2
1
2
2
1
2
1
1
1
2
1
1
2
1
2
1
2
1
1
1
1
46504081274
1
1
1
2
2
1
2
2
2
2
1
2
1
2
2
1
2
1
2
2
1
1
1
1
1
1
1
1
2
2
1
2
1
1
1
2
1
1
2
1
1
2
2
1
1
1
1
1
1
1
1
2
2
2
2
1
1
1
1
1
1
2
2
1
1
2
74249136840
1
2
2
2
1
1
2
1
2
1
2
1
1
1
2
1
1
2
1
2
1
1
1
2
2
2
1
1
1
1
1
2
1
2
1
1
1
2
1
2
2
1
1
2
1
2
1
1
1
2
2
1
1
1
1
2
2
2
1
2
1
1
1
1
2
2
1
1
2
1
1
1
2
2
1
2
1
1
1
1
1
1
1
1
1
2
2
2
2
1
1
97150152908
1
2
1
1
1
2
1
2
1
2
1
1
2
13985149662
2
1
2
97224168930
1
1
1
2
2
2
1
1
2
1
1
1
1
2
2
1
1
1
1
1
2
2
1
1
2
1
1
2
2
1
98909216232
1
1
1
1
1
2
1
1
1
2
1
1
1
2
1
2
1
1
1
1
1
1
2
1
96454710507
2
2
1
57761761987
1
2
1
1
1
2
2
2
2
1
1
1
1
1
1
2
1
2
1
1
1
1
2
1
1
1
1
1
1
1
2
1
2
1
2
2
1
1
1
1
2
2
1
1
2
1
1
1
1
2
1
1
2
2
1
2
1
1
2
2
1
18420543584
1
1
2
2
1
1
2
1
1
1
2
2
1
1
1
1
2
1
1
2
1
1
1
1
1
1
1
2
2
1
1
1
1
1
1
1
2
1
1
2
1
1
2
1
1
1
2
1
1
1
1
2
1
2
1
2
25769285179
1
1
1
1
1
2
1
1
37835256346
1
2
2
1
2
2
1
2
1
1
1
1
2
2
1
1
1
2
1
1
1
1
1
2
19375689780
1
2
2
2
1
99744399150
1
1
1
2
1
2
1
1
1
1
1
2
87616881947
1
1
1
1
2
1
1
1
1
1
1
9304711834
1
51368997491
1
2
1
1
1
1
2
2
1
1
1
88387946970
1
1
1
1
2
1
1
2
1
1
2
1
1
1
1
1
2
1
2
2
1
1
1
1
2
1
1
1
1
1
1
2
2
2
1
1
2
1
1
2
1
2
1
1
2
1
1
2
2
1
1
1
1
1
1
1
1
2
1
1
1
2
1
1
1
2
1
1
1
1
1
1
2
1
1
1
2
1
2
79045743945
2
1
1
1
1
1
2
1
1
1
1
1
1
1
1
2
2
1
1
2
1
1
77919894412
2
1
2
1
1
1
2
2
2
85727447174
1
1
2
1
1
1
2
1
1
2
1
1
1
1
1
1
1
1
1
1
2
2
2
2
2
2
2
1
2
1
1
1
1
10590277729
2
1
1
1
1
1
90333113338
1
1
1
1
1
2
1
1
1
2
1
1
1
2
2
1
2
2
1
1
2
1
1
1
2
1
1
1
2
1
2
29140647196
1
20876368805
1
1
2
2
1
1
2
1
2
2
2
1
1
2
2
2
2
1
2
2
2
2
2
1
1
2
1
1
1
2
1
2
1
1
1
78869307365
2
1
2
1
1
2
1
2
1
1
2
1
18488504943
1
2
2
1
2
1
2
1
1
1
1
14667550439
1
1
1
1
1
1
2
2
2
1
1
2
1
1
1
1
16058675965
1
1
2
1
2
2
2
2
1
93337812532
2
1
1
1
1
2
1
2
1
1
2
1
1
2
2
2
1
1
1
1
2
2
1
1
2
1
1
2
1
1
2
1
2
1
1
1
1
1
1
2
1
1
2
2
1
1
1
1
1
2
1
1
1
1
1
1
2
1
1
2
1
1
2
2
1
2
2
1
1
1
1
1
1
1
11042486253
1
1
1
1
2
2
1
2
1
1
2
1
1
88232911510
1
1
1
1
2
1
2
1
1
1
1
2
56135728984
93279032433
1
1
1
1
2
1
2
2
1
1
1
2
1
2
1
1
1
1
1
1
1
1
1
2
1
1
2
2
1
1
2
1
1
2
2
1
1
2
1
2
1
1
1
1
1
1
2
1
1
2
2
1
1
2
1
1
1
1
1
1
1
1
1
1
1
1
1
1
1
1
1
2
1
1
2
2
23625661443
1
2
1
1
1
1
1
2
2
2
1
1
2
1
1
2
1
2
1
1
2
2
2
1
2
2
1
1
2
2
1
1
2
1
1
1
2
28112840703
1
1
1
1
2
1
2
1
1
2
1
1
2
1
2
1
1
2
1
1
2
1
1
1
1
1
2
1
1
1
1
1
2
1
1
2
1
2
2
2
49439028972
1
1
2
1
1
2
1
1
1
2
1
2
1
9981563951
1
1
1
1
1
1
1
13659961261
1
2
2
2
1
2
2
1
1
1
1
1
1
1
53972240664
1
1
1
2
1
2
1
1
1
1
1
1
2
1
2
1
1
2
1
1
1
1
2
2
1
1
6502969242
1
2
2
1
1
1
1
1
46445656894
1
2
2
1
1
1
2
1
2
1
2
1
1
2
1
1
2
1
2
1
1
1
1
1
2
1
2
2
2
1
1
1
1
2
1
1
2
2
1
1
2
1
1
1
1
1
1
2
1
2
1
2
16579168104
1
2
1
1
2
1
1
1
1
2
1
2
45170583743
1
2
1
1
1
2
1
1
2
1
1
2
1
2
1
1
1
2
2
1
2
2
1
2
2
1
1
2
1
1
1
1
66132474570
2
2
1
1
1
1
2
2
1
1
1
62600167257
2
1
2
2
1
1
2
1
1
1
1
1
1
1
2
1
2
1
1
1
1
2
2
2
2
1
1
1
2
1
2
2
1
2
2
1
1
1
2
1
2
2
2
1
2
1
1
1
2
2
1
13799696223
1
1
2
1
1
1
2
1
1
1
2
1
2
1
1
1
1
1
1
1
1
1
1
2
2
1
1
2
2
1
1
1
2
1
1
1
1
2
1
2
1
1
2
1
1
1
2
2
1
1
1
1
1
1
1
1
2
1
1
1
1
2
1
1
16610464548
2
2
1
2
1
2
2
1
1
2
2
1
2
1
1
1
1
1
1
2
61575676978
2
1
1
1
1
1
1
2
1
1
1
1
1
1
2
1
1
1
1
1
1
1
2
1
2
1
1
1
1
1
1
2
1
1
2
1
1
1
1
2
2
1
1
1
1
1
1
1
1
1
95556609517
1
2
1
1
2
2
1
1
2
2
1
2
1
1
75442742286
1
2
2
2
1
1
2
1
1
2
1
1
2
1
2
2
1
1
1
1
1
2
1
2
2
1
2
1
2
2
1
43874450869
1
2
2
1
1
1
1
1
70493149219
47157073047
2
1
2
1
1
1
1
1
1
1
2
1
2
1
1
2
1
1
2
1
1
2
1
1
1
1
2
1
1
1
2
2
2634608097
1
1
1
2
1
1
1
1
1
1
1
1
88598775161
1
2
2
1
2
2
2
1
1
2
2
1
1
1
1
1
1
1
2
1
1
1
2
2
1
1
1
1
1
1
2
2
1
2
1
2
2
1
1
1
2
2
1
1
1
1
2
1
1
5337335677
1
1
2
1
5177599701
2
97637121804
1
1
2
2
1
1
1
2
1
1
2
1
1
2
45644462059
2
2
22958052431
1
1
1
1
1
1
2
1
1
1
1
2
1
1
1
2
1
2
1
1
1
2
58192907475
1
1
1
1
1
2
1
1
2
1
1
22112703877
2
1
2
1
1
1
2712688068
1
2
1
1
1
1
1
2
2
1
2
1
1
2
1
1
2
2
1
1
1
1
1
1
2
1
1
1
1
2
1
1
1
31095986362
1
1
1
1
1
1
2
1
1
26404732661
1
1
2
2
2
2
1
1
1
2
2
2
1
1
1
1
1
2
1
1
1
1
2
6530941003
1
1
1
1
1
1
1
1
2
2
1
2
2
2
1
1
2
81420664868
2
1
44305537513
1
1
1
2
1
1
8560150086
2
1
2
9275328501
2
64167532018
1
2
2
1
1
2
1
2
2
1
1
1
1
1
53225172785
1
1
1
1
1
1
1
2
2
1
1
1
1
1
2
2
1
1
1
2
1
1
1
2
1
1
2
1
2
1
1
2
1
2
1
1
1
2
2
1
1
1
1
1
1
2
1
2
1
1
24117239731
2
1
2
1
1
2
1
2
1
1
1
1
2
1
1
1
2
1
2
1
1
2
2
2
1
1
2
2
1
1
1
2
1
1
1
2
1
1
2
1
1
47576540321
1
1
1
1
2
2
2
1
1
1
2
1
1
1
2
2
1
1
2
1
26652045262
2
1
1
2
1
1
1
1
2
1
1
2
2
2
2
1
1
1
2
2
1
1
1
1
1
2
1
1
1
2
2
1
1
2
1
1
1
1
2
1
1
1
1
2
1
1
1
1
1
1
1
1
2
1
1
2
1
1
1
1
1
1
1
1
1
1
2
1
2
1
1
1
2
1
1
1
1
1
1
1
2
2
1
1
20220101389
1
1
2
1
1
1
1
2
1
1
1
80064656013
2
1
1
1
1
1
1
2
1
1
1
2
2
1
2
1
2
1
1
1
1
1
2
1
1
1
1
1
2
1
1
1
1
1
1
2
2
1
2
2
2
1
1
2
1
1
1
2
2
1
2
1
1
1
1
98574875720
1
2
2
2
1
1
1
1
2
2
1
2
2
1
1
1
1
1
2
1
24669235117
2
1
2
2
1
1
1
1
1
2
2
2
2
1
2
2
1
1
1
1
2
2
2
1
1
1
2
2
2
1
1
2
1
1
1
1
1
1
2
1
1
1
1
1
1
1
2
2
1
1
1
1
1
1
1
5067639932
1
1
1
2
96028811937
1
2
1
2
1
1
2
1
2
1
1
1
2
1
1
2
1
1
2
2
1
1
2
1
1
1
1
1
2
1
2
1
1
1
2
1
1
1
1
9842919192
2
2
1
2
2
1
1
1
1
1
2
2
1
1
1
1
2
1
1
1
2
1
2
1
2
1
1
1
2
1
1
1
1
1
32586058167
1
1
1
1
1
1
1
2
1
1
1
1
2
1
1
2
1
1
2
1
2
1
1
1
1
2
1
1
1
1
1
1
6823200366
1
1
2
2
1
2
1
1
1
2
7252481416
1
1
1
1
2
1
2
2
2
1
1
1
1
1
2
1
1
2
2
1
2
1
2
1
2
2
2
1
17695974631
1
1
1
1
1
1
1
1
1
2
1
1
1
1
1
1
1
1
1
1
2
1
1
1
1
1
1
1
2
1
2
1
1
2
1
1
78902202131
1
1
39353253759
1
1
1
1
1
2
1
1
2
2
2
1
1
1
2
1
1
1
1
2
1
1
1
1
1
2
1
2
1
2
2
1
2
1
1
1
1
1
1
2
1
2
2
1
1
1
2
2
1
2
2
2
1
2
2
2
1
2
1
2
1
1
2
1
1
1
1
2
1
2
2
1
2
1
1
2
2
1
2
58649417302
2
1
1
1
2
1
1
1
1
61944311714
2
1
46658482900
2
1
1
1
1
1
1
2
1
1
1
1
1
1
1
1
1
1
1
1
1
1
2
1
2
2
1
2
2
1
1
1
2
1
1
1
1
1
2
1
2
1
2
1
1
1
2
1
2
2
2
1
1
1
1
1
2
1
1
1
1
1
2
2
1
2
1
1
1
1
1
1
1
2
2
1
2
2
1
2
2
2
2
2
2
2
2
1
2
2
2
1
1
1
1
2
1
2
1
1
1
1
1
2
1
1
2
1
1
1
1
1
1
1
2
2
2
2
2
1
1
1
1
2
1
2
1
1
1
2
1
2
2
2
1
1
1
1
89082392167
23959726545
2
2
2
2
1
1
1
2
69557861516
2
1
2
1
2
2
2
2
1
1
2
1
1
2
1
1
1
1
1
1
2
2
2
1
1
1
1
2
1
65946503384
1
1
2
1
1
1
1
1
1
1
1
2
1
1
2
2
2
1
2
55606086443
1
1
1
2
1
2
1
2
2
52342818326
1
1
1
1
2
2
1
2
1
1
1
2
2
1
2
2
2
2
1
1
1
50347940962
1
1
2
1
1
2
1
1
1
2
1
1
1
2
1
1
1
2
1
2
1
1
1
2
1
1
2
2
1
1
1
1
2
1
2
1
1
1
2
1
1
1
1
99231754969
2
2
1
1
2
1
1
1
2
1
1
1
1362422154
1
1
2
1
2
1
1
1
1
2
1
43011414786
2
2
39711088010
1
1
2
1
1
1
1
2
1
1
2
1
1
1
2
1
2
2
2
1
1
1
1
1
1
2
1
1
2
1
1
1
2
1
1
1
2
1
2
2
2
1
1
2
2
1
2
2
2
2
1
2
2
2
1
1
2
1
2
1
1
1
2
1
1
1
39864640854
1
2
2
1
2
1
1
1
1
1
1
2
1
2
1
1
1
1
2
2
2
1
1
1
1
1
1
1
1
1
2
1
5539609586
2
2
1
1
1
1
2
1
2
2
1
1
1
2
2
2
2
1
1
2
1
1
1
1
1
2
1
2
1
1
1
1
2
1
69415246024
1
2
2
1
1
2
1
1
2
1
1
1
2
2
1
1
2
2
1
1
2
1
1
2
1
1
1
1
1
1
2
9609454844
1
2
1
1
1
1
1
2
1
1
1
2
2
2
1
2
2
2
2
1
1
2
1
2
1
1
2
1
2
2
2
2
1
1
2
1
1
1
1
1
1
1
2
2
1
2
1
2
1
2
2
2
1
2
1
1
2
1
1
2
1
1
1
2
1
1
1
2
2
1
2
1
2
1
1
1
1
1
2
2
2
1
2
1
1
1
1
1
2
2
1
1
1
1
2
1
1
1
2
1
2
1
1
1
1
2
60209542648
2
2
1
1
1
2
1
1
1
2
2
2
2
1
2
2
1
1
1
1
1
1
1
1
1
1
1
1
1
1
91834080462
2
2
2
2
1
1
1
1
2
2
1
2
34178959250
1
1
1
1
2
2
1
1
2
1
1
1
1
1
1
2
2
1
2
1
2
2
2
1
1
1
1
1
2
1
2
2
1
2
1
1
2
1
43884926202
1
1
1
1
1
1
2
1
1
1
2
1
1
1
1
1
1
1
92524582195
1
1
1
1
2
1
1
2
1
1
2
1
1
1
2
1
1
1
1
3509792703
2
1
1
1
2
1
1
1
1
1
2
2
2
1
1
1
1
1
2
1
2
2
1
2
1
1
2
1
1
1
1
2
1
1
1
1
1
1
1
1
1
1
1
1
1
1
1
2
1
2
1
1
1
1
1
2
2
1
1
1
1
1
2
1
2
2
1
1
2
1
2
1
1
1
1
1
1
1
29267462614
1
1
1
1
1
1
2
1
1
2
1
1
2
1
2
1
1
2
1
2
2
2
2
1
1
2
1
1
1
1
2
1
46053127762
2
1
1
1
1
2
2
2
2
1
1
1
1
1
2
1
1
1
2
2
1
1
1
1
1
1
1
1
2
1
1
1
1
1
1
2
1
2
1
1
2
1
1
1
2
2
1
2
2
2
1
1
1
2
1
1
1
1
1
1
2
57421816684
2
2
1
2
1
2
2
1
2
1
1
2
2
2
1
1
1
1
1
2
1
2
1
1
2
1
1
1
1
2
1
1
91944131905
1
2
2
1
1
1
2
1
1
1
1
1
1
2
1
2
1
1
1
2
1
1
1
1
1
2
27930173943
1
1
1
1
1
2
1
1
1
2
1
2
2
2
1
1
2
1
1
2
1
2
1
1
2
1
1
1
1
1
1
2
1
2
2
1
2
1
1
1
1
1
2
1
1
1
1
1
1
1
1
1
2
1
2
1
1
1
1
1
2
2
1
2
1
1
2
1
1
1
1
1
1
1
1
1
1
1
1
2
1
1
1
1
2
2
1
1
2
2
2
2
2
2
2
1
1
1
1
1
2
1
1
1
1
1
1
1
2
1
1
1
1
1
1
2
1
1
1
1
2
1
2
1
1
2
1
1
2
1
1
2
1
1
1
1
1
1
1
2
1
2
2
2
1
1
2
1
2
1
1
1
1
1
1
1
1
1
1
1
1
2
1
1
1
1
1
2
51851711243
1
1
1
1
1
1
1
2
1
1
1
1
1
1
1
2
1
1
2
2
2
2
2
2
2
1
1
1
1
1
1
1
2
1
1
1
1
1
1
2
2
1
1
2
1
1
1
52692359924
1
1
1
1
1
1
2
2
1
1
1
1
1
1
1
1
1
2
1
1
42591638071
1
1
1
1
1
1
1
1
1
1
1
1
1
2
1
2
2
2
1
1
1
1
1
1
1
1
1
1
1
1
1
2
1
1
1
1
1
2
1
1
1
1
1
2
1
1
1
1
2
2
2
2
1
1
2
1
2
2
1
1
1
2
1
1
1
1
1
1
83429014942
1
1
1
1
2
2
1
2
1
2
1
1
1
1
2
2
1
1
1
2
2
2
1
1
1
1
2
1
1
2
1
2
1
33557290122
2
2
1
1
1
1
1
1
1
1
1
2
2
2
56545440706
1
1
2
1
1
1
1
1
2
12413528070
2
1
1
1
2
1
1
2
2
1
2
2
2
1
2
2
1
1
2
1
1
2
1
1
1
2
1
1
1
2
2
1
2
2
1
1
91729316131
1
1
2
2
1
1
1
1
1
1
2
1
2
1
1
2
1
1
1
34608820271
1
2
1
1
2
1
1
1
42686937931
1
1
2
2
2
1
1
2
1
2
2
1
1
1
1
1
2
2
1
2
1
1
1
2
1
2
1
1
2
1
2
1
1
2
2
1
1
2
2
2
2
1
2
1
2
1
2
1
1
2
2
1
1
2
1
1
1
1
1
2
1
1
1
1
1
1
1
1
1
1
1
1
2
44890760287
1
1
1
1
1
2
1
1
2
2
2
2
2
1
1
1
1
2
1
2
1
1
1
1
1
2
1
1
2
1
1
1
1
1
2
1
2
2
1
1
16954908323
1
1
1
1
2
1
2
1
1
1
2
2
1
1
54316500965
1
2
2
2
1
2
1
1
1
1
1
1
1
1
1
1
1
2
1
1
2
2
1
1
1
2
1
1
43283324821
1
2
1
1
1
1
1
1
1
2
1
2
1
1
1
1
2
1
2
2
1
1
1
1
1
1
1
2
2
2
1
2
2
1
1
2
2
1
1
1
1
1
1
2
1
2
1
2
1
1
1
1
2
1
2
1
1
1
2
1
1
1
2
1
2
1
1
1
1
1
1
1
1
1
1
1
1
1
1
1
1
1
2
1
1
1
1
2
32647419991
2
1
1
2
1
2
2
1
1
2
1
1
1
1
2
1
1
1
1
1
1
1
1
1
1
2
2
1
1
1
1
1
1
2
1
1
1
1
1
2
1
1
2
1
1
2
1
1
1
1
2
2
1
2
85122879034
1
1
1
1
1
1
2
1
2
1
1
1
1
1
1
1
1
2
1
2
1
1
1
1
1
1
1
1
1
2
1
2
2
2
2
2
2
1
1
1
2
1
2
2
2
1
1
1
1
1
1
1
1
1
1
2
2
1
1
1
2
2
1
22969584942
1
2
2
1
1
1
1
1
2
2
2
1
1
2
1
1
1
1
1
2
1
2
2
1
2
1
1
2
1
2
1
1
1
2
1
1
1
1
2
2
1
2
2
1
1
1
2
2
2
1
1
1
2
1
1
1
1
2
1
1
1
1
1
1
2
2
1
2
1
1
2
2
2
1
1
1
1
1
2
1
1
1
2
2
1
1
2
1
2
1
1
1
1
2
1
1
2
1
1
1
1
2
1
2
1
1
1
1
2
1
2
1
1
2
1
1
2
1
1
2
1
2
1
2
1
1
1
1
2
1
2
1
2
2
2
1
1
1
1
1
1
1
1
2
2
1
1
1
1
2
1
1
1
77811202339
1
1
1
1
1
1
1
1
1
1
2
1
1
1
2
2
2
1
2
25576379805
2
1
1
1
1
12499779879
1
2
1
1
2
1
1
1
1
2
1
1
1
2
1
1
1
2
1
2
1
1
2
1
1
1
2
1
2
1
41741518820
1
2
2
1
1
1
2
1
2
2
1
2
2
1
34193009506
1
2
1
2
2
1
2
1
1
1
2
1
2
1
1
1
1
1
2
2
1
1
2
1
1
1
1
2
1
1
1
2
1
1
1
2
1
2
1
2
53201516183
1
1
1
1
1
2
2
1
1
2
1
1
1
1
1
2
2
1
54586166592
2
1
1
1
1
1
1
1
1
2
2
2
1
1
1
2
1
2
1
1
1
1
2
1
2
1
1
1
1
2
2
1
1
1
1
2
2
1
70474936127
1
1
1
1
2
1
1
1
2
2
1
1
1
2
1
2
1
1
1
2
1
1
1
2
2
2
1
2
2
1
1
1
1
2
2
1
1
2
1
1
1
2
1
1
1
2
1
1
1
1
1
1
1
2
1
2
78204326632
1
1
1
1
1
2
1
1
1
2
1
1
2
1
1
1
1
2
2
1
1
1
1
1
1
1
2
1
2
2
1
1
1
2
1
1
2
1
1
1
1
2
2
1
1
2
1
2
2
2
1
1
2
2
1
1
1
1
1
1
2
2
1
1
1
1
1
1
1
1
1
1
1
1
2
1
76541349024
2
1
1
1
1
1
2
1
2
2
2
1
2
1
1
1
1
1
1
1
1
2
1
2
1
2
1
1
1
2
2
1
1
2
2
2
2
1
1
2
1
1
1
2
1
1
1
2
2
2
1
2
1
2
2
1
13515958844
1
2
1
1
2
2
2
2
2
2
2
1
1
1
1
1
1
1
2
72528026987
1
2
1
2
1
2
1
1
1
1
1
1
1
2
1
2
2
2
2
2
1
1
1
2
1
2
1
2
1
1
1
1
2
1
1
1
2
1
2
1
1
1
1
1
1
2
1
1
1
1
1
2
1
1
1
2
1
1
1
1
2
1
1
1
1
1
1
2
1
1
1
1
2
2
1
1
2
1
1
1
1
2
2
1
2
1
2
1
1
1
1
1
2
1
1
1
2
1
2
1
1
1
2
2
1
1
2
1
2
1
2
1
1
2
1
1
2
2
1
67251849381
1
1
1
2
1
2
1
1
2
2
1
2
2
1
1
1
1
1
1
2
1
1
2
1
1
2
1
1
2
1
1
2
1
1
1
1
1
1
1
1
1
1
2
1
1
2
1
2
1
1
2
1
2
1
2
1
68115259859
1
1
2
1
1
1
2
1
1
2
1
27213116274
1
2
2
2
1
1
1
1
2
1
1
2
1
2
1
2
1
2
1
1
1
1
2
1
1
1
2
1
1
1
1
26292494791
2
2
1
1
1
2
1
2
1
1
2
1
2
1
1
1
1
2
1
2
2
2
1
1
2
1
2
1
2
1
1
2
2
1
1
1
1
1
30897933937
1
1
2
1
1
2
1
1
2
2
2
2
1
2
1
2
1
2
2
2
2
2
1
1
1
1
1
1
2
1
2
2
1
2
1
1
1
1
1
1
2
1
1
1
1
1
1
1
1
2
2
2
2
1
1
1
1
2
2
1
2
2
1
1
1
1
1
2
1
2
2
2
2
1
1
2
1
1
2
1
2
1
1
1
1
1
2
1
1
1
2
1
1
1
1
1
2
1
1
2
1
2
1
1
1
1
1
2
2
2
1
1
1
2
2
1
2
1
2
1
1
1
1
1
1
2
1
2
1
1
1
1
2
1
1
1
1
1
1
1
2
1
2
2
2
2
1
1
1
1
1
2
2
1
2
1
1
1
2
2
85180076709
2
2
1
1
1
1
1
2
2
1
2
1
1
2
1
1
1
2
1
1
1
1
1
1
1
1
1
2
1
2
1
1
2
1
1
2
2
1
1
1
2
2
2
1
1
2
1
1
1
1
2
1
1
1
1
2
2
1
2
2
1
2
1
1
2
1
1
1
1
1
1
2
1
1
1
1
1
1
2
2
2
1
1
17011257768
1
1
1
1
1
2
1
1
1
1
3354970729
2
1
1
2
1
2
1
1
1
1
1
2
2
2
1
1
1
1
1
2
2
2
2
1
2
2
2
1
1
2
1
2
63111465300
1
1
1
2
1
1
1
1
1
1
2
1
1
1
1
1
2
1
1
1
1
1
2
1
1
1
1
1
1
2
1
1
1
2
1
1
1
2
1
2
1
1
1
2
1
1
2
2
1
2
2
1
1
1
1
1
2
1
2
1
2
1
1
15660618965
1
2
1
2
1
94398196717
1
1
1
2
2
1
1
1
2
1
2
1
1
1
1
1
2
1
1
1
1
1
1
1
1
1
1
2
2
2
1
1
1
1
1
1
2
1
1
1
1
2
1
2
1
2
1
1
2
1
1
1
2
1
1
2
1
1
2
1
1
1
1
1
1
1
2
2
1
1
1
2
1
1
1
2
1
1
1
2
1
2
1
1
1
2
1
1
1
2
1
2
1
1
1
1
2
1
1
1
1
2
2
2
2
2
2
2
2
1
2
2
1
2
2
1
2
2
2
1
2
1
1
1
2
1
1
2
1
2
1
1
1
2
1
2
2
2
1
1
1
1
1
2
2
2
2
2
1
1
1
2
2
1
2
1
1
2
1
2
1
14824486178
1
1
2
1
1
1
2
1
1
2
1
2
1
1
1
2
1
1
1
2
2
1
1
1
2
1
1
1
2
1
93402019204
2
1
2
2
1
2
1
1
1
2
1
1
1
2
1
1
2
1
1
1
1
1
1
2
1
1
2
1
1
1
1
1
2
54633974112
2
2
1
1
1
1
1
2
1
1
1
1
2
1
1
1
1
2
1
2
2
1
2
1
2
2
2
1
2
1
1
2
1
52588463129
2
1
2
2
1
1
2
1
1
2
1
1
1
2
1
1
1
2
1
2
1
2
1
1
1
1
2
2
1
1
1
2
1
1
2
2
1
2
1
1
2
21870736619
1
2
2
1
1
2
2
2
2
2
1
1
2
1
1
2
1
2
1
2
61608076147
1
2
2
2
2
1
1
1
1
1
1
2
1
1
2
2
2
2
1
2
2
1
1
2
2
1
1
1
1
2
1
2
2
1
1
1
1
2
2
2
1
1
2
2
2
1
1
1
1
2
2
1
1
2
1
1
2
2
2
2
1
1
1
2
1
1
2
1
1
1
1
1
2
1
1
2
2
1
1
1
1
1
2
1
1
1
2
1
1
1
91815622145
1
1
51847288373
1
2
2
1
1
1
1
1
1
2
1
2
1
1
2
2
1
30802561200
2
1
1
1
1
1
1
2
1
1
1
2
1
1
1
2
1
1
1
2
1
1
1
1
1
1
1
2
2
2
2
1
1
1
2
1
1
2
1
1
1
28205469166
1
1
1
1
1
1
1
1
24262489026
1
1
2
1
1
1
1
1
1
2
1
1
2
1
1
1
79302552468
1
2
4105258110
2
1
1
1
1
1
1
1
1
2
1
1
1
2
2
1
2
1
1
1
1
1
2
1
2
1
13266236408
2
1
1
2
2
1
2
1
1
2
1
1
2
2
2
1
2
1
2
1
1
1
2
2
2
2
1
1
2
1
2
2
1
1
1
1
1
1
1
1
16772287069
1
2
1
2
1
2
2
2
2
61474443888
1
1
2
2
1
1
2
1
1
1
79130323672
1
1
1
2
2
1
1
1
1
1
1
2
1
1
1
1
1
2
2
1
2
1
1
1
1
1
1
2
1
1
1
2
1
1
1
2
2
1
1
2
2
2
1
2
2
1
1
2
1
1
1
1
2
1
2
2
1
1
2
2
1
1
2
2
1
1
2
1
2
1
2
2
1
1
1
2
1
2
1
1
1
1
1
1
1
1
1
1
2
1
2
2
83371805482
1
2
1
2
2
1
1
1
2
2
2
1
1
2
1
1
66334204301
1
2
1
2
2
2
1
2
1
1
1
2
92275816992
2
1
1
10487510394
1
2
1
2
2
2
1
97609735710
73120641075
1
1
1
1
1
1
1
2
2
1
1
1
2
1
2
1
1
1
1
2
1
1
2
2
2
1
1
1
1
69287042891
2
1
1
2
2
1
1
1
2
38572564870
1
1
1
1
1
1
1
2
37649285294
1
1
1
1
1
1
1
1
1
2
2
57667104227
25437482466
1
2
2
1
1
2
1
1
2
1
1
1
1
1
1
1
2
2
2
1
1
1
2
2
2
2
2
1
1
2
1
2
1
2
2
1
1
2
2
1
1
1
1
1
12574847456
1
1
1
1
1
2
2
1
1
1
1
1
2
2
1
1
1
1
1
2
1
2
1
1
2
1
1
1
1
2
1
2
1
28378510882
1
1
1
2
1
2
1
2
2
1
1
1
1
2
1
2
2
1
2
1
1
1
1
1
1
1
1
1
1
1
2
2
2
2
1
2
1
1
1
1
1
1
1
1
1
1
1
2
2
1
1
1
1
1
2
1
1
1
1
2
1
2
1
2
38306006319
1
1
2
1
1
1
1
1
1
1
2
1
1
2
2
2
2
2
1
1
1
1
1
1
2
1
1
1
1
1
1
2
1
2
1
25118479986
1
1
1
1
1
1
1
1
1
2
1
1
2
1
1
1
1
1
1
1
1
1
1
1
1
1
1
1
1
1
1
2
1
1
1
2
1
1
1
1
1
1
2
1
2
2
1
1
1
2
1
1
2
1
1
1
2
53393053249
2
1
1
1
1
1
1
1
1
1
1
2
1
2
2
40433739602
1
1
1
1
1
1
1
1
2
1
2
2
1
1
1
1
1
1
1
1
2
2
2
1
2
1
1
30687661535
1
1
2
80004436668
1
2
1
2
1
1
2
1
2
1
1
2
1
1
1
1
1
1
1
1
1
1
1
2
1
2
1
1
1
1
2
1
2
1
1
1
2
1
2
1
1
2
1
1
2
2
1
1
1
1
1
1
2
2
1
2
1
1
2
1
1
1
1
2
1
2
1
2
2
1
2
1
1
1
2
1
1
2
1
1
1
1
2
1
2
2
1
1
1
2
76274097746
1
1
1
1
1
2
1
1
2
1
2
1
1
1
1
1
2
1
1
1
2
1
1
1
1
1
1
2
2
2
1
1
1
2
1
1
1
2
2
1
2
1
1
1
1
1
1
1
1
2
2
2
1
1
1
1
1
1
99940450954
1
1
2
1
1
1
2
1
2
1
2
1
2
2
1
1
2
2
1
1
1
2
1
1
1
1
1
2
1
1
2
1
1
2
1
1
2
1
2
1
1
2
65703587753
1
1
1
1
2
2
1
2
2
1947605986
1
1
1
1
1
1
1
1
1
1
2
1
1
2
1
1
1
2
1
2
61182223425
1
2
1
1
1
1
1
1
2
1
1
1
2
1
1
2
2
1
2
1
1
2
1
2
1
1
1
2
1
1
2
2
1
1
1
1
1
1
2
1
1
1
1
2
1
1
1
1
2
1
2
1
1
1
1
1
2
2
1
2
1
1
1
48694890253
2
1
2
2
2
1
46139651996
1
1
1
1
1
1
1
1
2
1
1
1
1
1
69646187888
1
1
1
1
1
1
1
1
1
2
1
2
1
1
1
1
2
2
1
2
2
1
1
1
2
2
1
1
1
1
2
2
1
1
2
1
1
1
1
1
1
2
2
1
1
2
2
2
2
1
1
2
1
2
1
2
2
1
1
2
1
45194261858
1
2
2
1
2
2
17192389119
1
2
1
1
2
1
1
1
1
2
2
1
1
2
1
1
1
1
1
1
2
2
2
2
1
1
1
2
2
1
2
2
2
1
1
1
2
2
2
1
1
1
2
2
1
1
1
1
2
1
1
1
1
1
1
1
2
1
2
2
1
1
1
2
1
1
1
2
2
1
2
1
1
2
1
1
1
2
1
1
1
40418781639
1
1
2
1
1
1
2
1
1
2
1
1
1
2
1
1
2
1
1
2
34299078434
2
1
1
2
1
1
1
1
2
1
1
2
2
1
2
2
2
2
2
1
2
1
1
2
2
1
1
2
1
2
1
2
2
1
1
1
2
1
1
1
1
1
1
2
1
2
2
1
1
2
1
4006272815
2
2
1
1
1
1
1
1
2
2
1
1
1
1
1
1
1
1
2
2
2
1
2
1
1
1
2
2
2
4410269221
1
2
1
2
1
2
2
1
1
1
2
2
1
1
2
1
22287092867
2
1
1
2
1
1
1
1
1
1
2
1
2
1
2
1
1
1
92487408393
1
2
1
1
2
2
1
1
1
50485396802
1
1
1
77125283975
1
1
2
1
1
1
1
2
1
1
1
2
1
14799791601
2
2
1
1
1
1
1
1
1
1
1
2
72564548557
1
2
1
2
1
2
1
1
1
1
71301699773
1
1
2
1
1
1
67402846511
1
1
1
1
1
1
1
76856480319
1
2
1
1
2
1
1
2
1
1
2
1
2
2
1
2
1
1
2
2
1
2
1
2
2
1
1
1
1
1
2
1
2
1
1
2
2
1
1
1
2
1
2
1
1
1
1
1
1
1
49747143398
2
1
1
2
1
1
2
2
1
1
2
1
2
2
1
2
1
1
1
1
2
2
2
1
1
2
1
1
1
1
1
1
1
1
1
1
1
2
1
1
1
2
2
1
1
1
1
2
1
2
1
1
2
1
1
93661314077
1
1
1
1
1
2
2
1
2
2
2
1
1
2
1
1
1
2
1
1
1
1
2
2
2
2
1
2
2
1
1
2
1
1
1
1
2
1
1
2
2
2
1
1
1
1
1
1
2
2
1
1
1
58678934790
2
1
1
1
1
1
2
1
2
1
1
1
68658150805
2
2
2
2
1
2
2
64735372003
2
1
2
2
2
1
1
1
1
1
2
1
32871479654
1
2
1
1
2
1
1
2
1
1
1
1
1
1
1
1
2
2
2
2
2
2
1
2
2
1
1
2
1
1
1
2
1
2
1
1
2
1
1
1
1
2
1
2
90970668179
41489712488
1
1
1
2
2
2
23878163720
1
1
1
2
1
1
1
1
2
1
1
2
1
1
1
1
1
2
1
2
1
2
1
2
2
2
1
1
2
1
1
2
2
1
1
2
1
2
1
2
1
1
1
1
1
2
1
1
1
2
1
92157368378
1
1
1
1
2
2
15911365929
2
1
1
1
2
1
2
2
2
1
1
1
1
1
2
1
2
1
1
2
1
2
2
1
1
2
1
1
1
1
2
2
2
1
1
2
93418665423
1
2
1
1
2
1
1
2
1
1
2
2
2
1
1
1
1
1
6386612559
1
1
1
29976890916
1
2
1
1
1
1
1
2
1
1
1
1
2
1
1
1
1
1
1
1
1
1
1
2
1
1
1
1
2
1
1
1
1
1
1
1
1
1
2
2
2
85016171180
1
2
1
2
2
1
1
1
1
2
2
1
1
2
1
2
2
2
1
1
2
1
2
1
1
2
1
1
1
1
1
2
1
1
1
1
1
1
1
2
2
2
1
1
1
1
1
1
2
1
2
1
1
2
1
2
1
1
1
1
1
2
1
1
1
2
1
1
1
2
1
2
1
2
2
1
1
1
1
2
1
2
1
1
2
2
1
1
1
1
1
2
2
1
1
2
2
2
1
1
1
1
1
61109015677
2
2
1
1
1
1
1
1
1
2
2
1
1
2
1
2
2
2
2
1
1
1
1
1
1
1
2
1
1
1
1
2
2
1
1
1
1
1
2
1
1
1
2
1
1
1
2
1
2
2
2
1
2
69802812803
2
1
2
1
2
1
1
1
1
1
1
1
1
1
1
1
1
84924286884
1
1
1
1
2
2
1
1
1
1
1
1
1
2
2
1
1
8290982156
1
1
2
2
1
1
1
1
1
2
1
1
2
2
1
1
1
2
2
1
1
2
1
2
1
2
1
1
2
1
1
1
2
1
1
1
2
2
2
2
2
1
1
1
1
1
2
1
2
2
1
1
13755786102
1
1
1
1
1
1
1
94240238889
1
1
2
1
2
1
1
2
1
1
1
1
1
2
1
2
1
2
1
1
1
1
2
1
51447310470
1
2
1
2
1
1
1
58424036853
2
1
1
1
1
1
1
1
1
1
1
1
2
1
1
2
1
1
27273715855
1
1
1
1
1
1
2
1
1
2
1
2
1
1
1
1
1
1
1
1
1
1
1
1
2
2
1
1
1
2
1
2
1
1
1
1
2
1
1
1
1
1
1
1
1
1
1
1
1
2
1
1
1
1
2
2
2
1
1
1
1
1
1
1
1
1
1
1
1
1
1
1
1
2
1
2
1
2
1
1
1
2
1
2
1
1
1
1
2
1
1
2
1
1
1
1
2
2
1
1
2
1
1
72974936698
88715252875
1
1
1
1
1
2
1
1
53819570505
2
2
2
1
1
1
1
1
2
2
1
1
1
2
2
2
2
1
2
1
1
1
1
2
1
1
2
1
1
1
1
1
1
1
2
2
1
1
1
2
1
1
2
1
1
65747936937
2
2
1
1
1
2
1
1
1
1
2
1
1
1
1
1
1
1
2
2
1
1
2
1
1
1
1
1
2
2
1
2
1
1
1
1
1
1
2
1
1
1
1
1
1
2
2
1
2
1
1
2
1
2
1
1
1
1
2
1
1
1
1
1
1
2
1
1
2
1
1
2
1
1
1
1
1
1
1
2
1
1
1
2
1
1
1
1
2
2
1
1
2
2
1
2
2
1
1
2
1
2
1
1
1
1
2
1
1
1
2
1
1
1
2
1
1
1
2
2
2
1
1
1
2
1
1
1
2
1
1
1
1
1
1
2
1
1
1
1
1
2
2
2
2
1
2
1
2
1
1
1
1
1
1
1
2105333688
1
1
2
1
1
1
2
2
1
1
1
1
1
2
2
1
1
2
1
2
1
1
1
1
1
61958804592
1
2
1
1
1
2
1
1
1
1
1
2
2
2
1
1
1
1
1
1
1
2
1
2
1
1
1
1
1
1
2
2
1
2
1
1
1
1
1
2
2
1
1
2
1
2
1
2
2
1
1
1
2
2
1
1
1
1
1
1
2
2
2
1
2
1
2
1
1
2
1
1
2
2
1
2
2
1
2
1
1
1
1
2
1
2
2
1
1
2
1
1
2
1
2
1
1
1
2
1
1
2
1
1
2
1
1
2
2
1
1
1
1
2
1
1
1
1
1
1
2
1
1
1
2
2
1
1
1
2
1
2
1
1
1
2
1
1
1
1
2
2
1
1
1
2
1
2
2
2
2
4673576363
1
1
1
1
2
2
1
1
1
1
2
1
1
2
1
2
1
1
29870910225
1
1
2
79448542787
1
1
2
1
1
1
1
2
2
2
2
1
1
2
1
1
1
2
1
2
1
1
1
1
2
1
1
2
2
2
1
2
2
2
2
1
2
1
1
1
1
2
1
2
2
2
1
1
1
2
1
1
1
1
1
2
1
37573864951
1
1
2
2
1
1
2
1
1
1
2
30508506439
1
49585677730
1
2
1
1
1
1
1
2
2
1
1
26797224045
1
1
2
2
1
1
2
2
1
2
1
1
1
1
1
1
2
1
2
1
1
1
2
2
1
1
1
1
1
2
2
1
1
1
1
1
1
2
1
1
1
1
1
1
2
1
2
2
1
28773911131
1
1
1
2
1
1
1
2
2
1
1
1
2
1
2
2
1
1
1
2
2
1
2
1
1
2
1
1
2
2
1
1
1
1
1
1
2
1
1
2
1
1
1
1
1
2
2
1
2
1
2
2
2
1
1
1
1
1
1
1
1
1
12971199780
2
1
1
2
1
2
1
2
2
1
1
1
1
1
2
2
1
2
2
1
1
2
1
1
1
2
2
1
2
1
1
2
1
2
1
2
1
1
1
1
2
1
1
1
2
2
1
2
2
1
1
1
2
2
1
2
1
1
2
1
2
1
2
1
1
2
1
2
1
2
1
2
2
1
2
2
1
2
2
1
1
1
2
1
2
2
1
2
2
1
1
1
2
1
2
1
1
1
2
1
42695742068
2
1
1
1
1
1
1
1
2
1
2
2
1
1
1
1
1
1
2
1
2
1
1
1
2
2
1
1
1
1
1
1
1
2
5613415450
1
1
1
1
1
1
2
1
1
1
1
1
1
2
1
1
1
2
2
1
1
1
1
1
2
1
2
1
1
2
2
1
1
2
2
1
1
2
1
1
1
2
1
2
1
1
1
1
2
2
2
2
2
1
1
1
2
1
1
2
2
2
1
1
1
2
1
2
1
1
1
1
1
1
2
1
1
2
89247039491
1
1
2
1
1
2
1
2
1
1
2
2
1
2
2
1
1
1
2
1
1
1
1
1
1
1
1
2
1
2
1
1
1
1
2
1
1
2
14486259647
2
1
1
2
1
1
2
1
1
1
1
2
2
1
1
1
1
2
2
1
2
1
1
1
1
2
1
1
1
1
1
2
1
1
1
2
2
1
1
10189112951
1
1
2
2
1
2
1
2
1
1
1
1
2
1
1
2
1
1
1
53440095086
2
1
1
2
1
1
1
1
1
1
1
1
1
1
1
2
1
1
2
1
1
1
1
2
1
1
1
1
2
2
1
2
2
1
1
2
1
2
1
1
2
1
1
2
1
2
2
1
2
2
1
1
1
2
1
1
58900947324
1
1
1
2
2
1
1
1
1
1
1
1
1
1
1
2
1
1
1
2
1
1
2
1
2
1
56561143717
2
1
1
2
1
2
1
1
2
1
2
1
1
2
2
2
1
2
1
2
1
2
2
1
1
1
1
1
1
2
1
1
1
2
1
1
1
1
1
1
2
2
2
1
1
24813684373
1
1
1
2
1
1
1
2
2
1
1
1
2
1
1
1
2
1
2
1
1
2
1
1
1
1
1
2
1
1
1
2
1
2
2
1
1
2
2
1
2
1
1
2
1
2
1
1
2
2
2
2462196201
1
1
1
1
1
1
2
1
1
1
2
1
1
2
1
2
1
1
1
1
2
2
2
1
2
5851300327
1
1
1
2
1
1
2
2
1
1
2
1
1
1
2
1
2
1
1
2
2
1
1
1
1
2
1
2
1
2
1
28384319962
1
1
1
1
1
1
1
1
2
1
2
2
1
2
1
1
1
1
2
2
1
2
2
1
1
1
1
1
2
2
1
1
27805814487
2
1
1
1
1
1
2
2
1
1
1
1
1
1
2
1
1
1
1
2
2
1
1
1
1
2
1
1
1
93373991660
1
1
1
2
2
1
1
2
1
1
2
1
1
1
2
1
1
1
1
1
1
2
2
1
1
1
1
1
2
1
2
2
2
1
1
2
2
30067539308
1
1
1
2
1
1
1
2
1
1
1
1
60278118957
2
2
1
1
2
1
1
2
2
1
2
2
2
1
2
1
2
2
1
1
2
1
1
1
1
1
2
1
2
1
1
1
1
1
1
1
1
2
1
2
1
2
2
2
1
1
2
1
2
1
86293553954
2
1
1
2
1
66340751630
1
1
1
1
2
1
2
2
1
1
1
2
2
1
2
2
1
2
2
2
2
1
1
1
1
1
1
2
1
1
1
1
1
2
1
2
1
1
2
1
2
1
1
1
1
93024251999
1
2
1
1
2
1
1
1
1
1
1
1
1
2
1
2
2
2
1
2
2
1
1
2
1
1
1
1
2
1
1
1
2
2
1
1
1
2
2
1
2
1
1
1
1
1
2
2
2
1
1
1
1
1
1
2
1
1
1
1
1
1
2
1
2
1
1
2
1
1
1
1
2
2
2
1
1
1
1
2
1
2
2
2
1
1
2
1
1
1
2
2
2
1
1
1
1
1
1
2
1
1
1
1
1
1
2
2
1
1
1
1
1
2
2
1
2
1
1
2
2
1
1
2
1
1
1
2
30752361682
1
57520588807
1
1
1
1
2
1
2
2
1
2
2
2
1
1
2
2
2
1
1
1
1
2
2
1
1
1
1
2
1
1
2
1
1
2
2
1
2
2
1
1
1
1
1
1
2
1
2
2
1
1
2
1
1
1
1
1
2
1
26751329753
2
1
1
1
1
1
65083946177
1
2
1
1
1
1
1
1
1
2
1
2
2
1
1
1
21578285210
1
1
1
2
73670660811
1
1
1
1
1
1
1
2
2
1
2
1
1
2
1
2
1
1
1
2
1
2
1
1
2
2
1
2
2
1
2
2
2
1
1
1
1
2
2
1
2
2
2
1
1
1
1
1
1
1
1
1
1
1
2
1
1
1
2
2
1
1
1
2
2
2
1
1
1
1
1
2
1
1
1
2
1
1
1
1
1
1
1
1
2
1
2
1
1
2
1
2
2
1
2
1
1
1
1
1
1
1
1
2
1
1
1
2
2
1
2
2
1
1
2
1
1
1
2
25886161827
1
1
1
1
1
1
1
1
1
1
1
1
2
1
1
1
2
2
1
2
86087587402
2
2
2
1
2
2
1
2
1
1
1
1
1
1
1
2
86960578659
1
2
1
1
2
1
1
1
2
1
1
1
15339985902
1
1
2
2
1
2
1
2
1
1
1
1
1
1
1
1
1
1
2
2
1
2
1
1
1
1
1
2
1
2
1
1
2
2
1
2
2
2
1
2
1
2
2
2
1
2
2
1
1
1
2
1
2
1
1
75235373938
1
1
2
1
1
1
1
2
1
1
2
1
2
1
2
1
1
1
2
1
1
2
1
1
2
1
2
1
2
1
1
2
1
24579492498
1
1
1
1
2
2
2
2
1
1
1
1
2
1
2
91109178359
2
2
74407282157
2
1
1
1
2
1
1
1
1
1
1
1
2
1
2
1
2
1
2
1
1
2
1
1
1
57965351176
2
2
2
1
1
2
1
1
1
1
1
1
1
2
1
1
1
1
1
2
1
1
2
1
1
36022854571
2
2
1
1
2
1
1
2
2
2
2
2
2
1
2
1
1
1
1
1
1
1
1
1
1
1
2
1
1
2
1
2
1
2
2
9985166613
1
2
2
2
18354576587
2
1
1
1
2
1
1
1
1
1
1
2
24423419723
1
1
1
1
1
1
2
2
2
1
1
1
2
1
1
2
1
1
1
1
1
2
2
1
2
2
1
2
2
1
2
1
1
2
1
1
1
1
1
1
2
1
2
1
1
1
1
1
1
1
2
1
1
1
2
2
1
1
1
2
2
1
2
1
1
1
2
1
2
1
1
1
1
1
2
1
1
2
1
2
1
1
2
1
2
1
2
1
12059431364
2
1
1
1
2
2
1
1
2
2
1
1
2
1
2
1
1
1
1
1
2
1
2
1
1
1
55719923053
2
1
1
1
2
2
1
1
1
1
1
2
2
1
1
1
1
2
1
1
1
1
2
1
1
1
1
1
2
1
72658208456
2
2
1
2
2
2
1
1
1
2
1
1
2
2
1
1
1
2
1
1
2
2
1
1
2
1
1
1
1
2
1
2
1
2
2
2
1
1
2
2
2
2
84211893654
1
1
1
1
1
1
1
2
1
1
2
1
1
1
1
2
1
1
1
2
2
2
2
1
2
1
1
2
1
2
1
1
30700323090
1
1
2
2
1
45145333395
2
2
1
2
2
2
2
1
2
1
1
2
2
1
1
1
1
1
1
1
1
1
2
2
1
2
2
2
1
2
2
1
1
2
1
1
1
21734789555
1
1
1
1
1
1
2
1
2
1
1
2
2
2
2
1
1
1
1
2
1
1
2
1
1
2
1
1
2
1
1
2
1
2
2
1
2
77093910881
1
2
1
1
90151151379
1
1
2
2
38780385833
2
2
1
2
2
2
1
2
1
2
2
1
1
1
2
1
1
1
1
1
1
1
1
60079638380
1
2
1
1
1
1
1
1
2
1
1
2
1
2
2
1
2
1
1
2
1
1
2
1
1
1
2
1
2
2
1
1
1
2
1
1
2
1
1
1
1
1
1
1
1
1
2
1110129418
1
1
1
1
1
2
1
1
2
1
1
1
2
2
1
2
2
2
2
1
2
1
2
1
1
91772855300
1
34295410216
1
1
2
1
2
2
1
1
2
2
1
1
1
1
2
1
1
2
1
2
1
2
1
2
2
1
2
1
1
2
1
1
2
2
1
1
1
2
1
1
1
2
1
1
2
2
1
1
1
1
2
1
1
2
1
2
2
2
1
1
1
2
1
1
1
1
2
1
1
1
1
1
1
1
1
1
1
1
1
1
1
1
1
2
2
1
1
2
1
2
1
1
1
1
1
1
1
61487402348
2
1
2
2
1
2
1
1
1
1
1
1
1
1
1
1
1
1
2
1
2
1
1
1
1
70722187946
2
2
1
69761856721
1
1
1
1
1
1
1
1
1
1
1
1
1
1
1
1
2
1
1
1
2
1
1
1
1
1128198508
1
1
1
1
1
1
1
2
2
1
2
2
2
2
52234692594
1
23745303568
2
1
2
2
1
2
2
1
1
2
2
1
1
1
2
1
1
1
2
1
1
2
1
1
1
1
2
2
1
2
1
1
1
2
1
2
2
2
2
1
1
2
1
1
2
2
2
2
2
1
2
1
1
1
2
2
2
1
2
2
1
1
2
2
1
1
2
2
2
1
1
1
1
1
1
2
1
1
2
1
1
1
2
1
1
1
20522212951
83496122150
1
1
1
2
1
2
1
1
1
1
1
1
2
1
21372725648
1
1
1
2
1
1
1
1
1
2
2
1
2
2
1
2
2
2
2
2
1
1
1
13914205009
1
1
2
2
2
1
1
1
2
1
1
1
1
2
1
2
1
1
1
1
1
2
1
1
1
1
1
1
1
1
1
1
1
54377918957
1
1
1
1
1
1
1
2
1
2
1
1
1
1
1
2
1
1
2
1
1
2
1
1
1
1
1
2
1
1
1
1
2
1
1
2
1
1
1
1
1
1
1
1
1
1
2
1
1
1
1
1
1
2
75209499908
1
1
1
2
1
2
1
1
1
22064665010
1
2
2
1
1
1
1
1
1
1
2
1
1
1
1
1
1
73396434371
2
1
1
1
1
1
1
2
2
1
2
2
2
2
2
13934494439
1
1
1
1
1
1
1406601461
1
2
1
2
1
1
1
1
1
1
1
2
1
1
1
1
1
33184650424
1
2
2
2
1
2
2
2
1
1
95723272664
24490420937
1
1
1
2
2
2
1
1
1
1
1
77496829528
1
1
2
1
1
1
1
1
1
1
2
2
1
2
1
1
2
1
2
1
2
1
2
1
1
2
1
2
1
2
1
1
2
1
1
1
1
1
1
2
2
1
1
2
1
95033299863
1
2
1
1
1
1
1
1
1
1
2
2
1
1
1
1
2
1
1
2
1
1
1
2
1
1
1
2
1
1
2
1
16695187562
1
1
34658168926
2
2
1
1
1
2
2
1
1
1
1
2
2
1
1
1
1
12419829676
2
1
2
1
1
1
1
2
1
83602587764
1
1
1
2
1
1
1
1
1
2
2
1
1
2
1
2
1
2
1
2
1
2
2
1
1
2
1
1
1
2
64361258951
1
1
1
2
1
1
94700358060
1
1
1
2
2
2
1
2
1
2
2
2
1
1
2
1
1
1
1
1
2
1
1
1
1
1
1
1
1
2
1
1
1
1
1
1
1
1
1
1
1
2
2
2
1
2
1
1
1
2
2
2
1
1
2
2
2
1
1
1
2
1
2
1
2
1
1
1
1
2
1
2
1
2
2
2
1
1
1
2
2
1
2
1
27361802103
1
1
1
2
1
1
1
2
1
1
1
1
1
2
1
1
1
2
2
1
2
2
2
1
1
1
1
1
2
1
1
1
1
1
1
1
2
1
1
87775511815
2
2
1
2
1
2
2
1
1
1
2
2
1
1
1
1
1
2
2
2
2
2
2
1
2
89030356834
1
7118915091
51298161489
1
2
1
1
1
2
1
1
1
1
1
1
1
1
2
1
1
1
2
1
1
2
1
1
1
1
1
1
2
1
1
1
1
1
2
1
2
1
1
1
1
1
1
1
1
1
2
1
1
2
1
1
1
1
1
2
1
1
1
1
1
2
1
2
1
1
92277178231
1
1
1
2
1
1
2
1
2
2
2
1
1
1
2
1
1
1
2
1
32001194562
1
1
2
1
2
1
1
2
1
1
1
2
1
2
1
1
2
2
1
34659666454
1
2
2
1
1
2
1
1
1
1
1
1
61607568664
1
1
1
2
2
1
1
1
2
1
2
2
2
1
1
1
24117569227
2
2
1
2
2
2
2
1
2
2
1
77272720506
1
1
2
1
1
2
2
1
2
2
1
1
1
1
1
2
2
1
1
2
1
1
1
1
1
1
1
2
2
2
1
2
1
70545872105
1
2
1
1
2
2
1
1
2
1
1
1
1
2
1
2
1
2
1
2
1
1
1
2
1
1
2
1
2
1
1
1
2
1
1
2
1
1
1
1
1
1
1
1
1
1
1
1
1
2
2
1
2
1
1
1
1
1
1
2
1
1
1
1
1
1
1
1
2
2
1
1
1
2
2
2
1
2
1
1
1
1
1
1
1
1
1
2
1
1
1
1
2
2
1
1
1
1
1
2
1
1
20199868026
1
1
1
1
2
2
1
1
2
1
1
1
1
1
1
1
1
1
2
1
1
1
2
95840871312
1
1
2
2
2
2
1
1
2
2
1
2
2
1
1
1
1
1
1
2
1
1
1
1
1
1
1
1
1
2
1
1
1
1
1
2
1
1
2
2
1
1
1
2
1
1
94539794628
1
1
2
1
1
1
1
1
1
1
1
1
1
77917463379
1
1
1
2
1
1
1
2
1
73581452098
1
2
1
2
1
2
1
2
1
1
1
1
2
1
2
1
2
2
1
1
1
1
1
9867789984
2
2
1
1
2
1
1
1
1
1
2
2
1
1
2
1
2
1
1
2
1
1
2
2
1
1
1
1
1
2
23197720875
2
2
1
2
2
2
2
1
1
2
1
2
1
2
1
1
1
1
2
1
1
2
2
2
1
1
1
1
2
1
1
1
1
43737564263
2
1
2
1
2
1
1
2
1
2
2
2
1
1
1
1
2
2
1
2
1
1
1
2
1
2
2
1
1
1
1
1
1
2
1
2
1
2
1859709348
2
1
2
1
2
2
1
1
2
2
64154873312
1
1
1
1
37496352923
1
1
1
1
1
2
1
1
1
1
2
1
2
1
1
1
1
1
1
1
2
1
2
2
1
2
1
1
1
1
1
1
2
1
2
2
2
1
2
2
2
1
1
1
2
1
1
2
2
1
2
2
2
1
1
2
1
1
1
1
1
2
2
2
1
1
1
1
1
1
1
2
1
1
2
1
2
1
1
1
2
1
2
1
1
1
1
1
2
1
1
1
2
1
1
1
1
1
1
1
1
1
1
1
2
1
1
1
1
1
2
2
1
1
1
1
2
1
1
1
1
1
1
2
1
2
1
2
1
61345662439
1
1
1
1
2
1
1
1
2
1
1
2
1
1
1
1
2
1
1
1
1
1
2
2
1
2
1
2
2
1
2
1
2
1
1
1
1
1
2
1
1
2
2
2
1
1
2
13672614325
1
1
1
1
1
2
2
2
2
1
1
72987459310
35659703882
2
1
1
1
1
1
2
2
3702539235
2
1
1
1
1
1
1
1
1
1
1
2
1
1
1
1
18285615471
1
1
2
1
1
1
1
1
1
36120469798
2
2
1
1
1
1
1
2
1
1
1
1
1
1
1
1
1
1
1
1
1
1
1
1
1
1
1
1
1
1
1
2
1
1
2
1
1
1
1
1
2
1
1
1
1
1
1
1
2
1
1
1
1
2
1
1
1
1
1
2
1
1
1
2
2
2
2
1
2
1
1
2
1
1
1
2
1
2
1
97933894924
2
1
1
1
1
1
1
1
1
1
2
2
1
2
1
1
2
1
1
1
1
2
2
1
1
1
1
1
2
1
2
1
1
1
2
1
2
1
1
2
2
2
1
1
2
1
1
1
2
1
52410241754
2
1
1
2
12684080723
1
1
1
93361036250
2
2
1
1
1
1
70568329454
1
1
1
1
1
1
1
1
1
1
20788432274
1
1
1
1
1
1
2
1
1
1
1
71607546011
2
1
1
2
1
1
1
2
1
1
2
1
1
1
2
2
1
1
1
1
1
91779160108
2
2
1
2
1
1
2
1
2
1
1
2
2
72777481687
2
1
2
1
1
1
2
1
1
1
1
1
1
1
2
2
1
1
1
40359097187
1
1
2
1
2
1
1
2
1
1
1
2
2
2
2
2
1
1
1
2
1
2
1
2
2
1
2
1
2
2
1
1
1
1
2
2
2
2
2
1
2
1
1
2
1
1
2
1
1
1
2
1
1
1
2
1
1
98615384784
1
2
2
2
2
1
1
1
1
1
2
1
2
49953509088
1
1
1
2
1
1
2
1
2
1
1
1
1
1
2
1
1
1
1
1
1
1
1
2
1
1
1
1
2
2
2
2
1
2
1
1
2
1
2
1
2
2
1
2
1
1
1
2
1
2
1
1
2
1
2
2
2
1
1
1
1
1
2
1
2
17071705641
2
2
1
1
1
1
2
2
2
1
2
1
1
2
1
1
1
2
1
1
1
2
2
1
1
2
1
1
1
2
1
2
1
1
1
1
2
2
1
2
1
1
1
1
1
1
2
1
96543917421
1
1
1
2
1
1
2
1
1
1
2
60023846183
1
1
2
1
2
1
2
2
2
1
1
2
1
1
1
1
1
1
1
2
2
1
42080804504
2
1
1
1
1
1
1
2
1
2
1
2
1
2
1
2
1
2
1
1
2
1
1
1
1
1
1
1
1
2
1
1
1
1
1
1
2
35081856516
1
2
2
1
1
2
1
1
1
2
2
1
1
2
1
2
2
1
2
1
1
1
1
1
1
2
1
1
2
1
2
1
2
2
1
1
1
2
2
2
1
1
1
2
1
2
1
1
1
2
2
2
1
1
43435038998
58524788248
2
2
1
2
1
1
2
1
1
1
1
91924770820
2
1
2
2
1
2
1
1
1
1
2
1
1
1
1
1
2
1
1
1
1
1
1
1
1
2
1
1
2
1
1
1
1
1
1
1
2
1
1
1
1
2
1
1
2
1
1
2
1
1
1
1
1
1
2
1
1
2
1
2
1
1
2
1
1
2
2
1
2
1
1
1
1
1
1
2
1
2
1
1
2274062886
1
1
1
1
1
1
1
1
2
1
1
1
2
2
1
1
1
1
1
1
1
1
1
2
24385813833
1
1
1
1
2
1
1
1
1
1
1
1
1
1
1
1
1
1
1
1
1
24413397262
1
1
2
2
2
2
1
1
1
1
1
1
1
1
87296604600
2
2
1
1
1
1
84430641987
1
1
2
1
1
30715193264
1
1
2
2
2
1
1
1
1
1
1
1
1
1
1
1
1
1
2
1
1
1
1
1
1
1
1
1
1
1
1
2
2
1
1
1
1
2
1
61586347784
1
1
1
1
1
1
1
1
1
1
1
1
2
2
1
1
2
2
1
1
1
1
1
1
1
2
1
1
1
2
88145782440
1
1
1
2
1
1
1
2
1
1
1
1
35482626083
2
2
1
1
1
1
1
1
1
1
2
2
2
1
1
1
1
1
1
1
1
1
1
2
2
1
1
1
1
1
2
2
1
1
2
2
1
2
1
2
2
2
1
1
1
1
1
1
1
2
1
2
2
1
1
1
1
1
1
2
1
1
2
1
1
1
1
2
1
1
1
1
1
2
1
2
1
1
1
2
2
1
1
1
2
1
91651871778
2
1
2
2
1
2
2
2
1
1
1
1
1
1
1
2
1
1
2
1
2
1
2
2
2
2
2
1
2
1
1
1
2
2
1
1
1
1
1
1
2
1
2
2
2
1
1
1
1
1
1
1
1
1
1
1
2
1
1
1
2
2
1
2
2
2
2
2
1
2
2
2
2
2
1
1
1
1
2
1
1
1
1
34973513223
1
1
2
1
1
49070182937
1
2
1
1
1
2
1
2
2
1
1
1
1
2
1
1
1
2
2
1
1
1
2
2
1
2
1
2
2
1
1
1
1
2
1
2
1
1
1
99501719495
1
1
1
1
1
2
1
1
2
1
1
1
67722018828
1
2
1
1
1
2
2
1
1
1
1
1
1
1
2
1
1
2
1
1
1
2
1
1
2
1
2
1
1
1
1
1
1
1
1
1
19772291669
2
1
1
1
1
2
82906654976
2
1
2
1
2
2
1
37187839123
2
2
1
1
2
1
1
1
1
1
1
2
2
2
1
2
1
2
2
2
1
2
1
1
1
1
2
1
1
2
1
1
1
1
1
1
2
1
2
1
1
1
1
1
2
2
2
2
2
1
2
1
1
1
1
1
1
2
1
1
2
1
1
1
2
2
2
1
1
1
1
1
2
1
2
1
1
2
1
1
2
2
1
2
1
1
2
1
2
1
1
1
1
1
1
2
1
1
1
2
1
1
1
1
1
1
2
2
1
1
25466796716
2
1
1
1
1
82463114656
1
1
1
1
1
1
2
1
1
2
1
1
2
1
1
1
1
1
1
2
1
1
2
1
1
1
1
1
1
2
1
1
1
1
2
1
1
1
2
33226813688
1
46351586916
1
1
1
1
1
2
2
1
1
2
1
1
2
1
1
1
2
1
2
1
1
1
2
1
1
1
1
81344250898
1
1
2
1
86813104014
1
1
1
1
1
1
2
2
1
1
1
2
1
2
2
1
1
1
1
1
1
2
2
1
1
1
2
1
1
2
1
1
2
1
1
2
1
2
1
1
2
2
1
1
2
2
94399459976
1
1
1
1
2
1
1
1
2
1
2
1
1
1
2
1
1
1
2
1
2
1
1
1
2
2
1
1
1
1
2
2
1
2
1
1
2
1
1
1
1
1
1
2
2
1
2
2
1
1
2
1
1
1
1
2
2
2
2
1
1
1
1
1
2
1
1
1
1
1
1
1
1
1
1
1
1
1
2
1
1
2
2
2
1
1
1
2
2
1
2
1
2
2
1
1
2
1
1
1
1
1
1
38583515575
1
1
1
1
1
1
2
1
2
2
1
2
1
1
1
2
1
2
1
2
1
1
1
2
2
1
2
1
2
1
2
1
2
2
2
1
2
1
1
1
1
1
1
1
2
1
1
2
1
2
1
1
2
1
2
1
1
1
1
2
2
2
1
2
1
1
69850247668
1
1
2
1
1
1
1
1
1
1
1
1
1
1
1
2
1
1
1
1
2
1
1
1
1
1
1
2
1
72603481036
2
2
1
2
1
2
1
2
1
1
1
1
1
1
2
1
1
1
2
2
46309689485
1
1
1
2
2
1
1
2
1
1
1
2
1
2
1
1
1
1
1
1
1
2
1
2
1
1
2
1
1
1
1
1
2
1
1
1
1
2
11990116885
2
2
1
2
2
1
18539680226
2
1
1
1
1
1
1
1
1
2
1
1
1
1
2
2
2
2
1
1
1
1
2
2
2
1
1
2
2
1
1
1
1
1
1
1
63260175643
1
1
2
1
1
1
2
2
2
1
1
1
2
2
2
1
1
2
2
1
1
1
2
2
2
2
1
1
1
2
2
1
1
1
2
2
1
1
1
1
1
1
1
2
1
1
2
2
1
1
1
1
1
1
1
2
2
1
1
1
2
1
1
2
1
2
2
2
1
2
66532156169
2
2
2
2
2
2
1
1
1
1
2
1
2
2
1
1
1
1
1
1
1
1
1
2
1
2
1
2
99585349508
1
1
1
1
1
1
1
2
2
1
1
1
2
2
2
1
2
1
1
1
90236762402
2
2
1
1
1
2
1
1
2
2
2
1
1
2
2
1
2
1
1
1
2
1
1
1
1
2
1
1
2
1
2
1
1
1
1
1
1
1
1
2
2
1
2
2
1
2
1
1
1
1
1
6545535725
1
1
1
1
1
1
96514976711
1
2
2
1
2
1
2
2
1
1
1
1
1
1
2
1
1
1
1
2
2
1
1
1
2
1
1
1
1
1
1
1
1
12300730900
1
1
1
1
2
1
2
2
1
1
1
1
1
2
2
2
2
1
1
1
2
1
1
1
2
1
1
2
2
2
1
1
2
2
2
1
2
1
2
1
1
1
1
1
1
1
2
1
2
2
1
1
2
1
1
2
2
2
1
2
2
1
1
1
2
1
1
1
1
2
1
2
1
1
1
1
2
1
2
2
1
2
2
2
2
1
2
2
1
1
1
2
1
2
1
1
1
1
2
1
2
2
1
1
1
1
1
1
1
1
69993404837
1
1
2
1
1
2
2
1
1
1
2
2
1
1
1
2
1
2
1
1
1
1
1
1
2
2
2
1
7448197606
1
2
1
1
2
49264699603
1
1
1
1
1
1
2
1
1
1
1
1
1
2
79860275959
1
1
1
1
2
2
1
2
1
1
2
1
1
1
1
1
1
1
1
2
1
1
1
1
1
1
2
2
2
1
59266220326
2
2
1
2
1
1
1
2
1
1
1
1
2
59320869696
1
1
1
2
2
2
1
2
1
1
1
1
1
2
1
2
1
2
1
2
1
1
1
2
1
2
1
56119373201
2
1
1
1
1
1
1
2
1
1
1
1
2
1
1
1
2
2
1
1
2
1
2
1
2
2
1
1
2
2
2
1
1
2
2
1
2
2
2
2
1
1
1
1
2
1
1
2
1
1
1
1
1
1
1
1
1
1
2
2
1
2
64664793894
1
1
1
1
2
1
1
1
1
1
1
1
64258881818
1
75899621374
1
1
1
1
1
1
1
1
1
1
1
1
31480985178
2
1
1
2
2
2
1
1
1
1
2
1
2
1
1
2
1
1
1
1
2
2
1
1
1
1
1
2
2
1
1
1
2
1
2
1
1
2
1
2
1
1
42323865774
1
1
2
44447097920
1
2
1
1
2
2
1
2
14065596930
1
1
1
1
1
1
1
2
2
2
1
1
1
1
1
1
1
1
2
1
1
2
1
1
2
1
1
1
1
1
1
2
1
1
1
1
1
2
2
2
1
2
2
1
1
1
1
2
1
1
2
2
1
1
2
1
1
1
1
1
2
1
1
1
2
2
1
2
1
2
2
1
1
2
2
2
1
1
1
1
1
2
1
1
1
1
1
1
2
1
2
2
1
1
2
2
2
1
1
80862607045
1
1
2
2
2
1
1
1
1
1
1
2
2
1
1
1
1
1
2
1
1
2
1
2
1
1
2
2
1
2
2
1
1
2
1
1
1
1
1
1
1
68029523712
2
1
1
1
2
2
1
2
1
1
2
1
1
2
1
2
2
2
1
2
1
1
1
1
2
1
98049331149
1
2
1
1
1
2
2
2
1
1
1
1
1
1
1
2
2
2
1
1
2
1
2
1
1
1
13843956203
2
2
2
2
1
1
1
1
2
1
1
2
2
1
1
2
1
2
1
1
2
2
1
1
1
1
1
1
2
1
2
1
1
1
1
1
1
1
27654059675
2
2
1
2
2
1
1
2
2
1
2
1
1
1
2
1
1
1
2
2
1
1
1
1
1
1
1
2
1
1
2
2
2
91987716138
1
23520340466
1
1
1
1
1
1
1
1
2
2
1
2
2
1
2
1
2
2
1
2
2
2
2
1
2
2
1
1
2
2
1
41082559357
2
1
1
1
1
1
2
1
1
1
2
2
2
1
1
1
1
2
1
1
1
1
1
2
1
1
49343286089
1
2
1
1
1
1
1
1
1
1
1
2
2
1
1
2
2
1
1
1
1
2
1
1
1
1
1
1
2
2
1
2
1
1
2
1
1
1
1
2
1
1
2
1
1
1
1
1
1
1
2
1
2
1
1
1
1
1
1
1
1
1
1
1
1
1
2
1
1
1
2
1
1
2
1
1
1
2
1
1
32388685842
1
1
1
1
1
1
2
2
1
2
2
2
2
1
2
2
1
1
1
2
1
1
2
1
1
2
1
1
1
2
1
1
1
1
2
2
1
1
2
1
2
1
1
1
1
2
1
2
1
2
1
1
1
2
2
2
1
1
1
82608954026
1
2
1
1
2
1
1
2
2
2
1
1
1
1
2
1
1
1
54968300119
1
1
2
2
1
2
1
1
1
2
1
1
2217639479
94140222486
1
2
2
4057774613
1
2
1
1
2
1
1
1
1
1
1
2
2
2
1
1
2
2
1
1
1
1
1
2
1
1
2
1
2
1
1
1
2
2
2
2
1
1
1
1
1
1
57688572244
2
1
2
2
1
1
1
1
1
2
1
1
2
1
1
1
2
2
2
1
1
1
1
1
1
1
2
2
1
1
2
1
1
2
86746752680
2
1
1
2
77899012610
1
33445460149
2
2
2
1
2
2
1
2
2
2
71629579454
1
1
2
1
2
1
1
1
2
1
2
1
2
1
2
1
1
1
1
1
1
1
2
1
2
2
1
1
1
1
2
1
2
1
1
1
1
1
1
2
1
2
2
1
1
1
1
1
1
1
2
1
1
1
1
2
2
1
1
1
1
1
1
2
1
1
1
1
1
1
1
1
2
74693104076
1
1
1
1
2
2
2
1
2
1
72797541352
2
1
2
1
1
2
1
2
2
2
1
2
1
2
2
1
2
1
1
1
2
2
1
1
2
1
2
1
24998819984
1
1
1
1
1
1
1
2
1
1
1
2
1
2
1
1
1
1
2
1
1
2
1
2
1
1
1
1
2
1
2
1
2
2
1
1
1
1
1
1
1
2
1
1
1
2
1
2
1
1
1
1
1
1
82768993094
1
1
2
1
1
1
1
1
1
1
2
1
1
1
1
1
1
1
1
1
1
1
2
1
1
1
1
1
2
2
1
2
1
1
2
49100970438
1
2
1
1
1
1
1
1
2
1
2
1
1
2
1
1
1
1
1
1
1
1
2
2
2
2
68118249097
94586518494
2
1
2
1
2
2
1
2
1
1
1
2
1
1
2
1
2
2
1
2
2
1
1
1
2
1
64905715270
1
2
1
1
1
1
2
2
2
2
2
1
1
1
2
2
1
1
58563169636
2
2
1
2
2
1
1
1
1
5183803835
2
1
1
2
1
1
1
1
1
1
2
1
1
2
2
2
1
2
1
2
1
1
2
1
1
2
1
1
2
1
2
2
2
1
2
1
2
2
2
2
1
1
1
2
1
1
2
1
1
1
1
1
1
2
2
1
98327078481
1
2
1
1
2
1
1
2
1
1
1
1
2
1
1
78534463543
45102089293
2
1
1
1
1
1
1
1
1
1
2
2
1
1
1
1
1
1
2
1
1
1
1
1
2
1
1
2
1
1
1
1
1
2
2
1
1
1
1
2
1
1
2
2
96131955401
2
1
2
1
1
1
1
1
1
2
2
1
1
2
2
1
1
2
1
1
1
1
2
2
1
93608165590
1
2
1
2
1
1
2
1
1
1
1
1
2
1
1
1
1
2
1
1
1
1
1
2
2
1
2
1
2
1
1
1
1
2
2
60833600525
1
2
2
1
1
1
2
1
1
2
1
2
2
2
1
1
2
1
1
2
1
1
1
1
1
2
1
1
1
2
1
1
2
2
1
1
1
1
1
2
1
1
2
1
1
1
1
2
2
1
1
1
1
1
2
1
2
1
2
1
1
1
2
1
1
1
2
1
2
1
1
1
1
2
1
1
1
2
1
2
1
1
1
1
2
1
2
2
1
1
1
1
1
11052495610
1
1
2
1
1
1
1
1
1
1
2
1
1
1
48611619091
1
1
1
2
2
2
1
1
2
2
1
1
1
1
1
1
2
2
1
2
1
2
1
2
1
1
1
2
2
1
2
1
1
1
1
2
1
2
1
1
1
1
32136500497
2
2
2
2
1
2
1
1
1
1
2
2
1
1
1
2
1
1
1
38102677180
1
2
1
1
1
2
1
2
1
2
2
2
1
2
1
1
2
1
1
2
1
1
1
1
1
1
1
2
2
2
1
2
2
2
1
1
1
1
1
2
2
1
1
1
1
2
2
2
26744986494
1
2
5778542318
1
2
2
1
2
1
1
1
1
1
2
2
1
1
1
1
1
2
2
2
1
1
1
1
1
1
1
1
1
1
2
2
1
1
2
1
1
1
2
1
2
1
2
1
1
2
1
1
1
1
2
1
2
2
1
1
1
1
1
2
2
1
1
2
1
2
1
1
2
1
1
1
2
1
2
1
1
1
1
1
1
2
2
1
1
1
1
2
2
1
2
2
2
1
2
1
2
1
1
1
2
1
1
1
1
1
1
1
1
2
1
1
2
1
2
1
1
1
2
2
1
1
1
1
1
1
1
1
2
2
1
1
1
2
2
1
1
2
1
2
1
1
1
1
1
1
1
1
1
1
2
1
1
1
1
2
2
1
1
2
2
1
1
1
19013397287
1
1
1
1
2
2
2
1
1
2
1
1
2
1
1
2
65294066517
1
2
2
1
1
1
1
2
2
1
1
1
1
2
2
1
2
2
1
1
1
1
1
2
1
1
1
1
2
2
1
2
1
98906332104
29746820867
1
1
1
1
2
2
1
1
1
2
2
2
1
2
1
79721515308
1
2
2
2
1
2
2
1
1
1
1
2
1
1
1
1
2
2
1
1
1
1
1
2
2
38791920148
1
1
1
2
1
1
2
69027536605
1
2
2
1
1
1
1
1
2
1
1
1
2
2
1
2
2
1
2
2
1
1
1
1
1
1
2
1
1
2
2
2
2
1
46362561484
1
1
2
2
1
2
1
1
2
1
1
2
1
2
2
1
2
1
2
2
2
2
1
2
1
1
1
1
2
1
2
1
2
2
1
2
1
2
1
1
2
61786287567
2
2
1
1
1
1
2
1
1
2
2
1
1
1
1
1
1
1
2
22608998158
1
1
2
1
2
1
1
2
2
1
2
1
1
1
1
2
1
2
2
1
1
2
1
1
1
1
2
2
1
1
2
1
1
1
2
2
1
1
1
1
1
1
1
2
1
1
1
2
2
1
1
2
1
2
1
1
1
1
1
1
1
82074431242
2
1
1
59281262219
1
2
2
69231228174
1
1
1
1
2
1
1
1
1
1
1
2
1
1
1
2
2
55881560467
1
1
2
2
2
2
2
2
1
1
1
1
1
2
2
1
49553694515
1
1
2
1
1
1
1
1
2
2
1
1
2
2
2
1
1
1
1
1
1
1
1
1
1
15815040825
2
2
1
2
2
1
2
1
2
2
1
1
2
2
1
1
1
1
1
2
1
2
1
1
1
2
1
1
1
1
1
1
1
1
1
1
2
1
2
2
1
1
1
1
2
2
2
2
1
1
1
1
1
1
1
1
1
2
1
1
1
1
2
1
2
1
1
1
2
1
1
1
1
2
2
1
1
1
2
1
2
2
1
2
2
1
1
1
1
1
1
1
1
2
2
2
1
1
1
2
1
2
2
73902162844
1
2
1
1
1
1
1
1
2
1
1
1
2
1
2
1
1
1
1
1
2
2
1
1
1
2
1
1
1
2
2
1
1
1
1
2
1
2
1
1
1
1
2
2
2
1
1
1
2
1
1
1
1
1
2
1
2
1
73732490416
2
1
1
2
1
2
1
1
1
1
1
2
1
1
1
2
1
1
1
2
1
1
2
1
2
1
1
1
1
1
1
2
1
1
1
1
1
1
1
1
1
1
1
1
1
1
1
1
1
1
8937293781
1
1
1
1
2
2
1
2
1
2
2
2
2
1
1
1
2
1
2
2
2
2
2
1
2
1
1
2
1
1
2
1
62333703462
2
1
23195705510
2
22399654234
2
1
1
28001615991
1
2
1
1
54121160591
1
1
1
1
1
1
1
1
89940581360
1
2
2
2
1
1
1
1
1
1
1
1
1
2
2
1
2
1
1
2
1
1
2
2
1
1
1
1
1
2
2
1
2
1
1
1
1
1
1
1
1
1
2
1
1
1
2
1
1
1
2
1
1
1
2
1
1
1
39218433272
1
1
1
1
1
1
1
1
2
2
1
1
1
1
1
1
2
1
1
2
1
2
1
1
2
1
2
2
2
1
48598066209
1
1
1
1
2
1
55540738887
1
2
1
1
1
1
2
1
1
1
1
1
1
2
1
1
1
2
1
1
1
2
1
1
2
1
1
1
1
20618549948
1
2
19115625192
2
1
1
65772127515
1
2
1
1
1
2
1
2
1
2
2
1
1
1
1
1
1
1
1
2
1
1
2
1
1
1
2
1
1
2
1
1
2
2
1
1
2
1
1
1
1
2
1
1
1
1
1
1
2
1
52052770016
1
2
2
1
2
1
2
2
1
2
1
2
1
2
1
2
1
2
2
1
1
2
2
2
1
1
1
2
1
2
1
1
2
1
1
1
1
1
2
80519399092
2
1
2
1
2
2
2
1
1
1
2
1
2
2
1
1
1
1
1
30028225100
31590583442
1
1
2
1
1
1
1
2
1
1
2
1
1
1
1
2
1
1
2
1
1
1
2
1
1
1
1
1
2
2
1
1
2
1
1
1
1
1
2
1
2
1
1
89357451606
2
2
1
2
1
1
1
1
1
1
1
1
1
1
1
2
1
1
2
2
1
1
1
2
1
1
1
1
1
1
1
16386557237
1
2
1
2
1
1
1
2
2
2
1
1
2
1
2
1
1
1
1
1
2
2
1
1
1
1
2
1
1
1
1
2
2
2
2
2
2
2
1
2
1
1
1
1
1
1
2
1
1
1
1
1
1
2
2
1
1
1
45416019650
1
1
2
1
1
1
2
2
1
1
1
2
1
2
2
1
55866645512
1
1
1
1
1
1
2
1
1
2
1
1
1
2
1
2
2
2
1
2
1
1
1
1
2
1
1
2
2
2
2
1
1
1
2
1
1
1
1
2
1
1
2
1
2
2
1
1
1
2
1
2
1
1
1
1
1
1
1
1
1
1
2
1
2
2
1
1
1
1
1
1
1
1
1
1
1
1
1
1
2
1
2
2
1
1
2
1
1
1
1
95569113497
1
1
2
1
2
1
1
1
2
1
1
2
2
1
2
1
1
1
1
2
1
1
1
1
1
1
1
1
2
2
1
1
2
1
53186809197
2
1
2
1
1
1
1
2
1
1
2
2
1
1
2
2
1
1
2
1
1
1
1
1
2
1
1
1
2
1
1
1
1
1
1
1
1
34047899070
1
1
1
1
1
1
1
2
2
1
2
1
1
16316422156
1
2
1
99563653351
2
2
1
2
1
2
1
1
1
1
2
1
2
1
1
1
1
1
1
1
1
1
1
1
2
1
1
1
1
2
1
1
1
2
1
2
2
1
1
1
1
2
1
1
1
2
81066193649
1
2
1
1
1
1
2
1
1
1
2
2
1
1
2
2
1
1
1
2
1
1
1
1
1
1
1
1
1
2
1
1
2
1
1
2
1
1
2
1
1
1
1
2
2
2
1
2
1
1
1
1
1
2
1
1
1
2
1
2
1
2
1
1
1
2
2
1
1
2
1
1
2
1
2
2
1
1
1
1
2
2
21077545510
2
1
2
1
1
1
1
2
2
2
1
1
1
1
2
4699217387
2
2
1
1
1
1
1
1
1
1
2
1
1
1
2
2
2
1
1
1
2
2
1
1
1
1
2
1
1
1
1
1
1
1
2
2
1
88176462628
1
1
1
1
2
1
1
1
84680845363
1
2
1
2
2
1
1
1
1
1
1
1
1
1
1
1
1
1
2
1
1
1
1
35143693873
2
2
1
1
1
1
2
1
1
2
1
1
1
1
2
1
1
2
2
1
2
1
1
1
2
2
1
1
1
1
2
1
1
1
2
2
2
1
1
1
1
1
1
1
2
1
1
1
2
1
1
2
1
55805563693
1
1
1
2
1
1
1
1
1
1
2
2
1
2
2
1
2
2
2
1
1
1
2
2
2
2
1
1
1
1
1
1
1
2
2
2
2
2
2
1
1
2
1
1
1
1
1
2
2
1
1
2
1
1
1
1
1
2
2
1
38330664505
1
2
1
1
1
1
1
2
2
1
1
1
1
2
2
1
2
1
2
1
1
1
1
2
1
1
1
1
1
2
2
1
2
2
1
66868592683
22966639100
1
2
2
1
1
1
1
1
1
1
2
1
75616436926
2
1
1
1
1
2
2
1
1
1
2
1
1
2
1
1
1
2
1
1
1
1
1
2
1
1
2
2
2
1
93996041391
2
2
1
1
2
73741808818
1
1
1
1
1
1
2
2
2
1
2
2
1
2
1
1
2
2
1
1
1
1
1
1
2
2
1
2
3705076715
1
1
2
2
1
1
1
2
1
1
2
1
1
1
2
1
1
1
2
2
1
34238569950
2
1
1
1
2
2
1
1
1
1
2
2
1
1
2
1
1
1
1
2
2
1
2
1
1
1
1
60034571976
1
1
1
2
2
2
1
1
2
2
2
1
1
1
1
1
1
1
2
1
1
1
2
1
1
1
1
2
1
2
1
1
1
1
1
1
1
1
1
1
2
2
1
2
2
1
1
1
1
1
2
1
1
1
1
1
1
1
1
1
1
31021368751
1
1
2
87231074032
1
1
1
1
1
1
2
1
1
1
1
2
1
1
1
84257390383
1
2
2
1
2
1
45610343456
1
1
2
1
1
1
2
1
2
1
2
1
1
1
1
1
2
3401757082
1
2
1
1
2
1
2
1
1
1
1
2
1
1
1
1
1
2
2
1
1
1
1
1
1
2
1
1
2
1
2
1
1
1
1
2
2
1
1
1
2
2
1
1
2
2
1
1
1
1
1
1
2
1
1
2
1
2
2
1
1
2
1
1
2
2
1
2
1
2
1
1
1
2
2
2
1
2
1
2
2
2
1
2
2
2
2
2
1
1
1
1
1
1
2
2
1
2
1
2
2
2
1
1
2
1
1
2
1
1
2
1
2
1
2
1
1
1
2
2
1
2
1
1
2
1
1
2
1
1
1
1
1
1
2
1
1
1
2
2
2
1
1
2
1
2
1
1
1
1
2
1
1
1
1
1
2
2
1
1
1
1
2
1
1
1
1
1
2
1
1
1
1
2
2
1
1
2
2
1
2
2
45940836347
2
1
1
2
1
1
1
2
1
1
1
2
2
1
1
2
1
1
2
2
2
1
1
1
1
2
2
1
2
2
1
2
40269639741
1
1
2
1
1
2
2
1
2
70161839819
25596084105
1
1
2
1
2
10847616106
2
71874663662
2
1
2
70101698420
1
1
1
2
1
1
1
1
1
1
1
1
2
1
1
1
2
99470744434
1
1
2
2
1
1
1
1
2
1
1
1
1
1
1
1
1
1
2
2
2
1
1
1
1
48192695236
1
1
2
1
1
1
1
2
2
1
1
1
2
1
1
1
1
1
2
1
1
2
1
1
1
1
1
1
2
1
2
1
1
1
2
1
1
2
1
1
1
1
2932967246
2
2
1
1
1
2
1
1
1
2
2
2
2
2
2
1
1
71677038105
2
1
2
1
1
1
1
1
2
1
1
1
1
1
2
1
1
1
1
1
1
1
2
1
1
2
2
2
2
1
1
1
2
2
1
1
1
1
2
1
1
1
2
1
1
2
2
1
2
2
1
2
2
2
2
1
1
2
1
2
1
1
1
1
1
2
2
1
1
1
1
1
1
1
2
2
1
1
2
2
1
2
1
2
1
2
1
2
1
2
2
2
1
2
1
1
2
2
2
2
1
1
1
2
1
1
2
1
1
1
2
2
1
1
2
2
1
1
1
1
1
2
2
1
2
1
1
1
2
1
1
2
1
1
1
2
97101661191
1
37531618324
1
1
1
1
1
2
1
1
2
1
2
1
2
2
84097027928
2
1
1
2
2
1
2
1
1
2
1
2
2
1
1
1
1
28418396912
1
1
2
2
1
2
1
1
1
1
1
1
1
2
1
1
1
1
1
1
1
2
2
2
1
1
4361482146
1
2
2
2
1
1
2
1
1
1
1
2
2
1
2
1
1
1
1
1
2
1
1
1
2
1
1
1
1
2
1
10613363000
1
2
2
2
1
1
1
2
1
1
1
1
1
1
1
1
2
1
1
1
1
2
2
2
2
2
2
1
1
1
1
1
2
1
1
1
2
1
1
2
1
1
1
1
54527853267
1
1
1
1
2
2
2
1
1
2
1
2
1
2
2
1
2
2
2
1
2
2
2
1
1
1
1
2
1
2
2
1
1
2
1
2
1
1
1
1
2
1
1
1
2
1
2
2
1
1
1
1
1
2
1
1
2
2
1
1
1
1
1
1
1
1
1
2
2
2
1
70663862764
1
2
1
1
1
1
1
1
2
1
1
1
1
1
1
1
1
1
1
2
1
2
1
2
64706996355
1
2
1
1
1
2
1
1
1
2
2
1
2
1
1
1
1
2
2
2
2
2
1
1
2
1
1
2
1
1
2
1
1
2
1
2
1
1
2
1
2
1
1
1
1
1
2
1
2
1
2
1
2
1
1
97050850674
1
1
2
1
2
2
2
1
1
1
2
1
2
1
2
2
1
1
2
2
1
1
2
2
2
1
2
2
2
2
1
2
2
1
1
2
1
2
1
1
1
1
1
1
1
1
1
1
1
2
2
1
1
2
1
2
2
2
1
1
1
1
1
84327796669
2
1
1
32550084781
2
2
1
2
1
1
1
1
1
1
1
1
1
1
2
1
1
1
2
93683892085
1
1
2
1
2
1
1
1
2
1
1
1
49536261319
2
1
2
2
2
1
1
1
1
2
1
1
1
2
1
1
1
1
1
1
1
2
1
1
1
2
1
2
1
1
2
1
1
1
1
1
1
1
1
1
1
2
1
1
1
1
1
1
2
2
1
1
2
1
1
2
26546640785
1
1
1
2
1
1
1
1
2
1
1
1
1
1
1
1
1
1
1
1
1
1
1
1
1
1
2
1
1
2
2
1
1
2
1
2
1
2
2
2
1
26574494693
1
2
1
2
1
2
2
2
19537428707
75925564254
1
2
2
1
1
1
2
1
1
1
1
2
1
1
28901543996
2
1
1
2
2
1
2
1
2
1
1
1
2
1
1
1
1
1
2
2
2
1
1
1
1
2
1
2
2
1
2
56323868841
1
2
1
1
1
1
2
2
1
2
67137291244
2
1
1
1
1
1
1
1
1
1
2
1
1
2
1
2
2
1
1
1
1
1
1
1
1
1
1
1
1
1
1
1
2
89016170319
2
2
1
1
2
98676720276
1
2
1
1
2
1
1
1
2
1
2
1
1
1
1
2
2
1
1
2
1
1
1
2
2
2
2
2
2
1
1
1
1
2
2
2
1
1
2
1
1
1
2
2
1
1
1
1
2
1
2
2
2
1
1
1
1
2
1
1
2
1
1
2
1
1
2
1
2
1
2
1
2
21332480341
2
1
2
1
1
1
2
1
1
2
1
1
2
2
1
1
1
1
1
1
1
1
1
1
2
1
1
2
1
1
1
1
1
2
2
2
1
1
2
1
1
1
1
2
1
2
1
2
1
84974420717
2
1
1
1
2
1
1
1
1
1
1
1
2
2
2
1
1
39677872500
1
2
1
2
1
1
1
2
1
1
1
1
1
2
1
2
2
1
1
1
1
2
1
1
1
1
1
2
1
1
1
1
1
1
1
2
2
1
1
1
1
1
1
2
1
2
1
2
1
1
2
2
2
1
2
1
2
1
74440397117
2
2
2
2
2
1
2
1
2
1
1
2
1
1
1
1
1
1
1
1
1
1
1
1
1
2
1
1
1
1
1
1
1
1
2
2
2
2
2
2
1
2
1
1
6625684620
2
1
1
2
2
1
2
1
1
1
1
2
1
1
2
1
2
1
1
1
1
2
1
1
1
2
1
2
1
2
1
1
2
1
2
59324914689
1
2
2
2
1
1
1
1
1
2
2
1
1
1
1
14719544228
1
1
2
2
2
2
1
1
1
1
2
2
2
1
1
2
1
2
2
1
1
1
2
1
1
1
2
2
2
2
1
1
28417502542
1
72872018777
1
1
1
1
2
2
1
2
2
1
1
2
1
1
1
1
1
1
1
2
1
1
1
2
1
1
2
1
2
1
2
1
1
2
1
1
2
1
1
2
1
2
1
1
1
1
1
1
1
1
1
2
1
1
1
1
2
1
1
1
1
1
1
1
2
1
1
1
27955100295
1
1
2
1
1
2
1
2
1
1
1
1
1
91988009381
1
1
1
2
2
2
1
1
1
1
1
2
19734228279
1
2
1
1
1
81353882853
19907406231
66909726466
1
1
1
1
1
1
1
2
1
1
2
1
1
1
1
1
1
1
2
2
1
1
1
2
1
2
1
1
2
1
2
1
1
1
2
1
1
1
2
1
1
1
1
1
1
1
2
1
2
2
1
2
1
1
2
1
1
2
2
1
1
1
1
1
1
1
59042302723
1
1
1
2
1
1
1
1
1
1
1
1
1
2
1
1
1
1
1
1
2
1
1
2
1
1
1
2
2
1
1
1
1
2
1
1
1
2
1
2
2
1
2
1
1
1
1
2
2
1
1
1
2
1
1
2
2
1
1
1
2
1
1
1
1
1
1
1
2
1
1
1
1
1
1
1
2
2
1
2
1
2
1
1
2
2
1
1
1
1
71990886562
1
2
1
1
2
1
1
2
1
2
1
1
2
1
2
2
1
1
1
1
2
1
1
1
2
1
1
1
1
1
2
1
1
1
1
2
1
22927212697
1
2
2
2
1
2
1
2
1
1
1
1
2
2
2
1
2
1
1
1
1
2
1
1
1
1
2
2
2
1
1
1
1
1
1
1
1
2
1
1
2
1
1
1
67957146908
1
2
1
1
2
1
2
36234112253
1
2
1
1
2
1
1
1
1
2
1
1
1
1
1
1
1
2
2
1
1
1
2
1
1
1
1
1
2
1
1
2
1
2
2
93686350418
1
62952095902
1
1
2
1
1
2
2
1
1
2
1
1
1
1
1
2
1
1
1
1
1
2
1
2
1
1
2
1
1
2
2
1
1
1
2
1
1
1
2
1
2
2
1
1
2
2
1
1
1
1
1
1
1
2
1
1
1
1
1
1
2
1
1
1
1
1
2
2
1
2
1
1
1
2
1
2
77300892862
2
1
1
1
1
1
2
1
2
2
1
1
1
1
1
1
1
2
1
1
2
2
1
2
1
1
1
1
1
2
1
1
1
1
2
2
2
1
1
1
1
1
1
1
2
1
1
1
1
1
2
1
2
1
1
2
1
1
1
2
1
1
2
1
1
2
2
1
1
1
1
2
1
1
1
2
2
2
7827215441
1
2
1
1
2
2
81458514018
1
1
1
1
1
1
1
1
1
2
2
1
1
2
2
2
1
2
2
1
1
1
2
2
1
1
1
1
1
1
2
2
1
2
1
1
1
1
1
1
2
2
1
2
2
1
1
1
1
2
2
58298765173
1
2
2
2
2
1
2
2
99339595041
1
1
83244190855
1
1
1
1
1
1
1
1
2
1
1
2
2
1
1
1
2
1
1
1
1
1
1
2
1
1
2
1
1
1
1
1
2
1
1
2
1
1
2
1
1
2
2
1
2
1
1
1
1
1
1
1
1
1
2
2
2
67493786196
1
1
1
2
1
1
1
2
90482423134
2
1
2
1
49956995256
1
2
2
2
1
2
1
2
1
1
2
1
1
2
1
1
1
1
2
2
1
2
1
1
2
1
2
1
1
2
1
1
1
1
1
1
1
2
76319827910
1
1
2
2
2
2
2
1
2
2
2
2
2
1
1
1
2
2
2
2
1
1
2
2
1
1
1
1
2
2
1
2
1
1
1
1
1
2
1
1
2
1
2
2
2
2
1
1
1
1
1
1
1
1
1
1
1
1
2
1
1
1
1
2
1
1
1
2
2
2
1
1
2
1
1
2
1
1
1
1
1
1
2
2
1
1
1
1
1
2
2
1
1
1
1
1
2
2
2
1
2
35337990227
1
2
2
2
1
1
1
5754581210
1
2
1
1
1
2
2
1
2
2
2
1
1
2
1
1
1
2
1
1
2
1
2
1
2
1
1
2
2
2
2
1
1
1
1
1
1
1
2
2
1
1
2
1
2
1
1
1
2
1
1
1
1
1
2
1
2
2
2
2
1
2
1
2
2
1
2
2
1
1
2
1
1
1
1
2
1
1
1
1
1
2
2
1
2
2
1
2
1
2
1
1
1
1
1
2
2
1
1
1
2
2
1
1
2
1
2
1
1
1
1
1
1
1
1
1
1
1
2
2
2
1
2
1
1
1
1
75378885907
1
2
1
1
87643544735
2
1
2
1
1
2
1
1
1
2
2
1
1
1
92731005947
2
1
2
2
2
1
1
1
2
1
1
1
1
1
2
1
98236735661
2
2
1
1
1
2
1
2
91146378604
2
2
1
2
2
2
2
1
1
1
1
1
1
1
2
1
65550072129
1
2
1
1
1
27069158425
1
1
1
1
2
2
2
2
1
1
2
1
2
1
1
1
2
1
1
2
1
2
2
2
1
1
1
2
1
1
72419893765
1
1
2
2
2
1
2
1
2
1
1
1
1
1
1
2
1
2
1
2
2
1
2
1
1
2
1
1
1
2
2
1
2
1
1
2
1
25821483222
83268376190
2
2
1
2
23733438322
2
2
1
2
2
1
1
1
1
1
1
1
1
1
1
1
1
1
1
2
1
1
1
1
1
1
1
1
1
2
1
2
2
1
1
2
2
2
1
1
2
2
1
1
1
1
1
1
1
1
1
1
1
2
2
1
2
1
1
2
1
1
1
2
1
2
1
1
1
50649874217
1
1
1
2
94165303347
1
1
2
1
1
1
1
1
2
2
2
2
1
2
1
1
1
1
1
1
1
2
2
1
2
2
1
1
1
2
1
1
1
2
2
1
1
2
1
1
1
1
2
1
2
2
2
2
1
1
1
1
70930529916
1
1
2
1
1
40885666040
2
45023211930
2
1
1
1
1
1
1
49926759411
2
2
1
1
1
2
1
2
1
1
1
1
2
2
1
1
1
1
2
1
1
1
2
1
2
1
1
2
2
1
85861414167
1
2
2
1
2
2
1
1
2
2
24833277803
1
1
1
1
80612122807
66500887829
1
1
2
1
1
2
1
1
1
2
1
1
2
39235888593
1
2
1
1
2
1
1
1
2
1
1
94623350639
1
1
1
1
2
2
1
1
2
2
2
1
1
1
2
1
1
2
1
1
1
1
2
1
2
1
2
1
2
2
1
2
1
2
1
1
2
2
2
1
1
1
2
1
1
12692653865
1
1
1
1
1
1
1
2
1
1
2
1
1
1
1
1
1
1
1
1
1
1
2
1
2
2
2
1
1
2
2
2
1
1
2
1
87423248764
1
2
2
1
1
2
1
1
1
2
2
2
2
1
1
1
1
2
1
1
1
1
1
1
1
1
1
1
2
2
2
1
2
1
47819298207
1
1
1
81135534316
1
1
2
2
2
1
1
2
1
1
1
1
1
2
1
1
1
1
1
1
1
2
1
1
1
2
1
1
1
1
1
1
2
2
1
1
1
2
2
1
1
1
1
1
5461429408
1
1
2
1
1
1
1
1
1
1
1
1
1
1
2
2
2
1
1
2
2
3699201066
1
2
75276338848
2
1
2
2
1
2
2
1
2
1
2
1
1
2
2
1
1
1
1
1
1
2
2
1
1
2
20429541086
1
1
2
1
2
1
2
1
1
1
1
2
1
1
1
2
2
1
1
1
1
1
2
1
2
2
2
1
1
1
2
1
1
1
2
1
1
1
1
1
1
1
1
1
1
2
2
12689859119
1
1
1
1
2
1
1
2
2
1
1
1
1
1
19593271248
1
2
1
1
1
2
1
1
1
1
2
1
1
2
2
1
2
2
1
1
1
2
2
1
2
1
1
1
2
2
1
1
1
1
1
1
2
1
1
1
1
2
1
1
1
1
2
1
1
2
1
2
1
2
1
1
1
1
1
1
1
1
2
1
1
1
1
1
2
2
1
1
1
2
1
2
1
2
2
1
1
1
2
1
1
1
1
1
1
1
1
1
2
2
93637480707
1
1
2
2
1
1
1
1
2
1
1
2
2
1
1
1
1
2
1
1
2
2
1
1
2
1
1
1
1
1
1
1
1
2
2
2
2
1
1
1
2
2
1
2
2
1
2
1
2
2
1
2
1
2
1
1
1
1
1
1
1
1
1
1
1
1
2
1
1
1
2
2
2
1
2
2
2
1
2
1
2
1
1
2
1
1
1
1
1
1
1
2
1
1
2
1
1
2
64918869874
1
1
1
2
1
1
2
1
1
1
1
1
1
2
1
2
2
2
2
1
2
2
1
1
1
2
1
1
1
2
2
2
2
1
86712247248
2
2
1
2
2
1
1
2
1
1
1
1
2
2
1
1
2
1
1
2
1
1
2
1
2
2
1
2
2
2
1
2
1
1
1
1
1
1
1
1
1
1
2
1
1
1
1
1
1
2
1
1
1
2
1
2
1
2
37401308579
2
99252140114
1
1
1
1
2
1
1
1
1
1
1
2
1
1
2
89535244691
2
2
1
2
1
1
2
1
2
46922572227
1
1
1
1
2
1
1
1
1
2
1
1
1
1
1
2
2
1
1
1
1
2
2
2
2
1
1
1
1
1
1
1
1
2
2
1
1
1
1
1
1
1
1
1
2
2
1
2
2
1
2
1
1
1
2
2
2
12770516029
2
1
1
1
1
1
2
1
2
1
24575714427
2
1
2
1
1
1
1
1
1
1
2
1
1
1
1
1
1
1
1
1
1
2
1
1
1
1
1
2
2
1
1
1
2
97959241531
71797640406
2
1
1
2
1
2
1
1
2
2
1
2
1
2
2
2
1
1
55491136853
1
1
2
1
1
2
1
1
2
3131521759
1
1
1
1
1
1
2
1
1
1
1
1
1
1
1
2
1
1
1
2
1
2
6224846377
2
2
1
1
2
1
1
1
2
1
1
2
1
2
1
1
2
2
1
1
2
2
1
2
1
1
1
2
2
1
2
2
1
2
1
1
1
2
2
1
95624319410
2
1
1
1
1
2
1
2
2
2
1
2
2
1
1
2
1
21845087154
2
2
1
1
1
1144394688
1
1
1
1
1
2
2
1
2
1
2
1
1
2
1
1
1
1
1
2
1
2
2
2
1
1
2
1
1
1
1
2
2
2
1
1
1
25475445251
2
1
1
2
2
1
1
2
1
1
1
2
2
1
1
1
1
1
1
1
1
2
1
1
1
1
2
87051381262
2
1
1
1
1
1
1
2
1
1
2
2
2
2
1
1
2
1
1
1
1
1
1
1
2
1
1
2
1
1
1
1
1
35611392736
1
97360968560
2
2
1
1
1
1
2
2
2
1
1
1
2
1
1
2
2
25586564486
1
1
2
2
1
1
1
2
2
1
1
1
1
1
1
1
2
2
1
1
1
2
1
2
1
1
1
1
2
2
2
1
1
1
1
1
1
3344930904
2
2
1
1
1
2
2
2
2
1
1
2
2
1
1
2
1
1
2
1
2
2
2
1
1
2
1
2
1
2
2
1
1
1
1
2
1
2
4404014012
2
1
2
1
2
2
1
70841840354
2
1
1
1
1
2
2
1
1
1
1
1
2
2
1
2
1
1
1
1
1
1
1
1
2
1
2
1
2
2
2
1
1
1
1
1
1
2
1
1
1
68070011157
1
1
1
1
1
2
1
1
1
1
1
2
1
1
1
1
1
1
2
1
2
1
1
2
2
1
2
1
1
1
71739984934
1
1
2
2
1
2
1
1
2
1
2
1
1
1
1
1
1
2
2
1
1
1
1
1
1
1
2
2
1
1
1
1
2
1
1
2
2
1
2
1
1
1
1
1
2
1
1
1
2
2
2
1
1
1
1
1
1
2
1
2
2
2
1
1
2
1
1
1
1
2
2
1
1
1
1
1
1
2
2
2
2
1
2
1
1
1
1
2
1
2
1
2
2
1
1
1
1
1
1
51328906665
2
2
1
2
1
1
1
1
2
1
1
1
1
1
1
1
2
1
1
1
1
66913826527
1
1
2
1
2
1
1
2
1
76888357225
1
2
1
74961735361
2
1
2
2
1
1
2
2
1
2
1
1
2
1
2
1
1
1
2
2
2
2
2
1
1
1
2
2
2
2
1
1
1
16458531112
1
2
1
1
1
1
1
2
1
2
1
1
2
1
2
1
1
1
1
1
1
2
2
1
2
2
2
82229329368
1
1
82446347157
1
1
2
1
1
1
2
2
1
1
2
2
1
1
1
1
2
1
13217495507
2
1
1
1
2
1
2
2
1
1
2
2
53808153424
3454755705
1
1
1
2
1
1
1
1
1
2
1
1
1
1
1
2
1
1
2
2
1
1
2
2
1
1
2
1
1
1
1
2
1
1
1
2
1
2
1
1
1
1
2
2
1
1
1
1
2
1
2
1
1
1
24018108229
1
1
1
2
1
1
1
1
2
2
1
1
1
1
1
1
1
1
20025218396
1
1
1
2
1
1
1
1
1
7956113422
1
1
2
1
1
1
1
1
1
1
1
1
1
2
1
1
1
1
2
1
2
2
1
2
1
2
2
1
1
1
1
1
1
2
1
1
1
2
2
1
1
1
2
1
2
2
1
1
1
1
2
2
1
1
2
1
2
2
2
1
1
2
1
1
1
1
1
1
2
1
1
2
1
1
1
1
1
1
1
2
1
2
2
1
2
1
2
1
19649067779
1
1
1
94962885402
1
1
1
1
1
1
1
1
1
1
1
2
1
1
1
1
2
2
2
73614628117
1
1
2
1
2
1
2
2
2
2
1
2
1
1
2
2
1
1
1
2
1
1
1
2
1
2
1
2
2
1
1
1
1
1
2
2
1
2
1
2
1
1
1
1
2
2
1
1
1
1
1
1
1
1
2
2
2
1
2
2
1
1
1
2
2
1
2
1
2
2
1
1
2
2
2
2
2
1
1
2
1
1
1
2
1
32677900972
1
2
1
1
2
1
1
1
2
1
1
1
2
1
1
1
1
1
2
1
49728214226
1
1
1
2
1
2
1
1
1
1
2
1
1
1
2
2
2
1
1
1
1
1
2
1
2
2
1
1
1
1
2
1
1
2
1
2
1
2
1
1
1
1
1
1
1
1
1
2
1
1
1
39085934321
1
1
1
2
2
1
1
1
1
1
2
1
1
1
1
2
2
1
2
2
1
1
1
1
1
1
1
2
2
1
2
1
1
2
1
2
1
2
2
1
1
1
2
2
1
1
1
1
2
1
1
1
1
2
1
2
1
2
1
1
1
1
1
1
1
1
2
2
1
1
1
1
1
2
1
2
1
1
1
1
1479038218
2
1
2
1
1
2
1
1
2
1
1
2
1
1
2
2
1
1
1
1
1
1
2
1
1
2
2
2
2
22472558262
2
1
1
1
2
1
1
1
2
1
2
2
2
1
2
2
1
2
2
1
1
1
2
1
1
2
1
1
1
1
1
2
1
1
1
2
1
1
2
2
1
1
1
1
1
1
2
1
1
2
2
2
2
1
2
1
2
1
1
2
1
1
2
1
1
2
1
2
1
2
1
2
2
1
1
2
1
1
1
1
1
1
1
2
1
1
1
2
2
1
1
1
2
1
1
1
1
1
2
1
2
1
1
1
1
1
1
1
1
1
1
2
1
2
2
2
1
1
1
1
38767552180
61649817032
1
2
2
2
1
1
2
1
2
2
2
2
2
2
2
1
1
1
2
1
2
2
59793767720
1
1
1
1
1
2
2
1
2
57068382650
2
1
1
1
2
1
1
1
1
1
1
2
2
1
2
2
2
1
70724587694
1
2
1
1
2
1
1
1
1
2
2
1
1
1
2
1
1
2
1
1
1
1
1
2
1
2
1
1
1
1
2
2
1
1
1
2
2
1
1
2
1
2
2
1
2
1
1
1
1
1
1
1
1
1
1
1
1
1
1
2
2
1
1
67029426642
2
1
1
1
1
2
1
76416059993
1
2
1
1
1
1
2
2
1
1
1
1
1
1
1
2
1
1
1
2
1
1
2
2
50491183234
1
1
1
1
1
1
1
1
1
1
2
1
1
1
1
1
1
1
2
2
2
2
2
1
2
1
1
1
1975284743
33432964675
2
1
1
39728895683
1
1
1
1
1
1
2
1
1
2
1
1
1
97949839556
1
2
1
1
1
2
1
1
1
2
1
2
1
2
1
1
2
2
1
2
1
1
1
1
1
1
1
2
1
1
1
1
1
1
2
1
1
2
1
53562101344
1
1
1
1
1
1
1
1
1
2
1
1
2
2
2
1
2
2
2
1
1
1
1
1
1
1
13983371181
1
21298995365
20022978287
2
1
1
2
1
2
2
2
1
2
1
1
1
1
2
2
1
2
2
1
2
1
2
1
1
2
2
1
2
1
1
1
1
1
23600094394
1
1
76150550516
47447191012
1
1
1
1
89325361894
2
1
2
1
1
1
1
1
1
2
1
1
1
1
2048803086
1
2
1
1
1
1
2
2
2
1
1
1
1
1
1
2
1
29308009122
1
1
1
1
1
1
1
1
1
1
1
2
1
2
1
1
1
1
1
2
1
2
2
58859983619
2
2
1
2
2
1
1
1
1
1
2
2
2
2
1
1
1
1
1
2
1
2
1
1
2
2
1
1
1
1
1
2
1
1
1
1
1
1
2
2
1
1
1
1
1
1
1
1
1
2
1
68157753420
2
2
1
1
1
1
1
2
1
2
1
1
1
2
1
2
1
1
2
1
1
1
1
2
2
1
2
1
1
17842843250
2
2
1
1
1
1
2
1
99604413891
2
1
2
2
2
35431694565
2
1
1
1
2
2
1
1
2
2
1
2
1
2
1
1
1
2
1
1
2
1
1
1
2
1
1
1
1
1
1
2
1
1
2
1
1
2
1
1
2
1
2
1
2
1
2
1
1
2
1
1
1
1
1
12430689872
1
1
1
1
2
2
1
1
1
1
1
1
2
2
1
1
1
1
1
1
1
1859465453
1
1
2
1
2
1
1
1
1
1
2
1
2
1
2
2
2
1
1
1
1
1
2
1
1
1
2
2
2
1
1
1
1
1
1
1
2
2
1
2
2
2
1
2
1
1
2
2
2
1
1
1
28848558521
1
1
2
1
1
1
1
1
2
2
2
2
2
2
1
2
1
1
1
1
1
1
1
1
67520039284
2
1
1
15665121691
2
1
46188770479
2
1
1
1
2
1
1
1
2
8702269639
1
1
1
2
1
2
1
2
1
10354045360
1
1
2
2
1
1
1
2
1
1
1
2
1
1
1
2
1
2
1
2
2
1
2
1
2
2
2
1
1
1
1
2
1
1
1
1
1
2
1
1
1
1
2
2
1
1
1
2
2
1
1
1
1
2
2
2
1
11032774930
2
1
1
2
1
1
1
1
1
1
2
2
1
1
2
1
2
2
1
1
1
1
1
1
1
2
1
1
1
1
2
1
1
1
2
2
1
1
1
1
1
1
1
36357512540
1
1
1
1
1
2
1
2
2
1
1
1
56535085808
1
1
1
2
1
1
1
1
1
1
2
2
1
1
2
2
2
2
1
1
1
2
1
1
1
1
1
1
1
1
1
1
2
2
1
1
1
1
2
2
1
1
1
1
1
2
2
2
2
1
1
1
1
1
1
1
1
2
1
2
1
2
1
2
1
1
1
1
1
1
1
1
1
2
1
1
1
2
2
1
2
2
1
2
2
1
2
2
1
1
2
1
1
2
1
2
1
1
2
2
1
93439839231
1
1
1
2
2
1
2
1
1
1
1
1
2
1
2
1
1
66099708945
1
1
1
1
1
1
1
1
1
1
1
1
1
2
1
2
1
2
1
1
1
1
1
1
1
2
2
2
1
1
2
2
1
89398295613
1
1
1
1
1
2
1
1
1
1
1
1
1
1
1
1
1
1
2
2
8187932026
1
2
1
2
1
2
1
2
1
99966951066
1
2
1
1
1
1
2
1
1
1
2
2
1
1
1
1
1
2
1
2
2
1
2
1
1
2
1
1
1
1
2
1
1
1
1
1
1
1
1
2
1
1
1
1
2
1
1
1
1
2
2
1
7507471679
1
1
1
2
1
1
1
1
1
2
1
59704531908
1
1
2
1
1
1
1
2
1
1
2
1
2
1
1
2
2
2
2
1
1
2
2
1
1
1
1
1
2
2
1
1
1
2
2
1
1
2
1
1
1
1
2
1
1
1
1
2
1
2
1
1
1
1
1
2
1
32082856260
1
1
2
2
1
2
1
1
1
1
1
1
2
2
1
2
1
1
2
1
1
1
2
1
1
1
1
1
2
2
1
2
2
1
80509711655
1
1
1
1
1
1
1
1
1
1
2
2
1
13890246627
2
1
1
1
1
1
1
2
2
1
1
1
1
14799010186
34762157298
1
1
1
1
1
2
1
2
1
2
1
2
1
2
2
1
1
1
2
1
2
1
1
2
1
1
1
1
2
1
1
2
1
1
2
2
2
2
2
1
2
1
1
1
2
2
76729852147
1
1
1
1
1
2
1
1
1
1
1
1
1
2
1
1
1
1
1
1
1
1
2
1
1
2
1
1
2
1
1
2
1
1
2
2
1
1
1
22933305539
1
1
1
2
2
1
1
1
1
1
2
1
1
1
1
1
2
1
2
2
1
2
1
1
2
2
1
2
2
2
2
1
2
1
1
1
1
1
1
36504532745
1
1
1
1
2
1
1
2
2
1
23059051410
1
1
2
2
2
1
2
2
2
1
1
2
1
1
1
1
1
1
2
2
2
1
1
1
2
1
1
2
2
1
1
1
2
2
1
1
1
2
1
1
1
1
16304433200
1
1
2
1
1
1
2
2
1
2
1
1
31866294749
1
1
2
2
2
1
2
2
2
1
2
2
1
1
1
2
1
2
1
2
1
1
1
1
2
2
2
2
1
1
1
2
2
1
36895895832
1
1
2
1
2
2
2
2
2
1
22322379852
1
1
1
1
1
2
1
1
1
1
1
1
2
1
1
2
2
2
1
1
2
1
1
1
1
1
1
2
1
1
2
2
1
1
1
1
1
1
1
1
1
1
1
1
2
2
1
1
2
2
1
1
1
1
1
1
2
2
2
1
1
1
1
1
1
1
2
1
1
2
1
2
2
2
1
2
1
1
1
2
1
1
1
1
2
2
1
54627382726
1
1
2
1
1
1
1
1
2
1
1
7283209309
1
2
1
2
1
2
2
1
1
2
1
2
1
1
2
1
1
85970244932
1
2
1
1
1
1
1
2
2
1
1
1
1
1
1
2
2
1
1
1
2
1
1
1
1
1
2
1
1
1
1
1
1
1
1
1
1
1
1
1
1
69187568219
2
2
1
1
2
1
1
1
1
1
2
2
1
2
1
1
2
2
1
2
2
1
1
2
1
1
1
1
1
1
1
2
1
1
2
1
1
1
2
2
1
2
1
2
1
2
1
1
1
2
1
2
1
2
1
2
1
1
1
1
54610680466
1
2
2
1
1
1
1
1
2
2
1
1
1
1
2
2
1
2
1
1
8156136949
2
1
2
1
2
2
1
1
1
2
2
1
2
1
2
1
1
1
2
1
1
2
2
2
2
2
1
2
1
2
2
1
1
1
1
1
1
1
1
1
1
1
1
2
2
2
1
2
1143902051
1
1
2
1
1
1
1
1
1
2
1
2
2
1
1
1
1
1
1
1
1
1
1
1
1
1
1
2
2
1
2
1
1
1
2
1
1
1
2
1
1
1
1
2
1
1
1
1
2
2
1
1
2
1
1
1
2
1
2
1
1
1
1
2
2
1
2
72448444872
1
2
2
1
1
2
2
2
2
1
2
2
1
2
2
1
2
2
1
2
1
2
1
1
1
2
2
1
2
1
2
1
1
1
2
1
2
1
1
1
1
2
2
1
1
1
1
1
2
1
1
1
1
1
2
2
2
2
1
2
1
1
1
1
1
2
1
1
2
1
1
1
1
1
1
1
1
1
1
1
1
1
2
1
1
2
1
2
1
1
1
2
2
25095307453
1
2
1
2
1
2
1
2
2
1
1
1
1
1
1
2
2
1
2
1
1
1
2
2
55725516267
1
1
1
1
1
1
1
1
2
1
1
1
1
1
83566294072
1
2
1
2
1
2
1
1
2
1
1
1
1
1
1
1
1
1
2
1
1
1
1
2
1
1
2
1
1
2
1
1
1
2
2
2
2
1
2
1
2
2
2
2
1
1
1
1
1
1
1
1
1
1
1
2
1
1
1
1
1
1
1
1
2
2
1
1
1
1
2
1
1
1
1
1
1
1
2
1
1
1
1
1
2
1
1
1
1
1
1
2
1
1
1
1
1
1
1
1
1
1
1
1
1
1
1
2
21295463379
2
1
2
1
1
1
1
1
1
1
54568363080
1
2
1
1
1
2
1
1
1
2
1
1
1
1
1
1
2
1
1
1
1
1
2
2
2
2
1
2
1
1
1
1
2
1
1
1
1
1
86354642722
1
2
2
2
2
1
1
1
1
2
2
2
1
1
2
1
1
1
2
1
1
2
2
2
1
2
1
2
2
2
1
1
1
1
1
1
1
2
2
1
1
1
2
1
2
1
2
2
1
1
1
1
1
2
2
2
2
1
1
1
1
1
2
1
2
2
1
2
2
25348281887
1
2
1
1
1
2
2
1
1
1
1
2
1
1
1
1
2
2
1
2
1
1
2
1
1
2
2
1
2
2
1
1
2
1
2
1
1
1
25306194506
2
1
2
1
1
2
1
2
2
1
2
2
2
2
1
1
1
1
1
2
2
1
1
1
2
1
1
1
1
2
2
1
1
1
2
2
2
1
2
1
1
1
1
2
1
1
2
1
1
2
1
1
1
1
1
2
2
2
1
69721480014
1
2
2
2
1
1
1
1
1
1
1
1
1
1
1
2
1
1
1
1
1
1
2
1
2
1
2
1
1
2
1
1
1
2
97921685054
1
1
2
1
1
2
1
1
2
1
2
2
1
2
1
2
1
30769455244
2
1
1
1
1
2
1
1
2
1
2
2
1
2
1
1
2
48349431317
1
2
1
1
1
2
1
1
1
1
1
2
2
1
1
2
1
1
1
2
2
1
2
1
2
1
2
1
1
1
2
2
1
1
1
4195924182
2
1
1
2
1
2
1
1
1
2
1
1
2
1
1
1
1
2
1
2
27898079128
3125367066
1
1
1
1
1
1
1
1
90490136290
1
2
2
1
1
2
1
1
1
1
2
2
1
1
1
1
1
2
2
1
1
1
1
1
1
2
1
1
1
2
1
1
2
1
1
1
2
2
2
1
2
1
2
2
1
2
2
1
1
2
1
34738206631
1
1
1
1
1
2
2
2
67500218328
1
1
2
1
1
2
1
1
1
1
1
2
1
2
1
1
1
1
1
2
1
2
2
2
1
2
1
1
2
2
2
1
1
1
1
1
1
1
1
1
29126679561
1
1
1
1
1
1
1
2
2
1
8690132901
1
1
1
2
1
1
1
1
1
1
1
2
1
2
1
1
2
2
1
1
1
1
1
2
1
1
1
1
1
1
2
2
2
1
1
2
2
1
1
1
1
2
1
1
2
2
1
2
1
2
2
1
2
1
1
1
1
2
1
1
1
1
1
1
1
1
1
2
1
1
1
1
2
1
2
1
1
2
2
1
2
2
2
1
1
1
2
2
2
1
1
1
1
1
1
1
1
2
1
1
1
1
1
1
1
1
1
1
2
2
1
1
2
2
2
2
1
2
1
1
2
1
1345815404
1
2
1
2
2
1
1
2
1
1
2
2
1
1
1
1
2
1
2
1
1
1
1
2
1
2
1
2
1
1
1
2
1
1
2
1
1
1
1
2
1
1
2
1
1
1
1
1
1
1
1
1
2
1
1
2
2
1
1
1
1
1
1
2
2
2
1
1
1
2
1
2
1
2
1
1
2
1
1
1
2
1
2
1
2
2
1
2
1
2
1
1
2
1
1
1
1
1
1
1
2
1
2
2
1
1
1
1
2
2
1
1
1
1
1
2
1
1
1
1
1
1
1
2
2
2
1
1
1
1
1
2
1
1
17844714896
1
1
1
1
1
2
1
1
2
1
1
1
1
1
2
1
1
1
60927903320
2
1
1
1
2
1
2
1
1
87737803022
2
1
1
1
1
2
9990433615
1
2
2
2
1
2
1
33009439339
1
1
1
2
1
1
1
1
1
1
1
2
1
1
2
1
1
1
1
1
1
1
2
1
1
1
1
1
26636978816
1
1
2
1
1
1
2
1
2
1
2
2
1
1
1
1
1
1
1
1
1
1
2
1
1
2
1
1
2
1
2
2
1
91091509439
2
1
1
2
1
1
1
1
88260585132
1
1
2
2
2
2
1
2
1
1
2
1
2
2
1
1
2
1
2
2
1
1
2
1
1
2
1
1
2
1
1
1
1
2
1
2
1
1
1
1
1
1
1
1
1
2
90786895407
1
2
1
1
98180333236
1
1
1
1
1
1
2
1
2
1
1
1
1
1
1
1
2
1
2
75599805753
1
2
1
1
1
1
1
1
1
1
1
1
1
1
2
2
2
1
2
1
2
1
2
1
2
1
1
1
1
1
2
1
1
2
1
23725350669
1
2
2
1
2
1
2
1
2
2
2
2
2
1
1
2
2
1
1
65775559140
2
1
2
1
1
1
1
1
1
2
1
1
1
1
2
2
2
1
1
2
1
2
2
1
2
79361867790
2
1
1
2
2
1
1
2
2
1
2
1
2
1
1
1
1
1
2
1
1
1
2
1
2
2
1
1
2
1
1
1
2
2
1
1
1
2
1
1
1
1
1
1
2
1
1
1
1
1
1
2
2
2
1
1
2
2
1
1
2
2
1
1
1
1
2
1
2
1
1
1
1
1
1
18751689770
1
2
1
1
2
1
1
1
1
1
2
1
1
1
2
1
2
1
1
1
1
2
2
1
1
2
1
1
65468966742
2
1
1
2
1
1
1
2
1
1
1
1
2
2
1
1
1
2
1
2
1
1
2
1
1
1
1
1
2
1
1
2
2
1
1
1
2
1
1
1
2
1
2
1
2
1
1
1
297422782
1
1
2
1
2
1
1
46103991731
1
2
1
2
2
1
2
1
1
2
1
1
2
1
2
1
1
1
2
27072507003
1
1
1
2
1
1
1
2
1
1
1
2
1
1
1
1
11380041415
2
2
2
1
1
1
1
2
2
2
2
1
1
1
1
1
1
1
1
1
1
2
1
1
2
2
1
1
1
2
37820974219
1
1
1
1
1
2
2
1
2
1
2
1
1
1
2
2
1
22549707689
1
2
1
1
1
1
2
85527570867
1
2
2
1
1
1
2
2
4639649261
1
2
1
2
2
2
1
1
1
1
1
1
1
1
2
2
2
1
2
1
2
2
1
1
1
2
1
1
2
1
1
1
1
1
2
2
1
1
2
1
1
2
2
2
2
1
1
1
2
2
1
2
2
1
2
1
1
2
2
2
1
1
1
1
1
2
1
1
2
1
1
1
1
1
2
1
2
1
2
1
2
1
1
1
1
1
1
1
1
1
1
1
2
1
2
2
1
1
2
1
1
1
1
51643412509
2
1
2
7522235672
2
1
2
2
2
84890217740
2
1
2
1
1
1
1
2
1
1
1
1
1
2
1
1
1
1
2
1
2
1
1
1
1
2
2
2
1
2
1
1
2
1
1
1
1
1
1
1
1
2
98727825993
1
2
1
1
1
1
1
2
1
2
1
2
1
2
1
1
1
1
24685316050
1
1
2
2
2
1
1
2
22421412862
2
1
69737930657
1
1
1
1
2
1
1
1
2
1
1
1
1
1
1
1
1
2
2
2
1
1
1
1
1
1
1
1
1
2
1
1
1
1
1
1
1
2
27756580736
1
1
1
1
1
2
1
1
1
1
1
1
2
1
1
1
2
2
2
1
1
2
2
1
66414649701
1
1
1
2
1
2
2
1
1
2
1
79153915339
1
1
1
2
2
1
1
2
2
2
1
2
1
1
1
1
2
1
1
2
1
1
1
1
1
1
1
1
1
1
2
1
2
1
1
1
1
2
1
1
2
2
1
1
1
1
1
1
1
1
1
1
1
1
2
2
2
2
1
1
1
1
1
1
2
1
2
1
1
2
1
2
1
2
1
1
1
1
2
1
1
1
1
1
1
2
1
1
1
1
1
2
2
1
1
1
1
2
1
1
2
1
1
1
1
1
1
1
2
1
2
1
1
1
2
1
1
1
1
1
2
1
2
1
2
2
1
1
1
1
1
1
1
2
1
2474755140
1
2
1
1
1
1
1
2
1
2
1
1
1
1
2
1
2
2
1
2
2
1
1
1
2
1
1
1
2
1
1
1
2
1
1
53579679924
2
1
1
1
2
2
1
1
1
1
2
1
2
2
1
2
1
1
1
1
2
1
1
2
2
2
52608851300
1
68741143665
2
2
1
1
1
2
1
1
2
2
2
2
1
1
1
2
1
2
1
1
1
1
1
1
2
1
1
1
1
1
20200659569
2
2
1
1
1
1
2
1
2
1
1
67215023301
1
2
1
1
2
1
1
1
1
1
2
1
2
2
2
2
1
2
1
2
1
2
1
1
2
1
1
2
1
2
2
2
2
2
2
1
1
2
1
1
2
1
1
1
1
2
2
1
1
1
2
2
1
1
1
1
1
1
1
1
1
1
2
1
1
1
1
2
1
1
1
1
2
2
1
1
1
1
2
1
2
2
1
1
1
1
1
1
2
2
1
1
1
2
1
2
1
2
1
1
1
1
2
1
1
1
2
1
1
2
1
22514695956
1
1
2
1
1
1
2
1
1
1
71222948372
2
1
1
2
1
2
1
1
2
1
1
1
2
1
2
2
1
1
1
2
1
1
1
1
2
2
1
1
1
2
2
2
1
2
2
2
2
1
2
2
1
2
2
1
1
1
1
2
1
1
1
1
1
1
1
1
39418495894
1
2
1
2
1
1
2
1
1
1
2
1
2
83241425082
1
1
1
1
2
1
1
1
2
1
1
1
1
1
1
1
2
1
1
2
1
1
2
2
1
1
1
1
1
2
1
1
2
2
1
1
1
1
1
2
2
1
2
2
1
1
1
2
1
1
1
2
1
1
1
1
1
1
1
1
6239971156
1
1
2
1
2
1
1
1
1
1
1
1
1
2
1
1
1
2
1
1
2
2
1
1
1
1
2
