1
2
1
1
1
1
1
2
1
1
1
1
1
2
1
1
1
2
1
1
1
1
2
1
1
1
1
1
1
60871643270
1
1
2
1
1
2
2
1
1
1
1
1
1
1
1
1
1
1
1
2
1
1
1
1
1
1
2
1
1
1
1
2
2
1
2
1
35908920919
1
1
1
1
1
1
1
1
1
1
1
1
1
1
1
2
1
2
1
1
2
1
1
2
2
1
1
1
2
1
1
1
1
1
1
1
1
1
1
1
1
1
1
1
5887906487
1
1
1
1
2
1
1
1
1
1
1
1
1
2
1
2
1
1
1
1
1
1
1
1
2
1
1
1
1
1
1
1
2
1
1
1
1
1
1
1
1
1
1
1
1
1
1
2
1
2
1
1
1
1
1
1
2
1
1
1
1
1
1
1
1
1
2
2
1
2
1
1
1
1
1
1
2
1
1
1
1
1
1
2
1
1
1
1
1
2
1
1
1
2
2
1
1
1
1
1
1
1
2
1
1
1
1
1
1
1
1
1
2
1
2
1
1
1
1
1
1
1
1
1
1
2
1
1
1
1
1
1
1
1
1
1
2
1
1
1
1
1
1
1
1
1
1
1
2
1
1
1
1
1
1
1
1
1
2
1
1
1
2
1
1
1
1
1
1
1
1
1
1
1
1
1
2
1
1
1
1
1
1
1
1
83227317813
1
2
1
1
1
1
1
2
1
1
1
1
1
1
2
2
2
1
1
1
1
2
1
1
1
1
1
1
1
1
1
1
1
1
2
1
1
1
1
1
2
1
1
1
1
1
1
1
2
1
2
1
1
1
2
1
1
1
1
1
1
1
1
2
1
2
1
2
1
1
1
2
1
2
1
1
1
1
1
1
1
1
1
1
1
1
2
1
1
2
1
1
2
48345030109
1
1
1
1
1
1
1
1
1
1
1
1
1
1
1
1
1
1
1
1
1
1
2
2
2
1
1
76385609019
1
1
1
2
1
2
1
1
90682227817
1
2
2
1
2
2
1
1
2
1
1
1
1
1
1
1
1
2
1
1
1
1
1
1
1
2
1
1
2
1
68542753423
2
1
1
1
2
1
2
1
2
1
1
1
1
1
2
1
1
1
88906047116
1
2
1
2
1
2
1
2
1
1
1
7097540464
1
1
1
1
1
1
1
1
1
2
1
1
1
72723595033
1
2
1
1
1
1
1
1
1
1
1
2
1
1
2
1
1
1
2
1
1
1
1
2
1
1
1
1
1
1
1
2
1
1
1
1
1
1
2
1
2
1
2
1
1
1
1
1
1
1
1
1
1
2
1
1
1
1
1
2
1
1
1
1
1
2
1
1
1
2
1
1
1
1
1049951430
1
56252400205
2
2
1
1
1
1
1
1
2
1
1
2
1
2
1
1
1
1
1
1
1
1
1
1
1
1
2
1
2
1
1
1
1
2
1
1
1
1
1
1
1
2
1
1
1
1
1
1
2
2
1
1
1
1
1
1
1
2
2
1
1
2
1
1
1
1
1
1
1
1
1
1
2
1
1
1
1
1
1
1
1
1
1
1
2
1
1
1
1
1
1
1
1
2
2
1
2
1
1
2
2
2
1
1
1
1
2
1
1
2
1
2
1
1
1
1
1
1
1
1
2
1
1
1
1
1
1
1
1
2
1
1
1
1
1
1
1
1
1
1
1
1
1
1
1
1
1
1
2
1
1
1
1
1
1
1
1
1
1
1
2
1
1
1
1
1
1
1
1
2
1
1
1
1
1
1
1
1
1
1
2
1
2
1
1
1
1
1
1
1
1
1
2
1
1
1
1
1
2
1
1
2
1
1
2
1
1
1
2
1
1
1
1
2
1
1
2
1
2
1
1
1
1
2
1
1
1
1
1
1
1
2
2
2
1
1
1
1
1
1
1
1
2
2
2
1
1
1
1
1
1
1
1
2
1
1
1
1
1
2
1
1
1
1
2
1
1
1
2
2
1
1
2
1
1
39124208887
1
1
1
1
1
1
2
1
1
1
1
1
1
1
2
1
98260843402
1
2
1
2
1
1
1
1
2
1
1
1
1
1
1
1
1
1
1
1
1
1
33004288108
1
1
2
1
2
43849470580
1
1
1
1
1
2
1
1
1
1
1
1
1
1
1
1
1
1
1
1
1
2
1
1
1
1
2
1
1
1
1
1
1
2
1
1
2
1
1
1
1
51055341148
2
1
1
1
2
1
1
1
2
1
1
1
1
1
1
2
2
1
1
1
1
1
1
1
1
1
2
2
1
1
1
1
86877512153
1
2
1
2
1
1
1
1
2
1
1
1
1
1
1
1
1
1
1
1
2
1
1
1
1
1
1
2
1
1
1
1
1
1
2
1
1
1
2
2
1
1
1
2
1
1
1
1
1
1
1
1
1
1
1
1
1
1
1
2
1
1
2
2
1
2
1
1
2
1
2
1
1
1607248101
1
2
1
2
2
1
1
2
38444358815
1
1
1
1
1
1
1
1
1
1
1
1
1
1
2
1
1
1
1
2
1
1
2
2
1
1
1
1
1
1
1
1
1
2
1
1
1
1
1
1
1
1
1
1
1
1
1
1
60797729105
2
2
1
1
1
2
1
1
1
1
1
1
1
2
1
1
1
2
1
1
1
1
1
1
1
2
2
1
1
1
1
1
1
2
1
1
1
1
1
2
1
1
1
1
1
1
70147564807
1
1
1
2
2
2
1
1
1
1
1
1
1
1
1
1
1
1
1
1
1
1
1
2
1
1
1
2
1
1
1
1
1
2
1
1
1
1
1
1
1
1
1
1
1
1
1
1
1
87466885781
2
1
1
1
1
2
1
1
1
1
1
1
1
1
1
1
2
1
1
1
1
1
1
1
1
2
2
1
1
1
2
1
1
1
1
2
1
2
2
1
1
1
1
1
1
2
1
1
1
1
1
8114041139
1
2
2
1
1
1
1
1
1
1
1
1
1
1
2
2
1
1
1
1
2
1
1
1
1
1
1
2
2
1
1
1
1
1
2
1
2
1
1
1
1
1
1
1
1
1
1
1
1
2
1
1
1
1
2
1
1
1
1
1
2
1
1
1
2
1
1
1
1
1
1
1
1
1
1
1
1
1
2
1
1
1
1
1
1
1
1
1
2
1
1
1
1
1
1
1
1
1
1
1
1
1
1
1
1
1
1
1
2
1
2
1
1
1
1
2
1
1
1
1
1
2
1
1
1
2
2
1
1
1
1
1
1
1
1
1
76917277180
1
1
1
1
2
1
1
1
1
1
1
1
2
1
1
2
1
1
1
1
1
1
1
1
1
1
1
1
1
2
1
1
1
1
23110551986
1
2
1
1
1
1
2
2
1
1
1
2
1
1
1
2
1
1
1
2
2
1
1
2
1
1
1
1
1
2
1
1
1
1
1
1
1
1
1
1
1
1
2
1
1
2
1
1
1
1
2
1
1
1
1
1
1
1
1
1
1
1
1
1
2
1
2
1
1
1
1
1
1
1
2
1
1
1
27564715849
1
1
1
2
1
1
2
1
1
1
1
1
1
2
1
1
1
1
2
1
2
2
2
1
2
1
1
1
1
1
2
1
1
86962533691
1
2
1
1
1
1
1
1
2
1
1
2
1
1
1
1
1
2
1
1
2
1
1
1
1
2
1
1
1
1
1
1
1
44188842558
1
1
1
1
1
1
1
2
1
1
1
2
1
1
2
1
2
1
2
1
1
1
1
2
1
1
1
1
1
1
1
1
1
1
1
1
1
1
1
2
1
1
2
1
2
1
1
1
1
1
1
1
1
1
1
1
1
1
1
1
1
1
1
1
1
1
1
1
1
2
1
2
2
1
1
2
1
1
1
1
1
1
1
1
2
1
71041051985
1
1
1
2
1
1
1
1
1
1
1
1
1
2
2
1
2
1
1
1
1
1
1
2
1
1
1
2
1
1
1
2
1
1
1
1
1
1
2
1
1
1
1
2
1
1
1
1
1
1
1
1
2
1
2
2
2
1
1
1
1
1
1
16440331602
13737205784
1
1
1
1
1
1
1
1
1
1
1
1
1
1
1
1
2
1
1
1
1
1
1
1
1
1
1
1
2
1
2
1
1
2
1
1
1
2
1
1
1
1
1
1
1
2
1
1
1
1
1
1
1
7501937567
1
1
1
88684082509
1
1
1
1
1
1
1
1
69123821846
84799574100
1
1
1
2074503915
1
12875912681
1
1
1
1
1
1
1
1
1
1
1
1
1
1
2
1
1
1
1
2
1
1
1
2
1
1
1
1
1
1
63201081840
2
1
1
1
1
1
1
1
1
2
2
1
1
1
1
1
1
1
1
1
1
1
2
1
1
1
1
1
1
1
1
1
1
1
1
1
1
1
1
1
2
1
1
1
1
1
1
1
1
1
1
1
1
1
1
2
1
1
1
1
1
1
2
1
1
1
1
1
1
2
1
1
1
1
2
1
1
1
1
1
2
1
1
2
1
99678531634
1
1
1
1
1
2
1
1
1
35247231146
1
2
2
1
1
1
1
2
1
1
1
1
2
1
23475600181
1
1
1
1
1
1
1
1
1
2
1
2
1
1
1
2
1
1
1
1
2
1
2
2
1
1
2
1
1
1
1
2
1
1
1
1
2
2
2
2
1
1
1
2
1
1
45391766346
1
1
1
2
9534181197
1
1
1
2
1
2
1
1
1
1
1
1
83600135460
1
2
1
1
1
2
1
1
1
1
1
1
1
49459497548
1
2
2
1
1
1
1
1
1
1
1
1
1
1
1
2
1
1
2
1
1
1
1
1
2
1
1
1
1
2
1
2
1
1
1
1
2
1
1
1
1
1
2
1
1
1
2
1
1
1
1
1
1
1
1
1
1
1
1
1
64078604443
1
2
2
2
1
65561632267
1
2
1
1
1
2
1
1
1
2
1
1
1
17201475918
91172317268
1
2
1
1
1
1
1
1
1
1
1
1
1
1
1
2
1
1
2
1
1
1
1
1
1
1
30654528230
1
1
1
1
2
1
1
1
1
1
52333895544
1
1
1
1
1
1
2
63864773311
1
1
1
2
1
1
2
1
1
1
1
1
1
1
2
1
1
2
1
2
1
1
2
74559323246
1
1
1
1
1
1
2
1
1
1
1
1
1
1
1
1
1
1
1
2
1
1
1
1
1
2
2
1
1
1
1
1
1
2
1
1
1
1
1
1
1
1
1
1
1
1
2
1
2
1
1
1
1
1
1
1
1
1
1
1
1
1
1
1
1
2
2
1
1
1
1
2
1
1
2
2
1
1
1
1
1
1
1
1
1
1
1
2
1
1
1
1
1
1
1
1
1
1
2
1
1
1
2
1
1
1
66732930846
2
1
1
1
1
1
1
2
2
2
2
2
1
1
2
1
1
1
2
1
1
1
2
1
2
1
1
28993074676
1
96354991489
1
1
1
1
2
2
1
1
1
1
1
2
2
1
1
1
1
1
1
1
1
1
1
1
1
2
1
2
1
1
1
1
1
1
1
1
1
1
1
1
64829730109
1
1
1
2
1
1
1
1
1
1
1
1
1
1
1
1
1
1
1
1
1
1
1
1
1
1
1
1
1
1
1
2
1
1
1
2
1
1
1
1
1
1
1
1
1
1
2
56572159615
1
1
1
1
1
1
1
1
1
1
1
1
1
1
2
1
1
1
2
1
1
1
1
1
1
1
1
2
1
1
1
1
1
1
1
2
1
1
1
1
1
1
1
1
2
1
1
1
1
1
2
1
1
88314512064
1
1
1
1
1
1
1
1
2
1
1
1
1
1
1
1
1
1
1
1
2
1
1
1
1
1
1
1
1
2
1
1
2
1
1
1
1
1
1
1
1
1
1
1
1
1
1
2
1
42249796502
2
1
1
1
2
1
77655038875
1
1
1
1
1
2
1
1
1
2
2
1
1
1
1
1
1
2
1
88376130318
1
2
2
2
1
1
80860292901
1
2
1
1
1
2
1
2
1
1
1
1
1
1
1
1
1
2
1
1
1
1
1
1
1
1
1
1
1
1
2
1
1
1
1
1
2
1
1
1
1
1
1
1
1
1
1
1
1
1
1
1
23002612908
2
1
1
1
1
1
2
1
1
1
1
1
1
1
1
1
1
1
2
1
1
1
1
1
2
2
1
1
1
1
1
1
1
1
1
1
89337720641
1
1
1
1
1
1
1
1
1
1
1
1
1
35712925835
1
1
1
2
1
1
2
1
2
2
1
2
1
1
1
2
2
2
1
1
2
1
38747729831
1
1
2
1
1
1
1
2
1
1
2
1
2
1
2
2
1
1
1
1
1
1
1
1
2
1
1
1
1
1
1
2
1
1
2
1
1
1
1
1
1
1
1
1
1
1
1
1
2
1
1
1
1
1
2
1
1
1
1
1
1
1
1
1
1
2
2
1
1
1
1
1
1
1
1
1
1
2
1
1
1
1
1
1
1
1
1
1
1
1
1
1
1
1
1
2
1
1
1
1
1
1
1
1
1
1
1
1
1
1
1
1
1
1
1
1
1
26933267783
1
1
2
2
1
1
1
2
1
1
1
2
1
1
1
1
1
1
1
1
1
2
1
1
1
1
1
1
1
1
2
2
2
2
1
1
1
1
2
1
1
2
2
1
1
1
1
1
1
1
2
1
1
1
2
1
1
1
1
2
1
1
1
1
1
1
1
1
1
1
1
1
1
2
1
1
1
2
1
1
1
1
1
1
2
2
1
1
1
1
1
1
1
1
1
1
2
1
1
1
1
2
2
1
1
2
1
1
2
2
1
1
1
1
2
1
1
2
1
1
1
1
1
2
1
48843657973
1
1
1
1
1
1
96254435353
1
1
6618865348
1
1
2
1
1
1
2
1
72807573934
1
1
1
1
1
1
2
2
1
1
1
2
2
1
1
1
1
2
1
1
1
1
1
1
1
1
90788454498
1
2
1
1
1
1
2
1
1
1
2
2
1
2
1
1
1
1
1
2
1
2
1
1
1
1
1
1
1
2
1
1
1
1
1
1
1
1
1
1
1
1
1
1
1
1
1
2
1
1
1
1
1
1
1
1
1
1
2
2
1
1
2
1
1
1
1
1
1
1
1
1
2
1
1
1
1
1
1
1
1
1
2
1
49518237041
1
2
1
1
1
1
17696995846
1
1
2
1
1
2
1
1
2
1
1
1
1
1
1
1
1
2
1
1
1
1
1
1
2
1
1
2
1
1
1
1
1
1
2
1
1
2
1
1
1
1
1
1
1
1
1
1
1
68081680488
1
1
1
1
1
1
1
1
1
2
1
1
1
1
1
1
1
1
1
1
1
1
1
1
1
2
1
1
1
2
2
1
1
2
1
1
1
1
1
1
1
24777065305
1
1
2
1
1
1
1
1
1
1
1
1
2
1
2
1
1
1
1
1
1
1
1
1
1
1
1
1
1
1
1
1
1
1
1
1
1
1
1
1
1
1
1
1
1
1
1
1
1
1
2
1
1
2
16349619379
2
1
1
1
1
2
1
1
1
1
1
2
1
1
2
2
1
2
1
1
2
2
2
60327332646
1
1
1
2
1
1
1
2
1
1
2
51837040325
2
1
1
1
1
1
1
1
1
1
1
1
1
1
2
1
1
1
1
1
1
2
1
1
1
1
1
1
1
2
1
1
1
1
1
2
1
35038569951
1
1
1
1
1
1
2
1
1
1
1
1
2
1
1
2
1
1
1
2
1
1
1
1
1
1
1
2
2
1
1
1
1
1
1
2
1
1
1
1
1
2
1
2
1
1
1
1
1
1
1
34599708441
80191886215
1
1
2
1
1
1
1
1
2
1
1
2
1
92004860367
1
2
1
1
1
1
1
1
1
1
1
93167803668
2
2
1
1
1
1
1
2
1
1
1
1
1
1
1
1
1
1
1
2
1
2
1
1
2
2
2
1
1
1
1
1
1
1
1
1
1
2
1
1
1
2
1
1
2
2
1
1
1
1
1
1
1
1
1
1
1
1
1
1
1
1
1
1
2
1
1
1
1
1
1
1
1
1
1
1
1
1
1
1
1
2
1
1
1
1
1
1
1
2
1
1
1
1
1
1
1
2
1
1
1
1
1
1
1
1
1
1
1
2
1
1
1
1
1
1
1
1
1
1
1
2
1
1
2
2
1
1
1
1
2
2
1
1
1
2
1
1
1
1
1
1
1
1
1
1
2
1
1
2
1
2
1
1
27411342457
18774690493
1
1
1
1
1
1
1
1
1
2
1
1
1
2
1
1
1
2
1
1
2
1
1
1
2
1
1
1
1
1
1
1
2
1
1
1
2
1
2
1
1
1
1
1
1
1
2
1
1
1
1
1
1
1
2
1
2
1
1
1
1
1
1
1
1
1
2
2
1
1
2
1
2
1
1
1
1
2
1
2
1
1
90165439292
2
1
1
2
2
1
1
2
1
1
1
1
1
1
2
1
1
1
1
1
1
1
1
1
1
1
1
2
1
1
1
1
2
1
2
1
1
1
1
1
1
1
1
1
1
1
2
1
2
1
1
2
1
2
1
1
1
1
1
1
1
1
1
1
1
1
1
1
1
1
1
1
1
1
1
1
1
1
1
1
1
1
1
1
1
1
1
1
1
1
1
1
2
1
2
1
2
1
1
1
1
2
1
1
1
1
1
1
1
1
1
1
2
1
1
1
1
1
1
1
1
1
2
95940212420
1
1
1
1
1
1
1
2
1
1
2
2
1
1
1
1
1
1
1
1
1
1
1
2
1
2
1
2
1
1
1
15818599585
1
1
1
1
1
1
1
1
2
1
1
1
1
1
1
1
1
1
1
1
1
1
1
1
33349412409
1
1
1
1
1
1
1
1
1
1
1
1
1
1
1
1
1
2
1
1
1
1
1
1
1
1
2
1
46515214589
1
50725475658
1
1
1
1
1
1
1
1
85986578277
1
2
1
1
1
2
2
1
2
1
1
1
57581566209
1
1
1
1
1
1
1
1
2
1
1
1
1
1
1
1
1
1
1
1
1
1
1
1
1
1
1
2
1
1
1
2
1
1
1
1
1
1
1
1
1
1
2
1
1
1
1
1
1
1
1
1
1
1
1
2
1
1
2
2
1
1
1
1
1
1
1
2
1
1
1
2
2
1
2
1
1
1
1
72772310133
1
1
2
31567712882
1
1
1
2
1
1
1
2
1
1
1
1
1
1
1
1
1
1
2
94896863400
1
1
2
1
1
1
1
1
1
1
2
87697787528
1
1
1
1
2
1
1
2
1
1
1
1
1
1
1
2
2
1
1
2
1
1
1
1
1
1
1
2
1
1
1
1
1
1
1
2
1
1
1
1
1
2
1
1
1
1
1
1
1
2
1
1
1
1
2
1
1
1
1
1
2
1
1
1
1
1
1
1
1
2
1
1
1
1
1
1
1
1
1
2
2
2
1
1
1
1
1
1
1
1
1
1
1
1
1
1
1
1
1
1
2
1
1
1
1
1
1
1
1
1
1
1
1
1
1
64418093758
1
1
2
1
1
1
1
1
1
1
1
1
2
2
2
2
1
1
1
2
1
1
2
2
2
1
1
2
1
1
1
1
1
1
1
2
1
1
1
1
1
1
1
2
1
2
1
2
1
1
1
1
2
1
1
2
1
2
1
1
1
1
72525525930
1
2
1
1
1
1
1
1
1
2
1
1
1
1
1
1
2
1
1
1
1
1
1
1
1
49316954582
1
1
1
1
1
1
2
2
1
1
1
1
1
1
2
41669395165
1
2
1
1
1
1
1
1
2
1
1
1
1
1
1
1
1
1
1
1
2
1
1
1
1
1
1
1
1
1
1
1
1
1
1
1
2
1
1
1
1
1
1
1
1
2
2
1
1
2
1
1
1
1
2
2
1
1
1
1
1
1
1
1
1
1
1
1
1
1
1
1
2
1
1
1
1
1
1
1
2
1
1
1
1
1
1
2
1
1
1
1
1
1
2
2
2
1
2
1
1
1
1
1
1
1
1
1
2
2
2
2
1
1
1
2
1
2
1
1
1
73830103341
1
2
1
2
1
2
1
2
1
1
1
1
1
1
1
1
1
1
1
1
1
1
1
2
1
1
1
1
2
1
89454761918
1
1
1
1
1
1
1
1
1
1
2
1
1
1
1
2
1
2
1
1
1
1
2
1
2
1
2
1
1
2
1
1
1
1
2
1
2
1
1
2
1
1
1
1
1
2
1
1
1
1
1
1
1
1
1
1
1
1
1
1
1
1
1
1
1
1
1
1
1
1
2
2
1
1
1
66574700671
1
2
1
1
2
1
1
1
1
2
2
1
1
1
1
2
1
1
1
1
1
1
1
1
1
1
1
1
1
1
1
1
1
1
1
1
1
1
1
1
2
1
2
1
1
2
2
1
1
1
1
1
1
1
1
1
1
38535678170
1
1
1
2
1
1
1
1
1
2
1
1
2
1
2
1
1
1
2
1
1
1
1
2
2
1
1
1
1
1
1
2
1
1
1
1
1
1
1
1
1
1
1
1
1
1
2
2
1
2
1
1
2
1
1
1
1
1
1
1
1
1
2
1
1
1
2
1
1
2
2
1
1
1
1
1
1
1
1
2
1
1
1
2
1
1
1
1
1
1
1
1
1
1
1
1
1
1
1
1
1
1
1
1
1
1
1
2
1
1
1
1
1
1
1
1
2
2
1
1
2
2
1
2
2
2
2
1
1
1
1
1
1
1
1
1
1
2
1
1
1
1
1
1
1
1
1
1
1
1
1
1
1
1
1
1
1
1
48029137867
2
1
2
1
1
1
1
1
1
1
1
1
1
1
1
1
1
1
1
1
1
1
1
1
1
2
1
1
2
1
1
1
2
1
1
1
1
1
2
1
2
1
1
1
1
1
38781237373
1
2
1
1
1
1
1
1
1
1
1
1
1
1
1
1
80307900373
1
1
1
1
1
1
1
15410290950
1
1
1
1
1
1
2
1
1
2
1
1
1
1
1
1
23446791599
1
2
1
1
1
1
1
1
1
1
1
1
1
1
1
1
1
1
1
2
1
1
1
1
1
1
1
1
1
1
1
2
1
32424367193
1
1
1
1
2
1
1
1
2
1
1
1
1
1
1
1
1
1
1
1
2
1
1
1
21911355012
1
1
1
1
1
2
1
1
1
1
1
1
1
2
1
1
1
1
1
2
1
1
1
1
1
2
1
1
1
1
1
2
1
2
1
1
1
1
1
1
29404363687
1
1
1
1
1
1
1
1
1
1
1
1
1
1
1
2
1
1
1
1
2
1
1
1
1
1
1
1
1
1
2
25500048862
1
1
1
2
1
1
1
1
1
1
1
1
1
1
1
1
1
1
2
1
2
1
1
1
1
1
1
1
1
1
1
1
1
2
1
1
1
1
1
1
2
1
1
1
1
1
1
1
2
1
1
1
1
2
1
1
1
1
1
1
1
1
1
1
2
2
1
28215408279
2
1
1
1
1
1
1
1
1
1
1
2
1
1
1
1
1
1
2
2
1
1
1
1
1
1
1
1
2
1
1
1
1
1
1
1
1
1
1
1
2
1
1
1
1
1
1
1
1
2
1
2
1
1
1
1
1
1
1
1
1
1
1
1
2
1
1
2
2
1
1
1
1
1
1
1
2
1
1
1
1
1
1
1
1
1
1
1
1
1
1
1
2
2
1
1
1
2
1
1
2
1
1
1
1
1
2
2
2
1
1
17898180351
1
1
1
2
1
64023162362
1
1
2
1
1
2
1
1
1
1
1
2
1
1
1
2
1
1
1
1
1
1
1
1
1
2
1
2
1
1
1
1
1
1
41800867148
1
1
1
70201175070
1
1
1
1
1
15350981169
1
1
1
1
1
1
1
1
1
1
1
1
2
1
1
1
1
1
1
2
1
2
1
1
1
1
1
1
1
1
2
2
1
1
1
1
1
1
1
2
1
1
2
1
2
1
1
1
1
1
1
2
1
1
1
1
1
1
1
1
1
1
1
1
85492395520
1
1
2
1
1
1
1
1
1
1
1
1
1
1
2
1
1
1
1
1
1
1
1
2
1
8210384183
1
2
1
1
1
1
2
2
1
1
1
1
1
1
1
1
1
1
1
1
1
1
1
1
1
1
1
1
1
1
1
1
1
43309716625
1
1
1
1
1
1
1
1
1
2
1
1
1
1
1
1
2
1
1
1
2
1
2
1
1
1
1
1
1
1
1
1
2
2
2
1
1
1
1
2
1
1
1
1
1
2
2
1
2
2
1
1
1
1
1
1
1
1
1
25570564458
2
1
1
1
1
1
1
30370503313
1
1
1
67457017434
1
1
1
2
1
1
2
1
2
1
1
1
2
1
1
2
1
1
1
1
1
1
1
1
1
2
1
1
1
1
1
1
2
1
1
1
1
1
1
1
1
1
1
1
1
1
1
1
1
1
2
2
1
2
1
1
1
1
2
1
1
2
1
1
1
1
1
2
1
1
1
1
1
1
1
2
1
1
1
1
1
2
1
1
1
1
62519057667
1
1
1
1
2
1
55062539375
1
1
1
1
1
1
1
1
1
2
1
1
1
1
2
2
1
1
2
1
1
1
1
2
1
1
1
1
2
1
1
2
1
1
1
2
2
1
1
1
1
2
1
1
1
1
1
1
1
1
1
1
1
1
1
1
1
1
1
1
1
1
1
1
1
1
1
1
1
52382001929
2
2
2
1
1
1
1
2
1
1
1
1
1
1
1
1
1
1
2
1
1
1
1
1
1
1
1
1
1
1
1
1
1
1
1
1
1
1
1
1
1
2
1
1
1
1
1
1
2
1
1
1
1
1
1
1
1
1
2
1
2
1
2
1
1
2
1
1
2
1
1
1
1
1
1
1
1
2
1
1
1
1
1
1
2
1
1
1
1
1
1
2
1
1
1
1
1
1
1
2
2
1
1
1
1
1
2
1
1
14626840019
2
1
1
1
1
1
2
2
1
1
1
1
1
1
1
2
1
1
1
1
1
1
1
1
1
2
1
1
1
1
81740099966
1
2
1
1
1
2
1
84560209253
1
1
18866877153
1
1
2
1
2
1
1
1
1
1
2
1
2
1
1
93423741896
1
1
1
1
1
1
1
1
1
47070567047
1
1
1
90790275417
1
1
1
1
1
1
1
2
1
1
1
2
1
1
1
1
1
1
1
2
1
1
1
1
1
1
1
1
1
1
2
1
1
1
1
1
1
2
1
2
1
1
1
1
1
1
1
1
1
1
2
1
1
1
1
2
1
2
1
1
1
1
1
1
1
1
1
1
2
1
1
1
1
2
1
1
1
2
1
1
1
1
1
1
2
2
1
1
1
1
1
1
2
1
1
1
1
1
2
2
7826185775
1
1
2
1
1
2
1
1
1
2
1
2
1
1
1
2
1
1
1
1
1
2
1
1
1
1
1
1
1
1
1
1
1
1
1
1
1
1
2
1
2
2
1
1
1
1
1
2
1
1
1
2
2
2
1
53317573494
1
1
1
1
2
2
1
1
1
1
1
1
2
1
1
1
1
1
1
1
1
2
2
1
2
2
1
1
1
1
1
1
1
1
1
1
2
1
1
1
1
2
1
1
1
1
1
2
1
1
2
1
1
1
1
2
1
1
1
1
1
1
1
1
1
1
1
1
1
1
1
1
1
1
1
1
1
1
1
1
1
1
1
1
1
1
1
1
1
1
1
1
1
2
1
1
2
1
1
1
2
1
2
2
1
2
2
1
1
1
1
1
1
2
2
1
2
1
1
1
1
1
1
1
2
1
1
1
1
1
1
1
1
1
1
1
1
1
1
2
1
1
1
1
1
1
1
2
1
1
1
1
2
1
2
1
2
1
1
1
2
1
1
2
1
1
1
2
1
2
1
1
1
1
1
1
1
1
1
1
1
1
1
1
1
1
1
42015967103
1
2
1
1
2
1
2
1
2
1
1
1
1
1
1
1
1
1
1
1
1
1
1
97609899559
1
2
70232710771
2
2
1
1
1
1
1
1
1
1
1
1
1
1
1
1
1
1
1
1
1
1
1
2
1
1
2
2
1
1
1
2
2
1
52798014538
65774578247
1
1
2
1
1
2
1
1
1
1
1
1
1
1
1
1
1
1
1
1
1
1
1
1
1
2
1
1
2
1
1
1
2
1
2
1
2
1
1
1
1
1
1
1
1
1
1
1
2
1
1
1
2
1
1
1
23033431928
1
1
1
1
1
1
1
1
2
1
1
80209223124
1
1
1
1
1
1
2
1
1
1
1
26907271459
1
1
1
2
1
1
1
1
2
1
1
1
1
1
2
2
2
1
1
1
2
1
1
1
2
1
1
1
1
1
1
1
1
1
1
2
1
1
1
2
1
1
1
1
2
2
1
1
1
1
1
1
2
2
1
2
1
1
1
1
1
1
1
1
1
10778846845
2
1
1
1
1
1
1
1
1
1
1
1
1
1
1
1
2
1
11076698484
1
1
1
1
1
1
1
1
1
2
1
1
1
1
2
2
1
2
1
1
1
2
1
1
1
1
1
2
1
1
1
2
2
1
1
1
1
1
1
1
1
2
1
1
1
1
1
1
2
1
1
1
1
1
2
1
2
2
1
1
1
1
1
1
1
1
1
1
1
1
1
1
1
1
1
2
1
1
1
1
1
1
2
1
2
1
1
1
2
1
1
1
2
1
1
1
2
1
1
1
2
1
1
1
1
2
1
1
1
1
1
1
62456401097
1
1
2
2
1
1
1
1
2
1
1
1
1
1
1
1
2
1
1
1
2
1
1
2
2
1
1
1
1
1
1
1
1
1
1
1
1
1
1
1
1
1
1
1
2
1
1
1
2
1
1
1
1
1
1
1
1
1
1
1
2
2
1
1
1
1
1
1
1
1
1
1
1
1
1
2
1
1
1
1
1
1
2
2
1
1
1
1
2
1
1
1
1
2
1
1
2
1
2
1
1
1
1
1
1
1
1
1
1
1
1
1
1
1
1
1
1
1
1
1
2
1
1
1
83094864294
1
1
1
1
2
1
2
1
1
1
1
2
1
1
2
1
1
1
1
1
36933118427
1
1
1
2
1
1
1
1
1
2
2
1
1
1
1
1
1
1
1
2
1
1
1
2
1
1
90529083285
1
1
1
1
2
1
1
1
2
1
1
2
1
1
2
1
1
1
1
1
1
1
1
1
1
1
2
1
1
1
1
1
1
1
1
1
1
2
1
2
1
1
2
1
2
1
1
1
1
2
2
1
1
1
1
2
2
1
1
1
2
1
1
1
1
1
1
1
2
1
2
1
2
1
1
1
2
1
1
1
1
1
1
1
1
1
1
1
1
1
1
1
2
1
1
1
1
1
1
1
1
1
1
1
1
1
1
1
2
1
1
1
1
1
1
1
1
2
1
1
1
1
1
1
1
1
1
1
2
1
1
1
1
1
1
1
1
1
1
1
2
1
1
2
1
2
1
1
1
1
1
1
1
1
2
1
1
1
1
1
2
1
1
1
1
1
1
1
1
1
1
1
2
1
1
1
1
1
1
1
1
1
1
2
1
1
1
1
1
1
1
1
2
1
1
2
2
2
1
1
1
1
1
1
1
1
1
1
1
1
1
1
1
2
1
2
1
1
1
1
1
1
1
1
2
1
1
1
1
1
1
1
33095534616
2
1
1
1
1
1
1
1
1
33875923283
1
2
1
1
2
1
1
1
1
2
1
1
1
1
1
2
2
1
1
1
1
1
1
1
1
1
1
1
1
2
1
2
1
1
2
1
2
1
1
1
1
1
1
1
1
2
1
1
2
1
1
1
1
1
1
1
2
2
1
1
1
1
1
1
2
1
2
1
1
1
1
1
2
1
1
1
1
2
1
2
1
1
1
1
1
1
74291640172
1
1
2
1
1
1
1
2
1
2
1
1
2
1
54792742516
1
2
1
1
1
1
1
1
1
1
1
2
2
2
1
1
1
9208904900
1
1
2
1
1
1
2
1
1
2
1
1
1
1
1
1
1
1
2
1
1
1
1
1
1
1
1
1
1
1
2
1
2
1
1
1
1
1
1
1
1
1
1
1
1
1
1
2
1
1
1
1
1
2
1
2
2
1
1
1
1
1
1
1
1
1
1
1
1
2
1
1
1
1
2
2
1
1
1
1
1
1
1
1
1
1
1
1
1
1
1
1
2
2
2
1
1
1
1
1
1
1
1
1
1
1
1
2
1
1
1
1
1
2
2
1
1
1
1
1
1
1
1
1
1
1
1
1
1
2
1
2
1
1
2
1
1
1
1
1
1
1
1
1
1
1
1
1
1
1
1
1
1
1
1
1
1
1
1
1
1
1
1
1
2
1
1
1
1
1
1
2
1
1
2
42646539853
1
1
1
1
1
1
1
1
1
1
1
1
1
1
1
1
1
2
1
1
1
1
1
1
51994070411
1
2
1
2
1
1
1
1
1
1
1
1
1
1
1
1
2
1
1
1
1
1
2
71116814308
1
1
2
1
1
1
1
1
1
1
1
1
1
1
1
1
1
1
2
1
1
1
1
1
1
1
1
1
1
1
1
1
1
1
1
1
1
1
1
1
2
1
1
1
1
1
1
1
1
1
1
1
1
1
1
1
1
1
2
2
73678653428
1
1
1
1
2
1
1
1
1
1
2
2
1
1
1
1
1
1
1
1
1
1
1
2
1
1
2
1
1
1
1
2
1
53527721755
1
1
1
2
2
2
1
1
2
14402117655
1
1
1
1
1
1
1
1
1
1
1
1
1
2
2
1
1
1
1
2
2
1
1
2
2
1
1
1
1
2
1
1
2
1
1
1
1
1
1
1
1
2
1
2
1
1
1
1
1
2
2
1
1
2
1
1
2
1
1
1
1
1
1
1
1
1
2
1
1
1
1
1
1
2
1
1
1
1
1
2
1
1
2
1
1
1
1
2
1
65209788380
1
1
1
1
1
1
2
1
1
1
1
1
1
1
1
1
1
1
1
1
1
1
1
1
1
1
2
1
1
1
1
1
1
1
1
1
1
2
1
1
1
1
1
2
1
1
1
1
1
1
1
1
1
1
2
1
1
1
1
2
1
1
2
1
1
1
2
1
1
1
1
1
1
1
1
1
2
1
1
2
1
2
1
2
2
1
1
1
1
2
1
1
1
1
1
1
1
1
2
2
1
1
2
1
1
2
2
1
1
26356421657
1
1
1
1
1
1
1
1
2
2
1
1
1
2
1
1
1
1
2
1
2
1
1
1
1
2
1
1
1
1
1
1
2
2
1
1
1
1
2
1
2
1
1
2
1
1
1
1
1
1
1
1
1
1
1
1
1
1
1
1
1
1
1
1
1
1
2
1
1
1
1
1
1
1
1
1
47089469221
2
1
1
1
1
1
1
1
1
1
1
1
1
1
1
1
1
1
2
1
1
1
2
2
1
2
2
2
1
1
1
1
1
1
1
1
1
1
1
1
1
2
1
1
1
1
1
1
1
2
1
1
1
1
1
1
2
2
1
1
1
1
1
1
1
1
2
1
1
1
1
1
1
72111182758
1
1
1
1
49371024358
2
1
1
1
1
1
2
1
1
1
2
2
1
1
1
1
1
2
1
1
1
1
1
2
1
1
1
1
2
1
1
1
2
1
1
1
1
1
2
1
1
1
1
2
1
1
1
1
70003840745
1
1
1
1
1
1
1
1
2
1
1
1
1
1
1
2
1
1
1
2
2
1
1
1
2
1
1
1
1
1
1
1
1
1
1
2
1
1
1
1
1
2
1
1
2
1
1
4762751802
1
2
1
1
2
1
1
1
2
1
1
1
1
2
1
1
1
1
2
1
1
1
2
1
1
1
1
1
1
2
1
1
1
1
2
1
2
1
1
1
1
2
1
2
1
1
1
1
1
1
2
2
1
1
1
1
1
1
1
1
1
1
1
2
1
1
1
1
1
1
1
1
1
2
1
1
2
2
1
1
1
1
1
1
1
1
1
1
1
1
1
2
1
1
1
1
1
1
2
1
1
1
1
1
1
2
77766957536
2
1
1
2
1
1
1
1
2
1
2
1
1
1
2
1
1
1
1
1
2
1
1
1
1
1
2
1
2
1
1
2
2
2
2
1
1
1
2
1
1
1
1
2
1
2
1
1
1
1
1
1
1
1
3674945467
1
2
1
1
1
1
1
1
1
1
2
1
1
1
1
1
2
1
2
1
2
1
1
1
1
1
2
1
1
1
1
1
1
2
1
2
1
1
1
1
1
1
2
1
1
1
1
1
2
1
1
28846728853
1
1
1
1
1
2
1
2
2
1
1
1
1
1
75512030249
1
1
1
1
1
1
1
2
32666603761
2
1
1
1
1
1
2
1
1
1
1
1
2
1
1
2
1
1
1
1
1
2
1
1
1
1
1
2
1
1
1
99633256350
1
1
1
1
1
1
1
2
1
2
1
1
1
1
1
1
1
1
1
1
1
2
1
1
1
1
1
1
1
1
1
1
1
1
1
1
1
2
1
1
1
1
1
1
1
2
1
1
1
1
2
1
1
1
1
1
1
1
1
1
2
1
1
2
1
1
1
1
1
2
1
1
1
1
1
2
1
2
1
1
1
2
1
1
1
1
2
1
2
2
1
1
1
1
1
1
1
1
2
2
1
2
1
1
1
1
2
1
2
1
1
1
2
1
1
1
2
1
1
1
98102361151
1
1
1
1
1
2
1
1
1
1
2
1
2
1
1
1
2
1
1
2
2
1
2
1
1
2
1
1
1
1
41648482133
1
1
2
2
7298785507
1
2
1
1
2
1
1
1
1
1
1
1
1
1
1
1
1
1
1
1
2
1
1
1
2
2
1
1
1
1
2
1
1
2
1
1
2
1
2
2
1
1
1
1
1
1
1
1
1
2
1
1
1
1
2
2
1
1
1
11909553040
1
1
1
1
1
1
1
1
1
1
1
1
1
1
1
1
2
2
1
1
2
1
1
2
1
1
1
1
2
2
1
2
1
1
1
1
1
2
1
1
1
1
1
1
1
1
1
1
1
2
1
2
1
1
1
1
1
1
1
1
1
1
1
2
1
1
1
1
1
1
1
2
2
2
1
1
1
1
1
1
2
1
1
1
1
1
1
1
1
1
1
1
1
2
2
78213020683
1
1
1
1
1
1
1
1
2
1
1
1
2
1
1
1
1
1
1
1
2
1
1
1
1
1
1
1
1
1
1
1
1
98140186342
1
1
1
1
1
1
1
1
1
1
66705485730
17646700456
1
1
1
1
1
1
2
1
1
1
1
1
1
1
2
1
1
1
1
1
1
1
1
1
1
2
1
1
2
1
1
1
2
1
1
1
1
2
1
2
2
2
1
2
1
2
1
1
1
1
1
1
1
1
1
1
1
1
2
2
2
1
1
1
1
1
1
2
2
1
1
1
1
60811811003
1
2
1
2
1
1
2
2
1
1
1
1
1
2
2
1
1
1
1
1
1
1
1
1
1
1
1
1
30905655538
1
1
1
1
1
1
1
1
1
1
1
1
1
1
1
2
2
1
1
1
1
1
1
1
1
1
1
1
1
1
84051523491
2
2
2
1
1
2
1
1
1
1
2
2
1
2
2
1
1
2
1
1
1
1
1
1
1
1
1
1
1
1
1
1
1
1
1
1
1
1
1
1
2
1
1
1
1
1
1
1
2
1
1
1
2
1
1
1
1
2
2
1
1
1
1
51929686936
1
1
1
1
1
1
1
1
1
1
2
1
1
1
1
1
1
2
1
1
1
1
1
10075638505
1
1
1
1
1
1
2
1
1
1
2
1
1
1
1
1
1
1
5986208115
1
1
1
1
1386006017
1
1
1
1
1
1
1
1
52188662668
2
1
1
1
2
1
1
1
2
1
1
1
2
1
1
1
1
1
1
1
1
1
2
1
1
1
2
1
1
1
1
1
1
1
1
1
1
1
1
1
2
1
1
2
1
1
1
1
1
1
1
1
1
1
1
1
1
1
2
1
1
1
2
1
1
1
2
1
1
1
2
1
1
1
1
1
1
1
1
1
2
1
1
1
1
2
1
1
97264668553
1
1
1
1
1
1
2
1
1
1
1
1
2
1
1
1
2
1
1
1
2
2
1
1
1
1
1
1
1
1
2
79126360399
1
90511281412
1
2
1
1
1
1
1
1
1
1
2
1
1
1
1
2
1
1
1
1
1
1
2
1
1
1
1
1
1
2
2
1
1
1
1
1
1
1
1
1
1
1
1
1
1
2
1
1
1
1
2
1
1
1
1
1
19773563233
1
1
1
1
1
1
1
1
1
1
1
1
2
1
1
1
1
1
1
1
1
1
1
1
1
1
1
1
1
1
1
1
1
2
1
1
1
1
1
1
1
2
1
1
1
1
1
1
1
1
1
1
1
71903768608
1
1
1
1
1
1
1
2
1
1
1
2
1
1
1
1
1
2
1
1
2
66752164651
2
2
1
1
1
1
1
1
1
2
2
1
2
1
1
2
1
1
2
1
1
1
2
1
1
1
1
1
1
2
1
1
1
1
1
1
1
1
1
1
1
1
1
2
1
1
2
1
1
1
1
1
1
2
2
1
2
1
1
1
1
1
1
1
92883276175
1
1
2
1
1
1
1
1
1
1
74660395672
2
1
1
1
2
1
1
1
1
1
93423691047
1
1
2
1
1
1
2
1
1
2
1
1
1
2
1
2
1
1
1
2
1
1
1
2
1
2
1
1
2
1
1
1
1
1
1
2
1
2
1
2
1
1
1
1
1
1
2
1
1
1
1
1
87040012461
75836102881
1
1
1
1
1
1
1
1
1
1
1
1
1
1
1
1
1
1
1
1
2
2
1
1
1
1
1
1
2
1
1
1
1
1
1
1
1
1
2
1
1
1
1
1
1
1
1
1
1
1
1
1
1
1
1
1
2
1
1
1
1
1
76935554933
1
1
1
1
2
1
2
1
1
1
1
2
1
1
1
1
1
1
1
1
1
2
1
2
1
1
1
1
1
1
1
2
1
1
2
1
1
1
1
1
1
1
1
1
1
1
1
1
1
2
1
2
1
1
1
1
1
1
1
2
71925596232
1
1
1
1
1
1
1
2
1
1
1
1
1
1
1
1
2
1
1
1
1
1
1
1
1
1
1
1
1
1
1
1
1
1
1
2
2
1
1
75366005015
1
1
1
1
1
1
1
2
1
1
1
1
1
1
2
1
2
1
1
1
1
1
1
1
1
1
1
1
1
1
1
1
1
1
85818338907
1
2
1
1
1
1
2
1
1
2
1
2
1
1
1
1
1
1
1
2
1
1
1
2
1
1
1
1
1
1
1
1
1
3597091099
1
1
1
1
1
1
1
1
1
1
1
1
1
1
1
1
1
2
1
1
1
1
1
1
2
1
62968751494
1
1
2
1
1
1
1
51481550825
1
1
1
1
1
1
1
1
1
1
1
1
1
1
2
1
1
1
1
1
1
1
1
1
1
1
2
2
1
1
2
1
1
2
1
1
2
2
1
1
2
1
1
1
1
1
1
1
2
1
1
1
2
1
2
1
1
1
1
1
1
1
1
1
1
1
2
1
1
1
1
1
1
2
1
1
1
1
2
1
1
2
1
1
1
1
1
2
72200354855
1
1
1
1
1
1
1
1
1
1
1
1
1
1
1
1
1
1
1
1
73490773500
1
2
1
1
1
1
1
1
57874082884
1
2
33895802985
1
2
1
1
1
1
1
1
1
1
2
1
1
1
1
1
2
1
1
1
2
2
61670719502
2
1
2
2
1
1
1
1
1
1
1
19591295112
1
1
1
1
1
1
1
1
1
2
2
2
1
1
2
1
1
2
1
1
1
2
2
1
1
1
1
1
1
1
1
1
1
1
1
1
1
1
1
1
1
1
1
1
1
2
1
1
1
1
1
1
1
1
1
1
1
1
1
1
1
97857942641
1
94329023902
1
1
1
1
1
1
1
1
1
1
1
1
1
1
1
1
1
1
1
1
1
2
1
1
1
1
1
1
2
1
1
2
1
1
2
1
2
1
1
1
1
1
1
1
1
45445825718
2
1
1
1
1
1
1
1
1
1
1
1
1
1
2
1
2
1
1
1
1
1
1
1
1
31286877745
1
2
1
9094990366
2
1
1
1
2
2
2
1
2
1
1
2
1
1
1
1
1
1
1
1
1
1
1
1
1
1
1
1
1
1
2
1
1
1
2
1
1
1
1
1
2
1
1
86886184257
2
1
2
1
2
2
1
2
1
1
1
1
1
2
1
1
1
1
1
1
1
56840293406
1
1
1
1
1
1
1
1
1
1
1
1
1
1
1
2
1
2
1
2
1
1
1
1
1
1
1
1
1
2
1
1
1
1
1
1
2
1
1
1
1
1
1
1
1
1
1
2
1
1
1
1
1
1
1
1
1
1
1
1
1
1
1
1
1
2
1
1
1
2
1
1
1
1
1
1
1
1
1
1
1
1
1
2
1
1
1
1
1
1
1
1
1
1
1
1
1
1
1
1
1
1
1
1
1
1
1
1
1
1
2
1
1
1
1
1
1
1
1
2
1
2
1
1
1
1
1
1
2
1
1
1
2
1
1
1
2
1
1
1
1
1
2
1
2
1
67477279288
1
1
1
2
1
1
1
1
2
2
1
2
2
2
1
1
1
52298745202
1
1
1
1
1
1
1
1
1
1
1
1
2
2
15825731225
1
1
1
1
2
1
2
2
1
1
1
1
1
1
1
1
1
1
1
1
1
1
1
1
1
1
1
1
2
1
2
1
1
2
1
1
1
1
1
1
1
1
1
1
2
54054117616
1
1
1
1
1
2
1
2
1
1
2
2
1
2
1
2
1
1
2
1
1
1
1
1
1
2
1
1
1
1
2
2
1
1
1
17696495645
1
1
1
1
1
1
1
1
2
1
53486222361
1
2
1
1
1
1
2
1
68702287995
1
1
1
2
2
1
1
2
1
1
2
1
2
2
1
1
1
1
1
2
1
1
2
1
2
1
1
1
1
1
1
1
1
1
2
1
1
1
1
2
1
1
1
1
1
1
1
1
1
1
1
1
1
1
1
1
1
1
1
2
1
1
1
1
1
1
2
1
1
2
1
1
1
2
2
1
1
1
1
1
2
1
1
1
1
2
1
1
2
2
1
1
2
2
1
2
1
1
2
2
1
1
1
1
1
2
1
1
7254863085
1
2986240403
85057566480
1
1
1
2
1
1
1
64794824847
1
1
1
1
1
1
1
2
1
1
1
1
1
2
2
1
1
1
2
1
1
2
2
1
2
1
1
2
1
31980167320
2
1
1
2
1
1
2
1
1
1
1
1
1
903874417
2
1
2
1
2
1
35546107196
1
1
1
1
2
1
1
2
1
2
1
1
1
1
2156902321
1
1
1
1
1
1
1
2
1
1
2
1
1
2
1
1
1
1
2
1
1
1
1
1
1
1
1
1
1
1
1
1
2
53751222004
1
1
1
1
1
1
2
2
1
2
1
2
1
1
2
1
1
1
1
1
1
1
1
1
1
2
1
2
1
2
1
1
1
1
1
1
2
1
1
1
1
2
1
1
2
1
1
2
1
2
1
2
1
1
1
1
1
2
1
2
1
1
1
1
1
3507602032
1
1
2
2
1
1
1
2
1
1
1
2
1
1
1
1
2
1
1
1
1
1
2
1
1
1
1
1
1
11783982143
1
1
2
1
1
1
1
1
1
1
1
27942794309
1
2
1
1
1
2
1
1
2
2
2
1
1
1
1
1
1
1
1
1
1
1
2
1
1
1
1
2
1
2
1
2
1
1
1
1
1
1
2
1
1
1
1
1
1
1
1
1
1
1
2
1
1
1
2
1
1
1
1
1
1
1
1
1
1
1
1
1
1
1
1
1
1
1
1
1
2
1
1
1
1
1
2
1
1
1
1
1
1
1
1
2
1
1
2
1
1
1
1
1
1
1
2
1
1
1
1
1
2
1
1
1
1
1
1
1
2
2
1
1
2
1
1
1
1
1
1
1
15035564975
2
1
1
2
2
1
1
1
1
1
1
2
1
1
1
1
1
2
2
1
1
2
1
2
2
1
1
1
1
1
1
1
1
1
1
2
1
2
1
1
1
1
1
1
2
2
1
1
2
1
1
1
1
1
1
1
1
1
1
1
2
1
1
1
1
2
7547322884
1
1
1
1
2
1
1
1
1
1
1
1
2
1
1
1
1
2
1
1
1
1
2
1
1
1
2
1
1
1
1
1
2
1
1
1
2
1
1
1
1
1
1
1
1
1
1
2
1
1
1
1
1
1
1
2
2
1
1
1
2
1
1
1
1
1
2
2
1
1
1
2
1
1
2
1
1
1
1
1
1
1
2
2
1
2
1
1
1
1
87910216258
2
1
2
1
1
1
2
1
2
1
1
1
2
1
1
1
1
2
2
1
1
1
1
1
1
1
1
1
1
1
1
1
2
1
1
1
2
1
1
1
2
1
1
1
1
2
2
1
2
1
1
2
1
1
1
1
1
1
1
1
1
1
2
2
1
1
1
1
1
1
1
8997919838
1
1
1
1
1
1
1
1
1
1
1
1
2
1
1
1
2
1
1
1
2
1
1
2
1
1
1
1
1
1
1
1
1
1
1
1
1
1
1
1
1
1
2
1
1
2
1
1
1
1
1
1
2
1
1
1
1
1
1
1
1
1
1
1
1
1
1
1
1
1
1
1
1
2
73611689385
1
1
1
1
1
1
1
1
1
1
1
1
1
1
1
1
1
465382164
2
1
1
1
1
1
2
1
94648992748
1
11899214576
18344665974
1
1
1
1
1
2
1
1
1
1
1
1
1
1
1
1
1
1
1
1
1
1
1
1
45455723784
2
1
1
1
1
1
1
1
1
1
2
1
1
1
1
2
2
1
1
1
1
1
1
1
2
1
2
1
1
58770357847
1
1
2
1
1
1
1
1
1
2
1
1
1
1
1
1
1
1
1
1
1
1
1
1
1
1
2
2
1
1
1
2
1
1
1
1
1
2
1
1
2
1
1
1
1
1
1
1
2
1
1
1
1
1
1
2
1
1
1
1
1
1
1
1
1
1
1
1
1
1
1
1
1
1
2
1
1
1
1
1
1
1
1
1
1
1
2
1
1
1
2
1
1
1
1
2
1
1
1
1
1
1
1
2
2
2
1
1
1
2
1
1
2
1
2
1
1
1
1
1
1
1
1
1
2
1
1
1
2
1
2
1
1
1
1
1
1
2
13194007908
1
1
1
1
1
2
2
2
1
1
1
1
2
2
1
1
2
1
1
1
2
1
1
1
1
1
2
1
1
1
1
1
2
1
1
1
1
2
1
1
1
1
1
1
1
2
1
2
1
1
1
2
1
1
1
1
1
1
1
1
1
1
1
1
1
1
1
1
2
1
1
1
1
1
1
1
1
1
2
2
1
1
1
1
1
1
1
1
1
1
1
2
1
1
1
1
1
1
1
1
1
1
1
1
1
1
1
1
1
1
1
1
1
2
1
1
1
1
1
1
2
1
1
1
1
1
1
2
1
2
2
2
1
1
1
1
1
1
1
1
1
1
1
2
1
1
1
1
1
1
1
1
1
1
1
1
1
2
26404062984
1
1
1
1
1
2
1
62938411490
1
1
1
1
1
1
2
1
1
1
2
1
1
1
1
2
86668921829
24635152472
2
1
1
1
1
44262447523
1
1
1
1
1
1
1
1
2
1
1
1
2
2
1
1
1
1
1
2
1
1
1
2
1
1
1
19867403146
1
1
1
2
1
28155013984
1
1
2
1
1
1
1
1
1
1
2
1
1
1
1
1
1
1
1
1
1
98880416085
1
1
1
2
2
1
2
1
2
1
1
1
1
1
1
2
1
1
1
1
1
1
1
1
1
1
1
1
1
1
1
2
1
42867690194
1
2
1
1
2
2
1
1
1
1
1
1
1
1
1
1
2
1
2
1
1
1
1
1
1
1
1
1
1
2
2
1
1
1
1
1
1
1
1
1
1
2
1
1
2
1
2
1
1
1
2
2
1
1
1
1
1
1
1
1
1
1
1
1
1
1
1
1
1
1
1
2
1
1
1
1
1
1
1
2
2
2
1
1
1
1
1
26130997402
1
1
2
1
1
2
2
1
1
1
1
1
1
1
1
1
1
1
1
1
2
1
1
1
1
2
1
1
1
1
1
1
1
1
1
1
1
1
1
1
2
2
1
1
1
1
2
1
1
1
1
1
1
1
1
1
1
2
1
1
2
1
2
1
1
1
1
1
1
1
1
1
1
1
1
1
1
1
2
1
1
2
1
1
1
2
2
2
1
2
91022241718
1
1
2
1
1
1
1
1
1
1
1
1
1
1
1
1
1
1
1
1
1
1
2
2
1
1
2
1
1
1
1
1
1
1
1
2
1
2
37535994338
2
1
1
1
1
1
1
1
2
1
1
1
2
1
2
2
1
1
2
1
1
2
1
1
1
1
1
1
1
1
1
1
1
1
1
2
1
1
1
1
1
1
1
1
1
2
2
1
1
1
1
1
1
1
1
2
2
2
1
2
1
1
1
2
1
1
2
1
1
2
1
2
2
1
1
1
1
1
1
1
1
2
1
1
1
2
1
1
1
1
1
1
1
1
1
1
1
2
2
1
1
2
1
1
1
1
1
1
1
1
1
1
1
1
1
1
1
1
1
1
1
2
1
1
1
1
1
1
1
2
1
1
1
2
34433229623
1
2
1
1
1
1
2
1
1
2
1
2
1
1
1
1
2
1
1
1
1
1
1
1
1
68201528679
1
1
1
1
1
1
1
1
2
1
2
1
1
2
1
1
1
2
1
1
1
1
1
2
2
1
1
2
1
1
1
1
1
1
1
1
1
1
1
1
1
2
1
1
1
1
1
1
2
1
17741901470
1
1
1
2
1
1
1
1
1
1
1
1
1
1
1
1
1
1
1
1
1
1
1
1
1
1
1
1
1
2
1
1
1
1
61066833274
1
1
2
1
1
1
1
1
1
1
93889018051
2
1
2
1
1
1
2
1
1
1
1
1
1
1
1
1
1
2
1
1
1
2
1
1
2
1
1
1
2
70667249479
1
1
2
2
1
1
1
2
1
79169028669
1
1
1
1
1
2
1
1
1
1
1
1
2
1
1
1
1
1
1
1
1
1
1
1
1
2
1
1
1
1
1
1
1
1
1
1
2
1
1
1
1
1
1
1
1
1
1
1
1
1
1
1
2
1
1
1
1
1
1
2
1
2
1
1
1
1
1
1
1
1
1
1
2
1
1
1
1
1
1
1
1
1
1
1
1
2
1
1
1
1
2
1
1
1
1
1
2
1
1
1
1
2
1
1
1
1
2
1
2
1
2
1
1
1
1
1
1
2
1
1
1
1
1
1
1
1
1
1
1
1
1
1
2
1
1
1
1
1
1
2
1
2
1
1
1
1
1
1
1
1
1
1
1
1
1
1
1
1
1
1
1
1
1
1
1
1
1
1
1
1
1
1
1
1
1
2
1
2
1
1
1
1
1
1
2
2
1
1
1
1
2
1
1
1
1
1
2
2
1
1
1
2
1
1
1
1
1
1
1
1
1
1
2
1
1
40606365659
1
1
1
1
1
1
1
1
1
1
1
1
1
1
1
1
1
2
1
1
1
1
2
1
7069885718
1
1
1
1
2
1
1
1
2
1
1
1
1
1
1
1
1
1
1
1
1
1
2
1
1
2
1
1
1
1
2
1
1
1
1
1
1
1
2
1
1
1
1
1
1
1
1
2
1
2
1
2
1
1
2
1
1
1
1
1
1
1
1
1
2
1
1
1
1
1
1
1
1
1
1
66497465270
2
1
1
1
1
2
1
1
1
1
1
1
1
2
1
2
1
1
1
1
1
1
1
1
2
1
2
1
2
1
1
1
1
1
2
1
1
1
1
1
1
1
1
2
1
1
2
1
1
2
1
1
1
1
2
1
1
1
1
2
1
1
1
1
1
1
2
1
1
1
1
1
2
1
1
1
1
1
1
1
1
1
1
2
2
1
1
1
1
1
1
1
1
2
2
1
1
1
1
1
1
2
1
27150748778
1
23727572000
2
2
1
2
1
1
1
1
1
1
1
1
1
1
1
1
1
1
2
1
1
1
1
2
1
1
1
1
1
1
1
1
1
1
1
1
1
1
1
1
2
1
1
1
1
1
1
1
1
2
1
2
1
1
65633315710
1
1
1
1
1
1
2
2
2
1
1
1
1
1
1
1
1
1
1
1
1
2
1
1
1
1
1
1
1
1
1
1
1
1
1
1
1
1
1
1
2
1
1
1
1
1
1
1
1
1
1
1
1
1
1
1
1
2
1
1
1
1
1
1
1
1
1
1
1
1
2
1
1
1
1
1
1
1
1
1
1
1
1
1
2586567116
1
1
1
1
1
1
1
1
2
1
1
1
1
1
1
1
1
1
1
1
1
1
1
1
1
1
1
1
1
2
1
1
1
1
1
1
1
2
1
1
1
2
1
1
1
2
1
1
1
1
1
1
1
1
1
2
1
1
2
1
1
1
1
1
1
2
1
1
1
1
1
2
1
1
1
1
1
1
1
1
1
2
1
1
1
1
2
1
1
1
92009320436
1
1
1
1
1
10069565523
2
1
1
1
1
1
2
1
1
1
1
1
2
1
1
1
1
1
1
1
1
1
2
2
1
1
1
2
1
1
1
1
1
2
1
1
1
2
1
1
1
1
1
1
2
2
1
2
1
2
2
2
1
1
2
1
1
2
2
1
1
1
1
1
1
1
2
1
1
1
1
2
1
1
1
2
1
2
1
1
1
2
1
1
1
1
1
1
1
2
1
1
1
1
1
1
1
1
1
1
1
1
1
1
1
1
2
1
1
1
1
2
1
1
1
88339872290
1
1
1
82062468177
1
1
1
1
1
1
1
1
1
1
1
1
1
1
1
1
1
1
1
1
1
1
1
2
51649222854
1
1
1
1
2
1
2
1
1
1
2
1
1
1
1
2
1
88461708481
1
1
1
1
2
2
1
1
2
1
2
1
1
1
1
1
1
1
1
1
1
2
42425708445
1
2
1
1
1
1
2
1
1
2
2
1
2
1
1
1
1
1
1
1
1
1
2
1
2
1
1
1
1
1
1
50816608667
1
1
2
1
2
1
1
2
1
1
1
1
1
1
1
2
1
1
1
1
1
1
1
1
1
1
1
1
1
1
2
1
1
1
1
1
1
1
1
1
1
1
2
2
1
1
1
1
2
1
1
1
1
59109127863
1
1
1
2
1
1
1
1
1
1
1
1
2
1
17600510765
1
1
1
1
1
1
1
1
1
1
1
1
1
1
1
1
2
1
1
1
2
1
1
1
1
75121662798
1
1
1
2
1
1
1
1
2
2
1
1
1
1
2
1
1
1
1
1
1
1
1
1
1
1
1
1
1
1
1
1
1
1
1
1
2
1
1
1
1
1
1
1
1
1
1
1
1
1
1
1
1
1
1
1
1
1
1
53652485125
2
1
1
1
2
1
1
1
2
1
2
1
1
1
1
1
1
1
2
1
1
1
1
1
2
1
2
1
1
1
1
2
1
1
2
1
1
1
1
1
2
1
1
1
1
1
2
1
2
2
1
1
1
1
2
1
1
1
1
1
2
1
2
1
1
1
1
1
1
2
1
1
1
1
1
1
2
2
1
2
2
1
2
1
1
1
2
2
1
1
1
1
1
1
2
1
1
1
1
1
1
1
1
1
1
1
2
1
1
1
1
1
2
1
1
1
1
1
1
2
1
1
1
1
1
1
1
80306587692
1
2
1
1
1
1
1
1
2
1
1
1
1
1
2
1
1
2
1
1
1
1
1
1
1
2
2
1
1
1
1
1
1
1
1
1
1
1
1
1
1
2
1
2
1
1
1
1
1
1
2
2
1
1
1
1
1
1
1
1
2
1
1
1
1
1
1
1
1
1
1
1
1
1
1
1
1
1
1
1
1
1
1
2
1
1
1
2
1
1
1
1
1
2
1
1
1
1
1
1
1
1
1
1
1
2
1
1
1
1
1
2
2
1
1
1
2
1
2
1
1
1
1
1
2
1
1
1
2
1
2
2660755364
1
1
2
1
2
1
1
1
2
1
1
1
1
2
1
56078142941
2
1
1
1
1
1
1
1
1
2
1
1
2
1
2
2
1
1
1
1
1
1
1
1
17272096627
1
1
1
1
1
1
1
1
1
1
1
1
1
1
1
1
1
2
1
1
1
2
2
1
1
1
2
2
1
1
1
1
1
2
1
1
2
2
1
1
2
1
1
1
1
1
1
1
1
1
2
1
1
1
1
2
1
1
1
1
2
1
294820338
2
1
1
1
1
1
1
1
1
1
1
1
1
1
2
1
1
1
1
1
2
1
1
1
2
1
1
1
2
1
1
2
1
1
1
1
1
1
70747457249
1
1
1
1
2
1
1
2
1
1
1
1
1
1
1
1
2
1
2
1
1
1
2
1
1
1
74550668566
1
1
1
2
1
2
1
2
1
2
1
2
1
1
1
1
1
1
1
1
1
1
1
1
2
1
1
1
1
1
1
1
1
1
2
1
1
1
1
2
1
1
1
2
1
1
1
2
1
1
1
1
2
1
1
1
2
1
1
2
1
1
1
2
1
1
1
1
1
2
1
1
1
1
1
1
1
2133645546
1
1
1
1
1
1
1
2
2
1
1
1
1
1
1
1
1
1
1
1
1
1
1
1
1
1
1
1
1
2
1
1
1
1
1
1
1
1
1
1
1
1
2
1
1
1
1
2
1
1
2
1
2
1
1
1
2
2
2
1
1
1
1
2
1
1
1
1
1
1
1
1
18360577276
1
1
1
1
1
1
1
2
1
1
1
1
1
2
1
1
2
1
1
2
1
1
1
83994986354
1
1
1
1
1
1
1
1
1
1
1
1
1
2
1
1
1
1
1
1
1
2
2
1
1
1
1
1
1
1
1
1
1
1
1
1
1
1
1
1
1
1
1
1
2
1
1
1
1
1
1
1
1
20186107234
1
1
1
1
1
1
2
1
1
1
1
1
1
1
2
1
1
2
1
1
2
74291860978
2
1
2
2
1
1
1
1
1
1
1
1
1
1
1
1
1
1
1
53469662421
1
1
1
1
1
1
1
1
1
1
1
1
1
2
1
1
1
1
1
1
2
1
1
1
1
1
1
1
1
2
1
93777760806
1
1
1
1
1
1
1
1
2
1
1
1
1
1
1
2
2
1
1
1
1
1
1
1
1
1
2
1
1
1
1
1
1
1
1
2
2
1
2
1
1
2
1
1
1
1
1
2
1
1
1
1
1
1
1
2
1
2
1
2
1
1
1
1
1
1
2
1
1
1
1
1
1
1
1
1
1
1
1
1
1
1
2
1
1
1
1
1
1
1
1
1
1
1
1
1
1
1
1
1
1
1
1
1
1
2
1
1
2
1
1
1
1
1
1
1
2
1
1
1
1
1
1
1
2
2
1
1
1
1
1
2
1
1
1
1
2
1
2
1
1
1
1
1
1
1
2
1
1
1
2
1
2
2
1
1
1
1
1
1
1
1
2
1
1
1
65115598970
2
2
2
1
1
1
1
1
1
1
1
1
83318230226
1
1
1
1
1
2
1
1
1
1
2
1
1
1
1
1
1
1
2
1
1
1
50775732195
1
2
1
1
1
1
2
1
1
2
1
1
1
1
1
1
1
1
1
1
1
1
1
1
1
1
1
2
1
1
1
1
1
1
1
1
1
1
1
1
2
1
1
1
1
1
2
1
1
1
1
1
1
1
1
1
1
1
1
1
1
2
2
1
1
1
1
1
2
1
1
1
79178454414
2
1
1
1
2
1
1
1
1
1
1
1
2
1
1
68345237953
1
1
1
1
1
1
1
1
1
2
2
1
1
1
1
1
1
1
1
1
1
1
82826465569
1
2
1
1
2
1
1
1
1
1
1
1
1
1
1
54214023887
1
2
1
1
1
2
1
1
1
1
1
1
1
2
1
1
69825013886
1
1
1
1
1
1
2
1
1
1
2
1
1
2
1
1
1
1
1
1
1
1
1
2
1
1
1
1
1
1
1
1
1
1
1
1
1
1
1
1
2
1
1
1
2
1
1
1
1
1
1
1
1
1
1
2
1
1
1
1
1
1
1
1
2
1
2
1
2
2
1
1
1
1
1
1
1
1
1
1
1
1
1
1
1
1
1
1
2
1
1
1
1
1
2
1
2
1
1
2
1
2
1
1
1
1
1
1
1
1
1
1
1
1
1
1
1
1
1
1
1
1
2
1
1
1
1
1
2
2
1
1
1
1
1
1
2
2
2
1
1
2
1
1
1
1
1
1
1
2
1
1
1
1
2
15128878959
2
1
1
1
1
1
1
1
1
2
1
1
1
1
1
2
1
1
1
2
1
1
1
1
2
1
1
2
1
1
2
2
1
2
1
1
1
1
2
1
1
1
1
1
1
1
1
1
1
1
1
1
2
1
1
1
2
1
2
2
1
1
1
1
1
1
1
1
1
1
1
1
1
2
2
1
2
1
1
1
1
1
2
1
1
1
1
1
1
1
1
1
1
1
1
1
1
2
1
2
1
1
2
1
2
1
1
1
2
1
1
1
1
1
1
1
1
1
1
1
2
1
33106322437
1
1
1
1
1
1
1
75211853942
1
1
1
1
2
1
1
1
2
2
1
1
1
1
1
1
1
1
32886642145
1
2
1
1
1
1
2
2
1
1
1
1
54683092986
1
1
1
1
1
2
1
1
1
1
2
2
1
2
1
1
1
2
1
1
1
2
2
1
1
1
1
32535291047
1
1
1
1
1
1
1
2
1
1
2
2
2
1
4545988241
1
1
1
1
1
2
1
1
1
1
1
1
2
1
1
1
2
2
1
1
1
1
1
82144608552
1
1
2
1
1
1
1
1
1
1
1
1
1
1
1
1
1
1
1
1
2
2
1
1
1
1
1
1
1
1
1
1
1
1
1
1
1
1
1
2
2
1
2
2
1
1
1
1
1
1
1
1
1
2
2
1
1
1
1
1
1
1
1
1
1
1
1
1
1
1
1
1
1
90208098
2
1
1
1
1
1
1
1
1
1
1
2
1
1
1
1
1
2
1
1
1
1
1
1
1
1
1
1
1
38031869314
2
1
1
1
1
1
1
1
1
1
1
1
2
1
2
1
1
84204006716
2
1
1
1
1
1
1
1
1
1
1
1
1
1
1
1
1
2
1
1
1
1
1
2
1
1
1
1
2
1
1
1
2
1
1
1
1
1
1
1
1
1
1
1
2
1
1
1
1
1
2
1
1
1
1
1
1
1
1
1
1
1
1
1
1
1
1
1
1
1
1
1
1
2
1
1
1
1
2
1
1
1
2
8170709644
2
1
1
2
1
1
1
1
2
1
2
2
1
1
2
1
1
2
1
1
1
1
1
2
1
1
1
1
1
1
1
1
1
1
1
1
1
1
25022759325
1
1
1
1
1
1
1
1
1
2
1
1
2
1
2
1
1
1
1
1
1
1
1
1
1
1
1
1
1
1
61020933976
1
1
1
1
2
1
1
2
1
2
1
1
1
1
2
2
2
2
1
1
1
1
1
1
2
1
1
2
75031309038
2
1
1
1
1
1
1
1
1
1
2
1
1
1
1
2
1
1
1
1
2
1
1
1
2
2
1
1
1
1
1
1
1
1
1
2
1
1
1
1
2
1
1
1
1
1
1
1
1
1
1
1
1
1
1
1
1
1
1
1
1
1
1
1
1
1
1
1
1
1
1
15669577124
1
2
1
1
1
1
61471524188
1
1
1
2
1
1
1
2
2
1
1
1
1
1
1
1
1
1
1
1
1
1
1
1
1
1
1
2
1
1
1
1
2
1
1
1
1
1
2
1
1
2
1
1
1
1
2
1
1
2
1
1
1
1
2
1
1
1
1
1
1
1
1
1
1
1
2
1
2
2
1
1
1
1
1
1
1
58368283166
1
1
1
1
2
1
1
1
1
2
1
1
1
1
1
1
1
1
1
1
1
1
1
1
11904371549
2
1
1
1
1
1
1
1
1
2
2
1
88544464096
1
1
1
1
1
1
1
2
2
1
1
1
1
1
1
1
1
1
1
1
1
2
1
1
1
1
1
1
1
2
1
2
2
1
1
1
2
1
1
1
1
1
1
1
1
1
2
1
1
1
1
1
1
79585757753
2
2
1
1
2
1
1
1
1
1
1
28611926428
1
1
1
1
1
1
1
1
1
2
1
2
1
1
1
1
1
1
1
1
2
2
1
2
1
1
1
1
1
1
1
1
1
1
1
2
1
1
1
2
2
1
2
1
1
1
1
1
1
1
60074662102
1
1
2
1
1
2
2
1
1
1
1
1
1
1
1
1
2
2
1
1
2
1
1
1
1
2
1
1
1
1
1
1
1
2
1
1
1
1
1
1
2
2
1
1
1
2
1
1
1
2
1
1
1
2
1
1
1
2
1
1
1
1
2
2
1
1
1
1
1
2
1
1
1
1
2
1
1
1
1
1
2
2
1
1
2
1
1
1
1
1
1
1
1
1
1
1
1
1
1
2
1
1
1
1
1
1
1
1
1
1
2
1
1
1
1
1
1
2
2
1
1
2
1
1
1
1
1
1
1
1
1
1
1
1
1
1
1
1
2
2
1
1
1
1
1
1
1
1
1
2
1
1
1
1
1
1
1
1
1
1
1
1
2
1
1
1
1
2
1
1
1
1
1
1
2
1
1
1
1
1
1
1
1
2
2
1
1
1
1
2
1
1
1
1
1
1
2
1
1
1
1
1
2
1
1
1
1
1
1
1
1
2
1
1
1
1
1
1
1
2
1
1
1
2
1
1
1
1
1
1
1
2
1
1
2
1
1
1
1
1
1
2
1
1
2
1
1
1
2
1
1
1
1
1
1
1
1
1
1
1
1
1
1
2
1
1
1
1
1
1
1
2
1
1
1
1
1
1
1
1
2
1
83440230683
1
1
2
1
2
1
1
1
1
1
1
2
1
1
1
1
2
1
2
1
1
1
1
1
2
1
1
1
2
59123015231
1
1
1
1
1
1
1
1
1
1
1
2
1
2
1
1
1
1
35358783245
2
1
1
1
1
1
1
1
1
1
1
1
1
1
1
1
1
1
1
1
1
1
1
1
2
1
1
1
1
1
1
1
2
1
1
1
1
1
1
1
1
1
1
1
1
1
1
1
1
2
1
1
1
2
2
1
1
1
1
1
1
1
1
1
1
1
2
1
2
1
1
1
1
1
1
1
1
1
1
1
1
2
1
1
1
1
1
1
2
1
1
1
1
1
1
1
1
1
1
1
1
1
1
1
1
1
2
1
1
1
1
1
1
1
1
1
1
1
2
1
1
1
1
2
1
1
1
1
1
1
1
1
1
1
1
1
1
1
1
2
1
2
38691157421
2
1
2
1
1
1
1
1
1
1
1
1
1
2
1
1
1
1
1
1
1
1
1
1
1
2
1
1
1
1
1
1
1
1
77997956744
1
1
1
1
1
1
1
2
1
2
1
1
2
1
1
1
2
1
1
1
1
1
1
1
1
2
2
1
1
1
2
1
1
1
1
1
1
1
1
1
25315676585
1
37112114939
1
1
1
1
1
1
1
1
1
1
1
1
1
1
1
1
1
2
2
2
1
1
2
1
1
1
1
1
82098106089
2
1
1
1
1
1
1
1
1
1
2
1
1
1
1
1
1
1
1
2
1
1
1
1
2
1
1
36691242659
1
1
2
1
1
1
1
1
1
1
1
2
1
1
1
1
1
2
1
1
1
1
1
1
2
1
1
1
1
31903708529
1
2
1
1
2
1
1
1
1
1
53706563931
1
1
2
1
1
2
1
1
1
1
1
1
1
1
1
1
93361443323
1
1
2
1
1
1
1
1
2
1
1
1
1
1
1
1
1
1
1
1
2
1
1
2
1
1
1
1
1
2
2
2
1
1
1
1
1
1
54825450833
1
1
1
1
1
96793994063
1
1
1
1
1
1
1
1
1
1
2
1
1
1
1
1
1
1
2
1
1
1
1
1
1
1
1
1
1
1
1
1
1
1
1
1
2
1
2
1
1
2
1
2
1
1
1
1
1
1
1
1
1
1
1
1
1
1
1
1
1
1
1
22687738212
1
2
1
1
1
1
1
1
1
1
1
2
1
1
1
2
1
1
1
2
1
1
1
1
1
1
1
1
1
2
1
1
1
1
1
1
1
1
1
1
2
1
2
1
1
1
2
1
2
1
1
1
2
1
1
1
1
1
2
1
2
1
1
1
1
1
1
1
1
1
1
2
96790691114
1
1
1
1
1
1
1
1
1
1
1
1
1
1
1
1
1
1
1
2
1
1
2
1
1
2
1
1
1
2
1
1
1
1
1
1
1
1
1
1
1
2
1
1
1
1
1
1
1
1
2
1
1
1
1
1
1
1
11340118320
1
1
23656474226
2
1
1
1
1
1
2
1
1
1
1
1
1
1
1
1
1
1
1
1
1
1
2
1
1
1
1
1
1
1
1
2
1
2
1
1
1
83846230918
1
1
1
2
1
1
1
1
1
1
1
1
1
1
1
1
1
2
1
1
1
1
1
1
44171298509
1
1
1
2
1
1
2
1
2
1
1
1
1
1
2
1
1
1
1
1
1
1
1
1
1
1
2
1
1
2
2
1
1
1
1
1
1
1
2
2
1
1
1
1
2
1
2
1
1
1
2
1
1
2
2
1
1
1
1
1
2
1
1
90253129681
2
1
1
2
1
1
1
1
1
1
1
1
1
1
93205414749
2
2
40146530518
1
2
2
2
1
1
2
1
1
1643701881
1
1
1
1
2
1
1
2
1
1
1
1
1
2
1
2
1
1
2
1
1
98126273324
1
1
1
1
2
1
1
1
1
1
1
2
1
1
1
1
1
2
1
1
1
1
1
1
1
1
2
2
1
2
1
1
1
1
1
1
1
1
1
1
1
40838703514
1
2
1
1
1
1
1
1
1
2
1
1
1
1
1
1
1
1
1
2
1
1
2
1
1
2
1
1
1
1
1
1
1
1
1
1
1
1
1
1
1
2
2
70169783851
2
1
1
92373286275
1
1
1
1
1
42042961456
2
1
1
1
2
1
1
1
1
1
1
1
33482393870
1
1
2
1
2
1
2
1
1
1
1
1
1
1
1
1
1
1
1
1
1
1
47529340209
58501835112
1
1
1
1
1
2
2
2
1
1
1
1
1
2
1
1
1
1
1
1
2
1
18002532523
1
1
1
1
28513694439
1
2
1
1
1
1
1
1
1
1
1
1
1
1
2
1
1
1
1
2
1
1
1
1
2
2
2
2
1
32716166881
1
1
1
1
1
1
1
1
2
1
1
2
1
1
1
1
1
1
1
2
2
2
1
1
1
21047716616
1
1
1
1
1
2
1
1
1
1
1
2
1
1
1
1
1
1
2
1
2
2
2
1
2
1
1
1
1
1
1
1
1
1
1
1
1
1
1
1
2
1
2
2
1
1
1
1
1
1
2
1
1
1
2
1
1
1
1
1
1
2
1
1
1
1
1
1
1
1
1
1
1
1
2
1
1
1
1
1
2
1
1
1
2
1
2
1
1
1
1
1
1
1
1
2
1
1
1
1
1
1
1
1
1
1
1
1
1
1
1
2
1
1
1
1
1
2
1
1
2
1
1
1
1
1
80298458827
2
1
1
1
1
1
1
2
1
1
1
1
1
1
1
1
1
1
1
1
1
1
1
1
1
1
1
1
1
1
1
1
1
1
1
1
1
1
1
1
1
1
1
1
1
2
1
1
1
1
1
1
1
2
2
1
2
1
1
1
2
1
2
2
1
1
1
1
1
2
1
1
1
1
1
1
1
1
1
1
1
2
2
1
2
1
1
1
1
1
1
1
1
1
1
1
1
2
1
1
2
1
1
1
1
1
1
1
1
1
2
1
1
1
2
1
1
1
1
1
1
1
1
1
1
1
1
1
1
1
1
1
2
1
2
1
2
1
1
14461748776
1
1
1
1
1
1
1
2
1
1
1
1
1
1
1
2
1
1
1
1
1
1
13975098528
1
1
1
1
1
1
2
1
1
1
2
2
18364914417
1
1
1
1
1
1
2
2
1
1
2
1
1
2
1
1
2
1
1
1
1
1
1
1
1
1
1
1
2
1
1
1
1
1
1
1
1
1
1
1
1
1
1
1
1
1
1
1
1
1
1
1
1
2
1
1
1
1
1
2
1
1
1
1
1
2
1
1
1
1
1
1
2
1
2
1
2
1
1
2
2
1
1
1
1
1
1
1
1
1
1
1
1
2
1
2
1
1
1
1
2
1
2
1
1
1
1
1
1
2
1
1
2
1
1
1
2
1
2
1
1
1
1
1
1
1
2
1
2
1
2
1
1
1
1
2
1
1
1
2
1
1
1
1
1
1
1
1
1
1
2
1
1
1
2
1
1
1
2
1
1
1
1
1
2
1
1
1
1
1
1
1
1
1
1
1
2
1
2
1
1
1
1
2
1
1
1
8266692825
2
2
58257484398
1
1
1
2
1
1
1
1
1
1
1
1
1
1
1
1
1
1
1
2
1
2
1
1
1
1
1
1
1
1
1
1
2
2
1
1
1
2
1
2
1
1
1
39413527498
1
1
1
1
2
1
1
1
1
1
2
1
1
1
2
1
1
2
1
1
2
1
1
1
1
57773843755
1
2
1
1
1
1
1
1
1
2
1
1
2
1
1
2
2
2
1
1
1
1
1
1
1
1
18209392099
1
1
1
2
1
2
1
1
2
1
1
62617813139
1
2
2
1
2
1
1
13330414597
1
2
1
1
2
1
1339638131
2
1
1
1
2
1
1
1
1
1
1
1
2
1
1
1
1
2
1
1
2
1
1
1
1
1
2
1
1
1
1
1
1
2
1
1
1
1
1
1
1
1
2
1
1
1
1
1
2
1
1
1
1
1
2
1
1
1
2
1
1
1
1
1
1
2
1
1
1
2
1
1
1
1
1
2
1
1
2
1
1
86452680559
1
1
1
1
2
1
1
2
1
1
1
1
1
1
1
1
1
1
1
1
1
1
1
1
1
1
1
1
1
1
1
1
1
1
1
2
1
1
2
1
2
1
1
1
1
1
1
1
1
1
1
1
2
1
1
1
1
1
1
1
1
1
1
1
2
1
1
2
1
1
2
1
2
2
2
1
2
2
1
1
1
1
1
1
2
1
1
1
2
1
2
1
1
1
1
1
1
1
1
1
2
1
2
1
1
2
1
1
1
1
1
1
1
1
1
1
1
1
1
98288271153
2
1
1
1
1
2
1
1
2
1
1
1
1
2
2
1
1
1
1
2
1
1
1
1
2
1
1
1
1
1
1
1
1
1
1
1
1
1
1
1
1
1
1
1
1
1
2
1
1
1
1
2
1
1
2
1
2
1
1
2
1
1
1
1
1
2
1
1
2
1
1
1
1
1
1
1
1
1
1
2
2
1
2
1
1
1
1
1
1
1
1
1
1
1
1
1
1
1
1
1
1
1
1
2
1
1
1
1
1
1
2
2
2
1
1
1
1
1
1
1
1
1
1
1
1
1
97537048003
2
1
1
1
1
1
1
1
2
2
1
1
1
1
1
1
1
1
1
1
1
1
1
1
2
1
1
1
2
1
2
1
2
2
1
1
1
1
2
2
2
1
2
1
1
2
1
1
1
1
1
1
1
1
1
1
1
2
1
1
1
1
1
1
1
1
1
1
1
1
2
1
1
2
1
1
1
2
1
1
1
1
1
1
1
2
1
2
2
1
1
1
1
1
1
1
1
1
1
2
1
1
2
1
1
1
1
1
1
1
2
2
1
1
2
1
1
1
1
1
2
1
1
1
1
1
1
1
1
2
1
1
1
1
1
2
1
1
1
1
1
1
2
1
1
1
1
1
31192740499
1
1
1
1
1
1
1
1
1
1
1
1
1
1
2
1
1
1
1
96628758060
53475423923
1
1
1
1
2
1
1
2
1
1
1
1
2
1
1
1
1
1
1
1
1
1
1
1
1
1
1
1
1
1
2
1
1
22359080988
1
2
1
1
1
1
1
1
1
1
1
1
2
1
1
1
1
1
1
1
1
1
2
1
1
2
61206712618
1
1
1
1
2
2
1
1
1
1
1
1
1
1
2
1
59490190595
1
1
1
1
1
1
1
1
1
1
2
1
1
1
1
1
1
1
1
1
1
1
1
1
1
96765233673
1
1
2
2
1
1
1
1
1
2
1
1
1
15791919101
1
1
1
1
1
1
1
1
1
1
2
1
2
1
2
1
1
1
1
1
1
1
2
2
1
1
1
1
1
1
53260851491
1
1
1
1
2
2
1
1
1
1
1
1
2
1
1
2
1
1
1
1
2
1
1
1
2
1
2
1
1
1
1
2
1
1
1
1
1
1
2
1
1
2
1
1
1
2
1
2
1
1
1
1
1
1
1
1
1
1
1
1
1
2
1
1
1
1
1
1
1
1
1
1
1
1
1
2
1
1
1
1
1
1
1
1
1
1
1
1
1
1
2
1
2
1
1
1
1
2
1
1
2
2
1
1
1
1
1
1
1
1
2
2
2
1
1
1
1
1
1
1
2
1
1
1
2
1
1
1
1
1
1
1
1
1
1
2
1
1
1
1
2
1
2
1
1
1
2
1
1
1
1
2
1
1
1
1
2
1
1
1
1
1
1
1
2
1
1
1
1
1
1
1
1
1
1
1
1
1
1
1
1
1
2
1
2
1
2
1
1
1
1
1
2
1
1
1
2
1
1
1
2
2
1
1
2
2
1
1
1
2
2
1
1
1
1
2
1
1
1
1
1
1
2
1
1
2
1
2
21977183459
2
1
1
1
87698118626
1
1
1
1
1
1
1
1
1
1
1
1
2
1
1
1
1
1
1
1
1
1
1
1
1
2
2
1
1
1
2
1
1
1
1
1
1
1
1
1
1
1
1
1
1
1
1
1
1
1
2
1
1
1
1
1
1
1
1
1
2
1
1
1
1
1
1
1
1
1
1
1
1
2
1
1
1
1
2
1
1
1
1
1
2
1
2
2
1
1
1
2
1
1
58000915340
1
1
1
1
1
1
1
1
1
1
1
1
1
1
1
1
1
1
1
1
1
1
1
1
1
1
1
1
1
2
1
1
1
1
1
1
1
1
1
1
1
2
1
1
1
1
1
1
1
1
1
1
1
2
1
1
1
1
2
1
1
1
1
1
1
1
1
1
2
1
1
2
1
1
1
1
1
1
1
1
1
1
1
1
2
1
1
1
1
1
1
1
1
1
1
1
1
1
1
1
2
1
1
1
2
1
2
1
99671805321
1
1
1
1
1
1
1
1
1
1
1
2
1
1
1
1
1
1
1
1
1
1
1
89558947803
1
1
1
1
1
1
1
1
1
1
1
2
2
1
1
1
2
1
1
1
1
1
1
1
85370170210
1
1
2
1
1
2
1
1
1
2
2
1
1
1
2
1
1
2
38194017451
1
1
1
1
1
1
2
1
1
1
1
84629773960
1
1
1
1
2
1
1
1
2
1
1
1
1
1
1
1
1
1
2
1
1
1
1
1
1
1
1
1
2
2
1
2
2
1
2
46458277240
1
1
80220397753
2
1
1
1
1
1
1
1
1
2
1
1
1
2
1
1
1
1
1
1
1
1
1
21419829757
1
1
1
1
1
1
1
1
1
1
1
1
1
1
1
1
1
1
1
2
1
1
1
1
1
2
1
2
1
2
2
1
1
1
1
1
1
1
1
1
1
1
1
1
1
1
1
2
1
1
1
1
1
2
2
1
2
1
2
1
1
1
1
1
1
1
1
1
1
1
1
1
1
1
1
1
1
1
1
1
1
17693209139
1
1
1
1
2
2
2
1
1
1
1
1
1
1
1
1
1
1
1
1
1
1
1
1
2
1
1
1
1
1
1
1
1
1
1
1
1
1
1
1
2
2
2
1
1
1
2
2
1
2
1
1
1
1
1
1
1
1
1
1
1
1
2
1
1
1
2
1
1
1
1
1
1
1
1
2
1
1
1
1
1
1
1
1
2
1
1
1
1
1972649582
1
1
1
1
1
2
1
1
2
1
1
1
1
1
1
1
7801000025
1
1
2
2
1
2
1
2
1
1
1
1
1
1
1
1
1
1
1
1
1
1
1
1
1
1
1
1
1
1
2
1
1
1
1
1
1
2
1
1
2
1
1
1
1
1
1
2
2
2
1
1
1
1
1
2
1
1
1
1
28795554646
1
1
1
1
1
1
1
90026877027
1
1
1
2
1
2
1
1
1
1
1
1
1
1
1
2
2
1
1
1
2
1
1
1
1
1
2
1
1
1
1
1
1
1
1
1
2
2
1
2
1
1
1
1
1
2
1
1
1
2
1
1
1
1
1
1
1
1
1
1
1
1
94690821569
1
1
1
2
1
2
2
1
1
1
2
1
1
2
2
1
1
1
1
1
1
1
1
1
1
1
1
1
2
1
1
1
1
1
1
1
1
1
2
1
1
1
1
1
1
1
1
1
1
2
1
1
1
1
1
1
1
1
1
1
1
1
1
2
1
1
1
1
1
1
1
1
1
2
1
1
1
1
1
1
1
1
1
1
1
1
1
1
1
2
2
2
1
1
1
1
1
1
1
2
1
1
1
1
1
1
1
1
1
2
1
1
1
1
1
1
1
1
1
1
1
1
1
1
1
1
1
1
2
1
1
1
1
1
2
1
2
1
1
1
1
2
1
1
1
1
1
2
2
1
1
1
1
1
2
1
1
1
1
1
1
1
2
1
1
1
1
1
1
80442768715
1
1
1
1
1
1
1
2
1
1
1
1
1
1
44781040144
1
1
1
1
2
1
1
1
1
1
2
1
1
2
1
1
1
1
1
1
1
1
2
1
2
1
2
1
1
1
1
1
1
1
1
1
1
1
1
1
1
1
2
1
1
1
1
1
1
1
1
1
1
1
2
1
1
2
1
1
1
1
1
1
1
2
29668913509
1
1
2
1
2
1
1
1
1
1
1
1
1
1
1
1
1
1
1
1
1
1
1
1
1
1
1
1
1
1
1
1
1
2
1
1
1
2
1
1
1
1
1
1
2
2
1
1
1
1
1
2
1
1
2
1
1
1
1
1
1
1779229394
1
1
1
1
1
1
2
2
2
1
1
1
1
1
1
1
1
2
99955969700
1
1
1
1
2
1
1
1
2
1
1
1
2
1
1
33877267351
1
1
1
1
1
1
1
1
1
1
2
1
1
1
1
1
1
1
2
1
2
1
2
1
1
1
2
1
1
1
1
2
1
2
11496241792
1
1
2
1
1
1
2
1
2
1
1
1
1
1
2
1
1
1
1
1
1
1
1
1
1
2
2
2
2
1
1
1
1
1
1
2
1
1
1
1
1
1
2
1
1
1
1
1
1
2
1
1
1
2
1
1
1
2
1
1
1
1
1
1
1
1
1
1
2
1
2
1
1
1
1
1
1
1
1
1
1
1
1
1
1
1
1
2
1
1
2
1
1
1
2
2
2
1
2
1
1
2
1
1
1
55454435213
1
1
1
1
1
1
1
1
1
2
1
1
2
2
2
36604716315
1
1
2
1
1
1
12773467180
33214540899
1
1
2
1
1
1
1
1
1
1
1
1
1
1
1
1
1
1
1
1
1
2
2
1
1
1
1
1
1
1
1
1
1
1
1
1
1
1
2
2
1
1
2
1
1
1
1
1
1
1
2
2
2
1
1
1
2
1
1
1
1
2
1
1
1
1
1
1
1
1
1
1
1
1
1
1
1
1
1
2
1
1
1
1
1
1
1
1
1
1
1
1
2
1
1
1
1
1
1
2
1
1
1
1
2
1
1
1
1
1
1
2
1
1
1
1
1
1
2
2
1
1
1
1
2
1
20348144789
1
2
1
1
9209034418
1
1
1
1
2
2
1
1
1
1
1
1
1
1
2
2
1
60559380630
1
1
1
1
1
2
1
1
1
2
1
1
1
1
1
1
2
1
1
2
1
1
2
1
1
1
1
1
2
1
1
2
1
1
1
2
1
1
1
1
1
1
1
1
1
2
2
1
1
2
1
1
1
1
1
1
1
2
2
1
1
1
1
2
1
1
1
1
1
1
1
2
1
1
1
74570408629
1
1
1
1
1
1
1
1
1
1
2
1
1
1
2
1
1
1
1
1
1
1
2
1
1
1
2
2
1
2
1
1
1
1
1
1
1
2
1
2
2
1
1
1
2
1
1
1
1
1
1
1
1
1
1
1
1
1
1
1
1
1
1
1
1
1
1
2
1
1
1
1
1
1
1
1
2
1
2
2
1
2
1
1
2
1
1
1
1
1
1
1
2
1
1
2
1
1
1
1
1
1
1
1
1
2
1
1
1
2
1
1
1
1
1
1
1
1
1
1
1
2
2
1
1
1
1
1
1
1
1
1
1
1
1
1
1
1
1
1
1
2
1
1
1
2
1
2
2
1
1
1
2
1
1
1
1
1
2
1
1
1
1
1
1
2
2
1
1
1
1
2
1
1
1
2
1
1
1
1
1
1
1
1
1
2
1
1
1
1
1
1
1
1
2
1
1
1
1
1
1
1
1
1
1
1
1
1
1
1
2
1
1
1
1
1
2
1
1
1
1
1
1
1
1
1
2
2
1
1
1
1
1
1
1
1
1
1
1
1
1
2
1
1
1
1
1
1
1
1
1
1
1
2
2
2
1
1
2
1
2
2
1
1
59189084664
1
1
1
1
1
1
1
1
1
1
1
1
1
1
1
1
1
1
2
1
1
1
1
1
1
1
1
2
1
1
1
1
1
1
1
1
1
1
1
2
1
1
1
1
1
1
1
1
1
1
2
2
1
2
1
1
1
2
1
1
1
1
1
1
1
1
1
1
1
2
2
1
1
1
2
1
2
1
1
1
1
1
1
2
1
1
1
2
1
1
1
1
1
2
1
1
1
1
1
1
1
2
1
1
1
85207215962
1
1
1
1
1
1
1
1
1
1
2
1
2
1
1
1
1
2
1
1
1
1
1
1
1
1
2
1
1
1
1
1
1
1
1
1
1
1
2
1
1
2
1
1
1
1
2
2
1
1
1
1
1
1
1
1
1
2
1
1
1
1
1
1
55481278713
2
2
2
2
1
1
37496606373
1
1
1
1
1
1
1
1
1
1
1
1
1
1
1
2
1
1
2
1
2
1
1
1
1
1
1
1
1
1
1
1
47099736027
1
1
2
1
2
1
1
1
1
1
1
1
1
2
1
1
1
1
1
1
1
1
1
1
1
1
1
1
1
1
1
1
1
1
1
1
1
1
1
1
1
1
1
1
2
1
1
2
1
1
1
1
1
1
1
1
2
2
2
1
1
2
1
1
1
1
2
1
1
1
1
1
1
1
1
1
1
1
1
1
75155687214
1
2
1
1
2
1
1
1
1
1
1
1
1
54967094271
1
1
2
2
1
2
1
1
1
1
1
2
1
1
1
2
1
1
1
1
1
1
1
2
1
1
1
1
1
1
1
1
1
1
2
1
1
1
1
2
2
2
1
1
1
1
1
1
1
1
1
1
1
1
1
1
1
1
1
2
1
2
1
1
1
1
2
2
1
1
22927663363
2
1
1
1
1
1
1
1
1
1
2
1
1
1
1
1
1
1
1
1
1
2
1
1
1
1
2
1
1
1
1
1
1
1
2
1
1
1
1
1
1
1
1
1
1
2
2
1
1
2
1
1
1
1
1
1
1
1
1
1218932879
1
1
53659285896
1
1
1
2
1
1
1
1
2
1
2
1
1
1
1
1
2
1
1
1
1
1
1
1
1
1
1
2
2
1
2
1
1
2
1
1
1
1
1
1
1
2
1
1
1
1
1
1
1
1
1
1
1
1
1
1
2
2
1
1
1
2
2
1
2
1
1
2
1
1
1
1
1
1
1
1
1
25184441140
1
2
1
1
1
2
1
1
1
1
1
1
1
1
1
2
1
1
1
1
1
1
77852283445
1
1
1
1
2
2
1
2
1
1
1
1
1
1
1
1
1
1
1
2
1
1
1
1
1
1
1
1
1
1
1
1
1
1
1
1
1
1
1
2
1
2
2
1
1
1
1
1
1
1
1
2
1
2
1
2
2
1
2
1
1
1
1
1
2
1
1
1
1
2
1
1
1
1
1
2
1
1
1
1
1
1
1
70544887467
2
2
1
1
1
1
1
1
1
1
1
1
1
1
1
2
2
2
1
1
1
1
1
1
1
1
2
1
20624188238
1
1
1
2
44752749988
1
1
1
1
2
1
1
1
1
1
2
2
1
2
1
2
1
2
1
1
1
1
1
1
1
1
1
2
1
1
1
1
1
1
1
1
2
1
1
1
1
1
1
1
1
1
1
1
2
2
1
1
2
1
1
2
1
1
1
1
1
98245867344
1
1
1
1
1
1
1
1
1
1
1
1
1
1
2
1
1
1
1
1
1
2
2
1
2
1
1
1
1
23122015205
1
1
1
1
1
2
1
2
1
1
1
2
2
1
1
1
2
1
1
1
2
2
1
1
2
2
1
1
1
1
1
1
1
1
2
1
1
1
1
2
1
1
1
1
1
1
2
2
2
1
1
1
1
1
1
1
2
2
1
1
1
1
1
2
2
1
2
1
88798408738
1
1
2
1
2
1
1
1
1
1
2
1
1
1
1
35164271306
1
2
1
1
2
1
1
1
1
1
1
1
1
1
1
1
1
1
1
1
1
1
1
1
2
1
6942802421
1
1
1
2
1
2
2
1
1
2
1
1
1
1
1
2
1
1
2
1
1
1
1
1
1
1
1
2
1
2
2
1
1
1
1
1
1
1
1
1
1
1
1
1
1
1
1
1
1
2
1
1
1
1
1
1
1
1
1
1
1
1
1
1
2
1
1
2
1
2
1
1
1
1
2
1
2
1
1
1
1
1
1
1
1
1
1
2
1
1
1
1
2
1
85682711918
1
1
1
1
1
1
2
1
1
2
1
1
1
80381721419
1
1
1
1
1
1
2
1
1
1
1
1
1
1
1
1
1
2
1
1
1
1
1
1
1
1
1
1
1
1
1
1
1
1
1
1
1
1
1
2
2
1
1
1
2
1
1
1
1
1
2
2
1
2
1
1
1
1
1
2
2
1
2
1
1
1
1
1
1
1
1
1
1
2
1
1
1
1
1
1
2
2
1
1
1
1
1
1
1
2
1
1
1
1
2
1
1
1
1
1
1
1
1
1
1
1
1
1
1
1
2
1
1
1
1
1
1
1
2
1
1
1
2
2
2
1
2
1
2
1
1
1
1
1
1
1
2
1
1
1
2
1
1
1
1
1
1
2
1
1
1
1
1
1
1
2
2
1
1
1
1
1
1
1
1
1
1
1
2
1
1
1
1
1
1
1
1
1
2
1
1
1
1
2
1
2
2
1
1
1
1
1
1
1
1
1
1
1
2
1
1
1
1
1
1
1
321787251
1
1
1
14419008622
1
1
2
1
1
1
2
1
1
1
1
1
1
1
1
1
1
2
2
1
1
1
2
2
1
1
1
1
2
1
1
1
1
1
2
1
2
1
2
1
1
1
1
36634199658
1
1
1
1
2
2
63677945921
1
1
1
1
1
1
1
1
27894953927
2
1
1
2
1
1
1
1
1
1
1
2
1
2
2
1
1
1
1
1
1
2
1
1
2
2
1
1
1
1
1
1
1
1
1
1
1
1
1
1
1
1
1
70030532632
2
1
2
1
1
1
1
1
1
1
1
2
2
1
1
1
1
2
1
1
1
1
1
1
2
1
1
1
1
1
1
1
1
1
1
1
1
1
1
1
2
1
1
1
1
1
1
1
1
1
1
1
1
1
1
1
1
2
1
1
1
2
1
1
1
1
1
1
2
1
1
1
1
2
1
1
2
1
1
1
1
1
1
1
1
1
1
1
1
1
1
1
1
2
2
1
1
1
1
1
1
1
1
1
1
1
2
1
1
1
1
2
1
1
1
1
1
2
2
1
1
1
1
1
1
1
2
1
1
1
1
1
1
1
1
1
1
1
1
1
2
1
1
1
1
1
1
2
1
1
1
1
1
1
1
1
2
3008417639
1
1
1
1
1
2
1
1
1
1
1
1
1
1
1
1
1
1
1
1
1
1
1
2
1
1
1
1
2
1
1
1
1
1
1
1
2
2
1
1
1
1
1
1
1
1
1
1
1
1
1
1
2
2
1
1
1
1
1
1
1
2
1
1
1
1
1
1
1
1
1
2
2
2
1
1
1
1
2
2
1
1
1
2
1
1
1
1
1
1
1
1
24368007771
1
1
1
1
1
1
2
1
1
1
2
1
1
1
2
1
1
1
1
1
1
1
1
1
1
1
1
1
1
1
2
1
1
1
1
1
1
1
48672408649
2
1
1
2
1
1
2
2
1
1
1
1
1
80912828207
1
1
1
1
1
1
1
1
2
2
1
1
1
1
2
1
2
2
1
1
2
2
1
1
1
1
1
1
2
41084399041
1
1
1
1
1
1
1
1
1
1
1
72034756231
1
1
1
1
1
1
1
1
1
2
1
1
1
1
1
2
2
2
1
2
2
2
1
2526085
1
1
2
1
94773699997
1
1
1
1
1
1
1
1
1
1
1
1
1
1
1
1
1
1
1
1
2
67444705107
2
1
1
1
1
1
1
2
96635268897
1
1
1
1
1
1
1
1
1
2
1
1
1
2
1
1
1
1
1
1
2
1
1
1
1
1
1
1
1
1
1
1
1
1
1
1
1
1
1
1
1
1
2
1
1
1
1
2
1
1
1
1
1
1
1
34818999302
1
1
1
1
1
1
1
1
2
1
1
2
1
1
1
1
1
1
1
1
1
1
1
1
1
1
1
1
1
2
1
1
1
23559563335
2
1
1
1
2
1
2
1
1
1
1
1
1
1
1
1
1
1
1
1
1
2
2
1
1
1
1
1
1
1
1
1
1
2
1
1
2
1
1
1
2
1
1
1
1
2
1
2
1
1
1
1
1
1
2
1
2
1
1
1
1
91318334331
1
2
1
1
1
1
1
1
1
1
2
1
1
2
1
1
1
1
1
15144579082
1
1
1
1
2
1
1
1
1
1
2
1
1
4710571638
1
1
2
1
2
1
1
1
1
1
2
1
2
2
1
1
1
1
1
1
1
2
1
1
1
1
1
2
1
1
1
1
1
1
45300240951
1
1
1
1
1
1
1
1
1
32615386074
1
1
1
1
1
1
1
1
1
1
2
1
2
2
1
1
1
1
1
1
1
1
1
1
1
1
1
1
2
1
1
1
1
1
1
2
1
1
1
1
1
1
1
1
1
1
2
1
2
2
1
1
2
1
1
1
1
2
2
1
1
1
1
1
1
1
1
1
1
2
1
1
1
1
1
1
1
1
1
1
36059634202
1
1
1
1
1
1
1
1
1
1
1
1
1
1
2
1
1
1
1
1
1
2
1
2
1
1
1
1
2
1
1
1
1
1
1
1
1
1
1
1
1
2
2
1
1
1
1
1
1
1
1
1
1
1
1
1
1
1
1
1
1
1
1
1
2
1
2
1
1
2
1
1
1
1
1
1
2
1
1
1
1
1
1
1
1
1
1
1
1
1
2
1
1
1
2
1
1
1
2
1
1
2
1
1
2
1
1
1
2
1
1
1
1
2
1
1
1
1
1
1
1
1
1
2
1
1
1
1
1
1
1
1
1
1
1
1
1
1
1
1
1
1
1
1
1
2
1
1
1
1
1
1
1
2
2
1
1
1
1
1
1
1
1
1
1
1
1
2
1
1
1
1
1
1
1
1
1
1
1
1
1
1
1
1
1
1
1
1
1
287522843
2
2
2
2
1
1
1
2
1
2
1
1
1
1
1
1
1
2
1
1
1
1
1
1
1
1
1
48429910504
1
2
1
2
1
1
1
1
1
1
1
1
2
1
1
1
1
2
1
1
1
1
1
1
2
2
1
1
1
1
1
1
2
1
1
1
1
2
1
1
1
1
1
1
2
1
1
1
1
1
2
1
1
1
1
1
1
1
2
2
1
1
1
1
1
1
1
1
2
1
1
2
1
2
1
1
1
1
1
1
1
1
1
2
1
1
1
1
1
1
1
1
1
2
1
1
1
2
1
2
1
1
1
1
1
1
1
1
1
2
1
1
1
99249766999
1
1
2
1
1
1
1
1
1
1
14427124005
1
1
1
1
1
1
1
1
1
1
1
1
1
1
1
1
1
2
2
1
1
1
1
1
1
2
1
1
1
2
1
1
1
1
1
1
1
1
1
1
1
1
1
1
2
1
1
2
2
1
2
1
1
1
1
2
1
2
1
2
1
1
1
1
2
1
1
1
1
2
1
1
1
1
1
1
2
2
1
1
1
1
1
1
2
1
1
1
1
1
2
1
2
1
1
2
1
1
1
1
1
2
1
1
1
1
1
1
1
1
1
1
1
1
1
1
2
1
1
1
1
1
94140870602
2
1
1
2
1
1
1
1
2
2
1
2
1
1
1
1
1
1
1
2
1
1
2
1
2
1
1
1
1
2
1
2
1
1
1
1
2
1
1
2
1
1
1
1
1
1
1
45193818890
22066693453
2
1
2
1
1
1
1
1
1
1
93817608882
1
1
1
1
2
1
1
1
1
2
2
2
1
1
2
1
1
1
1
1
1
1
1
2
1
1
1
1
1
2
1
1
1
52203541686
1
1
1
1
1
58875147873
2
1
2
1
1
1
1
2
1
1
1
1
2
1
1
1
2
1
1
1
2
1
1
1
1
1
1
1
1
41280122637
1
2
2
1
1
1
1
1
1
1
2
1
2
2
1
1
1
2
1
2
1
1
1
1
1
1
1
2
1
1
1
1
1
1
1
1
1
1
1
1
2
2
1
2
1
1
1
1
1
1
1
1
1
1
1
2
72681657499
1
1
1
2
1
1
1
1
2
2
1
1
78347431140
1
1
1
1
1
1
1
1
1
1
1
1
1
1
1
1
2
1
1
1
1
1
2
1
1
1
1
1
1
1
1
2
1
1
1
1
1
1
2
1
1
2
1
2
1
2
1
1
1
88000168503
1
1
1
1
1
2
44795461371
1
1
1
1
1
1
2
1
1
1
1
2
1
1
2
1
1
1
1
1
1
1
1
1
1
1
1
1
1
1
1
1
1
1
1
1
2
1
1
1
1
1
1
1
2
1
1
1
1
1
1
1
81680391963
1
1
1
1
1
1
1
1
1
1
1
1
1
1
1
1
1
1
9110850370
1
2
1
1
1
1
1
2
2
1
2
2
1
1
1
1
1
1
2
1
1
1
1
1
2
1
1
1
1
1
1
1
1
1
1
1
1
2
1
1
1
1
1
1
1
1
2
1
1
64534990189
1
1
1
1
1
1
1
1
1
1
1
1
2
1
1
1
1
2
1
96493660757
1
1
2
2
2
1
2
51818726835
2
1
1
2
1
1
2
1
1
1
1
1
2
1
1
1
1
1
1
2
2
2
1
1
1
1
1
1
1
1
2
1
1
1
2
1
1
1
1
1
1
1
1
2
1
1
1
1
1
82222521996
1
1
2
1
1
1
1
1
1
1
1
2
1
1
1
2
1
2
1
1
2
1
1
1
1
1
2
2
2
1
2
1
1
1
2
1
1
1
1
1
2
1
1
1
1
2
1
1
2
1
1
1
1
2
1
1
1
1
1
1
2
1
2
2
1
1
1
1
1
1
1
1
1
2
1
1
1
1
2
2
1
1
2
1
1
1
1
1
1
1
1
1
1
1
1
2
1
2
1
1
1
1
1
2
80308065923
1
1
1
2
1
1
1
1
1
1
1
1
1
1
2
1
2
1
1
1
1
1
1
1
1
2
1
1
1
1
1
1
1
1
1
1
1
2
1
1
1
1
1
1
1
1
1
1
1
1
2
2
1
1
1
1
1
1
2
1
1
1
1
1
2
1
2
1
2
1
1
1
1
1
1
1
35963080391
1
1
1
1
1
1
1
1
1
1
1
1
1
1
2
1
2
1
1
1
2
2
1
1
1
1
2
1
1
1
2
1
1
2
1
2
1
1
1
2
1
1
1
1
1
2
1
1
1
1
2
71996543854
1
2
1
1
1
1
1
1
2
1
1
1
1
2
1
1
1
1
2
1
1
1
1
1
2
1
1
1
1
1
1
2
1
1
2
1
1
1
1
1
1
1
1
1
1
1
2
1
1
1
2
1
1
1
1
2
1
2
1
1
1
1
1
1
1
1
1
1
1
1
1
2
1
1
2
2
1
1
2
2
1
1
1
2
1
1
1
1
1
1
1
1
1
94275943428
2
1
2
1
1
2
1
1
2
2
1
1
2
1
2
1
1
2
1
1
1
1
1
2
1
1
1
1
1
1
1
1
2
2
1
1
1
1
1
1
1
1
2
2
2
45196448667
1
1
1
1
1
2
2
1
2
1
2
1
1
1
1
1
1
1
1
1
1
1
1
2
1
1
1
1
1
1
1
1
90835249499
1
1
2
1
2
2
1
1
2
1
2
1
1
2
78240579501
2
1
1
1
1
1
1
1
1
1
1
1
1
2
2
1
2
1
1
1
1
1
1
1
1
1
1
1
1
1
1
64621031511
1
1
1
1
1
1
1
1
1
2
1
1
1
1
1
1
1
1
1
1
1
1
2
1
1
1
1
1
1
1
1
1
2
1
1
1
1
1
1
1
1
1
1
1
2
1
2
1
1
1
1
1
17224942076
1
1
2
1
2
1
1
1
1
1
1
1
2
1
2
2
1
1
1
2
1
1
1
1
1
1
1
1
1
1
1
1
2
1
1
1
2
1
1
1
1
2
1
1
3471104697
1
1
1
1
1
1
1
1
2
2
1
1
2
1
1
1
1
1
1
2
1
1
1
2
1
1
1
1
1
1
1
1
1
1
2
1
1
1
1
1
2
1
1
1
1
1
1
1
1
46882402092
1
2
1
1
1
1
1
1
1
1
2
1
1
1
1
1
1
2
2
1
1
1
1
2
1
1
1
1
1
1
1
88862020431
1
1
1
1
1
1
1
1
1
1
1
1
1
2
1
1
1
1
1
1
1
1
1
1
1
1
1
1
1
1
2
1
1
2
1
1
1
1
1
1
1
1
2
2
1
1
1
2
1
1
1
1
1
1
1
1
1
1
1
1
1
2
1
2
1
2
2
1
1
1
1
1
1
2
1
2
1
1
1
1
1
1
2
2
1
1
2
2
1
1
2
1
2
1
1
1
1
1
1
1
2
1
1
1
1
1
1
2
1
1
1
1
2
1
1
1
1
1
1
1
2
1
1
1
1
1
1
1
1
1
1
1
1
1
1
2
2
1
2
1
1
1
1
1
1
2
1
1
1
1
2
1
1
1
1
1
1
1
2
1
2
1
1
1
1
1
1
1
1
1
1
1
1
1
1
2
1
1
1
1
1
1
1
1
1
1
1
1
2
1
2
1
1
1
1
1
1
2
1
1
45598288144
1
2
1
1
1
1
2
1
1
1
1
1
1
1
1
2
1
1
2
1
2
1
2
1
1
2
2
1
1
2
2
1
1
1
1
1
74058669317
1
1
1
1
1
1
1
1
1
1
16014750153
1
2
1
1
1
1
1
2
1
1
2
1
1
1
1
1
1
2
1
1
1
1
1
1
1
1
1
1
1
1
1
1
2
1
1
1
1
42415496051
2
1
82413689374
1
2
1
1
1
1
1
1
1
1
1
1
1
1
2
1
