1
1
1
1
1
1
1
1
35941766221
1
1
1
1
1
1
1
1
1
1
1
1
1
1
50778253258
1
1
2
1
1
2
2
1
2
2
1
82871839869
1
1
1
1
1
1
1
1
43406759333
2
1
2
1
1
1
1
1
1
8137086184
1
1
1
1
1
1
1
1
2
2
1
1
1
1
2
1
1
1
65754480500
1
1
1
2
1
1
1
1
1
1
1
1
1
1
2
1
1
2
1
1
1
1
1
1
2
1
2
1
1
1
1
1
1
2655641397
2
1
2
1
1
2
1
1
1
1
1
1
1
1
1
1
1
1
1
1
1
1
1
2
1
2
1
1
1
1
1
2
1
2
1
1
1
1
2
1
1
1768622609
1
1
1
1
1
2
1
1
1
2
1
2
68984394335
2
2
1
1
1
39799541510
1
1
2
1
2
71172423107
1
1
1
1
1
1
2
1
1
1
2
1
2
1
1
1
1
1
2
1
1
1
2
1
2
1
1
2
1
1
1
1
1
1
1
2
2
1
1
1
1
1
1
2
1
2
1
1
1
2
1
1
1
1
2
1
1
1
1
2
1
1
2
1
1
1
1
1
1
1
1
1
1
2
1
2
54434982260
1
1
1
2
1
1
1
1
2
1
1
1
1
1
1
1
1
1
1
1
1
2
22156670688
1
1
1
1
96584310294
1
1
1
56562763580
2
1
1
1
1
1
3017852535
1
1
1
1
1
99327277588
1
1
1
1
1
1
1
66997249505
1
1
1
2
1
2
1
1
40640034195
1
1
13574769584
1
1
2
1
1
1
1
1
1
1
2
1
1
1
1
1
1
1
1
1
1
1
1
1
1
1
1
2
1
2
1
1
1
41469173237
1
2
1
1
1
1
1
1
1
1
1
1
1
1
1
2
1
1
1
2
1
2
1
2
1
1
2
2
2
1
1
2
1
1
1
1
1
1
1
1
2
1
1
2
1
2
1
1
1
1
1
1
1
22231639068
1
1
1
1
2
14133482568
2
1
1
2
5497301521
99035481743
1
2
1
1
1
1
2
2
1
1
2
1
1
1
1
1
1
1
1
1
1
1
1
1
1
1
1
1
1
1
1
1
1
1
1
1
1
1
1
1
2
2
1
1
1
1
1
1
1
1
68997228716
1
2
1
1
1
1
2
2
2
2
1
1
2
1
1
1
1
1
1
1
99763023287
1
1
2
1
1
1
1
1
1
1
18538053433
1
26581892775
1
1
2
2
1
1
2
67526474791
1
1
2
1
1
2
1
2
1
2
2
1
1
1
1
1
1
2
1
1
1
1
1
1
46793988462
1
1
1
1
2
2
1
2
1
1
1
81685245431
1
1
1
53383451224
2
1
1
1
1
1
1
1
2
1
1
1
64490048086
1
1
1
1
1
1
1
1
1
1
1
1
1
1
2
1
2
1
1
2
1
2
1
1
1
1
1
1
1
1
1
2
1
1
1
1
1
1
1
1
12764323859
1
1
1
1
1
1
2
1
1
1
2
1
1
1
1
39394507353
1
1
1
1
1
1
1
1
1
1
1
1
1
1
1
1
1
1
1
1
1
1
1
1
1
1
1
1
1
1
2
2
2
1
1
2
1
1
1
1
2
49156182543
1
1
1
78012241298
1
1
1
1
2
1
1
1
1
1
2
1
59227674546
1
1
1
2
1
1
1
1
1
1
1
2
2
1
1
2
1
2
1
2
1
71028563934
1
1
2
1
1
1
2
1
1
2
42837882980
1
1
1
1
1
1
1
1
1
70941553780
1
1
43824881574
1
1
1
2
1
1
1
1
1
1
1
1
1
1
1
1
1
1
1
1
2
1
1
2
2
1
1
1
2
2
1
1
1
1
1
1
1
1
2
1
81055013060
1
1
1
2
1
2
53897811026
1
2
1
1
1
1
1
1
1
1
1
2
1
1
1
2
1
1
1
1
1
1
1
2
1
1
2
1
1
1
1
1
1
1
1
1
1
1
1
1
2
2
1
1
1
1
1
1
1
1
1
1
1
1
1
1
1
1
1
1
1
1
1
1
1
1
2
1
1
2
1
1
1
1
1
2
1
2
1
1
1
1
2
1
2
1
1
1
1
1
1
1
1
2
2
1
1
1
2
1
2
1
1
1
2
1
1
2
1
1
2
1
1
1
1
2
1
1
1
1
45209925370
2
2
1
1
2
1
2
2
1
1
1
1
76694480609
1
1
1
1
1
1
1
2
1
2
1
1
1
1
1
1
1
1
1
1
1
1
53031958209
1
2
2
1
1
1
1
1
10708989397
1
1
1
1
1
1
2
1
1
1
2
1
1
67187594238
1
1
1
2
1
1
1
77212500803
1
1
1
1
67298915122
1
1
1
2
1
1
1
1
1
1
1
1
1
54626682474
1
2
1
2
1
1
36966151244
1
1
1
1
1
2
1
1
1
1
1
1
1
1
1
1
1
2
1
1
1
1
1
1
1
2
1
2
1
1
1
1
2
1
1
66126623569
1
1
2
1
1
1
2
1
2
1
1
1
1
1
1
1
1
2
1
2
1
62836845510
1
2
1
1
1
1
1
1
1
1
1
1
2
1
2
1
1
1
1
1
1
85972575963
1
1
1
1
1
1
1
1
1
2
52795044302
1
70895198205
1
1
2
1
1
1
1
2
1
2
1
7913745526
1
43014911957
1
1
1
1
2
1
1
1
1
91846777830
1
1
1
2
1
2
1
1
1
1
1
1
1
2
1
1
1
1
1
1
1
2
1
85716488170
2
1
1
1
2
23379545838
1
1
1
2
1
1
1
1
1
1
2
1
1
1
1
2
1
1
1
2
1
1
1
1
20389158307
1
1
2
1
1
2
1
49994513799
1
1
1
2
1
2
1
1
69442381952
49850951542
2
1
1
1
67267105562
2
1
1
1
1
1
34589918917
1
1
1
1
1
1
1
13796360615
2
1
1
1
1
1
1
68111959565
2
1
1
1
1
1
1
1
1
1
1
1
1
1
1
1
1
2
1
1
1
1
2
1
1
1
1
1
2
1
1
1
1
1
1
26681860610
1
1
1
1
1
1
1
1
1
1
1
1
1
88649918131
1
1
1
1
2
1
2
1
2
2
1
1
1
1
1
1
1
2
1
17858541842
1
1
1
1
1
1
1
2
1
1
1
1
1
1
2
1
1
1
1
1
2
1
1
1
1
1
1
1
2
1
1
1
1
2
2
2
2
1
1
1
1
1
2
1
1
1
1
1
1
1
1
1
1
1
2
1
1
1
1
1
1
2
2
1
1
2
58241328491
1
1
2
2
1
2
1
18109775335
1
1
1
1
1
1
62623484895
1
1
1
1
1
1
1
1
1
1
1
1
1
1
1
1
1
1
1
1
2
1
2
1
1
1
1
1
1
1
1
2
1
1
95390008278
1
1
2
1
1
1
2
2
1
1
1
1
1
1
2
15860453023
1
1
1
1
1
1
1
1
83731330146
2
1
2
1
1
2
1
1
1
2
1
1
1
1
2
1
1
1
1
1
1
65355330728
1
1
1
2
1
1
1
1
2
1
96686724412
1
1
1
1
1
1
1
1
1
1
1
1
2
1
1
1
1
1
1
2
1
1
1
1
2
2
1
1
1
77034534355
1
1
1
1
2
1
1
2
1
1
1
1
1
2
2
1
2
1
1
54257936010
1
2
2
2
1
51361778913
1
1
2
2
1
1
1
1
1
2
1
1
1
1
1
1
1
1
2
1
2
1
1
1
1
2
1
1
1
1
1
2
1
2
1
1
2
1
1
2
1
1
1
2
1
1
2
1
1
1
1
2
1
1
1
85954126590
1
2
1
1
1
2
1
2
2
1
1
1
1
2
2
1
1
38731516359
2
1
1
2
2
86888672995
1
1
1
1
1
1
1
1
1
36756126393
1
1
1
1
1
2
1
1
1
1
1
1
1
1
1
1
1
1
1
1
1
2
1
1
2
1
2
1
1
1
1
1
2
2
1
1
1
2
1
2
1
1
1
2
1
1
1
37064832854
58077866230
1
1
1
2
1
1
1
1
8138271275
1
1
2
1
2
1
1
1
1
1
1
1
1
2
1
2
1
1
2
1
2
1
1
2
1
1
1
1
1
2
1
1
2
2
1
1
1
1
1
2
1
1
62397361736
1
1
1
1
1
1
1
1
2
1
2
1
1
1
1
1
73844972193
1
1
1
1
1
2
1
1
1
1
1
51083809884
2
2
2
1
1
1
1
1
1
1
1
2
1
33287316344
2
2
1
63561411036
1
1
1
1
2
1
1
2
1
1
1
1
1
1
1
2
1
1
2
1
1
1
1
1
1
1
1
1
1
1
2
1
1
2
1
1
1
1
3025068279
1
1
1
1
1
1
1
2
1
1
1
1
2968360546
1
2214794199
2
1
1
1
1
1
1
2
1
1
1
1
1
1
1
1
1
1
1
2
1
2
1
1
2
1
1
1
1
2
1
1
1
1
2
2
1
1
1
1
1
1
1
2
1
1
1
1
1
1
1
1
1
1
1
1
2
1
1
2
1
1
1
1
1
1
2
1
1
1
1
1
2
1
1
1
1
2
1
1
2
1
1
1
1
2
67026718486
1
2
1
1
1
1
1
2
1
1
1
1
1
1
1
1
1
1
48822520724
1
1
1
1
81715125420
1
2
1
1
1
2
52910847667
1
1
2
1
1
1
1
1
1
2
1
1
1
1
1
2
2
1
1
1
1
1
1
1
1
1
1
1
1
2
1
1
1
1
1
1
1
1
1
1
1
1
1
1
1
2
1
1
1
1
2
2
2
1
2
1
1
1
1
2
1
2
1
1
1
1
1
1
1
1
1
2942931537
20424328297
1
1
1
1
1
1
79910105304
1
1
1
2
1
1
2
2
1
2
1
1
1
2
2
2
9442131094
1
1
1
1
1
1
1
1
1
1
1
1
1
1
1
1
28877206837
1
1
1
1
1
1
1
2
1
2
1
1
1
1
2
1
1
1
1
1
1
1
2
1
2
1
1
1
1
2
1
1
87394959047
1
60465678930
1
1
1
1
1
2
1
1
1
1
1
1
1
1
2
2
1
1
1
1
1
1
1
1
2
2
1
1
1
1
1
1
1
1
1
2
2
1
1
1
1
1
1
1
1
1
1
1
1
1
1
1
1
2
1
1
2
1
1
2
1
1
51749786457
1
2
1
73360468543
2
1
1
2
1
1
1
1
1
1
1
97755156481
1
2
1
1
1
2
1
1
2
1
1
1
1
1
2
1
1
1
1
1
1
1
1
1
1
1
1
1
1
1
1
1
1
1
1
1
2
35279606661
2
1
1
2
1
1
1
1
1
1
1
1
81518216613
2
1
1
1
1
2
2
62425603003
1
1
1
1
1
35270260450
2
1
1
1
1
1
88182572332
1
1
1
1
2
1
1
1
1
1
2
1
1
1
2
1
2
1
1
1
59172953818
1
1
1
1
1
1
1
2
1
1
1
1
1
2
1
2
1
1
83608942035
1
1
1
1
1
1
1
2
1
1
1
1
2
1
2
1
1
1
1
1
1
1
1
1
1
1
1
1
1
1
2
1
2
1
1
1
1
1
1
1
1
1
1
1
1
1
1
1
1
1
1
1
2
1
1
1
1
1
1
1
1
1
1
1
41325666289
1
1
2
75674693397
1
1
1
1
1
1
1
1
1
1
1
1
1
1
1
1
1
1
1
2
1
1
1
1
1
1
1
66275624208
2
1
1
2
2
1
2
1
1
1
1
2
1
1
1
2
1
1
1
1
1
1
1
2
1
1
2
1
2
2
1
47827622929
1
1
1
1
1
1
2
2
1
1
1
1
1
1
1
2
1
2
2
1
2
2
1
1
1
1
94844423191
1
1
1
1
89753636224
1
1
1
1
2
2
2
1
1
1
1
1
1
1
1
1
1
99692763241
1
1
1
1
1
1
1
2
1
2
1
1
1
1
1
1
2
1
1
1
1
1
95225009240
1
1
1
1
2
1
2
2
1
1
1
1
1
1
1
2
79919196430
1
1
1
1
1
1
49598350496
1
1
2
1
1
1
2
1
2
1
1
1
1
78736321064
1
1
1
1
46301582214
1
1
1
1
1
1
1
1
1
1
1
1
1
1
52723812133
1
1
2
5126119632
1
1
1
2
2
1
1
1
1
2
53225948084
1
2
1
1
2
1
1
1
2
1
1
2
1
1
1
2
1
2
1
1
2
1
1
2
42480742819
1
1
1
1
2
1
1
1
1
1
2
1
1
1
1
2
1
2
1
2
1
2
1
2
2
2
2
2
2
2
1
1
1
1
2
1
1
1
1
1
2
2
2
2
1
1
2
1
1
1
1
1
1
1
1
2
1
1
1
1
2
1
1
49677141941
68851608163
1
1
1
1
1
2
1
1
1
1
1
1
1
1
1
2
1
1
1
1
1
1
1
1
1
1
1
1
1
1
1
1
1
1
1
1
1
1
1
1
1
1
1
2
94499525275
1
1
1
1
1
1
1
2
1
1
1
1
1
1
2
1
2
1
2
1
1
1
1
2
2
1
1
2
1
1
1
1
1
1
1
2
1
1
1
1
1
1
1
1
1
1
1
1
1
1
2
37636936088
1
1
1
2
1
1
1
96424003484
1
1
2
1
1
1
1
1
1
1
2
1
1
1
2
59624706004
1
1
1
2
1
1
1
1
1
2
54511989743
1
1
2
1
1
1
1
1
1
1
30529330767
1
1
1
1
1
1
1
1
1
1
1
1
1
86659394450
1
1
1
1
1
1
2
1
1
2
1
12804571663
1
1
1
1
1
1
1
1
1
1
1
1
1
1
2
1
1
2
2
1
1
1
2
1
1
1
1
11243508455
2
1
1
1
1
1
1
1
1
1
1
2
1
1
1
1
1
1
2
1
1
22096163462
2
1
66253209680
1
1
1
1
1
2
2
1
1
1
1
1
1
1
44509969945
2
1
1
1
1
1
1
2
1
2
1
1
1
1
1
2
1
1
1
1
1
27800877745
22804305155
1
8598415982
2
1
1
1
1
1
2
1
1
1
1
99455263933
1
1
2
1
1
1
8500730843
1
1
1
1
2
2
1
1
2
1
1
1
1
1
2
1
1
1
1
1
1
1
2
1
1
1
1
2
1
1
1
1
1
1
1
1
1
1
1
1
2
1
1
2
1
1
1
1
1
1
1
1
1
1
51056999571
1
1
1
1
1
1
2
1
1
1
1
1
2
2
1
1
1
1911448203
1
69941628440
1
1
1
1
1
1
1
2
2
1
1
2
1
1
1
1
1
1
1
1
1
1
2
1
2
1
1
50540060353
1
1
1
1
2
1
1
2
1
1
2
1
1
1
1
1
1
1
1
1
1
1
1
1
1
1
2
78201162814
2
1
2
1
1
1
1
1
2
1
1
1
1
2
1
1
29808698980
1
2
1
1
87772887196
1
1
1
1
1
1
1
1
80096739991
1
2
1
1
1
2
1
1
1
1
1
1
1
2
1
1
1
2
1
2
2
1
1
1
1
2
1
2
1
2
2
35421188217
1
1
1
1
1
2
2
1
1
1
1
1
1
1
1
1
1
1
1
1
1
1
1
1
1
1
1
1
1
1
2
1
1
2
1
1
1
2
1
1
1
1
1
1
1
1
1
1
1
1
1
1
1
2
2
1
1
1
1
1
1
1
66852465024
1
1
2
1
37051893744
1
1
1
1
1
12622079677
1
1
1
1
1
1
1
2
1
1
1
2
1
1
1
2
1
1
1
1
1
1
1
1
2
1
1
2
2
1
1
1
1
1
1
1
1
2
921002226
1
1
1
1
1
1
1
2
1
1
1
1
1
1
1
1
1
1
1
1
1
1
1
1
1
2
1
1
1
1
2
1
1
1
1
1
1
1
1
1
1
1
1
1
1
1
1
1
1
1
1
1
1
1
2
1
1
1
1
1
2
1
1
1
1
2
1
1
1
1
87053715185
1
2
1
1
1
1
1
2
1
1
1
1
2
2
1
1
1
2
1
1
1
1
2
1
2
1
1
2
1
1
1
1
1
1
1
1
1
1
1
2
2
1
1
1
2
1
1
1
1
1
2
84638648955
30402088891
90978719668
1
1
1
1
1
1
1
2
2
1
75079881588
1
1
1
1
1
1
1
1
1
1
2
1
2
1
1
1
1
1
1
1
1
1
1
1
1
1
1
1
1
1
1
1
1
1
1
1
1
1
1
1
2
1
2
1
1
1
1
1
1
1
2
1
2
1
1
1
2
1
2
9366928777
1
1
2
1
1
1
20904215329
1
1
1
1
59063512805
2
1
1
1
1
1
1
1
1
1
2
1
1
1
1
1
1
1
2
1
1
2
31234010439
1
1
1
1
1
2
1
1
1
1
2
1
1
19527695515
1
1
1
1
1
1
2
1
1
1
1
1
14878114250
1
1
1
1
1
2
2
1
1
2
1
1
1
1
1
2
2
2
1
1
77555996771
1
1
1
2
1
1
1
1
1
1
2
1
1
1
2
2
1
1
2
1
23518805302
45903818980
1
1
1
2
1
1
2
2
2
1
90814798651
1
1
1
1
1
1
1
1
1
1
1
1
1
1
2
2
1
1
2
1
1
1
1
1
1
1
2
1
1
1
1
1
1
1
1
1
1
2
1
1
1
1
1
2
1
1
1
1
1
1
1
2
1
1
1
1
1
1
1
1
1
2
2
1
1
1
1
1
2
1
1
1
1
1
1
2
1
1
1
2
1
1
2
1
1
2
1
1
97542939931
2
1
1
1
1
1
19171885874
1
1
2
1
1
1
1
2
2
42039617687
1
1
1
1
1
1
1
2
2
2
1
1
1
1
1
1
1
1
1
1
84993928399
1
1
1
1
1
1
1
1
1
1
1
1
94794313277
2
1
1
1
1
1
1
2
1
2
1
1
2
1
1
1
1
1
1
1
2
2
1
1
1
2
41671037558
1
2
1
1
1
1
1
1
2
1
1
2
1
2
1
3724773565
1
1
1
1
2
1
1
92708470085
1
2
1
1
1
1
1
1
1
1
1
1
1
1
1
65186845430
1
1
2
1
1
1
1
1
1
1
1
1
1
1
2
20809502267
2
1
1
85502317268
1
1
1
2
1
1
1
1
1
1
1
1
1
1
1
1
2
1
1
1
1
1
1
1
1
2
1
1
1
1
2
1
46903461499
1
1
2
1
73168321098
2
1
1
1
1
1
1
1
1
50565885513
1
1
1
1
1
1
1
1
93931164442
1
1
2
1
1
1
1
2
2
1
1
1
1
1
1
1
1
2
1
1
1
1
1
1
18009394489
1
2
1
1
1
1
1
1
1
1
2
1
1
1
1
1
1
1
1
1
1
2
2
1
1
1
1
1
1
1
1
1
2
2
2
1
1
2
1
1
1
1
1
1
2
1
1
1
1
1
9759369565
1
1
1
1
1
1
2
1
1
1
1
1
2
1
2
2
2
1
2
1
1
30955820226
1
1
1
2
1
1
1
2
40009979547
1
1
7140206506
1
1
2
1
1
1
1
1
2
1
1
1
1
1
1
14162373413
1
1
1
1
1
1
1
1
1
1
1
1
1
1
1
1
1
2
1
2
1
1
1
1
1
1
1
1
1
1
2
1
1
2
1
1
1
1
1
1
1
1
1
64975631156
1
1
2
2
67416769004
1
1
1
1
1
1
1
1
1
1
1
1
1
2
1
2
1
1
2
2
1
1
1
8060077753
1
2
2
1
2
1
1
1
2
1
1
2
1
1
1
2
1
38797698165
1
2
1
1
1
1
1
1
1
1
1
1
1
1
1
1
1
1
1
1
2
1
1
1
2
1
1
1
1
2
1
1
1
1
2
1
1
1
1
1
1
1
1
2
1
1
1
2
1
1
1
1
1
2
2
1
2
1
1
2
1
1
2
1
1
1
1
1
1
40936671194
1
1
1
1
1
1
1
2
1
2
2
2
1
1
2
1
1
1
1
1
1
1
1
2
1
1
1
1
1
1
72770038080
1
1
1
30176671565
1
1
1
1
1
1
1
1
1
1
1
1
1
1
1
1
1
1
1
1
1
1
2
1
1
2
2
1
1
1
1
2
1
1
2
1
1
1
2
1
1
1
2
1
92209102184
2
2
1
1
2
1
2
1
22124021468
1
1
2
1
1
1
1
2
1
1
1
2
1
1
1
17681487262
1
1
1
1
1
1
1
1
1
1
1
2
1
2
38980109364
1
2
1
1
1
2
1
1
2
1
1
2
1
1
1
1
2
2
2
2
1
1
1
1
1
1
1
1
1
1
1
2
2
1
2
1
1
2
1
1
1
1
1
1
1
1
2
2
1
1
1
1
1
1
1
1
1
2
1
2
27292574579
1
1
1
2
1
1
2
2
2
1
1
1
1
2
1
1
1
98759712753
1
1
1
1
1
1
1
1
1
1
1
1
2
1
1
1
1
96612348322
1
1
1
1
1
71260271530
1
1
1
76383309663
2
1
1
1
1
1
1
1
1
2
33771810458
1
1
1
1
1
1
1
1
1
1
1
1
1
1
1
2
1
1
1
1
1
1
1
1
1
1
1
1
1
1
1
1
2
1
1
1
1
2
1
91809524483
1
2
1
1
1
2
1
2
1
1
40469063417
1
1
1
1
1
1
1
1
1
1
1
1
2
1
1
2
1
2
1255111929
1
1
2
1
6950384420
2
1
1
1
1
1
1
1
1
1
24781781917
1
2
1
1
2
1
1
1
2
1
43973029699
1
1
1
1
1
2
2
1
1
2
1
1
1
1
1
1
2
2
1
1
1
37556169151
9418258887
1
1
1
2
1
2
1
1
16833520218
1
1
2
1
1
1
1
1
2
2
1
1
1
1
1
1
1
1
1
1
2
1
1
1
1
1
1
1
2
1
2
1
1
2
1
1
1
1
2
1
1
1
1
1
1
1
1
1
1
1
2
2
1
24919694617
1
1
1
1
1
1
1
1
1
1
1
1
1
1
2
1
79760737789
2
1
1
1
1
2
1
1
1
1
1
1
1
1
35828512546
1
1
1
1
1
70425189972
2
2
1
1
1
3011283545
1
1
1
2
1
1
1
2
1
2
1
1
1
1
1
2
1
1
1
25977680800
1
1
2
1
1
1
1
1
1
1
1
1
1
2
1
1
1
1
2
1
2
1
2
2
2
1
1
1
1
2
1
1
1
1
1
1
1
1
1
1
1
1
1
1
1
1
1
1
1
42003512082
1
2
1
1
1
2
1
2
1
1
2
2
85239779352
1
46458777777
1
1
1
1
1
2
1
1
1
1
2
1
1
1
1
2
2
1
1
1
2
2
1
1
1
2
1
1
70271483898
1
1
2
1
1
2
72875822475
1
1
2
1
2
1
1
1
1
2
1
1
2
1
1
2
1
1
2
1
1
2
1
1
1
2
1
1
1
1
2
1
1
81591761249
1
1
1
1
1
2
1
1
52952927822
1
1
1
2
1
2
1
1
1
2
2
1
1
19527782076
1
2
1
1
1
1
1
1
1
1
1
1
1
1
1
1
1
1
1
1
1
1
2
1
1
1
1
1
1
1
1
1
1
1
1
2
1
1
2
1
1
1
1
1
2
1
1
1
1
1
1
1
1
1
1
1
1
1
1
1
1
2
1
1
1
1
1
1
1
1
13415527796
1
86041047374
1
1
1
1
1
2
2
2
1
1
1
1
1
1
1
1
1
1
1
1
1
1
2
2
1
1
1
1
1
1
1
2
1
1
1
1
1
1
1
1
1
1
87349240267
1
1
1
1
1
1
1
1
1
1
1
2
1
1
1
1
1
1
2
1
77026953065
22529822103
1
1
2
1
1
1
1
1
1
1
2
1
2
2
1
1
1
1
1
1
1
1
1
1
1
1
1
1
2
1
1
1
1
1
1
1
1
2
1
1
1
1
1
1
1
43565084567
1
1
1
2
1
1
2
1
2
22581823977
2
1
1
2
1
2
1
1
1
1
1
65303389051
1
1
1
1
1
1
1
1
1
1
97704977614
1
1
1
1
1
1
1
1
1
91793069762
1
1
1
1
1
1
1
2
1
1
1
1
80997432387
33805199362
1
2
1
1
2
2
1
1
1
1
1
1
81011641866
1
2
2
1
1
1
1
1
1
2
2
2
1
1
1
1
1
1
1
1
1
1
1
1
1
2
2
2
2
2
2
1
2
1
1
2
1
1
2
1
2
1
1
1
2
1
1
1
1
1
2
2
1
24645595197
1
1
1
2
1
1
1
1
18026896034
1
1
2
1
2
18309359297
1
2
1
1
1
2
1
1
1
2
1
1
1
1
1
1
1
1
2
1
1
2
1
1
1
1
79792718163
1
1
1
2
1
1
1
2
1
1
49850373892
1
1
56418056091
1
1
75058570979
1
1
2
1
1
1
1
2
9783933006
1
1
1
1
2
30316646698
1
1
1
1
1
1
1
1
1
1
2
1
1
1
1
1
1
1
1
2
1
1
1
1
1
1
1
1
1
1
1
1
1
2
1
1
1
1
2
2
2
1
1
1
1
1
1
1
1
1
1
1
1
2
1
1
1
1
1
1
1
1
39220685993
1
1
1
1
1
1
2
1
1
1
2
1
1
1
1
2
1
2
1
1
1
1
84290118646
1
1
1
1
1
69580858721
1
1
2
1
1
1
1
2
1
1
1
1
1
1
1
1
1
1
1
1
1
1
1
1
39056707771
1
1
1
1
1
1
1
2
2
1
1
1
32881798654
1
2
1
1
2
1
1
2
1
2
2
1
1
2
2
1
26531602305
69906526455
1
2
2
2
1
1
57851757007
1
1
1
1
2
1
1
1
1
2
1
1
1
2
1
1
1
1
1
3376894574
1
1
1
2
1
1
1
1
1
1
2
1
1
1
1
1
2
1
1
1
1
1
1
2
1
1
2
1
1
1
1
2
1
1
1
1
1
1
2
1
1
1
1
2
2
1
1
2
1
2
1
1
1
1
1
1
1
1
1
1
1
1
1
1
1
2
1
1
1
37824610120
1
1
1
2
1
1
1
2
1
2
1
1
2
1
1
1
2
2
1
1
2
41894348152
1
1
1
1
1
1
1
1
2
1
1
1
2
1
1
1
83670468605
1
1
2
1
1
1
1
1
1
1
1
1
2
2
14408859771
1
1
23718019204
1
1
1
1
2
1
1
2
1
2
1
1
1
2
1
1
1
92414550295
2
2
1
1
1
1
2
1
1
1
1
11826305215
1
1
2
2
1
1
1
2
1
1
1
2
1
1
1
1
1
2
1
1
2
1
1
1
1
1
2043868068
1
1
1
1
1
2
1
1
1
1
1
1
1
1
1
1
1
1
1
2
1
1
2
1
2
1
2
30363100117
1
1
1
1
1
1
2
1
1
1
37507985828
1
1
2
1
1
1
1
1
1
2
22313861140
1
1
1
2
2
24129100196
41454176217
10846904100
1
1
1
1
1
1
1
2
1
1
1
1
1
1
2
1
1
14508418048
1
1
1
1
1
1
1
1
1
1
2
1
2
1
1
1
2
2
1
1
1
2
1
1
1
2
2
1
1
1
18314137069
1
1
1
1
2
1
1
1
1
1
1
5363644120
1
1
2
1
1
1
1
2
1
2
1
2
2
1
1
1
1
1
1
1
1
1
1
1
1
1
1
37003549105
1
1
1
1
1
1
1
1
2
1
2
2
1
1
1
1
2
2
1
2
1
1
1
1
1
1
1
1
2
1
1
1863331311
1
1
2
1
1
1
1
2
1
1
2
1
1
1
1
1
1
1
2
48926514069
1
2
1
1
81730104444
2
1
2
1
1
1
1
1
2
1
1
1
1
1
1
2
2
1
2
1
1
1
1
2
1
1
1
1
1
1
1
1
1
1
1
1
1
1
2
2
1
1
2
1
1
2
76296089190
1
2
1
1
1
1
1
2
1
2
1
1
1
1
1
1
1
2
2
1
1
1
1
1
1
1
1
1
1
1
1
43242910986
2
2
2
1
2
1
1
1
1
2
1
2
1
1235153279
1
1
1
1
1
1
1
1
2
1
1
1
1
1
1
2
1
1
2
1
1
1
1
1
2
1
1
2
1
1
1
1
1
1
1
2
1
1
1
1
74173219544
1
2
1
1
2
1
2
1
1
1
1
1
2
1
1
1
30665656564
2
1
1
1
2
1
1
1
1
2
1
1
6218871471
1
1
1
18182007318
1
1
1
1
9848356062
1
1
2
1
1
2
1
2
1
1
1
1
38445685513
1
1
1
2
2
1
1
1
2
1
1
1
2
1
1
2
1
1
2
2
1
2
1
25712594178
1
1
1
1
57316453802
1
2
2
1
1
1
1
54878181630
1
2
1
1
1
28265418345
2
1
2
1
1
1
1
1
1
1
1
1
1
1
1
1
1
1
1
1
1
1
1
1
1
21903572503
1
1
2
1
1
7629474072
2
1
1
2
1
1
1
1
1
1
1
2
2
1
1
2
1
1
1
1
1
2
1
1
1
1
2
1
1
88909926808
1
1
92519267954
1
2
1
1
1
1
1
1
2
1
1
1
1
1
1
1
1
1
1
1
1
1
1
1
2
51127135071
1
1
1
1
1
1
1
1
1
1
1
1
1
1
1
1
1
1
2
1
1
1
1
1
1
1
1
1
1
1
11119850432
1
1
1
1841071249
1
1
2
2
1
1
1
1
2
1
1
1
2
1
1
1
51988271283
1
1
1
1
1158716767
2
1
1
1
2
1
1
1
76335683666
2
1
1
1
1
1
1
1
1
2
1
1
1
1
1
1
1
1
2
63461135648
2
1
1
1
2
1
1
1
1
1
1
1
1
1
1
1
2
1
2
2
1
1
1
1
1
79288325617
2
1
1
1
44809408674
1
2
1
1
1
1
1
1
1
1
2
1
1
1
1
1
1
2
2
98651225635
1
2
2
1
2
2
2
2
1
79892111109
1
1
2
1
1
1
1
1
1
1
1
1
1
2
1
1
1
1
1
2
2
2
1
66619567800
1
1
1
1
1
2
1
1
1
1
1
2
1
1
1
2
97210625311
1
2
1
1
1
1
1
1
2
1
1
1
17630532328
2
1
1
1
1
1
1
1
1
1
1
1
2
1
1
1
1
1
1
1
1
1
1
1
1
1
1
1
1
2
1
1
1
1
2
2
1
2
1
1
1
1
1
1
1
1
59896537995
1
1
2
1
1
1
1
1
1
2
1
1
1
1
1
1
1
1
1
1
1
1
1
1
1
1
2
1
1
1
1
1
1
1
2
1
1
1
1
1
1
1
2
1
1
89040692745
1
1
1
1
1
1
1
1
1
1
1
1
2
1
1
2
1
2
1
1
1
1
1
1
1
2
1
1
1
1
1
1
1
1
2
1
1
1
1
1
1
1
1
2
1
1
1
1
1
1
2
64497919164
2
59400164868
17924241441
2
1
1
92185601975
1
1
1
1
1
2
1
2
2
1
1
2
1
1
1
1
2
1
1
1
1
2
1
1
1
1
1
1
1
31487619310
1
1
1
1
1
1
1
1
2
2
1
1
1
1
1
1
1
1
1
1
1
2
1
1
1
1
1
1
1
2
2
2
1
2
1
2
2
1
1
2
1
1
1
1
1
1
1
1
2
1
2
2
1
51415428313
1
1
1
1
1
1
1
1
1
1
1
1
1
2
1
2
1
1
2
1
55371422464
1
1
1
1
2
1
1
1
1
2
1
1
1
1
1
1
50813369891
1
1
66774774837
1
2
1
1
11358005023
2
1
1
2
1
1
1
1
1
1
16840238736
1
1
1
1
1
1
2
1
57166454932
1
1
1
1
46356685580
1
1
1
1
1
1
1
2
1
1
1
1
46062189335
1
1
1
2
1
2
2
1
1
1
1
30451177157
1
1
1
32803314186
1
1
1
1
2
1
1
1
1
1
1
1
1
1
1
1
2
1
1
1
1
1
1
1
1
1
1
1
2
1
1
1
1
1
1
1
1
1
1
1
1
1
1
2
2
1
1
2
85269304282
1
1
1
1
2
1
1
1
1
19934936874
2
2
1
1
2
1
1
2
1
95208815678
2
33941808128
1
1
1
2
1
1
1
1
1
1
1
1
1
1
1
1
1
1
1
2
1
2
1
1
2
1
1
1
1
1
1
1
2
1
1
1
1
1
1
1
1
2
1
8526144739
1
1
1
2
1
1
1
1
1
1
3111822925
1
2
1
1
1
1
1
1
1
1
1
1
2
1
1
1
1
2
2
1
1
1
1
1
1
1
1
2
1
1
1
1
1
1
1
1
2
1
1
1
2
1
1
1
2
1
2
1
1
1
53849954227
2
65511343421
1
1
1
1
1
1
67111622384
31931186641
1
3135189106
10982621586
1
2
1
1
1
1
31586078451
1
1
1
1
2
1
1
2
1
2
1
1
1
1
2
45085368032
2
1
1
1
1
1
1
1
1
1
1
1
1
2
1
1
2
1
1
1
1
1
2
1
1
1
1
1
1
1
1
1
2
1
1
1
2
1
1
1
1
1
37559691629
1
1
1
1
2
2
1
1
86014328970
1
1
1
1
1
1
1
1
2
16945697258
1
1
1
16881333959
1
1
1
1
1
1
1
1
1
34405048760
1
1
1
1
1
1
2
1
1
30472085313
1
1
1
1
2
1
1
2
1
1
1
1
1
1
1
2
1
1
1
1
1
1
1
1
1
2
1
1
1
41643842852
1
1
1
1
1
1
1
2
2
2
1
1
80384922106
1
1
1
2
1
1
1
1
1
1
2
1
1
1
1
1
2
1
1
1
1
1
1
2
1
2
1
1
1
2
1
1
1
2
1
1
1
1
1
1
1
1
1
1
1
1
1
39610068741
2
1
1
1
1
1
1
1
1
1
1
1
1
6343316083
1
1
2
1
86223908478
1
1
1
1
2
1
1
1
1
1
1
1
1
1
1
1
1
1
1
1
1
1
2
1
1
1
56328418555
1
1
1
2
1
1
1
1
1
2
1
67242197889
1
1
1
1
1
1
1
1
1
1
1
1
2
1
1
1
2
1
1
2
1
2
1
1
1
2
1
1
1
1
1
1
23016939205
1
1
1
1
1
1
1
1
2
1
1
1
1
1
2
1
1
1
2
1
1
1
1
1
1
1
2
1
1
1
1
1
2
1
1
1
1
1
1
2
1
1
1
2
1
1
1
2
1
1
2
2
1
1
1
1
2
49836238011
2
1
1
48490843182
1
1
1
1
1
2
1
1
1
2
1
1
1
2
23863656457
1
1
2
2
1
1
2
1
1
1
2
1
1
1
1
1
1
1
1
1
1
1
1
2
1
1
1
1
1
1
1
91780150063
1
2
1
1
1
1
1
1
2
1
1
1
1
1
1
42249666236
2
1
1
1
2
1
1
1
1
2
1
1
25790674326
1
1
1
1
71832059598
1
94520211900
1
35149248509
1
1
2
81772155947
2
2
1
1
1
1
2
1
2
1
2
1
1
1
1
1
1
2
38413717418
2
2
2
1
1
2
1
1
1
1
1
1
1
1
2
2
1
2
1
1
1
80939612368
2
1
1
2
1
1
1
1
1
1
1
1
1
1
2
1
1
1
1
1
1
1
1
68629569267
33203047091
1
1
1
2
1
1
1
1
1
1
1
1
2
1
1
13591122054
42180157953
1
2
1
1
1
2
1
85333645974
1
1
1
68774357862
1
1
1
1
1
1
2
2
1
1
1
1
1
1
1
2
1
2
1
1
1
1
1
1
1
1
1
1
1
1
1
1
1
1
1
1
1
2
44502121607
2
1
1
1
1
1
1
19249475502
1
1
2
1
1
1
1
1
1
1
1
1
2
1
1
1
1
1
2
1
1
2
1
1
1
1
1
1
2
81033193984
1
1
1
1
1
1
1
1
1
1
1
1
1
1
1
1
1
1
2
1
2
1
1
1
1
1
2
1
1
1
1
1
2
2
1
1
1
1
50802888600
1
1
1
1
1
1
1
1
1
1
1
2
1
1
1
1
1
1
1
1
87558918291
1
1
1
1
1
1
1
1
1
1
1
1
1
1
1
1
1
1
1
1
1
1
1
1
2
1
1
2
1
1
21637870453
185840185
1
1
1
1
1
1
1
1
1
1
1
1
1
1
2
1
1
55625381572
1
22580414805
1
1
1
1
1
1
1
1
95567413948
2
1
1
1
1
1
1
2
1
1
44208783911
42728184472
1
78872027722
1
2
1
1
2
1
2
1
1
1
1
1
1
2
2
1
1
1
1
1
1
29470375156
1
1
1
1
2
1
2
1
2
1
1
1
2
1
1
2
1
1
1
1
2
1
1
1
2
1
2
2
1
1
1
1
1
2
1
1
1
1
1
2
1
1
1
2
1
1
67290114025
1
2
2
2
1
2
1
2
1
1
1
1
1
1
1
2
23526780193
1
2
2
1
2
1
2
1
2
1
1
1
1
1
2
1
1
1
1
1
1
1
1
1
1
1
2
1
2
1
1
2
1
1
1
1
1
1
1
1
1
1
1
1
1
1
1616159258
1
1
1
1
1
2
2
2
1
1
1
1
1
2
1
1
1
1
1
1
1
1
1
1
2
2
1
1
1
1
1
1
1
1
1
2
1
1
1
2
1
93126357193
2
1
1
1
1
2
1
1
2
1
2
1
1
2
1
13978830289
1
1
1
1
2
2
2
1
1
3709113759
1
1
1
1
1
1
1
1
1
90741626246
1
1
1
1
2
1
1
1
1
1
1
1
1
1
1
1
2
86926077040
1
2
1
1
2
1
1
1
1
1
1
1
1
1
1
1
86035797735
1
1
1
2
1
1
2
1
1
1
2
1
1
1
71134754817
1
1
1
31485572736
1
1
1
1
1
1
1
2
1
2
1
1
1
1
2
1
1
1
1
1
1
1
1
2
60288131927
1
2
2
1
1
1
48363535737
1
1
1
1
1
99383441208
1
1
2
1
1
1
1
1
1
1
1
1
1
1
1
1
1
1
1
1
1
2
1
1
1
1
1
1
1
1
1
1
1
1
1
2
1
2
1
1
1
2
1
1
2
98517452269
1
1
2
1
1
2
2
1
1
2
1
1
1
1
2
2
1
1
1
2
1
2
1
1
1
1
2
1
1
1
1
1
2
1
2
1
1
1
1
1
1
61335801211
1
1
1
2
1
1
1
1
1
1
2
1
2
1
1
2
1
1
2
2
2
2
2
1
2
1
1
1
1
2
1
1
2
1
1
1
2
1
1
1
1
2
1
1
2
1
2
1
1
2
1
1
1
1
1
2
1
1
1
1
1
1
1
1
2
1
1
1
1
1
1
85781268079
76145618286
1
1
1
1
1
1
1
1
1
1
1
1
2
2
1
1
1
1
2
1
1
1
1
2
1
2
1
2
1
1
2
1
1
2
1
1
1
1
1
2
1
1
1
2
1
1
2
1
1
1
1
2
1
2
1
1
36661545974
1
2
1
1
1
1
1
1
1
1
1
1
1
16135015598
1
1
1
1
1
2
1
1
1
2
1
2
1
1
2
1
1
1
1
1
1
1
2
1
1
1
1
1
1
65872116342
2
1
1
1
1
1
1
2
76245058004
1
1
1
1
1
1
1
1
1
2
2
2
1
1
1
1
73685025978
2
1
1
84601896047
1
1
17548054015
1
1
1
1
1
1
1
1
1
1
1
1
82177090150
1
19809063099
1
1
1
2
1
1
1
1
1
1
1
1
1
2
1
1
1
2
1
1
1
1
1
1
1
2
2
1
2
1
1
1
1
1
1
1
1
1
1
1
2
1
1
1
1
2
1
1
1
1
1
1
1
1
1
1
1
1
2
2
1
1
2
1
1
33773360471
1
1
1
1
1
1
1
1
69677345880
1
1
1
1
1
2
1
1
2
1
1
1
1
2
1
1
27438158049
1
1
1
1
78306096770
1
2
1
1
1
2
1
1
1
1
1
1
1
2
1
1
1
1
1
1
1
1
1
1
1
1
1
1
1
1
1
2
1
1
1
1
1
1
1
1
1
1
1
1
1
1
1
1
61006074579
2
1
1
1
1
2
1
2
1
1
2
1
2
1
1
1
1
1
2
2
1
1
1
2
1
1
2
2
1
1
1
2
1
1
1
35589940728
2
2
1
1
1
32772045500
1
1
1
1
1
1
1
1
1
1
1
1
2
1
1
1
1
2
1
1
1
1
2
1
1
1
1
1
94135666243
1
1
1
1
1
1
1
1
1
1
1
1
1
1
2
1
1
1
1
1
1
2
2
1
1
45482218909
1
1
2
1
2
1
91782905264
2
2
1
1
1
1
1
1
1
1
1
1
2
1
1
1
13607204014
1
1
1
1
1
64831444667
87959940264
1
1
2
1
1
1
1
2
1
1
1
1
1
1
1
13882520645
1
2
1
1
1
1
30832615399
1
1
1
2
1
1
2
1
2
2
1
1
1
49098589789
1
1
1
1
1
1
1
1
1
1
1
1
66319965446
1
1
1
2
1
1
1
1
2
1
1
1
2
2
1
1
2
1
1
1
84978314704
1
1
1
1
1
1
1
1
1
2
1
1
48921999170
1
1
1
1
1
1
1
1
1
1
1
1
1
1
1
1
2
1
1
2
2
1
1
1
1
1
1
1
1
1
1
1
1
1
1
1
1
1
1
1
1
56950050419
2
1
1
1
1
1
2
1
1
1
1
1
1
1
1
2
1
1
1
1
2
1
1
1
1
1
1
1
1
1
1
1
1
1
2
1
1
1
1
19068522988
1
1
1
1
1
1
2
1
2
1
2
1
1
1
1
1
1
2
1
1
1
2
1
1
1
1
1
1
2
1
2
1
57662376714
1
1
1
1
1
1
1
1
2
1
1
1
1
1
85079759668
1
1
2
1
1
1
1
1
2
1
1
1
1
1
2
2
1
1
9730057290
1
1
1
1
1
1
1
1
1
1
2
1
1
1
1
1
1
28107776412
1
1
2
1
1
1
1
1
1
1
1
1
2
1
1
1
1
1
1
1
1
1
2
72088348208
1
42099811508
2
2
1
2
1
2
1
1
1
1
1
1
2
2
1
1
1
1
2
1
1
1
1
1
1
1
2
1
1
1
2
1
1
1
1
1
1
1
2
2
1
1
1
1
2
2
70675755975
1
1
1
1
1
1
1
1
1
2
2
2
55311462352
1
1
1
1
1
1
1
1
1
1
1
1
2
1
1
1
2
1
91884697346
1
1
1
1
1
1
1
1
2
2
1
74454854248
2
1
1
1
2
1
1
1
1
1
1
1
1
1
2
1
1
1
1
2
1
1
1
1
1
76447462370
1
1
1
1
1
2
1
1
1
1
1
2
1
1
1
2
1
1
1
1
2
1
1
51115375560
1
1
2
1
1
1
1
1
2
1
1
1
1
2
1
1
2
1
1
2
2
1
1
1
2
1
1
71340100226
1
75059772203
1
1
1
1
2
1
1
1
1
1
1
1
2
1
1
2
1
1
1
2
1
1
2
1
2
1
1
1
1
1
1
1
1
32619717220
1
1
1
1
1
1
1
1
1
2
1
1
1
1
1
1
2
1
38156822412
1
2
1
1
2
1
1
25702594737
1
1
1
2
1
1
1
1
1
1
1
1
2
2
1
1
2
1
1
2
1
1
1
1
1
1
1
1
1
1
1
1
2
1
1
1
1
2
1
1
1
1
1
2
1
2
1
1
1
1
1
1
1
1
1
1
1
1
1
1
2
1
2
1
1
1
1
1
1
1
1
1
2
1
1
1
2
1
1
1
1
1
1
1
1
1
2
1
1
1
1
2
34471380448
21872737061
1
1
1
2
2
1
1
1
2
2
2
76058979958
1
1
1
65776229996
1
1
1
1
1
1
1
1
1
1
1
2
1
1
2
1
1
1
1
1
1
1
1
1
2
2
1
9942343063
1
1
2
1
1
1
1
1
2
1
1
1
1
1
1
1
1
1
1
1
1
1
1
1
1
1
1
2
1
1
1
1
1
1
2
1
1
1
1
1
1
1
1
1
1
1
1
2
1
1
1
1
1
2
1
2
1
1
91246563776
1
2
58625414574
1
2
1
1
1
1
2
2
1
1
1
1
1
1
1
1
1
1
1
1
1
1
1
1
1
1
1
2
1
1
1
1
1
1
2
1
2
1
1
1
1
2
1
1
1
1
1
2
1
1
1
1
1
1
2
1
1
2
1
2
1
2
2
1
1
2
1
1
2
1
1
1
1
1
1
1
1
1
1
1
1
1
2
1
1
1
1
1
1
1
2
1
1
2
1
1
1
2
1
2
1
95299235544
1
1
1
1
1
1
1
2
2
1
1
1
1
2
1
1
1
1
62174413160
1
1
1
47154216063
1
1
1
1
1
1
1
1
1
2
1
2
98956871445
1
2
1
1
1
2
1
2
1
1
1
1
1
1
1
1
1
1
1
1
1
2
2
1
2
1
1
2
1
1
1
1
9270520588
1
1
51681012223
61100543226
2
1
1
1
2
1
2
1
1
2
1
1
1
1
1
1
2
1
1
1
1
2
1
2
1
1
1
2
2
2
1
1
1
1
1
2
1
1
2
1
38366814712
1
76350350904
2
1
1
1
1
1
82433871949
1
2
1
1
1
1
1
2
1
1
2
1
2
1
1
1
1
1
1
1
1
1
2
1
1
1
1
1
1
1
2
31396127046
1
1
1
1
1
2
1
2
1
1
1
1
1
2
1
1
1
2
1
1
2
1
1
2
1
1
2
2
1
1
49110660503
1
1
1
1
32054811632
1
1
1
1
1
50354579520
1
1
1
1
1
1
1
1
1
1
1
1
1
1
2
2
1
1
1
1
1
1
1
1
2
2
2
1
1
1
2
85542913306
2
1
1
1
1
1
1
1
78278394429
2
1
1
1
1
2
1
1
1
1
1
1
1
1
1
2
1
44148645636
2
2
1
2
1
1
1
2
1
1
1
1
1
42303359251
1
1
2
2
1
1
1
1
1
1
1
1
1
1
1
2
1
1
2
1
1
1
2
2
1
2
1
1
1
1
1
1
1
1
1
1
1
1
1
1
1
1
1
1
1
2
1
1
1
1
1
1
2
2
1
2
2
1
1
1
1
2
1
1
1
1
1
2
1
1
41787558274
1
1
2
1
1
1
1
1
2
2
1
1
1
1
1
2
2
1
2
1
1
1
1
2
2
1
2
1
1
2
1
7057221139
1
1
1
1
1
1
1
1
1
1
1
1
1
2
1
1
1
1
1
1
55676454676
2
2
2
1
1
2
1
1
1
1
1
1
2
1
2
1
1
1
1
2
3074457518
38430849871
1
8178715978
1
1
1
2
2
1
2
1
2
1
1
1
1
1
1
2
1
1
1
1
1
1
1
1
1
1
2
1
1
1
1
1
2
2
1
2
1
1
1
18936622165
1
1
2
1
1
1
1
1
1
2
1
1
1
1
2
1
2
1
1
1
1
49569874108
41405015636
1
1
1
1
1
1
2
1
1
1
1
1
1
1
1
1
1
1
1
2
1
1
1
1
2
1
1
1
1
1
1
1
1
1
1
2
1
1
1
36335102329
1
1
1
1
1
1
1
1
58888780407
1
1
1
1
1
1
1
1
2
1
1
1
1
2
1
1
1
1
1
1
2
1
1
1
1
1
2
1
1
1
2
1
1
1
1
1
1
1
2
1
1
1
1
1
1
2
1
1
1
1
1
1
1
2
1
1
1
1
1
1
2
1
1
1
1
1
2
1
2
1
1
2
2
1
1
1
1
1
1
86729672166
1
43384699154
1
1
1
2
1
2
1
53786799116
2
1
1
1
1
1
1
2
2
1
2
1
1
1
93109014635
1
1
1
1
69828747822
1
1
1
1
1
1
1
2
2
1
2
2
1
1
1
2
1
2
1
1
1
1
1
1
1
2
1
1
2
1
12272833480
1
1
1
1
2
1
1
15172804412
1
2
1
1
1
2
1
2
1
1
1
1
1
1
1
1
1
2
1
1
2
1
1
1
1
1
1
2
1
1
1
1
1
1
1
4398549094
1
1
1
2
1
1
1
1
1
90828198909
2
1
1
1
2
1
1
1
1
1
1
1
1
1
1
1
1
1
1
1
1
1
1
2
1
1
1
1
1
1
72389623479
2
1
2
1
1
1
1
1
1
1
1
1
1
1
1
1
1
1
2
1
73553591404
1
7282599513
1
1
2
1
1
1
2
1
1
1
1
1
1
2
1
28746912278
2
1
1
1
2
1
1
1
1
1
25887084574
2
1
2
1
1
1
1
82890145950
1
1
1
1
1
1
1
1
33857376395
1
1
2
2
2
1
1
1
1
1
1
71067810202
1
1
1
2
1
14795339298
1
1
1
1
1
51958415401
1
1
1
1
1
1
1
2
2
2
1
1
1
2
1
1
1
2
1
2
2
1
1
1
1
2
1
1
2
1
1
1
1
1
44510491775
1
2
1
1
2
2
1
2
1
1
1
1
1
1
1
1
1
1
2
96252016433
1
1
1
1
2
1
1
1
1
1
1
2
1
2
1
1
2
1
1
1
1
1
1
1
1
1
1
1
1
1
1
1
2
1
1
2
1
1
1
7773103784
1
2
1
1
1
1
1
1
1
1
1
1
1
80104148893
1
1
2
1
1
1
1
1
2
1
1
2
1
2
1
1
2
1
1
1
1
1
1
2
2
2
1
2
1
1
1
1
1
90606996737
2
33725462736
1
1
1
1
1
1
2
1
1
1
1
1
1
1
1
1
1
1
1
1
1
1
1
1
2
1
1
1
1
2
1
76903664112
1
1
1
1
1
1
1
1
2
2
1
76128755734
1
2
1
2
1
1
2
1
1
1
2
1
1
2
1
1
1
1
2
1
1
1
2
2
2
1
1
1
1
1
1
1
2
1
1
1
1
2
1
1
1
1
2
2
1
2
1
2
1
1
1
1
1
1
1
1
1
2
2
2
1
1
1
1
1
1
1
1
1
1
1
2
2
56171782327
1
1
1
2
2
1
2
1
1
2
1
1
1
2
1
1
1
1
2
2
1
1
1
1
74914356622
1
2
1
1
1
1
1
2
66727702732
2
2
1
1
1
1
1
1
1
1
1
1
1
2675545910
1
1
1
1
1
1
1
1
2
1
1
1
2
5033193820
1
1
1
1
1
1
1
1
1
1
1
1
35910612907
1
1
1
1
1
1
1
1
1
1
7859650193
1
1
2
1
1
2
55595390532
1
1
1
1
1
1
2
1
1
1
1
1
2
1
1
1
1
1
1
2
1
2
1
1
1
1
1
1
2
1
1
1
75765529947
1
2
1
1
1
2
1
1
1
1
1
1
1
1
1
82048667527
2
1
1
2
1
2
1
1
1
1
1
1
1
1
1
1
1
1
1
1
1
1
1
1
1
1
1
1
1
1
1
1
1
1
38163511264
2
1
1
1
1
1
1
65058429154
1
2
2
1
1
1
1
1
1
3454542183
1
1
1
2
1
1
75927409720
2
1
1
2
1
1
1
1
1
1
1
1
1
1
1
1
23293139747
1
1
2
2
2
2
2
1
1
1
1
1
1
1
18856565131
1
96006437651
1
1
1
1
1
1
1
1
1
1
1
1
72103226688
1
2
2
2
1
2
2
1
1
1
1
1
1
1
1
1
1
2
1
1
1
1
2
2
1
1
1
1
1
1
2
2
1
1
1
1
1
1
1
1
2
1
1
1
1
1
1
1
1
1
1
1
1
2
2
97227446401
1
1
1
1
1
2
1
1
1
1
1
1
2
1
1
2
1
1
1
1
1
2
1
12464120348
42183742926
1
2
1
1
1
1
1
2
1
1
2
1
1
1
1
1
1
1
2
1
1
1
2
1
1
1
1
1
1
1
1
1
1
32722256224
1
1
2
1
25224874014
1
1
2
2
1
2
1
2
1
1
1
2
2
1
1
1
1
2
1
1
1
1
1
2
1
2
1
1
1
1
1
1
1
1
2
1
2
95168698267
1
1
1
2
1
1
2
92154193941
1
1
1
1
1
1
1
1
87809597111
1
1750922055
1
2
1
1
1
1
1
1
1
2
1
1
1
1
1
1
1
1
1
1
1
1
75001729713
1
1
1
1
1
2
1
1
1
74399037998
2
1
1
2
1
1
1
1
1
1
2
1
2
1
1
1
2
2
1
64984137287
1
1
1
1
1
2
14446713485
1
2
1
1
1
1
1
2
1
1
1
2
11894407582
2
1
1
1
1
1
1
1
1
2
1
1
1
1
2
1
2
1
1
1
2
84271984110
1
74672979192
1
1
1
2
1
1
1
1
43076813566
1
1
2
1
1
49626181004
1
1
1
1
1
1
63685402121
40001381281
2
1
1
60837974950
1
1
2
1
1
1
1
1
1
1
2
1
1
1
1
1
1
1
1
2
1
1
1
1
1
1
1
1
1
1
1
1
1
1
2
1
2
50294137976
1
2
2
1
5281351298
1
1
2
1
1
1
1
1
1
1
2
1
1
1
1
1
79935780690
1
1
1
1
1
1
1
1
45672187161
1
1
1
1
1
1
2
1
1
1
2
2
1
67094127686
2
1
1
1
1
1
2
1
2
2
2
1
1
1
1
1
1
1
2
1
1
1
1
2
1
1
1
1
35281406961
1
1
1
41847585867
1
1
2
1
1
1
2
2
1
1
2
1
1
1
1
1
1
1
1
1
1
2
40269664191
1
1
1
2
66447434281
1
1
1
1
2
1
1
2
2
1
2
1
1
1
1
1
1
1
1
1
2
1
1
1
1
1
2
2
1
1
1
1
1
1
1
1
1
2
1
26987920325
1
2
1
1
1
1
1
1
2
1
1
1
1
2
1
2
33901485064
1
35541869924
1
1
1
2
1
71550482410
1
16241047791
1
1
1
1
1
1
1
1
1
2
1
1
1
1
1
1
1
1
1
1
1
1
2
1
1
1
67577538521
1
1
1
91352291968
1
1
1
1
2
1
1
1
1
1
2
2
1
1
1
1
1
1
1
1
1
2
1
1
2
1
1
42165886585
1
1
2
84716554272
1
67392566589
1
1
2
1
1
1
1
1
2
1
2
1
1
1
2
1
1
1
1
1
1
1
1
2
2
1
1
85501593899
1
1
1
1
1
1
1
1
2
2
2
1
1
2
1
1
1
1
1
1
1
1
1
1
1
1
1
1
83009327644
2
1
1
1
1
1
2
1
1
1
59208340341
1
1
1
2
90007235175
1
2
1
1
2
1
1
53397458239
1
1
1
1
1
1
1
2
1
1
1
1
1
2
2
1
2
1
1
1
1
1
1
2
2
36697184567
2
1
2
2
2
24089495583
1
1
1
1
1
1
2
1
76411969724
1
1
2
1
1
1
22981316933
1
1
1
1
1
1
1
1
2
1
1
1
1
1
2
1
1
1
1
1
26036585722
31912152794
2
2
1
2
1
2
1
1
1
92423326887
1
1
1
2
1
1
1
1
1
2
1
1
2
1
1
1
1
1
1
1
1
1
1
1
1
1
1
2
2
1
2
2
2
1
1
1
2
2
1
1
1
2
1
1
1
1
1
2
1
2
1
1
1
1
2
2
1
1
1
1
1
1
1
2
2
2
28892408318
1
1
1
1
1
1
1
1
1
1
1
1
1
1
1
1
1
1
2
1
1
1
1
2
68289847843
1
2
1
1
1
1
1
1
1
1
1
1
2
1
1
1
1
1
1
2
1
1
1
1
1
1
2
1
1
45535144242
1
1
72323810180
1
1
1
1
45006839670
1
2
1
1
1
1
1
1
1
1
1
1
1
1
1
1
2
1
1
2
1
2
1
1
59449330765
1
1
2
92762520057
1
1
1
1
1
1
1
2
1
1
2
2
1
1
2
1
1
1
1
1
1
2
1
1
1
1
1
1
1
1
1
2
1
1
1
2
1
2
1
1
2
1
1
1
1
1
1
1
1
1
1
1
1
1
1
1
1
1
2
1
47844941380
2
1
1
1
59999635823
1
10633534276
1
88450707270
1
1
1
1
1
1
1
1
1
1
1
1
1
1
1
1
1
1
2
1
1
1
1
1
1
1
1
1
1
1
1
1
2
1
1
1
1
1
2
1
1
1
1
1
1
1
1
2
1
1
1
1
1
1
2
1
1
2
1
1
1
1
1
1
2
1
1
1
1
1
1
1
33546814511
1
1
1
1
2
1
2
1
1
87651816450
1
2
1
60535090791
1
1
1
1
2
2
1
1
1
1
1
1
1
1
1
1
1
2
1
1
2
1
2
2
1
1
1
86884811509
1
1
1
1
2
1
1
1
1
1
1
1
1
1
1
1
1
1
1
2
1
1
1
1
1
1
1
1
1
1
1
1
1
1
2
1
1
2
1
1
1
1
1
1
1
2
1
1
1
1
1
1
1
1
1
2
2
2
1
1
1
2
1
1
1
1
38137790629
2
1
2
4151105219
1
42248334898
2
1
2
1
1
1
1
2
1
1
1
1
1
2
1
1
1
1
1
1
5359090904
1
69299439144
1
1
1
1
2
2
1
1
1
1
1
1
1
1
2
1
2
1
1
1
1
1
2
1
1
1
1
2
1
1
1
1
1
2
1
1
1
1
1
1
2
1
1
1
2
1
1
1
1
1
1
1
1
1
2
2
1
1
1
1
2
1
1
1
72802491834
1
1
1
1
2
1
1
1
1
1
1
1
1
1
1
1
22110768667
1
1
2
1
1
1
1
1
1
2
2
1
1
1
1
1
13900654625
1
2
1
1
1
1
1
1
1
1
1
2
2
2
1
1
1
1
2
1
1
2
1
1
1
1
1
1
77980585882
2
1
