2
1
1
2
2
2
1
1
2
1
1
2
1
2
2
2
1
2
2
2
2
1
2
2
1
2
1
2
2
1
1
1
2
1
1
2
2
69795143042
2
2
2
2
2
1
1
2
2
1
2
2
2
1
2
2
2
2
2
2
2
2
49186135274
1
2
1
2
2
2
2
2
1
2
2
2
2
2
2
2
1
2
1
2
2
1
1
2
2
2
2
2
2
2
2
2
2
2
2
2
1
2
1
2
1
1
2
2
2
2
15958318600
2
2
1
2
2
1
2
1
2
2
2
2
2
2
2
2
2
2
2
1
1
1
2
2
2
2
2
2
2
2
2
1
2
2
2
1
2
2
2
2
2
2
2
2
2
2
2
2
1
1
72205786296
2
2
1
1
2
1
2
2
1
2
2
2
2
1
2
1
2
1
1
2
2
2
2
2
1
1
93590571764
2
2
2
2
1
2
2
49370714983
1
1
2
2
2
2
2
2
1
1
1
1
1
1
2
2
2
1
1
1
2
1
2
2
1
2
1
2
1
1
1
2
2
2
1
2
2
2
2
2
2
1
2
2
2
2
1
1
2
1
1
1
1
2
2
1
1
1
2
2
2
1
1
2
2
2
2
2
2
1
1
2
2
2
1
2
1
1
2
2
2
2
1
2
2
2
47786734430
2
1
86872899144
1
1
1
2
2
1
1
2
1
7444017255
1
2
2
2
1
2
1
1
2
2
2
2
1
1
2
1
2
1
2
2
1
2
2
2
2
1
2
2
2
2
2
1
1
1
1
2
2
2
2
1
2
2
2
2
2
2
2
2
2
2
1
2
1
2
1
2
2
1
2
2
2
2
48794548025
2
21037824265
2
2
2
2
1
2
2
1
2
2
2
2
1
2
2
2
2
2
1
2
1
2
2
2
1
2
1
2
1
1
1
2
2
2
2
2
2
1
2
1
2
2
2
2
2
2
2
2
2
2
2
2
1
1
2
2
1
2
2
2
1
1
2
2
2
1
2
2
2
2
2
2
2
2
1
2
2
1
1
2
2
1
1
2
1
2
1
1
2
2
2
2
2
1
2
1
1
2
1
2
2
2
2
2
2
2
2
2
2
2
2
1
1
2
2
2
73581902327
2
2
2
1
2
1
2
2
1
2
97859031158
2
2
2
2
2
1
2
2
2
2
2
2
1
1
2
2
2
2
1
2
2
2
2
2
1
2
1
1
13486270819
1
1
1
2
1
2
1
1
2
1
1
2
1
2
2
1
2
2
2
2
2
2
1
1
2
2
1
2
2
2
2
2
1
1
2
1
1
2
2
1
2
1
2
1
2
2
2
1
1
2
1
2
2
2
2
13000470099
1
2
2
2
1
2
1
1
1
2
1
2
1
1
1
2
2
1
2
2
2
2
2
2
2
2
2
2
2
2
2
1
2
2
2
2
2
2
1
1
1
20479517773
1
1
2
30362222034
2
2
1
2
2
2
2
1
2
2
2
1
55912043419
45063810406
2
2
2
1500914762
1
2
2
2
1
2
2
27078850538
2
2
1
2
2
2
2
2
2
1
2
2
2
2
1
2
1
1
1
2
1
2
1
1
2
2
2
2
1
2
2
1
2
2
2
1
2
2
2
1
2
2
2
2
2
2
1
1
1
95161294406
1
1
1
2
2
1
2
2
2
2
1
1
1
2
2
1
1
2
2
1
2
1
2
2
2
2
2
2
1
2
2
1
2
2
2
2
2
2
2
2
2
2
2
1
1
1
2
2
2
1
84102033566
2
54724979451
2
2
2
2
2
2
2
2
1
1
2
1
1
2
2
1
1
1
2
2
2
2
2
2
2
2
2
2
2
2
2
2
1
2
1
2
2
2
1
2
2
1
1
2
2
2
2
2
1
1
2
2
1
1
2
1
2
2
1
1
2
1
1
2
2
2
2
1
1
2
1
1
1
1
1
1
2
1
2
2
1
2
2
2
1
1
2
2
1
1
2
1
2
1
2
2
2
2
1
2
2
2
2
1
2
2
2
1
1
1
2
32986217074
2
2
2
1
2
2
1
1
1
2
2
1
1
1
2
1
2
2
2
1
1
2
1
2
2
2
2
2
2
73572106064
2
1
2
2
2
1
2
23758358224
2
2
2
2
2
1
2
1
2
2
2
2
2
2
2
1
2
1
32743287283
1
2
2
2
2
2
2
2
1
2
2
2
2
2
2
2
2
43417120223
2
2
2
1
1
1
2
2
2
2
1
2
2
2
1
2
1
2
1
2
1
2
1
2
1
2
2
2
2
1
1
2
2
2
1
1
2
2
2
2
2
2
2
2
1
2
1
1
2
1
2
1
1
2
2
2
2
2
2
2
1
2
1
1
2
2
2
2
1
1
1
2
2
2
2
2
1
2
2
1
2
2
1
2
2
2
2
2
2
1
2
1
1
1
2
1
2
2
2
2
2
2
2
2
2
1
2
1
1
2
2
2
2
2
1
2
2
2
2
2
1
1
2
1
1
1
2
2
2
2
1
2
2
2
2
1
1
2
1
2
2
2
1
2
2
1
2
2
2
2
2
2
2
1
2
2
2
1
2
1
2
2
51199340482
2
1
1
2
2
2
2
2
2
2
1
1
2
2
2
1
2
1
2
2
2
2
2
33294182511
1
1
2
1
2
2
2
2
2
1
2
2
2
1
2
2
2
2
2
1
2
1
1
2
1
1
2
1
2
1
2
2
2
2
2
2
2
2
1
1
2
2
2
2
1
2
2
2
1
1
2
1
1
1
5707506622
2
1
2
2
2
2
1
2
2
1
2
1
88687225269
2
2
2
2
1
1
68798937157
2
2
2
2
2
2
2
2
2
1
2
1
2
2
2
1
2
2
1
2
1
2
2
2
1
2
2
2
1
2
2
2
1
1
2
2
2
2
2
2
2
1
2
4920150579
1
1
2
1
2
1
2
2
2
2
1
2
1
68052658176
1
1
21746417383
1
2
2
2
2
2
2
2
1
2
1
2
2
2
2
2
1
1
2
2
1
1
1
2
1
2
83051532757
1
2
2
2
1
2
2
2
2
2
2
2
2
2
1
2
2
2
2
2
1
2
2
1
1
2
1
2
2
1
2
2
2
1
1
1
2
1
2
2
2
1
2
2
2
2
2
2
1
2
2
1
1
20541543276
2
2
1
2
2
1
2
2
2
2
2
1
313884914
2
2
1
2
1
2
2
2
1
1
2
2
2
2
2
2
1
2
2
1
2
1
2
2
2
1
2
1
2
1
2
2
2
2
1
2
2
2
1
1
1
1
2
2
2
2
2
1
2
2
2
2
1
2
2
1
2
2
2
2
2
2
2
2
2
1
2
2
1
1
2
1
2
2
2
1
2
2
1
2
1
2
2
2
2
2
2
2
2
2
1
2
2
2
2
1
67338056695
2
2
2
2
2
1
89381729360
2
2
2
1
2
1
2
1
1
2
2
2
2
2
2
2
1
2
2
1
2
2
1
2
2
2
2
2
1
2
2
1
1
2
1
1
1
2
2
2
1
2
1
2
1
1
2
1
2
2
1
2
1
1
2
1
2
2
1
2
2
1
2
1
1
2
2
1
2
2
1
2
2
1
2
2
2
2
1
1
2
1
2
2
1
1
2
2
2
2
2
1
2
2
2
2
2
85397305219
2
2
1
2
2
1
2
2
1
2
2
2
1
1
1
2
1
1
2
2
2
1
2
2
2
2
2
2
1
1
2
2
1
2
2
2
2
2
1
2
2
1
2
2
1
2
2
2
2
2
2
2
2
1
1
2
2
2
2
1
2
1
1
2
1
2
1
2
1
2
2
1
1
2
1
2
2
1
2
1
2944267850
2
2
2
2
29680271479
2
2
2
2
2
2
1
2
2
2
2
2
2
1
1
2
2
2
1
2
1
2
1
1
1
2
2
2
2
1
1
2
2
2
2
2
2
1
2
1
2
2
2
2
2
2
2
2
1
2
2
2
1
2
2
2
2
2
63570729712
1
1
2
2
2
2
2
2
2
2
2
2
2
2
2
2
2
1
2
2
2
55525881191
2
2
2
2
2
2
2
2
1
2
2
2
2
2
1
2
1
1
1
2
1
1
2
2
2
2
2
1
2
1
2
2
1
2
2
2
2
1
2
2
1
2
39814467640
2
2
23133512820
1
2
1
93985751105
2
2
1
1
2
2
1
2
2
44650381184
1
1
2
78066014283
1
1
2
2
1
2
2
2
2
2
1
2
1
2
2
2
2
2
2
1
2
1
1
2
2
2
2
2
2
1
1
2
1
2
1
2
1
75659983218
1
1
2
2
2
2
1
2
1
2
1
29069412394
2
2
2
2
2
2
2
2
1
1
1
1
1
2
2
2
2
2
1
2
86207498373
1
2
4120436550
2
12486949718
2
1
1
1
62141419295
2
2
2
1
1
2
1
2
2
2
2
2
1
2
2
2
1
2
2
2
2
1
2
1
2
2
2
2
1
2
99473723203
1
1
2
1
2
2
2
2
2
1
2
1
2
1
2
1
2
2
2
2
1
1
2
1
2
2
1
2
2
57015194397
1
2
2
2
1
2
2
2
99047622536
2
2
2
2
1
2
2
2
2
1
2
2
2
2
2
1
2
2
1
2
1
2
2
2
2
2
13965188274
1
2
1
2
2
1
1
2
1
2
2
2
1
2
2
2
2
2
2
1
1
2
2
1
2
1
2
2
2
1
2
2
2
2
2
1
2
2
2
1
2
1
1
2
2
2
1
2
1
2
2
2
2
1
2
2
2
2
1
2
2
2
2
2
1
1
1
1
2
2
2
97817491922
2
2
2
2
2
1
2
1
2
1
2
2
2
1
1
2
1
2
2
1
77054876077
1
1
2
1
2
2
2
2
2
1
2
1
2
2
2
2
2
2
2
1
2
1
1
2
1
1
2
2
2
2
2
2
2
2
2
2
2
2
2
2
2
1
2
2
2
2
1
1
1
2
2
1
2
13799059654
2
2
2
1
2
1
1
1
2
2
2
2
1
2
2
2
2
2
1
1
1
2
2
2
2
2
2
1
1
2
2
1
2
2
2
2
2
2
1
2
2
2
1
1
1
2
1
2
2
1
2
2
2
2
2
2
2
2
1
1
2
2
2
2
1
1
2
2
1
2
1
2
49962671175
2
2
1
1
2
1
2
2
2
2
1
2
1
2
1
1
2
2
2
2
2
2
2
2
2
2
2
2
1
2
1
2
2
1
2
2
1
2
2
2
2
2
1
1
1
1101504787
1
2
81371347151
2
2
81678412514
1
2
2
85700165187
2
2
1
2
2
1
2
2
82946488513
2
2
2
2
2
1
2
2
2
2
1
22881327852
2
2
2
2
1
1
2
2
1
2
1
2
2
2
1
2
2
2
2
1
2
2
2
2
2
1
2
2
2
2
2
1
2
2
1
2
1
1
2
1
2
2
2
1
2
2
1
2
1
2
1
2
2
2
2
43069202528
2
2
2
1
1
2
1
1
1
1
2
1
2
1
1
2
1
2
1
1
2
2
2
2
2
2
2
2
1
1
2
1
2
2
2
1
2
2
1
2
2
1
1
2
2
2
2
2
2
2
2
1
1
1
1
2
2
2
2
2
2
1
1
2
2
1
40486249960
2
1
1
1
2
2
1
2
1
2
1
2
2
2
1
2
2
1
2
1
2
2
2
1
1
1
2
2
2
2
2
1
2
1
2
2
2
1
2
1
1
2
2
1
2
1
2
2
2
1
1
2
2
2
2
1
1
1
2
1
2
2
2
2
1
1
2
2
1
2
2
2
1
1
2
1
2
2
2
2
2
2
2
2
2
1
1
1
1
2
2
55021245061
2
1
2
2
2
1
2
1
2
1
2
2
1
89571622842
1
2
1
50437326671
2
2
2
1
1
1
2
2
1
2
2
2
2
1
1
2
2
2
2
2
1
1
2
2
1
2
2
1
1
2
14327232332
2
2
2
2
2
1
2
2
2
1
2
2
2
1
2
1
2
2
2
2
2
2
1
2
60701679990
1
1
2
7670021059
2
1
2
2
2
1
1
1
1
2
2
2
2
2
2
1
2
1
2
2
2
2
1
2
2
2
2
2
2
2
1
2
1
2
1
1
2
2
2
2
1
1
2
2
1
2
2
2
2
1
2
2
1
1
2
1
2
2
1
1
2
94728427237
2
2
1
1
2
2
1
2
2
2
1
1
2
2
2
2
1
2
2
1
2
2
2
2
2
2
2
1
1
2
2
2
2
2
2
2
1
2
2
1
2
2
1
2
2
2
1
2
2
2
2
1
2
1
2
1
51423731901
2
2
2
2
2
1
2
2
32090186621
2
1
1
2
1
1
2
1
2
2
2
2
1
1
2
2
2
1
2
2
2
2
2
1
12542560299
2
1
1
1
2
16288918768
2
2
2
1
2
1
2
2
2
2
2
1
19501318604
2
2
2
2
1
2
2
2
2
2
2
82285428361
2
38011545869
2
1
2
2
2
2
1
1
2
2
2
7575388065
2
2
2
2
1
2
2
1
2
2
1
2
2
2
2
2
1
2
1
1
2
2
2
2
1
2
2
2
2
2
2
1
1
1
2
2
1
2
2
1
2
1
2
2
1
2
2
1
1
2
2
2
2
2
2
2
2
1
2
2
2
1
2
2
2
1
2
2
2
2
2
2
1
2
2
2
1
2
1
81771753588
1
2
2
2
2
2
1
2
2
2
2
2
2
2
2
1
1
2
2
1
2
2
72177934445
1
2
1
2
2
2
1
1
1
74180353323
2
2
1
2
2
2
1
2
2
1
2
2
2
2
2
2
2
2
2
2
1
1
1
1
1
1
1
2
1
2
2
2
2
24277527556
1
2
2
2
2
2
17230177342
2
2
2
2
2
1
2
2
2
1
2
2
2
1
1
2
1
1
2
2
1
2
2
2
1
2
2
2
1
2
1
1169651582
2
30951288539
2
2
1
1
2
2
1
2
1
1
1
2
2
1
1
1
1
2
1
1
1
1
1
2
2
1
2
2
2
1
2
1
2
2
2
13897749290
1
2
1
2
2
1
2
1
2
2
1
2
530846595
2
1
1
2
1
2
1
2
2
2
2
24003231002
2
2
2
2
2
2
1
1
1
2
2
1
2
2
2
2
3257831776
2
2
1
2
1
1
1
1
2
7090733871
1
2
2
2
2
1
2
1
2
2
1
2
2
1
1
1
2
2
2
2
1
1
2
2
1
2
2
1
2
2
1
2
1
2
2
2
2
2
2
1
2
2
1
1
2
2
2
2
2
1
2
2
2
2
2
2
1
2
2
1
2
2
1
1
2
1
1
2
2
2
2
2
2
2
10474370848
2
2
2
2
1
1
2
1
2
2
1
2
2
86155742773
2
2
2
2
1
2
1
2
2
2
2
1
55040649079
95888216987
2
2
2
2
1
2
1
1
2
2
2
1
2
1
2
2
2
2
2
2
2
2
2
1
2
2
1
1
2
2
1
2
2
1
1
2
2
1
2
1
2
2
2
2
2
2
1
2
2
1
1
2
2
1
2
2
2
2
2
2
2
2
2
2
2
2
2
2
2
2
2
1
2
2
1
1
64153099379
2
1
2
2
2
2
2
1
1
1
2
2
1
2
2
1
2
1
2
2
1
1
1
2
1
1
2
2
1
1
2
2
1
2
2
2
1
54916330654
2
2
2
2
1
2
1
2
2
1
2
2
1
2
1
2
2
1
2
2
1
2
2
2
2
2
1
2
2
2
2
2
1
2
2
1
2
1
1
1
39949074492
2
2
1
2
2
1
2
2
2
1
2
1
2
41970035018
2
2
2
2
2
2
2
94969878754
2
1
1
1
2
1
1
2
2
2
2
2
2
2
26189639176
2
2
2
1
2
1
2
2
2
2
2
2
1
2
1
2
2
1
2
2
2
2
1
1
2
2
50136433315
2
1
1
2
2
2
2
2
65782043802
2
1
1
2
2
2
1
2
1
2
1
2
2
1
2
2
1
2
1
2
2
2
2
2
1
2
1
1
1
2
2
2
2
1
2
2
1
1
2
2
1
2
2
2
2
2
2
1
2
1
2
1
65552582906
2
1
2
2
1
2
2
2
2
1
2
1
81488344125
2
1
2
2
2
1
2
2
1
2
2
1
2
1
2
2
2
1
1
2
1
1
2
1
1
2
2
1
2
2
2
2
50578824467
1
1
2
2
2
2
1
1
2
2
2
8508174981
1
2
1
1
2
2
1
2
2
2
2
2
2
2
1
2
1
2
2
2
2
1
1
1
1
2
2
2
1
2
1
1
2
1
1
2
2
2
1
2
1
1
1
2
1
2
2
2
1
1
2
66514914918
2
2
1
2
2
2
1
2
2
2
1
2
1
2
2
2
2
2
2
2
2
2
2
1
1
2
2
1
1
2
2
2
1
2
2
2
2
1
2
1
2
2
1
2
2
2
1
1
2
2
2
2
2
2
2
2
1
2
2
2
2
1
2
2
74845082073
1
1
2
1
2
1
1
2
2
1
1
2
1
2
2
2
2
2
2
1
78919328665
1
2
2
2
2
2
2
1
2
2
2
2
2
2
1
2
2
2
2
2
2
2
1
2
1
2
2
2
2
2
2
1
2
2
1
2
2
2
2
1
1
2
2
2
2
2
2
2
2
2
45896176480
2
1
2
2
1
1
2
2
1
1
2
1
2
2
10317781276
2
1
1
1
2
2
1
2
2
1
2
2
1
2
1
1
2
2
2
2
2
1
2
1
1
2
1
2
1
1
2
29993075478
2
1
1
2
2
2
2
2
57189383516
84749897805
1
2
1
2
2
2
2
2
2
2
1
2
1
2
2
1
2
2
1
2
2
1
2
2
2
2
1
2
2
2
1
1
15564589272
2
2
2
1
2
2
2
2
2
2
2
2
73299278345
2
1
1
2
1
1
1
2
2
1
1
2
2
2
2
2
2
2
1
2
2
2
1
1
2
2
2
2
2
2
1
1
2
1
2
1
1
2
2
2
1
1
2
2
2
2
1
2
2
19582896185
2
2
1
2
6108142228
1
94730523279
2
2
1
1
2
2
2
1
2
2
1
2
2
1
87818886046
1
1
40785739923
2
2
2
2
2
2
1
2
2
2
2
1
2
2
2
1
2
1
2
2
2
1
73549753799
2
2
2
2
2
1
2
2
1
2
2
71357748801
1
2
1
2
2
2
39683196148
2
1
2
2
2
2
2
1
1
2
1
2
2
1
2
2
1
1
2
2
2
2
2
2
1
2
2
2
2
1
2
2
2
83995751012
2
2
2
2
2
2
1
2
2
83197262702
2
2
1
1
1
1
2
2
2
1
1
1
2
2
2
2
2
1
2
2
2
2
1
18832987633
2
2
2
2
2
2
2
2
1
1
2
1
1
1
2
2
1
16634134209
1
2
61600422946
2
2
2
1
2
2
90633799843
1
2
1
57166338294
1
13146697049
2
1
1
2
2
1
2
1
1
2
2
2
2
2
48879872031
2
2
2
2
2
2
2
1
1
2
2
2
2
2
1
1
2
2
2
1
2
2
2
1
2
2
1
2
1
2
2
1
2
1
2
2
2
1
1
2
2
2
2
2
2
1
2
1
2
2
31133814067
1
2
1
2
2
1
2
1
2
2
2
2
1
2
2
2
1
2
1
2
2
1
1
1
2
2
1
1
2
2
2
1
2
2
2
1
2
2
1
2
2
37606660640
2
2
2
2
1
1
1
2
2
2
1
2
2
2
1
1
2
2
1
2
94031363357
1
2
2
1
2
2
2
2
1
2
2
1
1
1
1
2
2
2
1
1
2
2
2
2
2
1
2
2
2
1
1
2
2
1
2
2
2
2
1
2
2
2
2
1
2
2
2
2
2
2
2
2
1
2
2
1
2
2
2
2
2
2
2
2
2
2
1
2
1
2
2
2
1
2
2
2
2
2
2
2
1
1
2
2
65315835168
2
2
1
2
2
2
2
1
2
2
2
87215772862
1
2
2
2
2
2
2
1
2
2
2
1
1
2
1
2
1
2
2
2
2
2
1
2
2
2
2
2
1
2
2
2
2
2
2
1
1
2
1
1
1
2
2
1
2
2
2
1
1
2
1
2
2
2
2
80241577306
2
1
1
1
2
2
2
2
1
1
2
1
1
2
2
2
2
2
1
2
51776363561
1
2
1
1
2
2
2
2
2
1
1
1
1
2
1
1
2
2
2
2
1
1
1
2
2
2
1
1
1
2
2
1
2
2
2
2
2
2
1
2
2
2
2
2
2
2
1
1
2
2
2
2
2
2
2
53585708971
2
2
2
1
49679332643
2
1
2
1
2
2
1
2
1
2
2
2
1
2
2
1
2
2
1
1
2
2
1
2
2
2
2
2
1
2
1
2
2
2
1
2
2
2
2
35712455701
1
1
2
1
1
2
2
2
2
2
1
1
2
2
2
2
1
2
2
2
1
2
1
2
1
2
2
2
1
2
2
2
2
2
98451915130
2
2
2
2
2
2
2
1
2
2
2
2
1
2
2
1
2
2
1
2
1
2
2
2
2
1
2
2
2
2
2
2
52115630018
2
2
1
1
2
1
2
2
2
1
96279630224
2
2
2
2
1
2
1
1
1
2
2
2
2
2
1
2
2
1
1
2
1
2
1
2
1
1
1
2
44158677089
2
2
2
2
2
2
2
2
2
1
2
2
2
2
2
2
2
2
2
2
1
2
2
2
2
2
2
2
1
2
1
2
2
1
2
2
97508671342
2
2
1922614089
2
2
2
2
2
1
2
2
1
1
1
2
2
2
1
2
2
2
2
1
2
2
2
2
2
1
2
1
2
1
1
2
1
2
2
2
2
2
2
1
2
1
1
2
2
2
1
1
2
1
1
1
2
1
1
1
2
1
2
1
2
2
1
2
2
2
2
1
2
1
1
2
1
2
2
1
1
2
1
32002708081
1
2
2
2
1
2
2
2
2
83731249407
1
2
15769883971
1
2
2
2
2
2
2
1
2
2
2
2
2
2
2
2
2
2
2
2
2
2
1
2
1
1
2
1
1
2
2
2
1
2
2
2
2
2
1
2
1
2
1
2
2
2
1
2
1
1
1
2
2
2
2
2
1
2
2
2
2
2
1
1
2
1
2
2
2
2
2
2
2
1
1
2
1
1
2
1
1
1
1
1
1
1
1
2
1
1
1
2
2
2
2
1
2
1
2
2
2
2
2
1
2
2
1
2
2
2
2
2
2
2
1
1
1
1
1
2
2
2
2
1
2
1
2
2
2
1
2
1
1
1
2
2
2
2
61743169433
21476792829
1
1
1
1
2
2
2
1
38088104979
1
2
1
2
1
1
1
1
2
2
1
2
2
1
2
2
2
2
2
2
1
1
1
2
2
2
2
1
2
77527338491
2
2
1
2
2
2
2
2
2
2
2
1
2
2
1
1
1
2
1
35333697200
2
2
2
1
2
1
2
1
1
8906464351
2
2
2
2
1
1
2
1
2
2
2
1
1
2
1
1
1
1
2
2
2
81983850663
2
2
1
2
2
1
2
2
2
1
2
2
2
1
2
2
2
1
2
1
2
2
2
1
2
2
1
1
2
2
2
2
1
2
1
2
2
2
1
2
2
2
2
44078469874
1
1
2
2
1
2
2
2
1
2
2
2
82355234510
2
2
1
2
1
2
2
2
2
1
2
51377871855
1
1
78086225542
2
2
1
2
2
2
2
1
2
2
1
2
2
2
1
2
1
1
1
2
2
2
2
2
2
1
2
2
1
2
2
2
1
2
2
2
1
2
1
1
1
2
2
1
1
2
1
1
1
1
2
1
1
1
2
2
1
2
1
2
2
2
1
2
2
2
8678755387
2
1
1
2
1
2
2
2
2
2
2
1
2
1
2
2
2
2
1
1
1
2
2
2
2
2
2
2
2
2
1
2
46230021092
1
1
2
2
2
2
1
2
1
1
2
2
2
1
1
1
1
2
2
1
2
2
2
2
2
1
2
1
2
2
2
2
1
2
9985373481
2
1
1
2
2
1
2
2
1
2
2
2
1
1
2
2
1
1
2
2
1
2
2
1
2
2
2
2
2
2
1
81090720574
2
1
2
2
2
2
2
1
2
2
2
1
1
1
2
1
1
1
1
2
2
1
2
1
2
2
1
2
1
1
1
1
2
2
1
2
2
2
2
2
2
2
1
1
2
1
2
1
2
1
1
1
2
1
2
2
1
2
2
1
2
2
2
1
2
2
2
1
1
2
1
2
1
2
2
2
2
2
1
1
1
2
1
2
2
2
2
2
1
1
2
2
2
2
1
2
2
2
1
2
1
2
2
2
2
1
18706316666
1
1
2
2
2
1
2
2
2
1
1
1
1
2
1
1
2
2
2
2
2
2
2
2
2
2
2
2
2
2
14679756133
1
1
1
1
2
2
2
2
1
1
2
1
6253011025
2
2
2
2
1
1
2
2
1
2
2
2
2
2
2
1
1
2
1
2
1
1
1
2
2
2
2
2
1
2
1
1
2
1
2
2
1
2
43875910082
2
2
2
2
2
2
1
2
2
2
1
2
2
2
2
2
2
2
28899756552
2
2
2
2
1
2
2
1
2
2
1
2
2
2
1
2
2
2
2
54008891353
1
2
2
2
1
2
2
2
2
2
1
1
1
2
2
2
2
2
1
2
1
1
2
1
2
2
1
2
2
2
2
1
2
2
2
2
2
2
2
2
2
2
2
2
2
2
2
1
2
1
2
2
2
2
2
1
1
2
2
2
2
2
1
2
1
1
2
2
1
2
1
2
2
2
2
2
2
2
11533820143
2
2
2
2
2
2
1
2
2
1
2
2
1
2
1
2
2
1
2
1
1
1
1
2
2
1
2
2
2
2
1
2
96196518772
1
2
2
2
2
1
1
1
1
2
2
2
2
2
1
2
2
2
1
1
2
2
2
2
2
2
2
2
1
2
2
2
2
2
2
1
2
1
2
2
1
2
2
2
1
1
2
1
1
1
2
2
2
1
2
2
2
2
2
2
1
36877276464
1
1
2
1
2
1
1
2
1
2
2
1
1
1
2
2
2
2
2
1
2
1
2
2
1
2
2
2
2
1
2
2
74411960842
2
1
1
2
2
2
1
2
2
2
2
2
2
1
2
1
2
2
2
1
2
2
2
2
2
1
24604583224
2
2
2
2
2
1
2
2
2
1
2
1
1
1
2
2
1
2
2
1
2
1
2
2
1
2
2
2
2
2
2
1
2
1
1
2
1
2
2
2
2
2
1
2
2
2
2
2
2
2
2
2
1
2
1
2
2
2
2
2
1
1
2
1
2
2
1
2
2
2
2
2
2
2
2
2
2
2
2
1
2
2
2
2
1
1
2
2
1
1
1
1
1
1
1
2
2
2
2
2
1
2
2
2
2
2
2
2
1
2
2
2
2
2
2
1
2
2
2
2
1
2
1
2
2
1
2
2
1
2
2
1
2
2
2
2
2
2
2
1
2
1
1
1
2
2
1
2
1
2
2
2
2
2
2
2
2
2
2
2
2
1
2
2
2
2
2
1
40991241525
2
2
2
2
2
2
2
1
2
2
2
2
2
2
2
1
2
2
1
1
1
1
1
1
1
2
2
2
2
2
2
2
1
2
2
2
2
2
2
1
1
2
2
1
2
2
2
5886371807
2
2
2
2
2
2
1
1
2
2
2
2
2
2
2
2
2
1
2
2
63376360105
2
2
2
2
2
2
2
2
2
2
2
2
2
1
2
1
1
1
2
2
2
2
2
2
2
2
2
2
2
2
2
1
2
2
2
2
2
1
2
2
2
2
2
1
2
2
2
2
1
1
1
1
2
2
1
2
1
1
2
2
2
1
2
2
2
2
2
2
22633189833
2
2
2
2
1
1
2
1
2
1
2
2
2
2
1
1
2
2
2
1
1
1
2
2
2
2
1
2
2
1
2
1
2
19135596081
1
1
2
2
2
2
2
2
2
2
2
1
1
1
71255384083
2
2
1
2
2
2
2
2
1
7001122049
1
2
2
2
1
2
2
1
1
2
1
1
1
2
1
1
2
2
1
2
2
1
2
2
2
1
2
2
2
1
1
2
1
1
2
2
93326189620
2
2
1
1
2
2
2
2
2
2
1
2
1
2
2
1
2
2
2
22511625729
2
1
2
2
1
2
2
2
6678699208
2
2
1
1
1
2
2
1
2
1
1
2
2
2
2
2
1
1
2
1
2
2
2
1
2
1
2
2
1
2
1
2
2
1
1
2
2
1
1
1
1
2
1
2
1
2
1
2
2
1
1
2
2
1
2
2
2
2
2
1
2
2
2
2
2
2
2
2
2
2
2
2
1
14576589854
2
2
2
2
2
1
2
2
1
1
1
1
1
2
2
2
2
1
2
1
2
2
2
2
2
1
2
2
1
2
2
2
2
2
1
2
1
1
2
2
80845485531
2
2
2
2
1
2
1
2
2
2
1
1
2
2
21547615781
2
1
1
1
2
1
2
2
2
2
2
2
2
2
2
2
2
1
2
2
1
1
2
2
2
1
2
2
21210719167
2
1
2
2
2
2
2
2
2
1
2
1
2
2
2
2
1
2
1
1
2
2
2
2
2
2
2
1
1
1
2
1
1
2
2
1
1
2
2
2
2
2
2
1
2
1
2
1
2
2
2
2
1
2
1
2
2
2
1
2
2
2
1
2
1
2
2
2
2
2
2
2
2
2
2
2
2
2
2
2
2
2
1
2
2
2
2
1
82665540917
1
2
2
1
2
1
1
2
2
1
2
2
2
2
1
2
2
2
2
2
2
2
2
2
2
1
1
2
2
2
2
2
2
1
2
2
2
2
2
1
2
2
1
2
2
1
2
2
2
2
1
1
2
1
21662865208
2
2
2
2
2
2
1
2
1
2
2
2
2
2
2
2
2
1
2
1
2
2
2
2
2
2
2
2
2
1
2
1
1
1
1
1
1
2
2
2
1
2
1
1
1
2
2
2
2
2
2
2
2
2
2
1
1
2
2
2
1
1
2
47044996475
2
1
1
2
2
2
2
2
1
1
1
2
2
1
2
2
2
2
2
1
2
1
1
2
1
2
2
1
2
1
2
2
2
1
2
2
2
2
1
1
2
1
1
2
2
2
1
1
1
2
2
2
1
2
2
2
2
1
2
2
2
2
2
2
1
1
2
1
2
2
1
1
1
2
2
2
2
2
1
2
2
2
1
1
2
2
1
2
1
2
2
2
2
1
2
2
1
2
2
2
2
1
2
1
2
2
2
2
1
2
1
2
2
1
2
2
1
2
2
1
2
1
2
1
2
2
2
2
1
2
1
2
1
1
1
2
2
2
2
2
2
2
2
1
1
2
2
2
2
1
2
2
2
8185759950
2
2
2
2
2
2
2
2
2
2
1
2
2
2
1
1
1
2
1
22487289331
1
2
2
2
2
15931723213
2
1
2
2
1
2
2
2
2
1
2
2
2
1
2
2
2
1
2
1
2
2
1
2
2
2
1
2
1
2
78762243661
2
1
1
2
2
2
1
2
1
1
2
1
1
2
92294057174
2
1
2
1
1
2
1
2
2
2
1
2
1
2
2
2
2
2
1
1
2
2
1
2
2
2
2
1
2
2
2
1
2
2
2
1
2
1
2
1
53641272428
2
2
2
2
2
1
1
2
2
1
2
2
2
2
2
1
1
2
18883711382
1
2
2
2
2
2
2
2
2
1
1
1
2
2
2
1
2
1
2
2
2
2
1
2
1
2
2
2
2
1
1
2
2
2
2
1
1
2
73098992522
2
2
2
2
1
2
2
2
1
1
2
2
2
1
2
1
2
2
2
1
2
2
2
1
1
1
2
1
1
2
2
2
2
1
1
2
2
1
2
2
2
1
2
2
2
1
2
2
2
2
2
2
2
1
2
1
11632525657
2
2
2
2
2
1
2
2
2
1
2
2
1
2
2
2
2
1
1
2
2
2
2
2
2
2
1
2
1
1
2
2
2
1
2
2
1
2
2
2
2
1
1
2
2
1
2
1
1
1
2
2
1
1
2
2
2
2
2
2
1
1
2
2
2
2
2
2
2
2
2
2
2
2
1
2
80542330777
1
2
2
2
2
2
1
2
1
1
1
2
1
2
2
2
2
2
2
2
2
1
2
1
2
1
2
2
2
1
1
2
2
1
1
1
1
2
2
1
2
2
2
1
2
2
2
1
1
1
2
1
2
1
1
2
71157140657
2
1
2
2
1
1
1
1
1
1
1
2
2
2
2
2
2
2
1
98434741716
2
1
2
1
2
1
2
2
2
2
2
2
2
1
2
1
1
1
1
1
2
2
2
1
2
1
2
1
2
2
2
2
1
2
2
2
1
2
1
2
2
2
2
2
2
1
2
2
2
2
2
1
2
2
2
1
2
2
2
2
1
2
2
2
2
2
2
1
2
2
2
2
1
1
2
2
1
2
2
2
2
1
1
2
1
2
1
2
2
2
2
2
1
2
2
2
1
2
1
2
2
2
1
1
2
2
1
2
1
2
1
2
2
1
2
2
1
1
2
25757913111
2
2
2
1
2
1
2
2
1
1
2
1
1
2
2
2
2
2
2
1
2
2
1
2
2
1
2
2
1
2
2
1
2
2
2
2
2
2
2
2
2
2
1
2
2
1
2
1
2
2
1
2
1
2
1
2
46807638719
2
2
1
2
2
2
1
2
2
1
2
73797122840
2
1
1
1
2
2
2
2
1
2
2
1
2
1
2
1
2
1
2
2
2
2
1
2
2
2
1
2
2
2
2
78195506994
1
1
2
2
2
1
2
1
2
2
1
2
1
2
2
2
2
1
2
1
1
1
2
2
1
2
1
2
1
2
2
1
1
2
2
2
2
2
96600803636
2
2
1
2
2
1
2
2
1
1
1
1
2
1
2
1
2
1
1
1
1
1
2
2
2
2
2
2
1
2
1
1
2
1
2
2
2
2
2
2
1
2
2
2
2
2
2
2
2
1
1
1
1
2
2
2
2
1
1
2
1
1
2
2
2
2
2
1
2
1
1
1
1
2
2
1
2
2
1
2
1
2
2
2
2
2
1
2
2
2
1
2
2
2
2
2
1
2
2
1
2
1
2
2
2
2
2
1
1
1
2
2
2
1
1
2
1
2
1
2
2
2
2
2
2
1
2
1
2
2
2
2
1
2
2
2
2
2
2
2
1
2
1
1
1
1
2
2
2
2
2
1
1
2
1
2
2
2
1
1
4571506205
1
1
2
2
2
2
2
1
1
2
1
2
2
1
2
2
2
1
2
2
2
2
2
2
2
2
2
1
2
1
2
2
1
2
2
1
1
2
2
2
1
1
1
2
2
1
2
2
2
2
1
2
2
2
2
1
1
2
1
1
2
1
2
2
1
2
2
2
2
2
2
1
2
2
2
2
2
2
1
1
1
2
2
20635179887
2
2
2
2
2
1
2
2
2
2
73846154812
1
2
2
1
2
1
2
2
2
2
2
1
1
1
2
2
2
2
2
1
1
1
1
2
1
1
1
2
2
1
2
1
3435197833
2
2
2
1
2
2
2
2
2
2
1
2
2
2
2
2
1
2
2
2
2
2
1
2
2
2
2
2
2
1
2
2
2
1
2
2
2
1
2
1
2
2
2
1
2
2
1
1
2
1
1
2
2
2
2
2
1
2
1
2
1
2
2
77977623686
2
1
2
1
2
85039310235
2
2
2
1
1
2
2
2
1
2
1
2
2
2
2
2
1
2
2
2
2
2
2
2
2
2
2
1
1
1
2
2
2
2
2
2
1
2
2
2
2
1
2
1
2
1
2
2
1
2
2
2
1
2
2
1
2
2
1
2
2
2
2
2
2
2
1
1
2
2
2
1
2
2
2
1
2
2
2
1
2
1
2
2
2
1
2
2
2
1
2
1
2
2
2
2
1
2
2
2
2
1
1
1
1
1
1
1
1
2
1
1
2
1
1
2
1
1
1
2
1
2
2
2
1
2
2
1
2
1
2
2
2
1
2
1
1
1
2
2
2
2
2
1
1
1
1
1
2
2
2
1
1
2
1
2
2
1
2
1
2
76570678622
2
2
1
2
2
2
1
2
2
1
2
1
2
2
2
1
2
2
2
1
1
2
2
2
1
2
2
2
1
2
84312904719
1
2
1
1
2
1
2
2
2
1
2
2
2
1
2
2
1
2
2
2
2
2
2
1
2
2
1
2
2
2
2
2
1
32858770993
1
1
2
2
2
2
2
1
2
2
2
2
1
2
2
2
2
1
2
1
1
2
1
2
1
1
1
2
1
2
2
1
2
74807758667
1
2
1
1
2
2
1
2
2
1
2
2
2
1
2
2
2
1
2
1
2
1
2
2
2
2
1
1
2
2
2
1
2
2
1
1
2
1
2
2
1
63255525058
2
1
1
2
2
1
1
1
1
1
2
2
1
2
2
1
2
1
2
1
63542001372
2
1
1
1
1
2
2
2
2
2
2
1
2
2
1
1
1
1
2
1
1
2
2
1
1
2
2
2
2
1
2
1
1
2
2
2
2
1
1
1
2
2
1
1
1
2
2
2
2
1
1
2
2
1
2
2
1
1
1
1
2
2
2
1
2
2
1
2
2
2
2
2
1
2
2
1
1
2
2
2
2
2
1
2
2
2
1
2
2
2
13410220009
2
2
16685402526
2
1
1
2
2
2
2
2
2
1
2
1
2
2
1
1
2
31323653984
1
2
2
2
2
2
2
1
2
2
2
1
2
2
2
1
2
2
2
1
2
2
2
2
2
2
2
1
1
1
1
2
2
2
1
2
2
1
2
2
2
51120728247
2
2
2
2
2
2
2
2
22968411530
2
2
1
2
2
2
2
2
2
1
2
2
1
2
2
2
63061460964
2
1
60541615902
1
2
2
2
2
2
2
2
2
1
2
2
2
1
1
2
1
2
2
2
2
2
1
2
1
2
63260506275
1
2
2
1
1
2
1
2
2
1
2
2
1
1
1
2
1
2
1
2
2
2
1
1
1
1
2
2
1
2
1
1
2
2
2
2
2
2
2
2
26085292910
2
1
2
1
2
1
1
1
1
67473053835
2
2
1
1
2
2
1
2
2
2
86382553162
2
2
2
1
1
2
2
2
2
2
2
1
2
2
2
2
2
1
1
2
1
2
2
2
2
2
2
1
2
2
2
1
2
2
2
1
1
2
2
1
1
1
2
1
1
2
2
1
2
2
2
2
1
2
1
1
2
2
1
1
2
2
1
1
2
2
1
2
1
2
1
1
2
2
2
1
2
1
2
2
2
2
2
2
2
2
2
2
1
2
1
1
17518515037
2
1
2
1
1
2
2
2
1
1
1
2
2
1
2
2
5892991068
2
1
2
1
1
1
2
1
2
2
2
1
71695853606
1
2
2
53396551036
2
1
2
1
1
1
2
7869441179
94189168948
2
2
2
2
2
2
2
1
1
2
2
2
1
2
1
2
2
2
2
1
2
2
1
1
1
2
2
2
2
67196568529
1
2
2
1
1
2
2
2
1
76758103962
2
2
2
2
2
2
2
1
64074126373
2
2
2
2
2
2
2
2
2
1
1
51527336301
96517633732
2
1
1
2
2
1
2
2
1
2
2
2
2
2
2
2
1
1
1
2
2
2
1
1
1
1
1
2
2
1
2
1
2
1
1
2
2
1
1
2
2
2
2
2
50828547054
2
2
2
2
2
1
1
2
2
2
2
2
1
1
2
2
2
2
2
1
2
1
2
2
1
2
2
2
2
1
2
1
2
5594443197
2
2
2
1
2
1
2
1
1
2
2
2
2
1
2
1
1
2
1
2
2
2
2
2
2
2
2
2
2
2
1
1
1
1
2
1
2
2
2
2
2
2
2
2
2
2
2
1
1
2
2
2
2
2
1
2
2
2
2
1
2
1
2
1
55912889490
2
2
1
2
2
2
2
2
2
2
1
2
2
1
1
1
1
1
2
2
2
2
2
2
1
2
2
2
2
2
2
1
2
1
2
63731882417
2
2
2
2
2
2
2
2
2
1
2
2
1
2
2
2
2
2
2
2
2
2
2
2
2
2
2
2
2
2
2
1
2
2
2
1
2
2
2
2
2
2
1
2
1
1
2
2
2
1
2
2
1
2
2
2
1
29855323371
1
2
2
2
2
2
2
2
2
2
2
1
2
1
1
91902954055
2
2
2
2
2
2
2
2
1
2
1
1
2
2
2
2
2
2
2
2
1
1
1
2
1
2
2
78826768892
2
2
1
49150594900
2
1
2
1
2
2
1
2
1
2
2
1
2
2
2
2
2
2
2
2
2
2
2
1
2
1
2
2
2
2
1
2
1
2
2
2
1
2
1
2
2
1
2
2
1
1
2
2
2
2
2
2
1
1
2
1
2
2
1
2
2
2
2
1
2
1
2
1
1
2
1
2
2
2
1
2
2
1
2
2
2
2
1
2
1
1
2
2
2
1
54198756274
2
2
2
2
2
1
2
2
1
2
1
2
2
2
2
2
1
2
2
2
1
2
2
2
2
2
2
1
1
1
2
2
2
1
2
2
2
1
1
2
1
2
2
2
2
2
2
2
2
1
1
1
2
2
2
2
2
2
81657933861
2
2
1
2
2
2
1
2
1
2
1
2
1
1
2
2
1
1
2
2
2
1
2
2
2
2
2
1
2
2
1
2
2
1
2
2
1
2
1
2
2
1
8702799460
2
2
2
2
1
1
2
1
1
54445583991
2
2
2
2
2
2
2
2
2
2
1
2
2
1
2
2
2
1
2
1
85488660502
2
1
2
2
2
2
2
2
1
2
2
2
1
2
2
1
1
2
1
2
2
1
2
1
2
2
2
1
2
2
1
1
2
2
2
2
2
2
1
2
2
2
2
1
2
2
2
2
1
2
1
2
2
2
2
2
1
1
2
1
2
2
2
34949704399
1
2
1
1
1
2
85129353253
2
2
2
2
2
2
2
2
1
2
2
2
2
2
61692272286
2
2
2
2
2
2
2
2
2
1
2
1
2
2
2
2
1
1
2
1
1
2
2
2
1
1
2
2
2
2
1
1
2
2
1
2
2
2
2
2
2
1
1
2
2
1
1
1
1
2
2
1
2
1
2
1
1
2
2
1
2
9646488732
2
1
1
2
1
1
87729379590
2
1
2
2
1
2
2
2
2
1
1
2
2
1
2
2
2
2
2
2
1
1
1
1
2
2
2
1
1
2
1
1
1
2
2
2
1
1
1
2
2
2
1
1
2
2
2
2
1
2
2
2
2
2
2
2
1
2
1
1
2
2
2
1
2
2
2
1
1
2
1
2
2
1
2
2
2
1
2
2
2
93945261863
2
2
1
2
2
2
1
2
2
1
2
2
2
1
2
2
1
2
2
1
56914579551
1
2
2
1
2
2
2
2
1
2
2
1
1
2
1
1
1
1
1
2
1
2
2
1
1
2
2
1
2
1
2
1
1
2
2
2
1
2
2
2
2
2
2
1
2
1
1
2
2
1
2
31896273807
1
1
2
2
2
2
2
2
1
1
2
2
2
2
2
2
2
2
1
1
1
2
1
2
2
2
1
1
1
90443558642
2
1
2
1
2
1
1
2
2
2
1
1
2
2
1
2
35951045088
1
2
2
1
2
2
2
2
2
2
1
2
1
2
1
2
2
2
80903589417
2
1
2
2
1
1
2
2
2
97019788629
2
2
2
26701834768
2
2
1
2
2
2
2
1
2
2
2
1
2
28621992778
1
1
2
2
2
2
2
2
2
2
2
1
6145811242
2
1
2
1
2
1
2
2
2
2
51176681778
2
2
1
2
2
2
72958063431
2
2
2
2
2
2
2
40822773089
2
1
2
2
1
2
2
1
2
2
1
2
1
1
2
1
2
2
1
1
2
1
2
1
1
2
2
2
2
2
1
2
1
2
2
1
1
2
2
2
1
2
1
2
2
2
2
2
2
2
41071046245
1
2
2
1
2
2
1
1
2
2
1
2
1
1
2
1
2
2
2
2
1
1
1
2
2
1
2
2
2
2
2
2
2
2
2
2
2
1
2
2
2
1
1
2
2
2
2
1
2
1
2
2
1
2
2
19184177590
2
2
2
2
2
1
1
2
1
1
1
2
2
1
2
2
2
1
2
2
2
2
1
1
1
1
2
1
1
2
2
1
2
2
2
2
1
2
2
1
1
1
2
2
2
2
2
2
1
1
2
2
2
85516964932
1
2
2
2
2
2
1
2
1
2
2
2
94998726037
1
1
1
1
2
1
1
31444351694
1
2
1
1
1
2
2
2
2
2
1
2
67057639527
2
1
2
2
1
2
2
1
2
2
2
2
2
2
2
2
1
1
1
1
1
1
2
1
1
2
2
1
2
2
2
1
2
1
2
2
1
2
2
2
2
1
2
1
38883546939
26997876248
2
2
2
1
1
1
43819364528
2
2
2
1
2
2
2
2
1
2
2
1
2
2
2
2
2
1
2
1
2
1
2
1
1
1
2
2
1
2
2
1
1
2
2
1
2
1
2
1
2
2
2
2
2
1
2
2
2
1
2
94619670094
2
2
2
2
1
1
85168786644
1
2
2
2
1
2
1
1
1
2
2
2
2
2
1
2
1
2
2
1
2
1
1
2
2
1
2
2
2
2
1
1
1
2
2
1
10388401064
2
1
2
2
1
2
2
1
2
2
1
1
1
2
2
2
2
2
9652914301
2
2
2
67057048914
2
1
2
2
2
2
2
1
2
2
2
2
1
2
2
2
2
2
2
2
2
2
2
1
2
2
2
2
1
2
2
2
2
2
2
2
2
2
1
1
1
10750410032
2
1
2
1
1
2
2
2
2
1
1
2
2
1
2
1
1
1
2
2
1
2
1
2
2
1
2
2
2
2
2
1
2
2
2
2
2
2
2
1
1
1
2
2
2
2
2
2
1
2
1
2
2
1
2
1
2
2
2
2
2
1
2
2
2
1
2
2
2
1
2
1
2
1
1
2
2
2
2
1
2
1
2
2
1
1
2
2
2
2
2
1
1
2
2
1
1
1
2
2
2
2
2
38441293176
1
1
2
2
2
2
2
2
2
1
1
2
2
1
2
1
1
1
1
2
2
2
2
2
2
2
1
2
2
2
2
1
1
2
2
2
2
2
1
2
2
2
1
2
2
2
1
2
1
1
1
2
1
6294755822
1
2
1
2
1
2
2
2
2
2
2
2
2
2
2
2
2
29104831476
2
2
2
2
1
1
2
2
2
2
2
2
2
1
1
2
2
55752027000
2
2
1
1
2
2
2
2
2
1
2
2
1
1
2
2
2
1
1
2
2
1
2
1
2
1
2
2
1
2
2
2
1
2
2
2
1
1
1
1
1
2
2
2
2
2
1
2
1
1
2
2
65675591742
2
2
2
2
2
2
2
28258526350
2
2
1
2
1
2
2
1
2
2
2
2
2
1
2
1
2
1
2
2
2
2
1
2
56947113229
2
1
2
1
2
2
2
68639799197
1
2
2
2
2
2
2
2
2
2
2
2
1
2
2
1
2
2
92148132213
2
2
2
2
2
2
1
2
2
1
2
1
2
2
2
2
2
2
2
2
2
2
2
2
1
1
2
2
2
1
2
1
2
2
2
2
1
2
2
2
2
2
2
2
2
2
2
2
2
1
2
2
2
2
1
1
1
2
2
2
2
2
2
2
2
2
2
2
2
2
2
2
2
1
2
1
2
1
2
2
2
1
2
1
2
2
2
2
1
2
2
1
2
2
2
2
1
1
2
2
1
2
2
24212414464
69143236333
2
2
2
2
2
1
2
2
91649933389
1
1
1
2
2
2
2
2
1
1
2
2
2
1
1
1
1
2
1
2
2
2
2
1
2
2
1
2
2
2
2
2
2
2
1
1
2
2
2
1
2
2
1
2
2
14439568128
1
1
2
2
2
1
2
2
2
2
1
2
2
2
2
2
2
2
1
1
2
2
1
2
2
2
2
2
1
1
2
1
2
2
2
2
2
2
1
2
2
2
2
2
2
1
1
2
1
2
2
1
2
1
2
2
2
2
1
2
2
2
2
2
2
1
2
2
1
2
2
1
2
2
2
2
2
2
2
1
2
2
2
1
2
2
2
2
1
1
2
2
1
1
2
1
1
2
2
1
2
1
2
2
2
2
1
2
2
2
1
2
2
2
1
2
2
2
1
1
1
2
2
2
1
2
2
2
1
2
2
2
2
2
2
1
2
2
2
2
2
1
1
1
1
2
1
2
1
2
2
2
2
2
2
2
36622814013
2
2
1
2
2
2
1
1
2
2
2
2
2
1
1
2
2
1
2
1
2
2
2
2
2
6291139671
2
1
2
2
2
1
2
2
2
2
2
1
1
1
2
2
2
2
2
2
2
1
2
1
2
2
2
2
2
2
1
1
2
1
2
2
2
2
2
1
1
2
2
1
2
1
2
1
1
2
2
2
1
1
2
2
2
2
2
2
1
1
1
2
1
2
1
2
2
1
2
2
1
1
2
1
1
2
1
2
2
2
2
1
2
1
1
2
2
1
2
2
1
2
1
2
2
2
1
2
2
1
2
2
1
2
2
1
1
2
2
2
2
1
2
2
2
2
2
2
1
2
2
2
1
1
2
2
2
1
2
1
2
2
2
1
2
2
2
2
1
1
2
2
2
1
2
1
1
1
1
31142573806
2
2
2
2
1
1
2
2
2
2
1
2
2
1
2
1
2
2
30442676992
2
2
1
57820399498
2
2
1
2
2
2
2
1
1
1
1
2
2
1
2
2
2
1
2
1
2
2
2
2
1
2
2
1
1
1
2
1
1
1
1
2
1
2
2
2
2
1
2
1
1
1
2
2
2
1
2
2
2
2
2
1
2
33883202096
2
2
1
1
2
2
1
2
2
2
1
33453995956
2
23918220182
2
1
2
2
2
2
2
1
1
2
2
36309172949
2
2
1
1
2
2
1
1
2
1
2
2
2
2
2
2
1
2
1
2
2
2
1
1
2
2
2
2
2
1
1
2
2
2
2
2
2
1
2
2
2
2
2
2
1
2
1
1
2
84493803437
2
2
2
1
2
2
2
1
1
2
2
2
1
2
1
1
2
2
2
1
1
2
1
2
2
1
2
2
1
1
2
2
2
2
2
2
1
2
2
1
2
2
2
2
2
1
1
2
1
2
1
1
1
2
2
2
2
2
2
2
2
2
99455443637
1
2
2
1
2
1
2
1
1
2
2
2
2
2
1
1
2
1
1
2
2
1
2
2
2
1
1
2
1
2
2
1
2
1
2
1
2
2
2
2
1
2
2
2
1
1
2
1
1
2
2
2
1
1
2
1
2
2
1
2
1
2
1
2
2
1
2
1
2
1
2
1
1
2
1
1
2
1
1
2
2
2
1
2
1
1
2
1
1
2
2
2
1
2
1
2
2
2
1
2
40797791685
1
2
2
2
2
2
2
2
1
2
1
1
2
2
2
2
2
2
1
2
1
2
2
2
1
1
2
2
2
2
2
2
2
1
8452804165
2
2
2
2
2
2
1
2
2
2
2
2
2
1
2
2
2
1
1
2
2
2
2
2
1
2
1
2
2
1
1
2
2
1
1
2
2
1
2
2
2
1
2
1
2
2
2
2
1
1
1
1
1
2
2
2
1
2
2
1
1
1
2
2
2
1
2
1
2
2
2
2
2
2
1
2
2
1
9353981803
2
2
1
2
2
1
2
1
2
2
1
1
2
1
1
2
2
2
1
2
2
2
2
2
2
2
2
1
2
1
2
2
2
2
1
2
2
1
17997974944
1
2
2
1
2
2
1
2
2
2
2
1
1
2
2
2
2
1
1
2
1
2
2
2
2
1
2
2
2
2
2
1
2
2
2
1
1
2
2
25514744323
2
2
1
1
2
1
2
1
2
2
2
2
1
2
2
1
2
2
2
20937812133
1
2
2
1
2
2
2
2
2
2
2
2
2
2
2
1
2
2
1
2
2
2
2
1
2
2
2
2
1
1
2
1
1
2
2
1
2
1
2
2
1
2
2
1
2
1
1
2
1
1
2
2
2
1
2
2
11611906228
2
2
2
1
1
2
2
2
2
2
2
2
2
2
2
1
2
2
2
1
2
2
1
2
1
2
57792845259
1
2
2
1
2
1
2
2
1
2
1
2
2
1
1
1
2
1
2
1
2
1
1
2
2
2
2
2
2
1
2
2
2
1
2
2
2
2
2
2
1
1
1
2
2
39053162662
2
2
2
1
2
2
2
1
1
2
2
2
1
2
2
2
1
2
1
2
2
1
2
2
2
2
2
1
2
2
2
1
2
1
1
2
2
1
1
2
1
2
2
1
2
1
2
2
1
1
1
94990164029
2
2
2
2
2
2
1
2
2
2
1
2
2
1
2
1
2
2
2
2
1
1
1
2
1
35493791415
2
2
2
1
2
2
1
1
2
2
1
2
2
2
1
2
1
2
2
1
1
2
2
2
2
1
2
1
2
1
2
81527648740
2
2
2
2
2
2
2
2
1
2
1
1
2
1
2
2
2
2
1
1
2
1
1
2
2
2
2
2
1
1
2
2
49490970508
1
2
2
2
2
2
1
1
2
2
2
2
2
2
1
2
2
2
2
1
1
2
2
2
2
1
2
2
2
74049040519
2
2
2
1
1
2
2
1
2
2
1
2
2
2
1
2
2
2
2
2
2
1
1
2
2
2
2
2
1
2
1
1
1
2
2
1
1
32381646306
2
2
2
1
2
2
2
1
2
2
2
2
62859393680
1
1
2
2
1
2
2
1
1
2
1
1
1
2
1
2
1
1
2
2
1
2
2
2
2
2
1
2
1
2
2
2
2
2
2
2
2
1
2
1
2
1
1
1
2
2
1
2
1
2
34396852483
1
2
2
1
2
82524850921
2
2
2
2
1
2
1
1
2
2
2
1
1
2
1
1
2
1
1
1
1
2
2
2
2
2
2
1
2
2
2
2
2
1
2
1
2
2
1
2
1
2
2
2
2
51638964708
2
1
2
2
1
2
2
2
2
2
2
2
2
1
2
1
1
1
2
1
1
2
2
1
2
2
2
2
1
2
2
2
1
1
2
2
2
1
1
2
1
2
2
2
2
2
1
1
1
2
2
2
2
2
2
1
2
2
2
2
2
2
1
2
1
2
2
1
2
2
2
2
1
1
1
2
2
2
2
1
2
1
1
1
2
2
1
2
2
2
1
1
1
2
2
2
2
2
2
1
2
2
2
2
2
2
1
1
2
2
2
2
2
1
1
2
1
2
2
1
1
2
2
1
2
2
2
1
56748672935
2
29114865435
2
2
2
2
1
2
1
1
2
1
1
1
2
2
1
1
1
2
2
2
2
1
1
2
2
2
2
1
2
2
1
2
2
1
1
2
1
1
2
2
2
2
2
2
1
2
1
1
2
2
1
2
2
2
2
2
1
2
9940146622
1
2
2
2
2
2
84613228622
2
1
2
2
2
2
2
2
2
1
2
1
1
2
2
2
21698843014
2
2
2
1
61717164722
2
2
2
2
2
2
2
1
1
2
1
2
2
1
2
1
2
2
2
1
2
1
2
2
1
1
2
1
1
2
1
1
1
2
2
2
2
1
1
2
1
1
1
2
2
2
2
2
2
2
2
2
2
2
1
2
2
2
1
1
2
2
2
1
1
1
2
2
2
2
2
1
2
2
2
1
2
2
2
2
2
2
2
2
1
2
1
2
2
1
2
1
1
2
1
2
2
2
2
2
2
2
2
1
2
2
2
1
1
2
1
1
2
2
1
2
2
2
1
8451259710
2
2
2
2
2
2
2
2
2
2
2
2
1
2
2
2
1
1
2
1
85831959938
1
1
1
2
1
1
2
1
2
2
2
2
2
2
2
1
90608269049
2
1
2
2
1
2
2
2
1
2
2
2
92085965493
2
2
1
1
2
1
2
1
2
2
2
2
2
2
2
2
2
2
1
1
2
1
2
2
2
2
2
1
2
1
2
2
1
1
2
1
1
1
2
1
2
1
1
1
2
1
1
2
2
2
1
2
1
2
2
8072202589
2
2
1
2
2
2
2
1
2
2
1
2
1
2
1
2
2
2
1
2
2
1
2
2
1
2
1
2
1
2
2
1
2
6111681399
2
2
2
2
1
1
1
1
2
2
2
2
1
2
1
84259485009
1
1
87664170496
1
2
2
2
1
2
2
2
2
2
2
2
1
2
1
2
1
2
1
2
2
1
2
2
2
44027854479
1
1
1
2
2
1
2
2
2
2
2
2
2
1
2
2
2
2
2
1
2
2
1
2
2
77560352100
1
1
2
2
1
2
2
1
1
1
1
1
1
2
1
2
2
2
2
2
2
2
2
2
2
2
1
2
2
1
2
1
2
1
1
56112490520
2
1
1
1
96468096905
1
2
2
2
1
2
2
2
2
2
2
1
2208836594
2
2
2
2
2
2
1
1
1
2
2
2
1
2
2
1
2
2
2
2
2
1
1
2
1
1
2
1
1
2
1
2
2
1
2
2
2
2
2
2
1
2
1
2
2
2
2
2
2
2
1
2
2
2
1
1
2
2
2
1
1
2
1
2
2
2
1
2
1
2
2
2
2
2
1
2
2
1
2
1
2
2
1
2
1
2
1
2
31499403494
1
2
2
2
1
1
2
2
1
1
2
2
1
2
1
2
2
2
2
2
1
2
1
2
2
2
38042183462
1
2
2
2
1
1
2
2
2
2
2
1
1
2
2
2
2
1
2
2
2
2
1
2
2
2
2
2
1
2
72480146931
1
1
2
1
1
1
2
2
2
1
2
2
1
1
2
2
2
1
2
2
1
1
2
2
1
2
2
2
2
1
2
1
2
1
1
1
2
2
1
1
1
1
15932425488
2
2
2
2
2
2
2
1
2
2
1
2
2
2
2
1
2
2
2
1
1
1
1
2
1
2
2
1
2
1
2
2
25511204178
2
2
1
1
2
77161583896
1
1
2
1
1
1
1
2
1
2
2
1
1
2
2
2
2
2
2
2
2
2
1
1
2
1
1
1
2
1
1
2
2
1
2
2
2
39946003483
2
2
2
2
2
2
1
2
1
2
2
1
1
1
1
2
2
2
2
1
2
2
1
2
2
1
2
2
1
2
2
1
2
1
1
2
1
20060704721
2
1
2
2
39411344679
2
2
1
1
41415529167
1
1
2
1
1
1
2
1
2
1
1
2
2
2
1
2
2
2
2
2
2
2
2
268468155
2
1
2
2
2
2
2
2
1
2
2
1
2
1
1
2
1
2
2
1
2
2
1
2
2
2
1
2
1
1
2
2
2
1
2
2
1
2
2
2
2
2
2
2
2
2
1
41983053052
2
2
2
2
2
1
2
2
1
2
2
2
1
1
2
1
1
1
1
2
1
2
1
2
2
87799357552
2
93657640124
2
2
1
2
1
1
2
2
1
1
2
2
2
2
1
2
2
1
2
1
2
1
2
1
1
2
1
2
2
1
2
2
1
1
2
2
2
1
2
2
2
1
2
2
1
1
2
2
2
2
1
2
2
1
2
1
1
1
2
2
2
1
2
2
2
2
1
2
2
2
2
2
2
2
2
2
2
2
2
2
2
2
2
1
1
2
2
1
2
1
2
2
2
2
2
2
2
51476359630
1
2
1
1
2
1
2
2
2
2
2
2
2
2
2
2
2
2
1
2
1
2
2
2
2
53931274375
1
1
2
97218323682
2
2
2
2
2
2
2
2
2
2
2
2
2
2
2
2
1
2
2
2
1
2
2
2
2
64425378044
2
2
2
2
2
2
2
1
1
2
1
1
1
1
14633976476
2
39851153171
1
2
1
1
2
1
1
2
2
1
1
2
2
2
1
2
2
2
1
2
2
1
2
2
2
2
1
1
2
1
2
2
2
1
2
1
1
1
1
2
2
1
2
2
1
1
1
1
1
2
1
2
2
2
1
1
1
2
1
1
2
2
1
1
2
2
1
1
1
2
2
2
2
2
2
1
2
2
1
2
2
2
1
2
2
2
56191911592
56506624244
2
2
2
1
2
1
2
2
2
2
2
2
1
2
18242452285
2
2
2
1
2
2
2
2
2
1
1
2
1
1
2
1
1
1
1
1
2
2
2
66013823123
2
2
1
1
1
2
2
2
1
2
2
2
2
1
2
1
2
2
2
2
2
1
2
2
2
2
2
2
2
2
2
2
2
69445516565
2
2
2
2
2
2
2
1
2
1
2
2
2
2
2
1
2
2
1
2
2
1
2
2
2
2
2
1
2
2
2
2
1
2
2
1
2
2
2
2
2
2
2
2
2
2
1
2
2
2
2
2
2
1
63964069253
2
2
2
1
2
1
2
2
2
55224011034
2
1
1
2
2
2
2
2
2
2
1
2
2
2
2
2
2
39050455473
1
2
2
2
2
2
2
1
1
2
1
1
1
1
1
18884287261
2
2
2
2
2
2
61182967401
2
1
2
1
2
2
2
2
2
2
2
1
2
2
2
2
2
66628328167
2
1
1
1
2
1
1
1
2
2
96009707935
81544323094
2
2
2
1
1
1
2
2
2
2
2
34336500064
2
2
1
2
2
2
2
2
2
2
1
1
2
1
2
2
1
2
1
2
1
2
1
2
2
1
2
1
2
1
2
2
1
2
2
2
2
2
2
1
1
2
2
1
2
31276952361
2
1
2
2
2
2
2
2
2
2
1
1
2
2
2
2
1
2
2
1
2
2
2
1
2
2
2
1
2
2
1
2
97993493620
2
2
5514648684
1
1
2
2
2
1
1
2
2
2
2
1
1
2
2
2
2
90042995331
1
2
1
2
2
2
2
1
2
72186875205
2
2
2
1
2
2
2
2
2
1
1
2
2
1
2
1
2
1
2
1
2
1
1
2
2
1
2
2
2
1
95929996394
2
2
2
1
2
2
58698925424
2
2
2
1
1
1
2
1
2
1
1
1
2
2
1
2
2
2
2
2
1
2
2
2
2
2
2
2
2
1
2
2
2
2
2
2
2
2
2
2
2
1
1
1
2
1
2
2
2
1
1
1
2
2
1
1
1
2
2
2
1
2
1
2
1
2
2
2
2
1
2
1
2
1
1
1
2
2
2
1
1
2
1
2
71792658923
2
2
2
1
2
2
2
1
2
2
2
2
2
1
2
2
2
1
1
2
1
1
1
2
2
2
2
2
1
2
2
2
2
2
2
2
1
2
2
62268106662
1
1
2
1
2
1
1
2
2
2
1
1
2
2
2
2
2
1
1
1
1
1
1
2
1
70200390252
2
15053313422
72464011092
2
1
2
2
2
1
2
2
2
2
2
2
2
2
1
2
2
2
1
2
2
1
2
2
2
2
2
2
1
2
2
2
2
2
1
2
1
2
2
2
2
2
2
2
2
2
1
2
2
1
2
2
2
2
2
1
2
2
2
2
2
1
2
1
2
2
28613042958
2
2
2
1
2
2
1
2
1
1
1
2
2
2
1
2
2
2
1
2
72166676294
2
2
1
2
1
2
2
1
2
2
2
1
2
1
2
2
1
1
2
52889827821
2
1
1
2
2
1
2
2
2
2
2
2
67912562489
2
2
2
1
1
2
2
2
1
2
1
1
1
2
2
2
51721294461
1
1
2
1
1
1
1
2
1
1
2
2304326744
2
2
1
2
2
1
1
2
1
1
2
2
2
2
2
1
1
2
2
1
2
2
2
2
2
2
2
1
1
1
2
1
2
25567057134
2
1
2
2
1
1
2
2
1
2
2
2
2
1
2
1
2
1
2
1
2
2
2
1
2
2
1
2
1
2
2
2
1
2
2
1
2
2
2
2
2
2
2
2
2
2
2
2
2
1
1
2
1
2
2
2
2
2
2
1
2
2
2
2
2
2
2
2
1
1
2
2
2
1
1
1
2
1
2
2
2
2
2
2
2
2
2
1
2
2
2
2
1
1
2
2
2
2
2
1
2
2
21355492108
2
2
2
2
1
1
2
2
1
2
2
2
2
2
2
2
2
2
1
2
2
2
1
98646216657
2
2
1
1
1
1
2
2
1
1
2
1
1
2
2
2
2
2
2
1
2
2
2
2
2
2
2
2
2
1
2
2
2
2
2
1
2
2
1
1
2
2
2
1
2
2
4997230272
2
2
1
2
2
2
2
2
2
2
2
2
2
37160314094
2
2
2
1
2
2
2
1
2
18834547983
2
1
2
1
2
1
2
1
2
2
2
2
1
2
1
2
1
1
2
2
2
2
2
96379863627
1
1
2
2
1
2
2
2
2
2
1
1
2
2
1
2
1
2
2
1
2
2
1
1
2
2
2
2
2
1
55776747454
1
1
2
1
1
1
1
2
2
1
2
1
2
1
2
2
2
2
1
2
2
1
1
1
2
2
2
2
1
2
2
2
2
71301301288
1
2
1
2
1
2
2
1
2
1
1
1
2
2
2
2
1
1
2
1
2
2
2
1
2
1
1
2
2
2
2
2
2
1
2
1
2
1
32981042824
1
2
1
2
1
1
2
2
1
1
51893883289
2
2
2
2
42137734470
2
2
2
2
2
1
2
2
2
2
1
2
1
2
2
2
2
2
2
2
1
2
1
1
2
1
2
2
2
2
2
2
1
2
1
1
1
2
1
1
1
2
2
2
1
2
2
1
1
2
1
1
1
2
2
1
2
2
2
2
2
1
1
1
2
2
2
2
2
2
2
1
2
2
1
2
1
2
2
2
1
2
1
2
2
2
2
2
1
2
2
2
1
2
2
2
2
2
2
2
2
2
2
2
1
2
2
2
2
2
1
1
2
2
2
2
1
2
2
2
2
2
2
1
2
1
2
1
2
74550462656
2
2
2
2
1
2
2
2
1
2
2
1
2
2
2
2
1
2
2
2
2
2
1
1
2
1
2
1
1
2
1
2
1
2
2
2
2
2
1
2
2
1
1
1
2
2
1
80963438074
2
2
2
2
2
1
1
1
1
2
2
29004183332
39697166251
1
2
2
2
2
2
1
1
33305361906
1
2
2
2
2
2
2
2
2
2
2
1
2
2
2
2
59712792432
2
2
1
2
2
2
2
2
2
89976922032
1
1
2
2
2
2
2
1
2
2
2
2
2
2
2
2
2
2
2
2
2
2
2
2
2
2
2
2
2
2
2
1
2
2
1
2
2
2
2
2
1
2
2
2
2
2
2
2
1
2
2
2
2
1
2
2
2
2
2
1
2
2
2
1
1
1
1
2
1
2
2
1
2
2
2
1
2
1
2
40391212528
1
2
2
2
2
2
2
2
2
2
1
1
2
1
2
2
1
2
2
2
2
1
1
2
2
2
2
2
1
2
1
2
2
2
1
2
1
2
2
1
1
1
2
2
1
2
2
2
1
2
77205887621
1
2
2
1
49303860504
2
2
2
61404304569
1
1
2
2
2
2
91318608738
2
2
2
2
2
2
2
2
2
2
78989779837
2
2
2
2
2
2
1
2
2
2
2
48487105475
1
2
2
1
2
2
2
1
2
2
1
2
2
2
1
1
2
2
2
2
2
46928434130
1
1
2
1
2
2
1
2
1
2
2
1
1
82513390163
1
2
1
2
2
2
1
2
2
2
2
2
2
2
1
1
2
2
2
37355520724
2
2
1
2
1
2
2
1
2
2
2
1
1
1
1
1
2
2
2
1
2
1
2
1
1
2
1
2
1
1
2
2
2
2
1
1
1
1
1
2
1
2
2
1
2
2
1
2
2
2
1
2
2
2
1
2
2
83154953043
2
1
1
1
1
2
2
2
2
2
1
2
1
28260925970
2
2
2
1
2
2
1
2
1
2
2
2
2
2
1
2
2
2
2
2
2
2
2
1
2
2
2
2
1
1
1
1
2
1
2
2
1
2
1
2
1
1
2
1
2
2
2
1
2
1
2
2
1
2
1
1
1
2
2
2
2
2
1
2
1
86024782614
1
1
2
2
2
2
1
1
1
2
1
2
2
1
2
2
2
1
2
2
2
1
1
2
2
1
2
2
2
1
2
1
2
2
2
2
1
1
2
1
2
2
2
2
2
2
1
2
79878976225
2
2
2
1
2
2
1
2
2
2
1
39408147461
2
2
1
2
1
2
1
1
1
2
2
1
2
2
2
2
2
2
2
1
1
2
15730873157
1
2
2
2
2
2
2
1
2
1
2
1
2
1
2
1
2
1
2
2
1
2
2
2
2
2
2
2
2
1
2
2
2
2
2
2
1
84094553624
2
1
1
2
2
1
2
2
2
1
1
2
2
1
2
1
1
2
1
2
2
2
2
2
2
1
2
2
1
2
1
2
1
1
2
2
2
1
1
1
2
2
2
1
2
1
2
2
2
1
1
1
2
2
82855983306
41129768016
1
1
2
1
2
2
1
2
2
2
2
68203726565
1
2
1
1
2
1
2
2
2
2
1
2
2
2
2
2
1
2
2
2
2
2
2
2
2
1
2
2
1
2
2
2
2
2
2
2
1
2
2
2
2
1
2
2
1
2
2
1
2
2
2
2
2
2
1
2
2
1
2
1
2
2
1
2
2
1
1
2
1
2
2
2
2
2
2
1
2
1
2
2
25240807771
2
2
2
2
2
2
2
2
1
2
2
2
1
1
2
2
2
2
2
2
2
2
2
1
43802983982
2
2
2
2
1
2
2
2
2
2
2
2
2
2
2
2
2
2
2
2
2
63174359248
2
2
1
1
1
1
2
2
2
2
2
2
2
2
35838151928
1
1
2
2
2
2
45988573652
2
2
1
2
2
64814262053
2
2
1
1
1
2
2
2
2
2
2
2
2
2
2
2
2
2
1
2
2
2
2
2
2
2
2
2
2
2
2
1
1
2
2
2
2
1
2
31312614494
2
2
2
2
2
2
2
2
2
2
2
2
1
1
2
2
1
1
2
2
2
2
2
2
2
1
2
2
2
1
47751085854
2
2
2
1
2
2
2
1
2
2
2
2
79257554742
1
1
2
2
2
2
2
2
2
2
1
1
1
2
2
2
2
2
2
2
2
2
2
1
1
2
2
2
2
2
1
1
2
2
1
1
2
1
2
1
1
1
2
2
2
2
2
2
2
1
2
1
1
2
2
2
2
2
2
1
2
2
1
2
2
2
2
1
2
2
2
2
2
1
2
1
2
2
2
1
1
2
2
2
1
2
51758532548
1
2
1
1
2
1
1
1
2
2
2
2
2
2
2
1
2
2
1
2
1
2
1
1
1
1
1
2
1
2
2
2
1
1
2
2
2
2
2
2
1
2
1
1
1
2
2
2
2
2
2
2
2
2
2
2
1
2
2
2
1
1
2
1
1
1
1
1
2
1
1
1
1
1
2
2
2
2
1
2
2
2
2
84649745599
2
2
1
2
2
91722172002
2
1
2
2
2
1
2
1
1
2
2
2
2
1
2
2
2
1
1
2
2
2
1
1
2
1
2
1
1
2
2
2
2
1
2
1
2
2
2
84336437401
2
2
2
2
2
1
2
2
1
2
2
2
11076249711
2
1
2
2
2
1
1
2
2
2
2
2
2
2
1
2
2
1
2
2
2
1
2
2
1
2
1
2
2
2
2
2
2
2
2
2
58039414247
1
2
2
2
2
1
83484016836
1
2
1
2
1
1
2
85252833515
1
1
2
2
1
2
2
2
2
2
2
1
1
1
2
1
2
1
1
1
2
1
2
2
2
2
1
2
2
1
2
2
2
2
2
2
1
2
1
2
2
2
2
2
1
1
1
1
1
2
1
2
2
2
2
2
2
1
2
2
1
2
2
2
1
1
1
2
2
2
2
2
1
2
1
2
2
1
2
2
1
1
2
1
2
2
1
2
1
2
2
2
2
2
2
1
2
2
2
1
2
2
2
2
2
2
1
1
2
2
34147305624
1
2
2
2
2
83437547884
2
2
2
2
2
2
1
2
2
1
2
2
1
2
2
2
2
2
2
1
2
2
1
2
2
2
2
2
2
1
2
2
2
2
1
2
2
2
1
66754964509
2
29294260128
2
2
2
2
2
1
1
2
2
1
2
2
1
2
2
2
1
2
1
2
2
2
1
2
2
2
2
41848935183
2
2
1
2
31424686873
2
2
2
2
2
2
1
1
2
2
2
1
2
1
1
2
2
2
2
2
2
1
1
2
2
2
1
2
2
1
2
2
1
2
2
1
2
1
2
2
1
1
2
2
1
1
71338705206
2
2
2
2
1
2
2
2
1
2
1
2
2
2
1
2
2
2
1
2
1
2
2
2
1
1
2
2
2
2
1
1
2
1
2
2
1
2
2
2
2
2
2
1
1
2
1
1
2
2
1
2
2
2
2
1
1
1
1
2
2
2
2
2
1
2
2
2
2
2
2
2
2
2
2
2
2
2
1
2
2
1
1
1
2
2
2
1
1
2
1
2
1
1
2
2
1
2
2
2
2
2
2
2254666322
2
2
2
2
2
2
1
2
1
1
2
1
2
2
2
1
2
1
2
1
2
2
2
1
1
2
1
2
1
2
1
2
1
1
1
2
1
2
2
2
2
2
2
2
1
2
2
1
2
1
2
2
1
2
1
2
2
2
2
1
1
1
2
1
2
2
5825150642
2
2
1
2
2
2
2
2
2
2
2
2
2
2
2
1
2
2
2
2
1
2
2
2
2
2
2
1
2
12890337972
1
1
2
1
2
1
2
1
2
2
2
2
2
2
1
2
2
2
1
1
69133627396
2
2
2
1
1
2
2
1
2
2
2
1
2
1
2
2
2
2
2
2
2
1
2
1
2
2
1
2
2
2
2
2
1
2
2
2
2
1
82519439943
1
1
2
1
1
2
2087717737
1
2
2
2
2
2
2
2
2
1
2
2
2
2
1
1
1
1
2
2
2
2
1
1
1
2
2
1
1
2
2
2
2
2
2
2
29703799753
2
2
1
2
2
2
1
1
1
2
2
2
1
1
1
2
2
1
1
2
2
2
1
1
1
1
2
2
2
1
1
2
2
2
1
1
2
2
2
2
2
2
2
1
2
2
1
1
2
2
2
2
2
2
2
1
1
2
2
2
1
2
2
1
2
1
1
1
2
1
99833777264
1
1
1
1
1
1
2
2
2
2
1
2
1
1
2
2
2
2
2
2
2
2
2
1
2
1
2
1
37903227458
2
2
2
2
2
2
2
1
1
2
2
2
1
1
1
2
1
2
2
2
74393593049
1
1
2
2
2
1
2
2
1
1
1
2
2
1
1
2
1
2
2
2
1
2
2
2
2
1
2
2
1
2
1
2
2
2
2
2
2
2
2
1
1
2
1
1
2
1
2
2
2
2
2
95948599218
2
2
2
2
2
2
57386387045
2
1
1
2
1
2
1
1
2
2
2
2
2
2
1
2
2
2
2
1
1
2
2
2
1
2
2
2
2
2
2
2
2
29992173683
2
2
2
2
1
2
1
1
2
2
2
2
2
1
1
1
1
2
2
2
1
2
2
2
1
2
2
1
1
1
2
2
1
1
1
2
1
2
1
2
2
2
2
2
2
2
1
2
1
1
2
2
1
2
2
1
1
1
2
1
1
2
2
2
1
2
2
2
2
1
2
1
2
2
2
2
1
2
1
1
2
1
1
1
1
2
1
1
2
2
2
1
2
1
2
2
2
2
1
2
1
1
2
2
2
2
2
2
2
2
20504734355
2
2
1
2
2
1
1
2
2
2
1
1
2
2
2
1
2
1
2
2
2
2
2
2
1
1
1
2
67762362270
2
1
2
2
1
94521755593
2
2
2
2
2
2
1
2
2
2
2
2
2
1
6176379200
2
2
2
2
1
1
2
1
2
2
1
2
2
2
2
2
2
2
2
1
2
2
2
2
2
2
1
1
1
2
75121044552
1
1
2
1
2
2
2
1
2
2
2
2
1
7179536978
2
2
2
1
1
1
2
1
2
2
2
2
2
1
2
1
2
1
2
1
2
2
2
1
2
1
2
9348888309
1
2
2
2
2
2
2
1
2
2
2
2
1
2
2
2
1
1
2
2
1
2
1
2
1
1
2
2
1
1
1
2
2
1
1
2
1
1
1
1
2
2
2
2
1
2
2
1
2
2
2
2
2
2
2
2
2
2
1
1
2
1
85276485554
2
2
2
2
1
2
2
2
2
2
2
2
90692973293
2
26901894108
2
2
2
2
2
2
2
2
2
2
2
2
66954779336
1
2
2
1
1
1
2
2
2
2
1
2
1
2
2
1
2
2
2
2
1
1
2
2
2
2
2
1
1
2
2
2
1
2
1
2
2
1
2
1
2
2
16003954788
2
2
1
46941348530
2
1
2
2
1
1
2
1
75313034922
2
2
2
2
2
2
2
1
1
1
2
2
2
2
2
2
2
2
1
2
2
1
2
2
1
2
2
2
2
2
2
1
2
2
2
2
2
1
1
1
2
1
1
2
2
2
2
1
2
2
1
1
2
2
1
2
2
2
2
2
1
2
2
2
1
1
2
1
2
1
1
2
2
1
1
1
2
2
2
2
2
1
2
2
2
2
2
2
1
2
1
1
2
2
1
1
1
2
2
54553248467
2
2
1
1
1
2
2
2
2
2
2
1
1
2
2
2
2
2
1
2
2
1
2
1
2
2
1
1
2
1
1
2
2
1
2
2
2
2
2
2
2
52911728404
1
2
2
2
1
1
2
1
2
2
1
2
2
1
2
1
1
1
2
1
2
2
2
2
1
2
94767833640
2
1
2
2
2
1
1
1
2
2
2
2
2
2
2
1
1
1
2
2
1
2
1
2
2
2
25461086355
1
1
1
1
2
2
2
2
1
2
2
1
1
2
2
1
2
1
2
2
1
1
2
2
2
2
2
2
1
2
1
2
2
2
2
2
2
2
74903628564
1
1
2
1
1
2
2
1
1
2
1
2
2
2
1
2
2
2
1
1
2
2
2
2
2
2
2
1
2
2
1
1
1
54238001123
2
58137240119
2
2
2
2
2
2
2
2
1
1
2
1
1
2
1
2
1
1
2
1
1
1
1
2
1
1
2
2
1
1
2
25477241581
1
2
2
2
2
2
1
2
2
2
1
1
1
2
2
2
2
1
2
2
2
2
2
1
2
2
73303839004
2
1
2
2
2
2
2
2
2
2
2
1
1
2
2
1
1
2
2
2
2
1
2
2
2
2
2
2
1
1
2
1
2
2
1
2
2
2
2
1
2
2
1
2
2
2
2
2
2
2
1
2
1
2
2
2
2
2
2
2
2
2
2
2
2
2
1
2
2
2
1
2
2
1
2
2
2
1
2
2
10508128556
2
2
2
2
2
2
1
1
2
1
1
1
1
2
1
1
2
2
2
1
2
2
1
2
2
1
2
2
2
1
2
2
2
2
1
1
2
2
1
2
1
2
2
2
2
1
2
1
2
1
2
2
2
1
1
1
2
2
2
69827766990
2
1
2
2
1
2
2
1
1
1
2
2
2
2
1
2
2
2
99569326492
2
2
1
1
2
1
2
2
2
1
2
2
63058610822
97837799270
2
1
1
94622042946
2
1
2
2
1
2
2
2
2
2
2
1
1
1
2
2
1
1
2
2
2
2
2
1
2
2
1
2
1
2
2
2
1
1
1
1
2
2
2
2
2
2
61533791876
1
2
1
1
2
2
2
2
2
1
2
2
1
2
2
2
1
1
1
2
2
2
2
2
2
2
1
1
2
2
1
2
2
1
16940075231
1
2
2
1
2296830198
2
62270191556
1
1
1
2
1
1
2
1
1
1
53567049429
2
2
1
2
1
2
2
2
1
2
1
2
1
2
1
2
2
2
2
2
2
2
1
2
1
1
2
2
2
2
1
2
1
2
2
2
2
2
2
1
2
1
1
2
2
2
2
2
2
2
1
2
2
2
2
1
1
2
2
2
2
2
2
1
2
2
2
2
2
2
2
2
1
86212343670
2
2
2
2
1
1
1
2
1
2
10866917625
1
2
1
2
2
1
2
1
1
1
2
1
2
1
1
2
1
2
2
2
1
1
2
2
1
2
1
2
83989137136
2
2
2
2
2
2
2
1
2
2
2
1
2
1
2
2
2
2
1
2
2
1
2
1
2
2
2
2
1
2
1
2
1
1
2
2
2
2
2
2
2
1
2
2
2
1
2
1
2
2
2
2
2
2
80831104013
2
2
1
2
2
2
2
2
2
2
1
2
2
2
2
2
2
2
2
2
2
2
1
2
2
2
2
2
1
1
2
1
2
2
1
23222321974
2
1
2
2
2
2
2
2
1
2
1
2
2
1
2
2
2
2
2
2
2
2
1
1
1
1
26346680919
87518961472
1
2
1
2
1
1
2
1
2
2
2
1
2
2
1
2
1
1
2
1
1
2
2
2
1
2
76834905481
2
1
2
2
2
2
1
1
1
1
1
2
2
2
1
1
2
2
39929737387
1
1
2
1
1
2
2
2
2
88376192558
1
2
2
1
2
2
2
2
2
2
1
2
2
1
1
1
2
1
2
1
2
2
1
2
2
1
2
2
1
2
1
1
1
2
1
2
1
1
1
1
2
2
2
1
2
2
1
2
2
2
2
2
2
1
1
2
77497274322
2
1
2
2
1
2
2
1
2
2
2
2
1
2
2
72592872539
50450218880
1
2
2
2
2
2
2
2
2
2
1
1
2
2
2
2
2
2
1
2
2
2
2
2
1
2
2
1
2
2
2
2
2
1
1
2
2
2
2
1
2
2
1
1
99366268961
1
2
1
2
2
2
2
2
2
1
1
2
2
1
1
2
2
1
2
2
2
2
1
1
2
45297578389
2
1
2
1
2
2
1
2
2
2
2
2
1
2
2
2
2
1
2
2
2
2
2
1
1
2
1
2
1
2
2
2
2
1
1
5791090232
2
1
1
2
2
2
1
2
2
1
2
1
1
1
2
2
1
2
2
1
2
2
2
2
2
1
2
2
2
1
2
2
1
1
2
2
2
2
2
1
2
2
1
2
2
2
2
1
1
2
2
2
2
2
1
2
1
2
1
2
2
2
1
2
2
2
1
2
1
2
2
2
2
1
2
2
2
1
2
1
2
2
2
2
1
2
1
1
2
2
2
2
2
37325098407
2
2
1
2
2
2
2
2
2
2
1
2
2
2
17080191153
2
2
2
1
1
1
2
2
1
1
2
2
2
2
2
2
1
1
2
1
2
1
2
1
2
2
2
1
1
2
1
2
2
2
2
1
2
1
2
2
2
2
96779685038
1
1
1
1
2
1
2
2
2
2
1
1
2
2
2
1
2
2
2
16985617238
2
1
2
2
2
1
2
1
2
1
1
1
2
1
2
2
1
2
2
1
2
2
2
2
2
2
2
1
1
1
2
1
1
1
2
2
2
2
2
1
1
2
2
2
2
1
1
1
58512257040
2
1
6695345230
2
1
1
2
1
2
2
2
2
2
1
1
2
2
2
2
2
1
1
1
2
2
2
2
2
2
2
2
2
2
1
1
2
2
1
2
2
2
1
2
1
2
1
2
2
1
2
2
2
2
1
2
1
1
2
2
2
2
2
1
1
2
2
1
2
1
2
2
1
2
2
2
1
2
1
2
2
2
2
2
2
1
1
2
2
2
2
1
1
2
1
1
1
2
1
2
1
2
2
2
1
2
2
2
2
2
2
2
2
1
2
2
1
2
1
2
2
2
1
1
2
2
2
2
2
2
2
2
1
1
2
2
2
1
1
2
2
1
2
1
2
2
2
2
2
2
2
2
2
2
1
2
2
2
2
1
1
2
2
1
1
2
2
2
51233631688
2
2
2
2
1
1
1
2
2
1
2
2
1
2
2
1
8197268197
2
1
1
2
2
2
2
1
1
2
2
2
2
1
1
2
1
1
2
2
2
2
2
1
2
2
2
2
1
1
2
1
2
93996254982
71398366118
2
2
2
2
1
1
2
2
2
1
1
1
2
1
2
98994462892
2
1
1
1
2
1
1
2
2
2
2
1
2
2
2
2
1
1
2
2
2
2
2
1
1
11194659013
2
2
2
1
2
2
1
19186693467
2
1
1
2
2
2
2
2
1
2
2
2
1
1
2
1
1
2
1
1
2
2
2
2
2
2
1
2
2
1
1
1
1
2
7367958660
2
2
1
1
2
1
2
2
1
2
2
1
2
1
1
2
1
2
1
1
1
1
2
1
2
2
2
2
1
2
1
2
1
1
2
1
2
1
2
2
1
64630629342
1
1
2
2
2
2
1
2
2
1
1
2
2
2
2
2
2
2
1
53749975098
2
2
1
2
1
2
2
1
1
2
1
2
2
2
2
1
2
1
1
2
2
1
2
2
2
2
1
1
2
2
1
2
2
2
1
1
2
2
2
2
2
2
2
1
2
2
2
1
1
2
2
1
2
1
2
2
2
2
2
2
2
39953893818
1
2
2
60988093947
2
1
1
73891174630
2
2
2
2
1
2
2
2
2
2
2
1
2
2
2
1
1
72937571325
2
2
1
1
1
1
1
1
2
2
2
2
2
1
1
2
42667100261
2
2
1
2
2
2
2
2
1
1
2
2
1
1
1
2
2
2
2
2
2
2
2
2
2
7871917411
1
1
2
1
1
2
1
2
1
1
2
2
1
1
2
2
2
2
2
1
2
1
2
2
2
1
2
2
2
2
2
2
2
2
2
2
1
2
1
1
2
2
2
2
1
1
1
1
2
2
2
2
2
2
2
2
2
1
2
2
2
2
1
2
1
2
2
2
1
2
2
2
2
1
1
2
2
2
1
2
1
1
2
1
1
2
2
2
2
2
2
2
2
1
1
1
2
2
2
1
2
1
1
35279026616
2
1
2
2
2
2
2
2
1
2
2
2
1
2
1
2
2
2
2
2
1
1
2
2
2
1
2
2
2
1
1
2
2
2
2
1
2
1
2
2
2
2
1
1
1
2
2
2
1
2
2
2
2
2
1
2
1
2
3311817423
1
2
2
1
2
1
2
2
2
2
2
1
2
2
2
1
2
2
2
1
2
2
1
2
1
2
2
2
2
2
2
1
2
2
2
2
2
2
2
2
2
2
2
2
2
2
2
2
2
2
82408047124
2
2
2
2
1
1
2
1
2
1
1
1
1
2
2
2
1
2
1
1
1
1
1
2
1
2
2
1
2
2
1
2
34793417013
1
2
17438838041
1
41787462507
1
2
2
74921268389
2
1
2
2
64414072534
2
2
2
2
2
2
2
2
46886832365
2
1
1
1
2
2
2
2
2
2
2
2
2
1
1
2
1
2
2
1
2
2
1
1
2
2
2
2
2
1
1
2
1
2
2
2
2
2
2
2
2
2
1
2
2
2
1
2
2
2
1
2
2
2
1
2
2
2
76918486577
2
2
2
2
2
2
2
2
1
1
2
2
2
2
2
2
1
2
2
1
2
1
2
2
1
2
1
1
1
2
8686469999
2
2
2
2
1
2
49499380330
2
1
2
2
2
2
1
2
2
2
2
2
2
1
2
2
2
1
2
2
2
1
2
2
1
2
2
2
2
21993257692
2
1
44262346525
1
2
2
63063950729
2
1
2
2
2
1
2
1
2
1
1
2
2
2
2
2
2
2
2
1
2
2
1
2
2
2
1
2
2
1
2
2
1
1
2
2
1
2
2
2
2
1
2
2
2
2
2
2
1
2
88338467837
2
1
1
2
1
2
1
1
2
1
2
1
2
1
2
1
2
1
1
2
2
1
1
1
2
2
2
1
2
1
2
2
1
2
2
2
2
2
1
30149215447
1
2
1
2
1
1
1
2
2
2
1
2
1
1
2
2
2
2
2
82494263084
99945316173
2
2
1
2
2
2
2
1
2
2
1
2
2
2
2
1
2
2
1
2
2
2
1
2
2
2
2
2
1
1
2
2
1
2
2
2
2
2
1
2
1
2
2
65137438629
1
1
2
1
2
2
2
2
2
2
2
2
2
2
2
1
2
2
1
1
2
2
2
1
2
2
2
2
2
2
2
66144539253
2
1
2
1
2
2
2
1
1
1
2
2
1
2
1
2
2
2
2
2
1
1
2
2
2
2
1
2
2
2
2
1
1
1
1
1
1
1
2
1
2
2
2
2
2
2
1
2
2
2
2
2
2
1
1
2
2
2
65070424342
2
2
1
2
2
2
1
1
2
2
2
1
2
1
1
2
39052551898
2
2
2
2
2
2
1
2
2
1
2
2
2
1
2
1
1
1
2
1
2
2
2
2
1
2
2
1
1
1
1
2
2
2
1
2
2
2
2
1
2
2
1
2
1
1
2
2
2
1
2
1
2
2
2
2
2
2
2
2
2
2
1
2
1
1
2
2
2
2
2
2
2
2
2
2
2
2
2
2
1
2
1
1
2
2
1
2
2
2
2
47937823957
2
2
1
2
1
2
2
2
1
2
2
1
1
2
1
2
2
2
2
1
2
2
2
2
2
2
2
2
1
1
2
2
1
2
70620014453
1
2
1
2
2
2
2
1
2
2
1
1
2
2
1
1
2
2
1
2
2
2
2
2
1
2
2
2
1
2
2
2
2
2
2
2
2
64450847201
2
2
2
2
2
2
2
1
1
2
1
2
2
325583553
2
1
2
38879113085
1
1
2
1
2
1
2
2
2
2
1
2
1
2
2
2
2
2
2
2
2
2
2
2
1
2
2
2
2
1
2
2
2
1
2
1
1
2
2
2
2
1
2
2
2
1
22525104294
2
1
2
2
2
2
1
2
2
2
1
1
2
2
1
1
2
2
2
1
2
2
2
2
2
2
2
2
2
1
2
2
1
2
2
1
2
2
1
2
2
2
2
1
1
1
2
1
2
2
2
2
2
1
2
2
2
1
2
1
2
1
2
2
2
1
1
2
2
1
2
2
1
2
1
1
2
2
2
2
1
1
33480172753
1
2
1
2
2
2
2
1
1
1
2
2
2
2
1
9784764922
1
1
2
2
2
2
2
2
2
2
1
2
2
2
1
1
1
2
2
2
1
1
2
2
2
2
1
2
2
2
2
2
2
2
1
1
2
30807412894
2
2
2
2
1
2
2
2
27629011557
2
1
2
1
1
2
2
2
2
2
2
2
2
2
2
2
2
2
1
2
2
2
2
31572773177
1
1
2
2
2
2
1
2
2
1
2
2
2
2
1
2
2
1
1
2
1
2
2
2
1
1
2
2
2
2
1
2
2
2
1
1
1
2
2
2
2
2
2
2
1
2
2
2
1
2
2
1
2
37673140987
2
2
2
1
2
2
2
2
2
2
1
1
2
1
1
2
1
1
1
2
2
2
1
1
1
1
2
2
2
2
2
2
2
1
1
1
1
1
1
2
2
1
2
2
2
2
2
1
1
2
2
1
2
2
2
2
2
1
1
2
87357683512
2
1
2
2
2
2
2
1
1
2
2
2
2
1
1
2
1
2
1
2
2
2
2
1
2
2
2
2
2
1
1
2
1
1
2
50496895147
62048810848
2
1
1
2
2
2
2
2
2
2
1
2
70515004938
1
2
2
2
2
1
1
2
2
2
1
2
2
1
2
2
2
1
2
2
2
2
2
1
2
2
1
1
1
2
42724371768
1
1
2
2
1
42155827029
2
2
2
2
2
2
1
1
1
2
1
1
2
1
2
2
1
1
2
2
2
2
2
2
1
1
2
1
68462443666
2
2
1
1
2
2
2
1
2
2
1
2
2
2
1
2
2
2
1
1
2
18189801740
1
2
2
2
1
1
2
2
2
2
1
1
2
2
1
2
2
2
2
1
1
2
1
2
2
2
2
17854500181
2
2
2
1
1
1
2
2
1
1
1
2
2
2
2
2
2
2
1
2
2
2
1
2
2
2
2
1
2
1
2
2
2
2
2
2
2
2
2
2
1
1
2
1
1
2
2
2
2
2
1
2
2
2
2
2
2
2
2
2
2
5167076100
2
2
1
96751097682
2
2
2
2
2
2
1
2
2
2
2
1
2
2
2
85246580748
2
1
1
2
1
2
89516946997
2
2
1
2
2
2
1
2
1
2
1
2
2
2
2
2
1
75347993242
2
1
2
2
1
2
1
2
2
2
2
1
2
2
2
2
2
1
1
2
2
2
2
2
2
1
2
2
1
2
1
2
2
2
2
1
1
2
2
2
1
1
2
2
1
1
2
2
2
2
2
2
1
2
2
1
2
1
1
2
2
1
2
2
1
1
2
1
2
1
2
2
2
1
1
1
2
1
2
1
1
1
2
1
1
1
1
1
2
2
2
2
2
2
1
1
2
1
2
1
1
1
2
2
1
2
2
1
2
2
1
2
1
2
1
2
2
2
1
1
2
1
2
2
1
2
2
1
2
2
2
2
2
2
1
2
2
2
1
1
1
2
2
1
2
1
2
2
2
2
1
2
2
2
2
2
1
1
2
2
2
2
1
2
2
2
2
2
1
2
2
2
2
1
1
2
2
1
1
2
1
1
94811299156
1
2
2
1
2
2
2
1
2
2
2
1
1
2
2
1
2
2
1
1
1
2
2
2
2
1
1
2
1
1
2
1
73304881155
2
2
1
2
2
1
1
2
1
5538732297
16072178164
2
2
1
2
1
56342962814
1
88883388198
1
2
1
15084823244
2
2
2
1
2
2
2
2
2
2
2
2
1
2
2
2
1
52371107712
2
2
1
1
2
2
2
2
1
2
2
2
2
2
2
2
2
2
1
1
1
2
2
2
2
79221831946
2
2
1
2
2
2
2
1
1
2
2
2
1
2
2
2
2
2
1
2
2
1
2
2
2
2
2
2
1
2
1
2
2
2
1
2
2
1
2
2
2
2
54998434951
1
1
2
2
2
1
2
2
2
1
1
1
1
1
1
2
2
90674282749
1
2
1
2
2
2
2
2
1
2
2
2
2
2
1
2
2
2
2
2
2
2
1
2
2
1
1
1
1
2
2
2
1
1
2
2
2
2
1
2
2
2
1
2
2
1
1
2
1
1
2
1
1
1
1
2
2
1
2
1
2
2
2
2
2
1
1
2
2
2
2
2
2
2
1
1
2
2
1
1
2
1
2
1
2
1
2
1
2
1
1
1
2
1
2
2
1
1
1
1
2
2
2
1
2
2
1
2
2
2
1
1
2
2
1
1
2
2
2
2
2
1
1
2
1
2
2
2
1
2
2
1
2
2
2
1
37634810083
2
28037423437
2
2
2
2
2
1
2
2
1
2
1
2
1
1
60357911663
1
2
2
1
1
2
1
2
2
1
2
1
1
2
2
2
2
1953066828
2
2
1
1
2
1
2
2
2
2
2
2
2
1
2
2
2
2
2
2
2
1
1
1
2
2
92483349422
2
1
1
1
2
2
1
2
2
2
2
1
1
2
1
2
2
2
2
2
1
2
2
2
1
2
2
2
2
1
2
52440851358
2
1
1
1
2
2
2
1
2
2
2
2
2
2
2
2
1
2
2
2
2
1
1
1
1
1
1
2
2
2
2
2
1
2
2
2
1
2
2
1
2
2
2
2
25761383756
2
2
2
2
1
1
1
2
2
1
2
1
2
1
1
2
1
1
1
2
1
1
1
2
2
2
2
1
2
1
1
2
2
1
2
1
2
2
2
2
1
2
2
2
1
2
1
1
2
2
2
2
2
1
2
2
1
1
2
2
2
2
2
2
2
2
2
1
1
1
2
27569480471
2
1
2
2
2
2
2
2
1
2
2
2
2
2
2
2
2
2
2
1
2
1
2
1
87694653692
2
1
2
2
2
1
2
2
2
1
1
2
1
2
2
2
2
1
1
1
1
1
2
2
1
2
2
1
2
2
1
2
2
1
2
1
2
2
1
2
1
2
2
2
2
2
1
2
1
2
1
2
1
2
2
79875164245
2
2
1
2
1
1
1
2
2
2
1
2
1
2
1
1
2
2
1
1
2
2
1
1
1
2
1
1
1
1
2
1
1
2
2
1
2
1
2
2
2
2
2
2
2
2
2
2
2
1
1
2
2
1
2
1
1
1
2
2
2
2
2
56999543159
1
2
2
1793717937
1
1
2
1
2
2
2
2
2
2
2
2
2
2
1
2
2
2
1
23268625379
2
2
1
2
1
2
2
2
1
2
2
2
44019372194
1
2
1
1
1
2
2
2
2
1
2
2
2
1
2
2
2
2
2
2
2
1
2
2
2
1
2
1
2
2
1
2
2
2
2
2
2
2
2
2
2
1
2
2
2
2
2
2
1
1
2
2
1
2
2
1
45367061925
2
2
2
1
2
2
2
2
1
2
2
2
2
2
2
2
2
2
2
2
2
2
2
2
2
2
1
2
2
1
1
2
2
1
2
1
2
1
1
1
2
84002746103
2
1
2
1
2
1
1
1
47817401279
23289992309
2
1
1
2
2
2
1
2
2
2
2
1
2
2
98420008882
1
2
2
1
1
2
1
2
1
2
2
2
1
2
2
2
2
2
1
1
1
2
2
2
2
1
2
1
1
2
1
45376661861
2
1
2
2
2
2
1
1
2
1
20660475088
1
2
2
2
2
2
2
2
2
2
1
2
2
1
2
1
1
2
2
2
2
2
2
2
2
2
2
2
2
2
2
2
1
11137055288
1
1
2
2
1
35744253252
2
1
2
2
1
2
2
2
1
2
1
2
2
2
2
1
1
2
2
1
2
2
2
1
1
1
1
1
1
2
2
2
2
1
1
1
2
2
1
2
2
2
1
1
2
2
2
2
1
2
1
1
1
2
2
2
2
1
2
2
1
2
2
1
2
2
1
2
1
2
1
2
1
10288886349
1
2
1
2
2
2
1
2
2
1
2
2
1
1
2
2
2
2
2
2
2
2
2
2
1
2
2
1
2
2
2
2
2
1
1
1
2
2
1
2
2
2
2
1
2
1
2
1
2
11762851732
1
2
2
2
1
2
2
2
2
2
2
2
1
1
1
2
2
24421373414
2
1
2
1
2
2
2
1
2
2
2
2
2
1
2
1
1
2
2
2
2
1
2
2
2
2
2
1
2
2
2
2
2
2
2
1
1
2
2
2
2
2
2
1
2
1
2
1
2
2
1
1
1
2
1
2
1
2
86118166322
1
1
1
1
1
2
1
2
1
2
2
1
2
2
2
2
2
2
2
2
2
2
2
2
2
1
2
2
2
2
2
2
2
2
1
1
1
1
1
1
2
1
2
2
91982521260
1
2
2
1
1
2
1
2
2
2
2
1
2
2
1
2
1
2
2
2
2
1
2
2
2
1
2
1
2
1
2
2
1
2
1
43391499674
2
1
1
1
2
2
2
2
2
1
1
2
2
2
2
27319494046
2
2
1
1
1
1
2
2
2
2
1
1
1
2
2
1
2
1
1
2
2
2
1
2
2
2
1
1
1
1
2
2
83424070141
2
91167741548
2
2
2
2
1
1
2
1
1
2
2
1
2
2
2
2
2
2
2
1
2
2
2
1
2
2
1
2
1
2
1
2
2
1
2
2
1
2
2
1
2
1
2
2
2
2
2
2
2
2
2
1
2
2
2
2
1
2
2
2
2
2
2
2
1
2
2
2
54348604416
2
2
1
2
2
1
2
1
2
2
2
2
2
37331954239
2
2
2
1
1
1
2
2
2
2
2
1
315252195
2
1
2
2
2
59420936176
90086185336
73244704944
2
2
2
2
2
2
2
1
2
2
1
2
2
2
2
2
2
2
1
1
2
2
2
1
2
1
2
2
1
2
1
2
2
2
1
2
2
2
1
2
2
2
2
2
2
2
1
2
1
1
2
1
2
2
1
2
2
1
1
2
2
2
2
2
2
2
68218326529
2
2
2
1
2
2
2
2
2
2
2
2
2
1
2
2
2
2
2
2
1
2
2
1
2
2
2
1
1
2
2
2
2
1
2
2
2
1
2
1
1
2
1
2
2
2
2
1
1
2
2
2
1
2
2
1
1
2
2
2
1
2
2
2
2
2
2
2
1
2
2
2
2
2
2
2
1
1
2
1
2
1
2
2
1
1
2
2
2
2
16866857597
2
1
2
2
1
2
2
1
2
1
2
2
1
2
1
1
2
2
2
2
1
2
2
2
1
2
2
2
2
2
1
2
2
2
2
1
2
34860864293
2
1
1
1
2
1
2
1
2
2
2
2
1
1
1
2
1
2
2
2
2
1
2
2
2
2
1
1
1
2
2
2
2
2
2
2
2
1
2
2
1
2
2
2
99894094888
2
1
2
2
1
2
1
77724604604
2
1
2
2
1
2
2
2
2
1
2
2
2
2
2
2
2
1
1
2
2
2
1
2
2
2
2
2
1
2
2
1
2
1
1
49919084548
2
91329430703
2
2
1
2
2
1
1
2
2
1
2
2
2
2
2
1
2
2
2
2
2
1
2
1
2
2
1
2
2
1
1
2
2
2
1
2
2
2
1
2
1
1
2
2
1
1
2
2
2
2
2
2
2
1
2
2
2
2
2
2
1
2
2
2
2
2
1
1
2
1
2
2
2
1
2
1
5203891970
1
2
2
2
2
2
1
2
1
1
2
2
2
2
2
2
2
1
2
2
1
1
2
1
2
2
2
2
2
1
2
2
2
2
1
1
1
2
2
2
2
2
2
2
1
2
2
2
2
2
1
2
1
2
2
1
2
2
2
1
2
2
1
2
2
1
1
2
2
2
2
1
2
2
2
1
1
1
20086163324
2
1
2
2
1
1
49851817365
2
2
2
2
2
2
2
2
2
1
1
2
2
1
1
1
2
1
1
2
2
2
1
1
2
2
2
2
2
2
1
1
2
1
2
2
2
2
2
2
1
1
2
1
1
2
2
2
2
1
1
50222589246
2
1
1
1
1
2
1
1
99053884037
2
2
23759004112
2
2
2
2
2
2
2
2
1
2
2
1
1
2
2
2
1
2
2
2
2
2
2
1
2
2
1
2
2
2
2
2
1
2
2
1
2
2
1
2
2
1
1
2
1
2
2
2
2
2
2
2
2
2
1
1
1
80756782736
2
2
2
1
2
2
2
1
463004040
1
2
1
2
85215044870
2
1
1
1
2
1
2
1
2
2
1
2
2
1
2
2
2
2
1
1
2
1
2
2
1
2
1
2
2
1
2
2
2
2
2
2
2
1
25494781717
2
2
1
1
1
1
1
2
1
1
1
1
1
2
2
2
1
1
1
1
2
2
1
1
2
2
2
2
1
1
2
1
2
2
2
2
2
1
2
2
1
2
1
1
1
1
2
2
2
2
2
2
2
2
2
2
2
2
1
2
2
2
2
1
2
2
2
1
1
1
2
2
1
2
2
1
2
2
2
2
2
2
1
1
2
2
2
2
2
1
1
2
2
2
2
2
1
1
1
2
1
15974536483
2
1
1
1
2
2
2
79081675845
2
1
2
2
2
1
1
2
1
1
1
2
2
1
2
2
2
1
2
2
1
2
1
2
1
2
2
1
1
1
1
2
2
2
2
2
2
2
1
1
2
2
1
2
1
2
2
2
1
2
2
2
2
2
1
2
1
1
1
1
2
1
2
1
1
2
1
1
2
2
1
2
2
2
2
1
2
2
2
2
2
1
1
2
1
1
2
1
2
1
2
2
2
2
2
1
1
2
2
2
1
1
2
2
1
2
1
2
2
2
2
2
2
2
2
2
2
2
1
1
1
2
1
2
2
2
2
67997720599
2
1
2
2
66100881347
1
2
1
2
2
1
2
2
2
1
1
2
2
2
4593110973
1
2
1
1
1
2
2
2
1
2
2
2
2
2
1
2
19692141837
1
1
2
2
2
1
2
1
93580895132
1
1
2
1
1
1
1
2
2
2
2
2
2
2
1
2
35429143590
2
1
2
2
2
22901820357
2
2
2
2
1
1
1
1
2
2
1
2
1
2
2
2
1
2
2
1
2
1
1
1
2
2
2
1
2
2
45362788529
2
2
1
1
1
2
1
2
1
2
2
2
2
2
2
1
2
1
2
1
1
2
1
2
2
1
2
2
2
1
1
2
1
2
2
1
2
97894927109
79311477371
1
1
2
1
29338837229
1
1
2
1
1
2
2
2
2
2
2
2
2
2
2
2
2
2
2
1
2
2
2
2
2
2
2
2
2
1
2
1
1
2
2
1
1
1
2
2
1
1
2
2
2
2
2
2
2
2
2
2
2
1
1
2
1
2
2
1
2
2
2
1
2
1
2
2
2
99749331375
2
2
2
1
66396609588
2
2
1
2
2
2
2
2
1
1
1
1
2
1
2
2
2
2
2
2
2
1
1
2
1
1
2
2
2
1
2
2
2
1
1
2
2
1
2
2
2
2
1
2
1
1
1
1
2
2
2
2
26005135479
2
2
1
2
2
41856748840
1
51346610783
1
2
2
2
2
2
2
30415418252
1
1
2
2
2
1
2
1
2
2
2
2
1
1
2
2
2
2
1
2
2
2
1
2
1
2
2
1
1
2
10141043519
2
1
1
2
1
1
2
2
1
1
46135060335
2
2
2
2
43933595263
87464047943
2
2
1
2
2
1
2
2
2
1
2
2
1
22573244794
2
1
2
2
1
2
2
2
1
2
2
50585903781
2
2
2
2
1
1
2
2
1
1
1
2
2
2
1
2
2
1
2
2
2
2
1
2
1
2
1
2
1
1
2
1
2
1
2
2
1
1
1
2
2
2
1
2
2
99715649904
2
2
2
2
2
2
2
1
2
2
1
2
2
2
2
2
2
2
2
2
2
2
1
2
1
1
1
2
2
1
1
1
2
2
1
2
90968691112
2
1
1
2
2
1
2
2
2
1
1
1
1
2
2
2
2
1
2
2
2
2
2
2
2
2
2
2
1
1
1
2
1
2
91017112864
2
2
2
37940007022
2
2
1
1
1
2
2
1
2
2
2
2
2
1
2
2
2
2
2
2
2
1
2
2
2
1
2
2
2
2
2
2
1
1
2
2
2
1
1
2
2
2
2
2
22029067387
2
2
1
2
2
2
2
2
2
2
2
2
2
2
1
1
1
2
2
1
1
31503439252
2
1
83722813346
1
2
1
1
2
1
1
2
1
2
1
2
2
1
1
2
2
2
2
2
2
1
1
2
2
1
45260420466
2
2
1
2
1
2
1
2
2
2
2
1
2
2
2
1
1
2
2
2
2
2
1
2
1
1
1
2
2
2
1
2
2
2
1
2
2
2
2
2
2
2
2
2
2
1
1
7674466686
2
2
2
2
1
2
2
1
1
2
2
2
2
2
82265384045
2
1
2
2
2
1
2
2
2
2
1
2
2
1
1
2
1
1
2
2
2
1
1
2
1
2
2
2
1
1
2
2
2
2
2
2
1
2
2
2
2
1
2
2
2
2
1
2
2
1
2
1
2
1
2
2
2
2
2
2
2
2
1
2
2
2
2
2
1
1
2
2
2
1
2
1
2
1
1
2
2
2
1
2
2
2
2
2
2
2
2
2
1
1
9115209734
2
2
1
1
2
2
2
2
1
2
2
1
1
2
2
2
2
1
2
2
1
1
2
2
1
2
2
2
2
2
2
2
2
1
1
1
1
2
2
2
1
1
2
1
1
2
1
2
1
1
2
1
2
1
2
2
2
2
2
2
2
2
2
2
2
2
1
2
2
2
1
1
1
2
1
1
1
2
1
2
1
2
2
1
2
2
2
2
2
2
2
1
2
2
1
2
2
1
84319565825
2
2
2
1
2
2
1
2
2
2
2
2
2
1
2
1
1
1
1
2
1
1
2
2
2
1
2
2
2
1
1
1
1
2
98172369617
1
1
2
1
1
2
2
1
2
2
2
2
1
1
2
2
1
2
2
1
2
2
1
2
1
1
2
1
1
1
2
1
2
2
2
2
2
2
2
2
2
2
1
2
2
2
2
2
2
1
2
2
2
1
2
1
2
1
28158694589
1
30699024538
2
2
2
2
1
2
2
2
2
2
2
1
2
2
1
36917880746
1
1
2
1
2
2
1
2
1
42106540700
2
2
2
2
1
2
2
2
2
1
2
2
2
2
2
1
1
2
2
2
2
1
1
1
1
2
2
2
2
2
2
2
2
1
1
2
2
2
2
2
2
2
2
2
1
1
2
1
1
2
1
2
2
2
1
1
1
82790136481
1
2
2
2
2
2
1
2
1
2
69222667599
1
2
1
2
2
2
2
2
2
2
1
2
2
2
2
2
2
2
2
2
2
1
2
2
2
2
2
1
1
2
2
2
1
91012759658
45674472225
1
2
2
1
2
1
2
2
1
1
2
1
2
1
1
1
2
2
66486860750
2
2
1
2
2
1
2
2
1
82637208683
2
2
2
2
2
2
1
2
2
2
2
2
2
2
2
1
2
2
2
1
2
1
20218183125
1
1
2
2
1
2
2
2
1
2
2
1
2
1
2
2
1
1
2
2
1
1
2
1
2
2
2
1
1
2
1
1
2
1
2
2
2
1
1
2
11774074089
1
2
2
2
2
1
2
1
1
1
2
1
1
2
2
1
2
54077848204
1
1
2
2
2
89237888705
2
2
2
2
2
1
1
2
1
2
1
2
2
1
2
2
2
2
2
1
2
1
1
1
2
2
1
2
2
2
2
1
1
1
2
2
2
9046470129
1
2
2
1
1
2
2
1
2
2
2
1
1
2
2
2
2
2
2
2
2
1
2
2
2
2
1
92625970943
1
2
2
2
2
2
2
1
2
2
1
1
1
1
2
2
1
2
2
2
2
2
2
2
1
2
2
1
2
2
2
2
2
61678431002
2
29784987009
1
1
2
2
2
2
1
1
1
2
2
2
1
2
2
1
1
92566260711
2
2
1
1
2
2
2
1
1
2
2
2
2
2
2
2
1
1
2
2
2
1
2
1
2
2
2
2
1
1
1
2
2
2
2
2
2
212015259
1
1
2
2
2
1
1
1
1
2
2
1
1
2
2
1
2
2
1
2
1
1
1
2
2
1
2
1
2
1
1
2
2
2
2
1
2
1
36140305896
1
2
1
2
1
1
2
56294517
1
2
2
2
2
1
1
2
2
2
2
2
1
1
2
1
2
2
2
2
2
2
2
2
1
2
1
2
1
1
1
2
2
2
2
2
2
1
2
2
2
69746804567
2
2
2
2
2
1
2
2
2
2
2
1
2
2
2
2
2
2
1
2
1
2
2
1
1
2
1
2
2
2
4291207481
2
2
1
1
2
1
2
2
1
2
1
2
2
2
2
2
2
1
1
2
2
2
2
2
2
2
1
1
2
2
2
2
1
2
2
1
1
2
1
2
2
2
2
2
1
2
2
2
1
1
1
2
2
2
2
2
2
1
2
1
1
1
2
2
1
2
2
2
2
1
1
2
2
2
2
2
2
1
1
1
1
2
1
2
2
2
2
1
2
1
2
1
1
2
2
2
2
2
2
6573482823
1
1
2
1
2
2
2
2
1
2
2
2
2
2
2
2
1
2
2
2
2
50351336362
2
2
1
2
1
2
2
1
2
87848570182
2
1
2
8286231603
1
2
1
1
2
2
1
1
2
1
2
2
1
2
1
2
2
2
1
1
1
1
1
2
2
2
1
1
1
1
2
2
2
20413688737
2
1
2
2
2
2
2
1
2
1
2
2
1
2
1
2
2
2
2
2
2
1
1
2
1
1
1
78406686794
2
2
83371831064
2
2
1
2
2
2
1
1
2
2
1
1
2
2
2
2
1
2
43733194277
1
2
2
2
1
2
1
1
2
2
1
1
7068207992
29176770780
2
2
2
1
2
2
2
2
2
1
2
2
2
2
2
1
2
2
1
1
2
2
1
1
2
2
1
2
2
2
2
1
2
2
2
1
2
1
2
2
2
2
1
1
2
2
2
2
1
2
1
2
2
2
77799244243
2
2
2
1
2
2
2
2
1
1
2
2
2
2
2
2
2
2
50456316227
2
2
2
1
2
2
2
2
2
58974640370
2
2
1
2
2
2
2
2
2
2
2
2
2
1
2
2
2
2
1
2
1
1
2
1
2
1
1
2
2
2
2
2
2
1
2
2
2
1
1
2
2
2
1
2
1
1
2
2
2
2
1
1
2
2
1
2
1
1
1
2
2
1
2
2
2
2
2
2
1
2
2
1
2
2
2
2
2
2
2
1
2
1
1
2
1
2
1
2
78714364153
2
2
2
42102005490
2
2
2
2
2
2
2
2
2
2
2
1
2
2
2
2
1
1
1
2890310614
2
2
1
2
1
2
1
1
1
1
2
1
2
2
1
1
2
2
2
1
2
2
2
1
2
1
2
1
1
2
2
2
2
2
1
1
2
1
2
1
2
2
2
2
1
1
2
2
2
2
2
2
2
2
1
1
1
2
1
1
2
2
2
1
1
2
1
2
1
1
2
2
1
1
1
1
1
2
2
1
2
2
2
1
2
14671918701
2
1
2
2
1
2
2
2
1
2
2
2
1
2
2
2
2
2
1
2
74043546531
2
2
2
1
2
1
2
2
2
2
1
2
2
2
1
1
1
2
2
2
2
2
1
2
1
1
2
2
2
2
1
2
2
1
2
1
2
1
2
2
2
2
2
2
2
2
2
1
2
2
2
37928540014
2
2
2
1
1
2
2
2
2
2
1
2
2
2
2
1
1
2
1
1
2
2
2
2
2
2
2
1
1
2
1
2
2
1
2
1
2
1
1
2
2
2
1
1
2
2
2
2
1
2
2
2
2
1
2
1
2
1
2
2
2
2
2
2
2
2
1
1
2
2
2
2
2
1
2
1
2
2
2
2
36164738332
1
2
1
2
2
1
2
2
1
2
2
1
2
2
1
1
2
2
2
2
2
2
1
2
2
1
1
1
1
23787781551
1
2
2
2
1
2
2
2
1
2
1
1
1
2
1
1
2
1
1
2
2
2
1
2
2
1
2
2
2
2
2
1
2
2
2
1
2
2
1
1
2
2
2
2
2
2
1
2
2
1
1
1
1
2
1
2
1
2
2
1
2
2
1
2
2
1
2
1
2
1
2
1
1
2
2
1
2
2
2
2
2
2
2
1
2
2
2
1
1
2
2
2
1
2
2
2
2
2
1
2
1
2
2
2
2
2
2
2
2
2
2
1
2
1
1
1
2
2
2
2
78296782366
19503080543
2
1
1
1
2
2
1
2
1
1
1
1
1
1
1
2
2
2
1
2
1
1
5430105270
2
2
2
2
2
1
1
2
1
10951236851
1
2
2
2
1
2
2
2
2
2
2
1
1
2
1
1
1
2
48640731293
2
1
2
2
1
2
2
2
2
1
1
2
2
2
1
2
2
1
2
2
2
2
2
1
2
1
2
2
2
2
1
1
2
2
2
1
1
2
2
1
2
1
1
2
1
2
2
2
2
2
2
2
2
2
2
2
2
2
2
1
1
2
2
76872232753
1
2
2
2
2
1
2
53675910250
2
1
2
2
2
2
1
1
2
2
2
2
2
2
2
1
2
2
2
1
2
2
1
1
97682665000
2
2
2
2
2
2
2
2
2
2
1
2
2
2
2
2
2
2
1
1
1
1
1
2
1
2
2
2
4391203281
70370171790
1
2
2
7882168015
2
2
2
2
2
2
1
2
2
1
2
2
2
27643272582
2
1
2
2
2
1
2
2
2
1
2
1
2
1
2
2
1
1
2
1
2
2
2
2
2
2
2
1
2
2
2
2
2
2
1
2
2
1
2
69188760392
2
2
2
2
2
2
2
2
2
1
2
2
1
1
1
2
1
1
1
2
2
2
2
2
2
2
28001599369
2
64665387645
79473391350
1
2
2
1
2
1
1
1
2
1
2
2
2
2
1
1
2
1
1
2
1
2
1
2
2
1
1
2
1
2
2
2
2
2
33104149091
2
2
14018701440
7978574236
2
2
2
2
15630237657
1
2
1
2
2
2
2
2
2
1
2
2
2
2
16524001704
2
1
2
2
2
2
1
1
1
2
2
2
2
2
2
1
2
8341820723
2
2
2
2
2
2
2
2
2
2
2
1
2
1
2
2
2
2
2
1
2
1
1
3665220950
1
1
2
1
1
2
2
2
2
2
1
1
1
1
2
2
2
2
2
1
2
1
2
2
1
1
2
2
2
2
2
1
2
2
2
2
2
2
1
1
2
2
2
2
2
2
2
2
2
1
2
82040125291
1
1
2
2
2
2
2
1
2
1
2
2
2
1
2
1
2
2
1
2
2
2
2
1
1
2
1
2
2
31352372750
1
1
2
2
2
2
1
2
59198491524
1
2
1
1
1
71552389212
1
2
2
2
1
1
2
2
1
1
2
1
2
1
2
2
2
1
2
2
1
2
2
2
1
2
2
2
2
2
2
1
2
2
1
2
2
1
2
2
1
2
1
2
1
2
1
2
2
1
2
2
2
2
2
43483093972
2
2
2
2
1
1
2
2
2
2
2
2
1
1
2
2
2
2
2
2
2
44580096863
2
2
1
2
1
2
2
2
2
2
1
2
1
2
1
1
1
2
2
2
2
2
1
2
2
2
1
1
1
2
2
2
2
2
2
2
1
1
2
1
1
1
2
1
2
2
1
1
1
2
2
2
39658880530
2
2
1
2
2
2
2
2
1
1
1
1
1
1
2
1
2
2
2
2
2
2
2
2
17043609361
1
2
2
20203440761
1
2
44777654757
1
2
2
2
1
2
2
2
1
89438911731
2
2
2
1
2
1
2
1
2
36614118944
2
2
1
1
2
2
2
1
2
2
2
1
2
2
2
1
2
1
2
1
1
2
1
2
1
1
1
2
2
2
2
1
2
2
2
2
2
1
2
2
2
2
1
1
2
2
2
1
1
2
2
2
2
1
1
1
2
18602375548
1
2
2
1
2
2
2
2
2
2
1
1
2
2
1
2
1
1
2
2
2
2
2
2
2
1
2
2
2
2
1
2
2
2
1
1
2
2
2
2
2
2
2
19600830764
2
2
2
2
2
1
2
1
1
2
2
2
1590672824
2
2
2
1
2
2
2
2
2
2
1
1
2
2
1
1
1
1
2
2
2
1
2
2
2
2
2
2
2
2
2
2
1
1
2
2
2
2
1
1
2
2
2
2
2
1
1
1
1
2
2
2
2
2
2
2
2
1
2
1
2
1
2
1
2
2
2
2
2
2
2
2
2
1
2
2
2
1
1
2
1
1
2
1
1
2
1
1
2
2
1
2
2
1
2
1
2
2
1
1
2
99226456692
2
2
2
1
1
2
1
2
2
2
2
2
1
2
1
2
2
53743165753
2
2
2
2
2
2
2
2
2
2
2
2
2
1
2
1
2
1
2
2
2
2
2
2
2
1
1
1
2
2
1
1
2
64229902342
2
2
2
2
2
1
2
2
2
2
2
2
2
2
2
2
2
2
1
1
76818215263
2
1
2
1
2
1
2
1
2
62108773087
2
1
2
2
2
2
1
2
2
2
1
1
2
2
2
2
2
1
2
1
1
2
1
2
2
1
2
2
2
2
1
2
2
2
2
2
2
2
2
1
2
2
2
2
1
2
2
2
2
1
1
2
39926753088
2
2
2
1
2
2
2
2
2
1
2
70080310014
2
2
1
2
2
2
2
1
2
2
1
2
1
2
2
1
1
1
1
2
2
1
1
2
2
2
2
2
1
1
2
2
2
1
1
2
2
1
2
2
2
2
1
2
2
2
2
1
2
1
2
2
2
2
2
1
2
75902898749
2
2
1
1
2
1
2
2
2
2
2
2
1
1
2
1
2
2
1
2
2
2
1
2
2
2
2
2
1
1
2
1
1
2
72843953134
2
2
2
2
2
2
2
2
2
2
1
1
2
13856752869
1
2
2
2
2
2
2
1
1
2
2
2
2
50327795201
11340087353
2
2
2
2
2
1
2
1
2
1
2
1
2
1
1
2
2
2
1
2
1
2
2
1
2
2
2
2
1
2
2
1
2
2
1
1
1
1
1
2
1
2
2
2
1
1
60703553334
2
2
2
2
2
1
2
2
2
2
2
2
2
1
2
2
2
2
2
2
2
2
1
2
2
1
2
2
1
2
2
1
2
2
1
1
2
2
2
17411308533
2
2
2
1
1
2
2
2
2
2
1
2
2
2
2
2
1
2
1
1
2
1
2
2
1
1
2
1
1
1
1
2
1
2
2
2
2
2
2
31121041487
2
2
2
2
1
2
2
1
1
2
28665628879
2
2
1
1
1
2
1
1
1
2
2
1
2
2
2
2
2
2
1
1
1
2
2
2
1
2
2
1
1
2
2
2
1
1
2
2
2
1
2
2
2
2
31643751735
2
2
1
2
2
2
1
1
2
1
2
2
80393600379
2
2
1
1
1
2
1
1
1
2
1
1
2
2
2
1
2
1
2
1
2
2
2
2
1
1
1
1
2
2
2
1
1
2
84531362062
2
2
1
2
1
1
1
1
1
2
11209296951
2
2
2
2
2
1
2
2
2
2
2
2
1
2
2
1
1
1
2
2
1
2
2
2
2
2
2
1
2
2
1
1
2
2
2
2
2
2
2
2
2
2
2
2
1
1
2
2
1
1
2
2
2
2
2
2
1
1
1
2
2
2
2
2
2
2
1
2
2
1
2
1
1
1
2
1
2
2
2
1
2
2
2
2
1
1
2
60318780451
2
2
1
2
2
2
2
2
1
2
2
11114882607
2
1
2
1
2
1
1
2
2
1
2
1
2
2
1
2
2
34331898459
2
1
2
2
2
2
2
1
1
2
2
2
2
2
2
1
1
2
2
2
1
2
2
2
2
2
1
2
2
2
2
2
2
2
2
2
2
2
2
2
2
82045482855
1
1
2
2
1
2
2
2
2
2
1
1
2
1
2
2
1
1
2
1
1
2
2
1
2
2
2
2
2
2
2
1
2
2
1
2
2
2
1
1
2
1
2
1
2
1
2
2
2
1
2
1
2
1
2
1
2
2
2
2
65196680434
2
1
1
2
2
2
2
2
1
1
2
2
2
2
1
1
2
1
2
2
14595073344
1
2
1
2
1
1
2
2
2
1
1
2
1
2
1
2
2
2
1
2
2
1
1
1
1
1
2
1
2
1
1
2
2
2
2
2
2
2
2
2
2
2
2
1
1
1
2
1
5359565501
2
2
1
2
2
2
2
2
2
1
2
1
1
2
2
2
2
2
2
2
2
2
2
2
2
2
2
1
1
2
1
2
2
2
1
2
2
2
1
2
2
2
2
1
2
2
2
2
1
1
2
2
1
2
2
2
1
2
1
2
2
2
2
1
1
2
1
99717323654
2
1
1
2
2
1
1
1
1
2
1
1
2
1
1
2
1
1
2
1
2
1
2
2
2
1
1
2
1
2
1
2
2
2
1
2
1
2
2
2
2
1
1
2
2
2
2
2
1
2
2
2
2
2
1
1
1
1
2
1
2
2
2
2
2
1
2
2
1
2
2
2
2
2
2
2
2
2
2
2
2
2
1
2
2
1
2
1
2
2
2
1
1
28745818372
2
1
2
1
2
1
2
1
1
2
2
2
2
2
2
1
1
2
1
2
2
2
1
1
1118495179
2
2
2
2
2
2
2
2
1
2
2
2
2
2
72234298482
2
1
2
1
2
1
2
2
1
2
2
2
2
2
2
2
2
2
1
2
2
2
2
1
2
2
1
2
2
1
2
2
2
1
1
1
1
2
1
2
1
1
1
1
2
2
2
2
2
2
2
2
2
2
2
1
2
2
2
2
2
2
2
2
1
1
2
2
2
2
1
2
2
2
2
2
2
2
1
2
2
2
2
2
1
2
2
2
2
2
2
1
2
2
2
2
2
2
2
2
2
2
2
2
2
2
2
1
49436225004
1
2
1
2
2
2
2
2
2
2
53646694298
2
1
2
2
2
1
2
2
2
1
2
2
2
2
2
2
1
2
2
2
2
2
1
1
1
1
2
1
2
2
2
2
1
2
2
2
2
2
72012616509
2
1
1
1
1
2
2
2
2
1
1
1
2
2
1
2
2
2
1
2
2
1
1
1
2
1
2
1
1
1
2
2
2
2
2
2
2
1
1
2
2
2
1
2
1
2
1
1
2
2
2
2
2
1
1
1
1
2
2
2
2
2
1
2
1
1
2
1
1
70989948904
2
1
2
2
2
1
1
2
2
2
2
1
2
2
2
2
1
1
2
1
2
2
1
2
2
1
1
2
1
1
2
2
1
2
1
2
2
2
17824246128
1
2
1
2
2
1
2
1
1
2
1
1
1
1
2
2
2
2
2
1
1
2
2
2
1
2
2
2
2
1
1
2
2
2
1
1
1
2
1
2
2
2
2
1
2
2
1
2
2
1
2
2
2
2
2
1
1
1
2
85592410397
2
1
1
1
2
2
2
2
2
2
2
2
2
2
2
1
2
2
2
2
2
2
1
2
1
2
1
2
2
1
2
2
2
1
62669563923
2
2
1
2
2
1
2
2
1
2
1
1
2
1
2
1
2
69187808294
1
2
2
2
2
1
2
2
1
2
1
1
2
1
2
2
1
50824841351
2
1
2
2
2
1
2
2
2
2
2
1
1
2
2
1
2
2
2
1
1
2
1
2
1
2
1
2
2
2
1
1
2
2
2
89397649633
1
2
2
1
2
1
2
2
2
1
2
2
1
2
2
2
2
1
2
1
52640901917
70666939447
2
2
2
2
2
2
2
2
8386726978
2
1
1
2
2
1
2
2
2
2
1
1
2
2
2
2
2
1
1
2
2
2
2
2
2
1
2
2
2
1
2
2
1
2
2
2
1
1
1
2
1
2
1
1
2
1
1
2
2
1
2
70068628425
2
2
2
2
2
1
1
1
97940666943
2
2
1
2
2
1
2
2
2
2
2
1
2
1
2
2
2
2
2
1
2
1
1
1
2
1
2
2
1
1
1
2
2
2
2
2
2
2
2
2
3892778299
2
2
2
2
2
2
2
1
1
2
77011270533
2
2
2
1
2
2
2
2
2
2
2
1
2
1
2
2
1
1
2
2
2
2
2
1
2
2
2
2
2
2
1
1
1
2
2
1
1
2
2
2
2
1
2
2
1
1
2
1
2
1
1
2
1
2
2
2
2
1
2
2
2
2
2
2
2
2
2
1
2
2
2
2
1
2
1
2
2
1
1
2
1
1
1
2
2
2
1
1
1
2
2
2
2
2
2
2
2
1
2
2
2
2
2
2
2
2
2
2
1
1
2
2
1
1
1
1
2
1
2
2
1
2
84692045037
2
1
2
1
1
2
2
1
2
2
1
1
2
2
2
2
1
2
1
2
2
2
2
1
2
1
2
1
2
2
2
1
2
2
1
2
2
2
2
1
2
2
1
2
2
2
2
2
2
2
2
2
1
2
2
1
1
2
2
2
2
2
2
1
1
1
2
2
2
1
2
1
2
1
2
2
1
2
2
2
1
2
1
2
1
1
2
1
2
1
2
2
1
2
2
2
2
2
2
2
1
2
1
1
2
2
2
2
1
1
2
2
2
2
2
1
2
2
2
2
2
2
2
1
1
1
2
2
2
2
2
1
2
2
32116159779
2
2
2
2
2
1
2
2
1
2
2
2
2
2
1
2
2
2
60751751601
1
2
2
2
1
2
1
2
2
51994295929
1
2
2
2
2
1
95713345389
2
1
1
1
2
1
2
95690736130
2
2
2
1
2
2
2
2
2
2
2
1
2
2
1
2
2
2
2
2
2
2
1
2
2
2
2
2
53456934361
2
2
1
2
2
2
1
2
1
2
1
1
2
2
2
2
2
2
2
2
2
2
1
2
2
1
2
2
1
2
1
1
2
49065816408
1
2
2
1
2
2
2
2
83118537832
2
2
1
1
1
1
2
1
2
2
1
2
1
1
2
2
1
2
1
1
2
2
1
2
2
1
2
2
1
2
2
2
2
1
2
1
2
2
2
2
2
2
2
2
2
1
71964504491
2
1
2
2
13983267502
2
2
2
2
2
2
1
2
1
2
2
2
2
2
2
2
1
2
1
11348987448
2
1
2
2
2
2
2
2
2
2
2
2
2
2
1
1
1
2
1
2
1
2
1
2
1
2
2
2
2
2
1
2
2
1
2
28364367264
2
1
1
2
1
2
1
2
1
1
1
1
1
2
2
1
1
2
2
14430220358
1
2
1
2
2
2
2
2
2
1
2
2
2
2
1
1
1
2
2
1
2
1
1
2
1
58888628945
1
2
2
1
1
2
2
1
1
2
1
2
1
2
2
2
2
2
1
2
2
2
1
2
1
1
2
2
1
2
2
2
1
1
2
2
2
1
2
2
2
2
2
2
1
2
2
2
2
2
2
1
1
1
2
2
1
1
2
2
1
1
2
2
2
2
1
2
1
2
2
2
2
2
2
47057188603
2
1
2
2
1
2
2
2
2
2
1
2
2
2
1
2
1
2
2
2
2
1
1
2
2
1
2
2
63097961117
1
2
2
1
2
2
2
1
2
2
2
2
1
1
2
2
2
1
2
1
2
2
1
2
2
2
2
2
1
2
2
1
1
2
2
2
1
2
2
2
1
2
1
2
1
2
2
2
41403634645
2
2
1
2
1
2
2
22126385461
2
1
2
1
1
2
1
2
2
1
2
2
1
2
1
2
2
2
1
69433317363
2
2
2
1
2
2
2
1
2
2
2
1
2
2
2
2
25486210551
1
1
1
2
2
2
2
1
1
1
1
2
2
2
2
2
2
2
2
2
2
1
2
2
1
1
2
2
2
1
14697507941
2
2
2
2
2
1
1
2
1
2
1
2
2
2
1
1
2
39592345074
2
1
2
2
2
2
1
77588375542
2
1
1
2
2
2
1
1
52924546000
2
1
2
1
1
1
2
2
2
2
2
2
2
2
1
1
1
2
1
2
1
1
2
2
2
1
2
2
1
2
2
2
2
2
1
1
2
2
1
2
2
1
1
1
1
2
2
2
1
1
2
1
1
2
1
2
2
1
1
1
2
2
2
2
2
1
2
2
1
2
2
2
2
2
1
2
1
2
1
2
1
2
2
2
2
2
2
2
2
2
2
2
1
2
1
1
2
2
1
2
2
2
2
42129327091
1
2
1
35565994957
1
2
1
1
1
90350491402
1
2
1
2
2
2
2
1
2
2
2
2
2
1
2
2
2
2
1
2
1
2
2
2
2
1
1
1
2
1
2
2
1
2
2
2
2
2
2
2
2
1
88198118363
2
1
2
2
2
2
2
1
2
1
2
1
2
1
2
2
2
2
18683584065
2
2
1
1
1
2
2
1
23153237169
1
2
50061050396
2
2
2
2
1
2
2
2
1
2
2
2
2
2
2
2
2
1
1
1
2
2
2
2
2
2
2
2
2
1
2
2
2
2
2
2
2
1
79983848521
2
2
2
2
2
1
2
2
2
2
2
2
1
2
2
2
1
1
1
2
2
1
1
2
41517542333
2
2
2
1
2
1
1
2
2
1
2
54146536667
2
2
2
1
1
2
2
1
1
1
2
1
2
2
2
2
1
2
2
1
2
2
2
2
2
2
2
2
2
2
1
2
1
2
2
2
2
1
2
2
1
1
2
2
2
2
2
2
2
2
2
2
2
2
1
1
1
1
2
2
2
2
2
2
1
2
1
2
2
1
2
1
2
1
2
2
2
2
1
2
2
2
2
2
2
1
2
2
2
2
2
1
1
2
2
2
2
1
2
2
1
2
2
2
2
2
2
2
1
2
1
2
2
2
1
2
2
2
2
2
1
2
1
2
1
1
2
2
2
2
2
2
2
1
2
68164592980
2
1
2
2
2
2
2
1
2
1
2
2
2
2
1
2
1
1
2
1
1
2
2
2
1
2
2
2
1
2
2
2
1
2
2
75324759316
1
2
2
2
1
1
2
2
2
2
1
2
1
1
2
1
2
2
2
2
1
2
2
1
1
1
58516732213
2
39879426686
1
1
2
2
2
1
2
2
1
1
1
1
2
2
2
1
2
1
2
2
2
2
2
2
1
2
2
2
2
2
83050705347
1
1
2
2
2
2
1
2
1
2
2
69860832671
2
1
2
2
1
2
2
2
2
2
1
2
1
1
1
1
2
1
2
1
2
1
2
2
1
2
2
1
2
1
1
1
1
1
1
2
2
1
2
2
1
2
2
2
2
1
1
2
2
2
1
1
2
2
2
2
2
2
2
2
2
2
1
2
2
2
2
1
2
2
2
2
1
1
2
2
2
2
1
2
1
1
2
2
2
2
2
2
1
1
2
2
2
1
2
1
2
1
2
2
2
2
1
2
2
2
1
2
2
1
2
43269541101
2
2
1
2
2
2
1
2
2
2
9679603547
1
2
2
1
2
1
2
2
1
2
2
2
1
2
1
1
2
2
2
1
2
2
2
2
1
1
2
2
2
1
1
1
2
1
1
1
1
2
1
1
2
1
1
2
2
2
2
1
2
2
2
2
2
2
2
2
39960156388
2
1
2
1
2
2
1
2
2
2
1
2
1
26046764538
2
2
2
2
1
2
2
2
1
2
2
2
2
2
2
2
1
2
2
1
2
2
1
1
2
2
2
2
2
1
2
2
1
1
2
2
2
2
2
1
1
2
1
1
2
2
2
1
2
2
2
1
2
2
2
2
2
2
2
2
61235509959
2
2
1
2
1
2
2
2
2
2
2
2
2
1
2
2
2
1
2
2
1
1
2
2
2
2
1
