1
1
2
1
1
1
1
2
2
1
2
1
2
1
1
1
20297918030
1
1
2
1
1
1
15703577099
1
1
2
1
2
2
1
2
1
1
2
1
1
2
2
1
2
2
1
1
2
2
2
1
1
1
2
1
2
2
1
1
2
1
2
1
16662119547
1
1
2
2
1
1
2
1
1
1
2
2
1
1
54861752117
2
2
1
1
1
1
1
2
1
1
1
2
1
1
1
1
2
2
2
2
2
1
1
1
1
1
2
2
1
2
1
1
76291498805
19552110872
2
1
1
1
1
1
1
1
2
2
2
2
1
3670479808
2
1
1
1
1
1
2
1
2
2
1
1
1
1
1
2
2
1
1
2
1
2
2
13876458215
2
2
2
1
1
1
1
1
1
1
1
1
1
1
1
1
1
2
1
1
1
1
1
2
2
2
1
1
1
1
1
2
2
1
2
1
1
1
2
1
2
2
1
1
2
1
2
13952017810
24556418624
2
1
2
1
1
1
23054213365
1
1
1
1
2
2
2
1
1
2
1
2
2
74227673597
1
2
1
2
1
1
1
1
1
1
2
1
1
2
1
2
2
1
2
1
1
2
2
1
1
2
2
1
2
1
1
1
2
1
1
2
2
2
1
1
2
1
2
2
1
90467636985
1
1
1
1
1
2
1
1
1
2
1
1
1
2
2
1
1
1
1
2
2
1
1
1
1
1
1
1
2
2
1
1
1
1
2
1
2
1
1
2
1
1
1
1
1
1
1
1
2
2
59422675077
1
1
2
1
2
1
1
1
1
1
1
2
1
2
1
2
1
33495648709
2
2
1
1
7837798738
2
1
1
1
2
1
1
1
1
1
2
1
1
1
12992605834
1
1
2
1
1
1
1
1
1
2
2
2
2
1
1
1
1
1
1
1
2
1
1
2
2
2
2
1
1
34411691452
2
1
1
1
2
2
2
2
2
1
1
1
1
2
1
1
1
2
2
2
2
2
1
1
2
1
1
1
1
2
1
1
1
2
2
2
1
1
1
1
2
1
2
1
79827381082
1
79014163946
2
1
1
1
1
1
2
2
1
2
1
1
1
2
1
1
2
1
2
1
1
2
2
1
1
2
1
1
2
2
1
1
2
2
1
1
1
1
1
1
1
2
2
1
1
1
1
1
2
1
2
1
1
2
2
2
1
2
1
1
1
2
2
2
1
2
2
1
1
1
2
1
2
1
2
1
1
1
1
1
1
2
87256396969
1
1
1
2
1
1
1
1
1
1
2
1
2
1
1
1
1
2
1
1
1
1
1
2
1
1
1
2
1
1
43903055453
1
2
2
2
1
2
1
1
1
1
1
2
2
2
2
1
2
2
1
1
1
1
1
2
1
1
2
2
1
1
2
2
1
1
2
2
1
1
29739973913
1
2
2
1
1
1
1
1
2
1
2
1
1
1
1
1
1
1
2
2
1
1
2
2
1
1
15641634876
2
1
2
2
91781445522
2
1
2
1
1
1
2
1
2
1
1
1
1
1
2
2
2
1
1
2
2
2
1
1
2
2
49037923268
2
1
2
1
2
2
2
1
2
1
1
1
1
1
1
1
2
1
1
1
1
1
1
1
2
1
1
2
2
2
1
1
1
1
1
1
1
1
2
1
2
2
2
2
2
1
2
1
1
1
1
1
1
1
1
1
1
1
1
1
1
1
1
2
1
1
1
1
1
2
2
1
1
1
1
2
1
2
1
1
1
1
1
1
1
2
1
1
1
2
2
2
1
1
1
2
1
2
2
1
1
2
2
1
2
1
1
1
2
1
1
1
1
1
1
2
1
2
2
1
1
1
1
1
1
2
1
1
1
1
2
1
1
1
1
1
1
1
1
2
1
2
2
1
1
2
12846500760
2
1
2
1
2
49889117409
1
1
1
1
2
1
1
2
1
1
1
1
1
1
1
1
1
2
1
2
1
1
1
1
1
2
2
2
2
1
2
76101133739
2
1
1
1
1
2
30462682013
1
2
1
1
1
1
1
1
2
2
1
2
2
2
1
1
1
2
1
1
1
1
1
1
1
2
2
1
1
1
2
1
2
1
1
1
2
2
2
2
1
1
2
2
2
1
2
1
1
21119965860
1
1
1
2
1
1
2
1
1
1
1
1
1
1
1
2
1
1
2
1
1
56784640637
2
1
1
1
2
1
1
1
1
2
1
1
1
1
1
1
1
1
1
1
1
2
1
2
1
1
1
2
1
1
1
1
1
1
1
1
1
1
1
2
1
1
1
2
2
1
1
2
1
2
1
1
2
1
1
2
2
2
1
1
1
2
1
2
2
2
1
2
1
1
1
2
1
1
1
1
1
1
1
1
2
2
1
22779638721
1
2
2
2
1
1
1
1
1
2
1
1
1
1
1
2
2
2
1
1
1
1
1
2
1
1
1
1
2
2
1
1
2
2
1
1
2
1
1
1
1
1
2
1
1
1
2
2
2
1
1
1
1
1
1
42238878258
1
2
2
1
1
1
1
1
1
1
2
2
1
2
2
1
1
1
1
2
2
1
1
1
1
1
2
97665941342
2
1
2
1
1
1
1
1
1
1
1
1
2
1
2
2
1
2
1
1
2
2
1
1
1
1
1
1
1
1
2
1
1
1
1
2
2
1
1
2
1
2
1
1
1
1
1
1
1
1
2
1
2
1
2
1
1
1
2
2
1
1
1
1
1
1
1
2
2
1
2
2
2
1
2
1
1
2
2
2
1
1
1
1
1
1
1
1
2
1
1
1
1
1
1
1
2
1
1
1
1
2
2
85691890776
1
2
2
2
2
1
1
1
2
1
1
1
1
2
2
1
1
78216829899
1
2
1
2
1
1
2
1
2
2
1
2
1
1
1
1
1
1
1
1
2
1
1
1
2
2
1
1
2
2
1
1
1
1
1
1
1
2
1
1
1
1
2
1
1
2
2
1
1
1
1
2
1
1
1
1
1
2
2
2
1
2
2
1
1
1
2
1
1
50399257248
1
2
1
1
1
1
2
1
2
1
1
2
63521311978
1
1
1
1
2
1
2
1
2
1
2
1
1
2
1
1
1
1
1
2
1
1
2
2
1
1
1
1
2
1
2
1
2
2
2
1
1
1
97607323022
2
2
1
1
1
2
2
1
1
1
1
1
2
1
1
59947546729
1
2
1
1
2
1
2
1
1
2
2
1
1
2
1
1
24420975758
1
1
1
2
1
1
2
1
1
2
2
1
1
1
82896013040
1
2
2
1
1
2
2
1
1
1
2
1
1
1
2
1
2
2
1
2
1
2
1
1
1
2
1
2
1
2
1
2
2
1
2
99459332660
2
1
1
1
2
2
2
1
1
1
1
2
1
1
1
1
2
1
1
1
1
1
1
2
2
1
1
1
2
2
2
1
1
1
1
2
2
1
2
1
2
1
1
1
1
83315550865
1
1
1
1
2
1
2
1
2
2
1
1
2
2
2
2
1
1
2
1
1
96084612751
1
1
1
2
2
1
1
2
1
2
2
1
2
2
1
1
2
1
1
1
1
2
2
1
1
69887901793
1
1
1
2
1
1
2
1
1
2
1
1
1
1
1
1
1
2
1
1
1
33299232397
2
2
1
2
1
1
1
1
1
2
1
2
1
1
1
1
1
2
1
2
1
73890713779
1
1
2
2
1
1
2
2
2
2
2
23135467671
1
1
2
1
1
1
1
1
1
2
2
1
1
1
1
2
1
1
1
1
2
1
1
2
1
1
59044026242
2
2
1
2
2
1
1
1
1
1
1
2
2
1
1
1
1
2
1
1
1
2
1
2
1
1
1
2
1
1
1
1
2
1
2
2
2
1
2
1
1
1
1
2
1
1
2
1
2
1
1
1
1
2
2
2
2
2
1
2
21126960591
1
1
1
2
2
1
67377917072
1
1
65442565305
2
1
2
1
1
2
1
1
2
1
1
1
2
67483417257
2
1
1
2
1
2
1
1
2
1
1
1
2
1
1
2
1
2
1
1
1
1
1
1
1
1
1
2
1
2
2
2
1
1
1
1
1
1
2
1
2
1
1
1
1
1
2
1
1
2
1
1
1
1
1
1
1
1
2
1
2
1
1
1
2
89200012690
1
2
1
1
1
1
2
1
1
2
1
2
1
7820958377
1
1
2
1
2
8843959494
1
1
2
1
2
1
1
1
1
1
1
1
1
2
1
1
1
1
2
1
1
2
2
1
33574377070
1
1
1
1
1
2
2
1
1
2
2
1
2
1
1
2
2
1
2
1
1
1
1
1
2
1
1
1
1
1
1
1
1
1
1
2
1
1
2
2
2
2
1
1
1
1
1
2
2
1
2
1
2
1
1
1
2
2
2
1
2
2
1
2
2
1
1
2
1
1
1
1
1
1
1
2
1
1
1
1
1
2
1
1
2
1
2
1
2
2
2
1
2
1
2
1
1
2
1
84930809774
2
2
2
1
2
2
1
2
1
1
1
2
1
1
2
2
1
2
1
1
2
55912567811
2
1
2
1
1
1
1
1
1
2
1
1
1
1
2
1
1
1
2
1
1
1
2
1
1
2
1
2
2
1
1
1
1
2
1
2
1
1
2
1
1
1
1
1
1
1
1
2
1
1
1
1
1
1
1
2
2
70591693361
2
1
2
2
1
1
1
1
2
1
1
1
2
1
2
1
1
2
52189065206
1
1
1
2
2
1
1
1
2
1
1
1
1
1
1
1
1
1
2
2
2
1
1
2
2
9174722349
2
1
2
1
1
2
43452909288
2
2
1
1
2
2
1
1
2
2
1
1
1
1
1
1
1
2
1
2
1
1
2
1
88329328908
2
2
1
1
1
2
1
1
1
2
1
2
1
1
2
1
1
1
1
1
2
1
2
1
2
2
1
1
1
1
2
2
2
2
2
2
1
1
2
1
1
2
2
1
2
1
1
22193878159
1
2
1
1
1
2
1
2
2
1
2
1
1
1
2
1
1
1
2
1
1
2
2
2
1
2
1
1
2
2
1
1
1
1
2
1
1
2
1
1
1
2
2
1
1
1
2
1
1
1
1
2
1
1
1
1
1
1
2
1
1
1
1
2
2
1
2
1
2
2
1
2
1
1
2
1
1
2
1
1
1
2
1
1
2
2
1
2
2
1
1
2
2
1
2
2
2
1
1
1
1
1
1
1
1
1
1
2
1
1
1
1
1
1
1
2
1
29604187236
1
1
1
1
1
2
1
1
2
1
1
1
1
1
2
1
1
1
1
1
1
1
41411908361
1
2
2
1
2
1
2
2
1
1
2
1
2
2
695558571
1
1
1
1
1
57598365664
1
56911300803
1
2
1
2
1
1
1
2
1
1
2
1
1
1
1
1
1
2
1
1
1
1
1
2
1
2
1
1
1
1
2
1
1
2
1
1
1
1
1
1
1
1
1
1
2
2
2
1
1
1
1
1
1
25773882208
1
2
2
2
1
1
2
1
1
2
1
2
1
2
1
1
1
1
1
1
1
2
1
1
2
1
1
84121790394
1
1
1
1
1
1
1
2
1
1
1
1
1
1
2
1
1
1
1
1
1
1
2
2
1
1
1
1
2
1
2
1
2
1
1
2
1
2
2
1
1
2
1
1
1
2
2
2
1
2
2
1
2
1
2
1
1
2
1
1
1
1
2
2
1
1
1
2
2
1
1
2
1
1
1
1
45907124302
1
1
1
1
1
1
1
1
2
1
1
2
1
1
2
2
1
1
1
1
78197560859
1
2
2
1
1
1
1
1
1
1
1
1
1
1
1
2
1
58816067050
1
1
2
1
51560952766
1
1
1
2
1
1
1
1
2
1
37127833896
2
2
1
1
46791287712
29546286498
1
2
1
2
1
1
1
1
1
2
1
2
1
1
1
1
2
1
1
1
1
2
1
1
2
2
1
2
1
2
1
1
1
2
1
2
1
1
1
2
1
2
1
2
2
1
1
1
1
1
1
1
2
1
1
1
1
95320197093
2
2
1
2
1
1
2
1
1
1
1
2
1
2
1
2
2
1
1
1
1
1
1
2
2
1
1
2
1
1
2
1
1
1
1
2
1
1
1
1
1
1
11378795804
1
2
2
1
2
1
1
1
1
2
2
2
2
1
1
1
2
2
1
1
2
2
1
1
2
1
1
1
2
2
1
1
1
1
2
1
2
1
2
1
1
1
1
1
63103584475
1
1
2
1
2
1
1
1
1
2
1
1
1
1
1
1
1
1
1
1
2
1
2
1
1
1
1
11341928328
2
2
1
2
1
1
2
1
1
2
1
1
1
1
1
1
2
1
1
1
1
2
2
1
1
1
1
1
2
2
1
2
2
2
1
1
1
2
2
2
1
1
1
1
1
1
1
2
1
1
1
1
1
2
1
1
1
1
2
2
2
2
1
1
1
1
1
1
1
64856760238
1
2
1
1
1
1
1
1
1
2
1
1
1
1
1
2
1
1
1
1
1
1
1
2
2
2
1
1
1
1
2
2
2
2
2
2
1
2
1
1
1
1
2
1
2
2
1
45374037433
1
1
2
2
1
1
1
1
1
1
1
1
1
2
1
1
1
1
1
1
1
1
1
1
1
1
1
2
1
1
1
1
2
2
2
2
1
2
2
1
2
1
2
2
1
2
2
1
2
1
2
1
32880488678
1
2
2
1
1
1
1
1
2
1
1
1
1
2
1
1
1
2
1
1
1
2
2
1
1
2
1
1
2
1
1
2
1
2
2
38423294006
2
1
1
2
2
1
1
1
1
1
1
1
1
1
2
1
1
1
1
2
1
2
1
1
2
2
2
1
1
1
2
1
2
2
1
2
2
2
2
1
1
1
1
1
1
1
2
1
1
2
1
1
1
2
1
2
1
2
1
1
2
1
1
1
1
2
1
1
1
2
2
1
2
2
1
1
2
1
2
2
1
2
1
1
1
1
2
1
1
1
2
2
2
2
1
2
1
1
1
1
1
1
2
2
2
1
1
2
2
2
1
1
1
1
2
1
1
1
1
1
2
1
1
1
2
2
1
1
2
1
1
1
1
1
2
1
1
1
1
1
1
2
1
1
1
1
1
1
1
2
1
1
2
1
2
1
2
1
2
2
2
1
1
2
1
2
1
1
1
1
1
1
1
1
1
2
85051520286
1
1
1
1
1
1
1
2
2
2
1
1
1
1
1
1
2
1
1
1
1
1
1
1
1
1
1
1
1
1
2
1
1
1
2
1
1
2
1
1
1
70188508833
1
1
2
264487523
2
2
2
2
1
1
2
1
1
2
1
1
1
1
1
1
2
1
1
2
1
2
1
2
1
1
1
1
2
1
2
1
1
1
1
2
2
1
1
1
1
2
1
2
1
1
1
2
1
1
2
2
1
2
24147755067
2
2
2
1
1
1
2
1
1
1
1
1
1
2
1
2
2
2
1
1
1
2
1
2
1
1
1
1
2
2
2
1
2
1
1
1
1
1
1
1
2
1
2
2
1
1
1
2
1
1
1
1
2
1
1
1
2
1
2
2
2
1
2
2
1
1
1
1
1
1
1
1
2
1
2
1
1
2
1
1
2
2
2
1
1
1
1
2
1
1
1
2
2
2
1
1
1
1
2
1
1
1
2
2
1
2
1
73812888414
1
2
2
1
1
2
1
9684164141
1
1
1
1
2
2
1
2
1
1
1
2
2
1
1
1
1
1
1
1
1
1
2
1
1
1
1
1
1
2
1
1
1
1
1
2
1
1
1
2
2
1
1
1
1
2
1
1
2
1
1
97116671429
1
1
1
2
1
1
1
2
1
1
1
1
2
1
2
1
1
1
1
1
1
1
1
2
1
1
2
1
38901855309
1
1
2
1
1
2
1
2
1
1
1
1
2
1
1
1
1
1
2
2
2
2
1
1
1
1
1
1
1
1
1
1
2
1
1
2
1
1
2
5791209342
1
2
1
1
2
1
1
1
1
2
1
1
2
32965864557
1
2
2
1
1
2
1
1
1
1
2
1
2
1
2
1
1
1
2
1
1
1
2
2
2
1
2
1
2
1
2
2
1
99560045419
1
2
1
2
1
1
1
1
1
1
1
1
1
2
2
1
1
2
2
2
2
2
1
1
1
2
2
1
41950347732
1
2
1
1
1
1
1
1
1
1
1
1
2
1
1
2
1
1
1
1
1
2
1
1
2
1
2
1
2
2
2
2
2061352906
2
79570132685
34499533004
2
1
1
1
67657846189
2
1
1
1
1
1
2
2
1
1
1
1
1
1
2
1
1
2
2
2
1
1
2
2
2
1
1
2
2
1
1
2
1
1
2
2
1
2
1
2
2
1
1
1
1
1
2
1
2
2
2
1
1
2
2
2
1
1
1
1
1
1
2
2
1
1
1
1
10964233631
2
2
50981704564
1
1
2
2
2
1
1
2
1
1
1
1
2740366812
2
2
2
2
1
1
1
1
2
1
2
1
2
1
1
1
1
1
1
1
1
2
1
1
1
1
1
1
2
1
1
74357482658
2
1
1
2
2
2
2
1
2
2
1
1
1
1
12817065570
1
2
2
1
1
1
1
1
2
1
55983487237
1
1
1
1
1
1
1
1
1
1
1
1
1
2
1
1
1
2
2
2
2
1
2
2
1
1
1
1
2
1
1
2
1
1
1
85278343523
1
1
1
2
1
2
1
1
2
2
1
2
1
2
1
1
98188091175
2
2
1
1
2
1
2
1
1
1
2
1
2
1
1
1
1
1
1
1
1
1
1
1
1
1
1
1
1
1
1
1
76432112261
2
1
2
2
1
2
1
2
66951506026
1
1
2
1
1
1
1
2
1
1
2
1
2
1
1
2
1
2
1
2
1
2
2
2
54303982476
1
1
1
2
2
1
1
1
1
1
2
1
1
1
24173720415
1
1
1
1
1
1
1
1
1
2
2
1
2
2
2
2
1
2
2
2
2
1
2
1
2
2
2
2
2
1
2
2
1
2
1
2
1
1
1
1
2
2
1
2
1
2
1
1
1
1
1
1
1
1
2
1
2
1
1
1
2
2
2
2
2
1
1
1
1
1
1
1
1
1
2
1
1
2
2
2
2
1
1
1
1
2
1
1
1
1
1
2
1
1
1
1
1
1
1
1
1
2
1
1
1
1
1
1
1
1
1
1
1
1
1
1
1
1
1
1
1
32889642499
2
77712174785
1
1
1
1
1
2
2
1
2
2
1
1
1
2
1
1
1
1
1
1
1
1
1
1
2
2
2
1
20030873463
1
1
1
1
1
1
50209523458
2
1
2
1
2
1
2
1
1
1
2
1
14072030872
1
1
1
1
1
1
1
2
1
1
1
2
1
1
2
1
1
2
1
1
1
1
1
1
1
1
1
2
2
1
1
1
1
1
1
1
1
1
1
2
1
1
1
1
2
2
1
1
2
1
1
1
1
1
2
1
94734519689
2
2
2
1
1
1
2
1
65170404388
2
2
1
2
2
1
50337042700
1
2
2
1
1
1
1
1
1
1
1
2
2
1
1
1
1
2
1
2
1
2
1
1
1
1
2
2
2
2
1
1
1
1
1
1
2
1
1
1
2
1
2
1
1
1
1
2
1
1
1
2
1
1
2
2
1
1
1
1
1
1
2
2
1
1
2
1
1
2
2
2
2
1
2
1
1
1
1
1
1
1
2
1
1
1
75781614735
1
2
2
1
1
1
1
1
1
2
1
2
1
1
1
1
1
1
1
1
1
1
1
2
1
2
1
1
2
1
2
1
2
1
2
2
1
1
1
1
1
1
1
1
1
1
2
1
2
1
1
1
2
2
2
1
1
1
1
2
1
2
1
1
94137430456
2
1
1
2
1
1
1
1
1
2
1
1
1
1
1
2
1
2
2
1
1
2
1
1
1
1
2
1
1
1
2
1
1
2
1
1
1
1
1
2
1
1
2
1
1
1
2
45054679275
2
1
2
1
2
2
1
1
1
1
2
2
1
1
2
2
2
1
1
2
1
2
1
1
1
1
1
1
1
2
2
2
1
2
1
1
22569857812
1
1
1
1
1
1
1
1
1
1
2
2
2
1
2
1
1
2
1
1
1
2
1
1
1
2
2
1
1
1
1
1
1
2
1
1
1
2
2
1
2
2
2
1
1
2
1
2
1
1
2
2
1
1
2
1
1
1
2
1
1
1
2
1
1
1
1
1
2
2
1
2
2
1
1
2
1
2
1
2
2
1
1
2
1
1
2
2
1
1
1
2
2
1
1
2
1
2
1
1
2
1
1
1
1
2
2
1
2
2
1
1
1
1
1
57513918351
1
2
1
1
2
1
1
1
1
2
2
1
2
2
1
1
2
1
1
2
1
1
2
2
1
1
1
1
1
1
1
2
1
2
2
1
1
1
1
2
1
1
1
1
1
2
1
1
2
1
1
1
1
1
1
1
1
2
1
1
2
2
1
7677761421
2
1
1
1
1
2
1
2
1
1
1
2
1
1
2
1
1
2
1
2
2
1
2
1
2
2
1
1
1
1
1
1
1
1
1
1
2
2
1
2
1
1
17149491790
2
1
1
2
1
1
2
1
1
680004621
1
1
2
2
1
1
1
2
1
2
1
2
2
2
2
1
1
2
1
1
2
2
1
2
1
1
2
73931178548
1
1
2
1
1
2
2
2
1
2
1
2
2
1
2
1
1
1
2
1
1
1
1
1
1
1
1
2
1
1
1
2
1
2
1
1
62158436368
1
1
1
1
1
1
2
2
1
1
2
2
1
2
1
1
1
1
1
2
1
1
1
2
2
1
1
1
1
1
1
1
1
2
2
1
1
2
2
2
1
2
2
2
1
1
1
2
1
2
1
1
2
1
1
2
1
1
1
1
1
1
1
1
1
1
2
1
1
1
1
1
2
2
1
1
63755294190
1
2
1
1
1
1
1
1
1
1
1
1
1
1
1
1
1
1
1
1
1
1
1
2
2
1
1
1
1
1
1
1
1
1
2
1
1
1
2
1
1
2
2
2
1
1
1
1
1
1
1
2
1
1
2
1
2
2
69740151537
6762539109
1
17019280474
1
2
2
1
1
1
2
2
1
1
2
1
2
1
1
2
2
1
2
1
2
1
1
1
1
1
1
2
1
12216884817
2
1
1
1
93943914261
1
1
1
2
2
1
1
2
2
1
2
1
2
1
2
1
1
1
1
1
29955976187
1
2
1
1
1
2
1
2
2
1
1
1
1
2
1
2
1
2
1
1
1
1
1
2
1
1
1
1
1
1
1
1
2
1
1
1
1
1
2
2
1
1
1
2
1
1
1
1
2
1
1
1
1
1
1
1
1
1
1
1
2
1
1
2
2
1
1
1
2
13018242234
1
1
2
1
1
1
1
2
1
1
1
1
1
2
1
2
1
1
1
2
2
1
1
1
1
2
2
1
1
1
2
2
1
2
2
1
2
1982897163
1
1
1
1
1
1
1
1
2
1
1
1
1
1
1
1
1
1
1
1
82916539853
1
2
1
1
1
1
2
1
2
1
1
1
2
1
1
2
1
1
2
1
1
1
1
1
2
2
1
2
1
2
1
2
1
2
1
1
2
1
1
1
1
2
1
1
1
1
1
2
1
1
1
2
1
2
1
1
1
2
2
2
1
2
2
2
8205196667
2
1
1
2
1
2
1
2
1
2
1
2
2
2
1
63886995414
2
2
2
1
1
1
1
1
2
1
11785218109
1
1
1
1
1
1
2
1
2
1
1
2
2
1
1
2
2
1
1
1
1
1
1
2
1
1
2
1
2
2
1
2
2
1
2
1
1
1
2
1
1
2
1
1
2
1
1
1
1
2
2
1
1
1
1
1
1
1
1
2
1
2
1
2
2
1
2
39245130042
63119711670
1
68290930321
1
1
1
1
1
1
1
1
1
2
1
2
1
1
2
1
1
1
1
1
1
1
1
1
1
2
2
2
1
2
1
1
2
2
1
2
1
1
2
1
1
2
1
1
1
2
2
2
1
1
1
1
2
2
2
2
2
1
1
1
1
2
1
1
1
1
2
1
2
1
2
2
1
1
2
2
1
1
1
80086022266
1
2
2
1
1
2
1
2
1
1
1
1
1
2
1
2
2
1
1
1
2
1
1
1
1
1
23577135249
1
1
2
1
2
2
1
1
2
1
2
1
2
2
1
1
1
2
1
1
1
2
1
2
1
1
2
1
1
2
2
1
1
1
1
1
1
2
1
1
2
1
95783742458
1
2
1
1
2
1
1
1
1
1
1
1
2
1
1
1
1
2
2
1
1
1
2
2
12129288214
1
1
1
2
1
1
2
1
2
1
1
1
1
1
2
2
1
1
1
2
2
1
2
1
1
1
1
1
1
1
2
1
1
1
2
2
1
1
1
1
1
1
2
1
1
2
1
1
1
1
1
1
2
2
1
1
1
64152891947
1
1
2
2
1
2
2
2
1
1
2
2
1
1
1
1
1
2
1
2
1
2
1
1
1
2
1
1
1
2
1
1
1
2
2
1
1
1
1
2
2
2
1
1
1
1
1
2
1
1
2
1
1
1
1
1
1
1
1
1
1
1
1
2
1
1
1
1
1
1
1
1
2
1
1
1
2
2
1
1
1
1
1
1
1
1
1
1
1
2
2
1
1
1
1
2
1
40198154970
1
1
2
2
1
1
1
1
1
1
1
2
1
1
1
2
2
1
1
2
2
2
1
1
2
1
1
1
2
1
1
1
2
2
2
1
1
1
2
1
2
1
1
2
2
2
12872196113
2
88227452853
2
2
1
13969288505
2
1
1
1
1
2
1
2
1
1
1
1
1
1
51246291923
2
1
1
1
2
1
1
1
1
2
1
1
2
1
2
1
1
1
1
1
1
2
2
1
1
1
1
1
1
2
2
1
2
2
1
1
2
69472119515
1
1
2
2
2
1
2
79319319144
2
1
1
1
1
1
2
1
1
1
2
2
1
1
2
1
1
1
1
2
1
2
1
1
2
1
1
1
1
2
1
2
1
1
1
1
1
31521235474
2
1
1
1
2
1
2
1
939551168
1
1
1
1
1
2
1
88142874483
2
2
1
2
2
30739810376
2
1
1
2
76254141648
1
1
1
1
1
1
1
2
1
2
2
1
1
1
2
1
2
1
1
1
2
2
1
1
2
2
1
1
1
1
1
2
1
1
1
1
1
1
1
1
2
1
2
2
2
1
1
1
1
2
1
2
1
1
1
2
2
2
1
1
2
1
2
1
1
1
1
2
1
1
1
2
1
1
1
2
1
1
1
2
1
2
2
2
1
1
1
1
2
1
2
1
1
2
1
1
1
1
1
1
1
23581044813
1
1
1
1
1
1
2
1
2
2
2
1
1
2
1
1
1
1
1
1
2
2
2
2
2
1
1
1
1
1
2
1
1
1
33400603068
1
1
1
61250652909
2
2
1
1
1
2
2
1
2
1
1
1
1
1
2
2
2
1
2
1
2
1
2
2
2
2
1
1
1
1
2
1
1
2
1
1
1
1
2
2
1
1
1
1
1
1
1
1
1
1
1
1
2
1
1
2
1
2
1
1
2
2
1
1
2
1
1
1
1
1
1
1
2
1
1
1
2
2
1
2
2
1
1
1
1
1
2
1
1
1
1
1
1
1
2
1
2
2
1
1
1
1
1
1
1
1
1
1
1
51637573856
1
2
1
1
1
1
1
1
2
2
1
2
2
1
1
1
1
1
1
2
2
2
1
1
1
2
1
2
1
1
2
2
2
1
1
1
1
2
2
1
1
2
1
1
1
2
1
2
1
1
2
1
1
2
4197399677
1
2
1
1
2
2
1
1
1
1
1
1
1
2
1
1
2
1
1
2
1
2
2
1
2
1
1
1
1
1
1
1
1
1
1
1
1
2
1
31147747021
2
1
1
1
1
1
2
1
2
1
2
1
2
1
1
1
24502935471
1
1
1
1
1
1
1
1
1
1
1
1
1
1
1
1
2
1
1
1
1
41063134551
1
1
2
1
1
2
1
1
2
1
1
1
2
1
1
1
1
6766387507
2
1
1
2
1
2
4771218850
1
2
2
1
1
1
2
1
86516362202
1
2
2
2
2
1
1
1
2
1
1
1
1
1
1
1
2
2
1
2
2
1
2
1
1
54271994206
2
1
1
1
1
1
2
2
2
1
2
1
70042195307
1
2
1
1
2
2
2
1
1
2
2
1
2
1
97762308672
1
1
1
1
1
1
2
1
2
1
2
1
2
2
1
2
1
1
1
2
1
1
2
1
1
1
2
1
1
2
1
1
2
1
1
2
1
1
1
1
1
1
1
1
2
1
2
2
2
2
1
1
1
1
1
2
1
1
2
1
1
1
2
2
1
1
1
1
1
1
1
2
2
1
1
1
1
1
1
1
2
1
2
1
1
69819019302
1
1
2
2
1
2
1
2
1
1
1
1
2
2
2
2
1
1
2
2
1
1
2
1
1
69824970931
2
2
1
1
1
1
1
1
1
2
2
1
1
2
1
2
2
2
2
2
2
1
1
1
1
1
1
1
2
1
2
2
2
1
2
2
2
1
2
1
2
1
1
1
2
1
47189679887
1
1
1
1
1
1
2
1
1
2
1
2
1
2
1
1
1
1
1
1
2
2
1
1
1
57425942470
2
1
1
1
2
1
2
1
1
1
1
1
1
1
2
1
2
2
2
1
1
1
2
1
1
1
1
1
2
2
1
2
1
2
1
1
2
1
1
1
1
2
1
2
2
1
1
2
2
2
73062692505
1
2
2
2
2
2
2
1
1
1
1
1
1
1
1
1
1
2
1
1
1
1
2
2
1
1
1
2
1
2
1
2
1
2
1
2
1
1
1
1
1
2
2
1
1
2
1
1
1
1
2
1
1
1
1
1
2
1
1
1
1
2
1
1
1
2
1
2
1
1
1
1
1
1
1
1
55329989590
1
1
1
2
40332407837
1
1
1
1
2
2
1
2
1
2
1
1
1
1
1
1
1
1
1
1
1
2
1
1
1
1
2
1
1
1
1
1
1
2
1
1
2
2
1
1
14962561283
2
2
1
1
1
2
1
1
1
1
1
1
2
1
2
2
2
1
1
2
2
2
2
2
19588531646
1
1
51679728228
2
2
2
2
1
1
1
18343990904
1
2
2
2
1
2
1
1
2
1
1
1
2
2
2
2
2
2
1
1
1
2
1
1
2
1
1
1
1
2
2
1
1
1
1
1
1
1
2
2
1
1
1
2
1
1
2
2
2
1
1
1
1
2
2
1
1
1
1
1
1
1
1
1
1
2
1
2
1
1
2
1
1
1
1
1
1
1
1
1
2
1
2
2
1
2
2
1
1
1
1
2
1
2
1
2
1
2
1
2
1
2
1
2
1
1
1
1
1
1
2
2
1
60892184941
1
1
1
1
2
1
2
1
1
1
1
1
6573089860
1
1
1
2
1
1
2
2
1
1
1
1
1
1
1
2
1
1
1
2
1
1
1
1
1
1
1
1
2
2
1
1
2
1
2
2
1
1
50488190893
1
1
1
1
1
1
1
2
2
2
2
98942719748
1
1
2
2
1
1
2
2
1
1
1
2
2
1
2
2
1
1
1
2
1
1
2
87393271737
1
2
2
2
2
1
1
2
1
2
1
1
2
1
1
1
1
1
2
1
2
2
1
1
1
1
2
2
1
2
1
2
1
2
2
1
1
1
1
1
2
1
2
1
2
1
1
2
1
2
1
1
1
1
1
1
1
1
1
1
2
1
2
1
1
1
2
1
2
1
1
1
2
1
2
2
2
2
1
1
2
2
2
2
1
1
1
2
1
1
1
1
1
1
1
2
1
2
1
2
1
2
68786026199
1
2
1
1
1
1
29934287850
1
1
1
1
2
2
1
1
1
1
1
2
1
1
2
1
2
2
1
1
1
2
1
1
1
1
1
2
1
1
1
1
1
2
1
1
1
1
1
1
1
1
2
2
1
2
1
2
2
1
2
2
2
1
1
2
2
1
1
2
1
2
1
1
1
1
1
35762144641
1
1
2
1
1
1
1
1
1
1
2
1
2
1
2
1
2
1
1
1
2
1
2
1
1
1
2
2
1
1
1
1
1
1
1
1
2
1
1
1
2
1
1
1
2
1
1
1
2
1
1
2
2
2
2
2
1
1
1
2
2
1
2
1
1
1
1
1
1
1
2
1
2
1
1
1
2
1
1
2
2
2
1
1
1
1
2
2
1
1
1
2
2
1
2
2
1
1
2
1
1
1
1
2
2
2
68286608096
2
2
1
1
46205499565
2
1
2
2
2
1
1
1
2
2
2
1
1
1
1
1
2
2
1
2
1
1
2
1
1
1
2
2
2
1
2
2
1
1
1
1
1
1
2
1
2
2
1
1
2
2
2
1
2
1
1
1
2
2
1
1
2
2
1
1
2
1
1
2
2
2
2
1
1
1
1
2
2
2
1
1
1
1
2
1
1
74905959223
2
2
1
2
1
1
73187030222
1
1
1
1
2
2
2
1
1
2
1
1
1
1
1
1
2
2
1
1
1
2
1
2
2
1
1
2
1
1
2
1
1
1
2
2
2
1
2
1
1
1
2
1
1
2
1
1
20563037137
1
1
2
1
1
1
1
1
2
2
1
1
2
2
2
1
1
95457402454
1
2
2
2
1
1
1
1
1
1
1
1
66979326616
1
1
1
1
2
2
2
2
1
2
1
1
1
1
1
1
1
1
2
1
1
2
1
2
1
1
2
1
2
1
1
1
2
2
1
1
1
2
1
2
2
1
2
1
1
2
1
1
1
1
1
2
2
2
83962194305
1
1
1
1
1
2
1
1
1
1
2
1
1
1
1
1
1
1
2
2
1
1
1
1
1
1
1
2
2
2
2
2
2
2
2
2
1
2
2
1
1
1
1
2
2
1
2
1
1
1
1
1
2
1
2
1
2
1
1
1
1
1
2
1
1
2
22554888991
1
2
1
2
2
1
1
1
1
1
1
2
2
1
2
1
1
1
1
1
1
1
1
2
2
1
1
2
1
1
1
2
1
2
1
2
35513208363
2
1
1
2
2
1
1
1
1
2
1
1
1
2
1
1
1
2
1
2
1
2
1
1
1
1
1
1
2
1
1
1
1
1
1
2
1
1
1
2
2
1
1
1
2
1
80664209600
1
1
44324145001
1
2
2
1
2
1
1
2
1
1
2
1
1
1
1
2
1
1
1
1
1
1
2
1
2
2
1
1
1
1
2
1
2
2
2
1
1
2
1
1
1
2
1
1
1
1
1
1
1
2
2
2
1
1
1
1
1
1
1
1
1
2
2
1
1
2
1
1
1
1
1
1
1
1
1
1
2
1
1
2
2
1
1
2
2
2
1
1
1
1
1
2
1
2
1
1
1
1
2
2
1
1
1
1
1
2
1
1
2
1
2
1
1
2
1
1
1
2
2
1
1
1
1
1
1
1
2
1
1
1
2
13115054548
2
2
2
1
1
2
2
1
2
2
1
1
2
1
1
1
1
1
2
2
1
1
1
1
2
1
1
1
1
1
1
79658880787
2
2
1
2
1
30664926200
2
56577564225
2
1
1
2
1
2
30389860757
2
1
1
1
1
1
1
2
2
1
2
2
2
1
2
2
1
1
1
2
1
1
1
2
2
2
2
1
2
2
58404174412
1
2
1
2
1
1
1
1
1
2
1
2
1
1
1
21008711111
2
2
2
2
2
1
2
2
1
1
1
1
1
2
89100124261
1
2
1
2
1
1
1
1
1
2
2
1
1
2
1
2
1
1
1
2
2
2
2
2
2
1
1
2
2
2
2
2
1
1
1
1
1
1
1
1
2
2
2
2
1
1
2
1
2
2
2
2
1
1
1
2
1
1
2
1
1
1
1
1
2
1
1
1
1
61646771645
1
1
1
1
1
2
1
21966702553
1
1
1
1
2
1
1
2
1
1
1
1
2
1
2
1
1
1
1
1
1
1
2
1
1
2
1
2
1
2
2
1
1
1
1
2
2
1
1
1
2
2
1
1
75425965785
2
1
89314818373
1
2
1
1
1
2
1
1
2
1
2
1
1
1
2
1
1
1
1
1
2
1
2
1
2
2
1
2
2
1
1
1
2
2
1
2
1
1
1
1
1
1
2
1
2
2
1
1
1
1
3075656502
1
1
1
2
1
2
1
1
1
2
2
1
1
1
1
1
1
2
1
1
1
1
2
66503214741
2
2
2
1
1
1
2
1
1
1
1
2
1
2
1
1
1
1
1
1
1
1
1
2
2
2
1
2
2
1
87470718088
2
2
2
1
1
2
1
1
1
1
1
1
1
2
2
1
1
1
2
1
2
1
1
1
1
2
1
1
1
2
1
1
1
1
1
1
2
1
2
1
1
2
1
1
1
2
2
1
2
2
2
1
1
2
1
2
1
2
1
2
2
19334100054
1
1
1
2
1
1
1
1
1
1
2
1
1
1
1
1
2
2
2
2
1
2
2
2
2
80482075629
2
2
1
1
2
1
1
1
2
1
1
1
2
1
1
2
2
1
2
2
2
2
2
1
2
1
1
2
2
2
1
1
1
1
1
2
1
1
2
1
1
1
1
1
2
1
1
1
2
1
2
1
1
1
1
2
1
1
1
2
1
1
1
1
2
1
1
1
1
2
1
1
2
2
1
1
2
1
2
2
1
1
1
1
1
1
1
66460972817
1
2
1
1
1
1
1
1
1
1
1
1
1
1
1
1
1
1
1
1
2
1
60080231708
2
2
1
1
2
2
1
1
1
1
2
1
1
1
1
1
1
1
1
1
1
2
2
1
2
1
2
2
1
2
1
1
1
2
1
2
1
1
2
1
1
1
1
1
1
1
1
1
1
1
1
2
1
1
1
1
1
1
1
1
1
1
2
1
1
1
1
2
1
1
1
1
1
1
1
2
1
1
2
1
2
2
1
2
1
2
1
1
1
1
1
1
1
1
72668255815
2
1
2
1
1
1
1
2
2
1
1
85069249744
1
2
1
1
2
1
2
1
1
1
2
1
1
1
1
56935934496
2
2
1
1
2
1
2
1
1
1
2
1
1
1
1
1
1
2
2
1
2
2
1
1
1
1
1
1
1
1
1
1
1
2
1
2
1
1
1
1
2
2
1
1
1
1
2
1
1
2
1
1
2
98055008071
1
2
1
2
1
2
1
1
1
1
2
2
2
2
2
1
1
2
1
1
1
1
2
2
2
2
1
2
1
2
2
1
1
1
1
2
1
1
2
1
1
1
1
1
1
1
1
1
1
1
1
2
1
2
1
1
1
1
1
1
1
2
1
1
1
1
2
1
1
1
1
1
1
1
1
1
1
2
2
1
1
1
1
1
1
2
1
2
2
2
2
1
1
1
1
1
1
1
2
1
1
1
1
1
1
1
1
1
1
2
2
2
1
1
1
1
2
1
1
1
1
2
1
1
2
2
1
2
1
1
1
2
2
1
1
1
1
1
2
2
2
1
1
1
2
2
1
2
1
1
1
2
2
1
1
1
1
2
1
1
2
2
1
2
2
1
1
1
2
1
1
1
1
1
1
1
2
1
2
1
1
1
2
1
2
2
1
1
1
1
1
1
2
1
1
1
2
1
1
1
1
68288942134
1
1
2
2
1
1
1
1
1
1
2
2
2
1
2
1
1
2
1
1
1
1
1
1
1
2
1
1
1
1
1
1
2
1
2
2
2
1
1
2
2
1
98057722466
1
2
1
1
1
1
1
1
2
1
1
2
2
1
2
1
1
1
2
1
1
2
2
2
1
1
1
1
1
1
1
1
2
2
1
1
2
1
1
2
1
2
1
2
45124610266
1
1
2
1
1
1
1
2
1
2
2
1
1
2
2
2
1
2
2
1
1
2
1
1
2
2
1
1
1
1
1
2
2
2
1
1
2
1
1
2
2
1
1
1
1
1
1
1
1
1
2
1
1
1
1
1
1
2
2
1
1
2
2
1
1
1
2
1
1
1
2
2
1
1
1
1
1
1
2
1
2
1
1
1
1
1
1
1
1
1
2
2
1
1
1
2
53238738671
1
1
1
2
2
2
1
2
1
1
1
1
1
1
1
2
2
1
1
1
1
2
1
1
1
1
2
1
1
1
1
1
2
1
1
1
1
1
1
2
2
1
1
2
1
1
2
1
2
1
1
1
1
1
2
1
1
2
9591089511
1
1
2
2
1
1
1
1
1
2
1
2
2
2
1
1
2
2
2
1
2
1
1
2
2
2
1
2
2
2
2
1
1
1
2
2
1
1
2
2
2
2
1
2
1
1
2
1
2
1
1
1
2
1
1
1
1
1
1
1
1
1
1
1
1
2
1
2
1
1
1
1
1
1
1
1
1
2
64132693165
2
2
1
2
2
1
1
1
73333834464
2
2
1
2
2
2
2
2
1
1
1
2
1
1
1
1
1
1
1
1
1
1
2
1
1
2
1
1
1
1
1
2
1
1
2
1
1
1
1
1
1
1
1
2
2
2
1
1
1
1
1
1
1
2
2
1
1
1
2
1
1
2
1
2
1
1
2
2
1
1
1
1
2
1
1
1
2
2
2
1
2
1
2
1
1
1
2
1
1
1
1
1
2
1
2
1
2
67215230888
1
1
1
1
1
2
2
1
1
1
1
2
1
1
1
2
2
1
1
2
2
2
1
1
2
1
1
1
1
2
1
1
1
1
1
1
65800846126
2
2
2
1
1
1
1
2
1
1
2
1
2
2
1
2
1
1
1
1
2
1
1
1
1
1
1
1
1
1
2
79581727903
1
2
1
1
2
2
1
1
1
1
2
1
1
1
1
1
1
1
2
1
1
1
2
1
1
1
23567195030
1
1
1
1
1
1
1
1
1
1
2
2
90376991497
2
2
1
1
1
31071208415
1
1
2
1
1
1
1
1
1
1
1
1
2
1
2
1
1
1
1
2
1
1
1
1
1
2
1
1
1
2
1
1
1
1
1
1
2
1
2
1
2
1
1
1
1
1
1
2
1
1
2
1
2
2
1
1
1
1
2
1
2
2
2
1
1
2
2
1
1
2
2
2
1
1
2
2
1
2
1
1
1
2
2
1
1
2
1
1
1
1
1
1
1
1
2
1
1
1
1
1
1
1
2
1
1
1
86277221702
2
2
2
1
2
2
2
1
1
2
1
2
1
1
1
1
1
1
2
2
1
1
2
1
2
1
1
2
1
2
2
1
2
1
1
1
1
1
1
1
1
1
2
1
1
1
2
1
31449567335
1
1
1
2
1
1
2
1
1
1
2
1
1
2
1
1
1
1
1
1
1
1
1
2
1
1
1
2
1
1
2
2
1
2
2
1
30945568370
1
1
2
1
1
1
1
1
1
1
1
1
1
1
1
1
1
1
1
1
2
65168408380
1
1
1
1
1
1
1
2
2
1
2
1
1
1
2
1
1
1
2
1
1
1
1
1
1
1
1
1
1
1
2
2
1
1
1
2
1
1
2
1
2
2
1
1
2
1
2
2
1
85484318554
1
2
1
27425693627
2
1
2
1
1
1
2
1
1
2
2
1
2
2
1
32055595847
1
1
2
1
1
1
1
1
1
1
1
1
2
1
1
1
1
1
2
1
2
2
1
1
64950752502
1
1
1
1
1
1
1
1
1
2
1
2
2
1
2
2
1
1
1
1
1
9871069648
2
2
1
2
1
1
2
75228182001
1
2
1
2
1
2
1
1
1
1
2
1
1
2
2
1
2
2
2
1
1
1
1
2
2
1
1
2
1
1
2
2
1
1
1
2
2
1
1
1
2
1
1
1
1
2
1
2
2
2
21987287630
1
1
2
1
1
1
2
2
1
2
1
1
1
2
1
2
1
2
2
2
2
2
2
2
2
1
1
2
1
1
1
1
1
1
1
1
1
1
1
1
1
2
2
2
1
1
1
1
2
1
1
2
1
1
1
1
2
1
2
2
2
1
1
1
1
2
2
2
1
1
2
1
2
1
1
2
1
2
2
1
1
1
2
2
2
78473552007
1
2
1
2
1
2
1
2
2
36792123775
2
1
1
2
2
1
1
1
1
1
1
2
2
1
2
2
1
2
1
2
1
2
1
1
1
11415678404
1
2
1
2
2
1
1
1
2
1
1
2
2
2
1
1
1
1
2
1
2
1
2
1
1
1
2
1
2
1
1
2
2
1
2
1
2
1
1
2
1
2
2
1
1
1
66776659370
1
75892314907
1
1
1
1
2
1
2
2
1
2
1
2
2
1
2
2
1
1
1
1
1
30308501720
1
1
1
1
2
2
2
2
1
1
1
2
2
45312058067
2
2
1
1
1
1
2
2
1
2
1
1
2
2
2
1
1
1
1
2
1
2
1
2
2
2
1
1
1
2
1
2
2
1
1
1
1
1
1
1
1
2
1
1
1
1
2
1
1
1
1
1
1
1
1
1
1
1
2
2
1
2
1
1
2
1
1
1
2
1
2
27114627490
1
2
2
2
2
36276630231
1
1
1
2
1
1
2
1
2
2
1
1
1
1
1
2
1
1
1
2
2
2
1
2
1
2
2
2
2
1
2
1
1
2
2
2
2
2
2
2
1
1
1
1
2
1
1
1
1
1
1
1
1
2
2
2
1
1
1
1
1
1
1
2
1
1
1
1
2
2
2
1
1
2
1
1
2
1
1
2
1
1
2
1
1
1
1
2
35530099205
1
1
2
1
2
2
1
1
1
2
1
1
1
2
1
2
1
1
1
1
2
1
1
1
2
1
2
2
1
1
2
2
1
1
2
1
1
1
2
1
1
2
1
2
1
2
1
2
1
1
1
1
2
1
2
1
2
1
1
1
1
1
2
1
2
1
1
1
1
2
1
1
2
1
1
1
1
2
2
1
1
1
2
1
1
1
1
1
1
1
1
2
2
2
2
2
2
2
1
2
2
2
1
2
2
1
1
1
2
1
2
2
1
1
2
1
1
2
1
1
1
1
2
1
1
2
1
1
1
1
2
1
2
2
2
1
1
1
2
2
1
2
1
1
2
1
1
1
1
1
1
1
1
57911236387
1
2
1
2
2
1
1
2
2
1
1
1
1
2
1
1
2
1
1
2
2
1
1
1
2
1
2
1
2
1
1
1
87235428613
1
2
2
1
1
2
1
2
1
1
1
1
2
1
2
2
1
2
2
2
1
1
2
1
1
1
1
1
2
1
1
1
1
2
2
2
1
1
1
2
1
1
1
1
2
1
2
2
2
1
1
1
1
1
1
1
2
1
2
1
2
1
2
2
1
1
1
1
1
2
2
1
50302938334
1
2
2
1
1
1
2
2
2
1
1
1
1
1
1
1
2
2
1
2
1
1
2
2
2
1
2
2
1
1
1
2
1
2
1
2
1
1
1
2
2
2
1
1
2
1
1
2
1
2
1
1
1
2
1
1
1
2
2
1
1
1
49005114865
1
2
1
2
2
2
2
1
1
2
2
1
1
1
2
1
1
1
1
1
2
1
1
1
1
1
2
2
1
2
1
1
1
1
2
1
1
1
2
1
1
84602957498
1
1
1
1
1
1
2
2
96914636108
1
2
2
1
1
1
2
2
1
2
2
1
2
1
1
1
1
1
1
2
1
1
1
1
1
1
1
1
1
2
1
2
2
1
1
2
2
1
2
1
2
1
1
1
2
1
1
1
1
2
1
2
2
1
2
1
2
2
1
1
1
1
1
1
1
1
1
1
1
2
1
1
1
1
1
1
1
1
2
1
1
1
1
1
1
1
2
1
1
1
1
2
1
1
2
2
2
1
2
1
1
1
1
2
1
2
1
1
1
2
1
2
1
2
1
1
2
1
1
2
1
1
1
2
2
2
1
2
2
1
1
1
1
1
1
1
1
2
1
2
2
1
2
1
2
2
1
1
1
2
2
1
1
1
1
1
1
1
1
1
1
1
42613642092
1
1
2
1
1
68735840368
2
2
1
2
1
2
1
2
1
2
1
1
1
1
1
1
1
1
1
2
29732902813
7198197610
2
1
1
2
1
1
2
1
1
2
1
1
2
1
1
2
2
2
1
2
2
1
1
2
1
1
2
1
1
2
1
2
2
1
2
1
1
1
2
1
1
1
69967293833
1
1
1
1
1
44230157066
1
1
1
63453255169
1
1
1
1
1
2
1
2
2
1
1
1
2
1
1
1
1
4065863041
1
1
2
1
1
1
1
1
1
2
1
1
1
2
1
2
1
2
1
2
1
1
1
1
2
1
1
1
1
1
2
1
2
2
2
1
1
1
1
1
1
2
3532558280
2
1
1
2
2
1
1
1
1
1
1
2
2
1
2
1
1
1
1
1
2
2
1
1
2
2
1
1
1
1
1
1
1
2
1
1
1
1
1
2
1
1
1
1
1
1
1
2
1
13749401832
1
2
1
1
2
2
1
2
1
1
2
2
2
1
1
1
1
1
2
1
1
2
1
1
1
1
1
1
1
2
1
1
1
2
1
2
1
1
1
1
1
1
2
2
1
1
1
1
73544682646
1
2
1
2
1
1
1
1
2
1
1
2
2
1
2
1
1
1
1
2
2
1
2
1
1
1
1
2
2
1
2
1
1
2
1
2
1
1
1
2
2
1
2
2
2
2
2
1
2
2
2
1
1
2
1
1
1
1
1
1
1
2
1
2
1
1
1
1
1
2
1
1
1
1
2
1
1
2
84962584686
1
1
1
1
2
2
1
1
1
2
1
2
1
2
2
2
1
1
2
1
68947669022
1
1
2
1
1
1
2
1
1
1
1
1
1
1
1
2
2
1
1
1
1
1
36084951566
2
1
1
1
1
2
1
2
1
2
1
1
1
2
1
1
1
2
2
2
1
1
1
1
1
1
1
1
1
1
2
2
1
1
77332019610
1
1
1
12250844360
1
1
1
1
1
2
1
2
1
1
1
1
2
1
1
2
1
1
2
2
1
1
2
2
1
1
1
2
1
1
1
1
2
2
1
2
2
1
1
2
1
2
2
1
2
2
1
2
1
1
1
1
1
1
1
1
1
1
1
1
1
1
1
1
1
2
1
2
83176389406
2
1
2
1
1
1
1
1
2
1
1
1
1
2
1
2
1
1
1
1
1
1
1
1
2
2
1
2
1
1
1
1
1
1
1
1
1
1
1
1
1
2
1
1
1
1
2
1
1
2
1
1
1
1
2
2
1
2
1
1
66215312774
1
1
23317999291
2
2
2
1
2
1
2
1
1
2
2
2
1
2
1
1
1
1
2
2
2
1
2
1
2
1
2
1
1
1
1
1
2
1
1
1
2
2
1
1
44421055719
1
2
1
1
2
1
2
2
1
1
1
1
1
1
1
2
1
2
1
1
2
2
1
1
1
1
2
1
1
2
2
1
1
2
76761080160
1
2
1
1
1
1
1
1
1
1
2
2
87338297455
1
2
1
35186029433
1
2
2
2
1
2
2
2
2
2
19166802164
2
1
1
1
1
2
1
1
1
2
44656892556
1
1
1
1
2
1
1
27834168472
2
1
2
1
1
1
1
1
1
1
1
2
1
1
1
1
1
2
1
1
1
2
2
2
1
1
2
1
1
1
1
1
1
2
1
1
2
2
6578016618
1
2
1
2
1
1
1
1
1
1
1
2
1
2
1
1
2
2
1
2
2
1
1
1
2
1
1
1
2
2
1
2
2
1
1
1
1
2
2
1
1
1
1
2
1
2
2
1
2
1
1
1
2
1
1
1
1
1
79152031260
1
2
1
1
1
1
2
2
1
1
2
1
1
1
14328311531
1
1
2
2
1
68718186606
2
1
1
2
1
2
1
1
1
2
1
1
2
1
2
1
1
1
1
1
2
1
1
2
1
2
1
1
20877610707
1
1
2
1
2
1
1
1
2
1
1
1
1
1
1
1
1
2
1
1
1
2
2
2
1
2
2
2
1
1
2
1
1
1
1
1
1
2
2
2
2
2
2
1
1
1
1
2
1
1
1
1
2
1
1
2
1
2
1
1
1
1
2
1
1
1
1
2
1
1
2
1
1
1
1
1
1
1
1
2
1
1
1
76584735908
2
1
1
2
1
1
1
1
1
1
1
1
1
2
2
1
1
1
1
1
1
1
2
1
2
1
1
1
13674384514
1
2
1
1
1
1
2
2
1
1
1
1
1
2
1
1
2
1
1
2
1
1
1
1
1
1
2
1
1
1
1
1
2
1
1
1
1
2
1
1
2
2
1
1
1
2
1
2
2
79873940568
55980369083
1
1
1
2
1
1
1
1
2
2
1
1
2
2
2
1
1
1
2
2
1
1
2
2
1
2
1
1
1
2
1
1
2
1
2
1
1
1
1
2
2
2
1
1
1
1
1
2
2
1
2
2
1
1
2
2
2
1
1
1
1
1
1
2
1
2
1
1
1
2
2
1
1
1
1
1
1
63173286966
1
1
1
1
1
1
1
2
1
1
1
23249659047
1
2
1
1
2
1
1
1
2
2
2
1
1
1
1
1
1
1
2
2
1
2
1
2
1
1
1
1
1
1
2
1
1
1
1
1
1
1
1
28626509710
2
2
1
1
1
2
2
2
2
1
2
2
2
1
1
1
1
2
2
1
1
1
1
2
2
1
1
1
1
1
2
1
1
2
1
1
2
1
2
1
1
1
2
1
2
1
1
1
1
1
2
1
2
1
2
1
2
1
2
2
2
1
2
1
1
1
1
1
2
1
1
2
1
1
1
2
2
2
1
1
1
2
1
2
1
1
1
2
1
1
2
1
2
1
1
1
2
2
1
1
2
2
2
1
1
2
2
2
1
1
1
1
1
2
2
1
19831403308
2
1
1
1
1
2
1
1
1
2
1
1
1
1
1
2
1
2
1
35113391268
20808981341
2
2
1
1
1
2
1
1
2
1
1
1
2
1
1
2
2
2
1
2
2
1
1
1
1
1
2
2
1
1
1
10645854446
2
2
1
2
1
2
1
1
1
2
1
1
26569316223
1
2
2
2
2
2
1
2
1
1
1
2
1
1
1
1
1
1
1
2
2
1
2
1
2
2
1
1
1
1
1
1
2
1
1
1
1
2
1
1
1
1
2
1
2
1
1
47720055294
1
1
1
1
1
2
2
1
1
1
1
2
1
1
2
1
1
2
1
1
1
2
1
1
1
1
1
2
1
1
1
2
10162431245
43578771224
1
2
2
1
1
2
1
2
1
1
1
1
1
2
1
1
2
1
1
1
2
2
1
2
1
1
1
2
1
1
2
1
2
1
1
2
1
1
1
2
1
2
2
1
2
2
1
25826938961
1
1
1
1
1
1
1
2
2
1
1
2
1
2
2
1
1
1
1
2
2
2
1
1
2
1
1
2
1
1
2
1
1
1
2
2
1
1
1
1
1
1
1
1
1
1
1
1
1
2
1
2
1
2
1
2
1
2
2
1
1
2
1
1
2
1
1
2
2
1
2
2
21242125762
1
2
1
1
1
1
1
1
1
1
1
1
1
2
1
2
1
1
1
1
1
1
2
1
2
2
1
2
2
1
1
2
2
1
1
1
2
1
1
1
2
1
1
1
1
1
1
2
1
1
1
2
76444936222
2
2
1
2
1
2
1
2
2
1
1
1
1
2
1
2
2
2
1
2
2
2
1
1
2
2
1
1
1
1
84514184419
1
1
1
2
1
1
1
1
1
1
2
2
1
1
1
2
1
2
1
1
1
1
2
1
1
1
1
1
1
1
1
1
1
1
1
2
1
1
1
1
1
1
1
1
2
1
2
1
1
1
1
1
1
1
2
1
1
1
1
2
1
1
21271165441
1
1
2
1
1
1
1
1
1
1
1
1
1
2
1
2
2
1
1
1
1
29536626046
2
2
1
2
2
1
1
1
2
1
1
1
2
1
1
1
1
1
1
1
1
2
2
2
1
1
1
1
2
2
1
2
2
2
1
1
1
1
1
2
1
2
1
2
2
1
1
1
71689253031
1
1
2
1
1
1
1
1
2
1
2
1
1
2
1
1
1
2
8867354128
1
2
1
1
1
2
2
1
1
2
1
1
2
1
1
1
1
1
1
1
2
1
1
1
2
1
2
1
2
1
1
2
2
2
1
1
1
1
1
2
1
60201364347
2
1
1
2
2
2
2
1
1
2
1
1
2
1
2
1
1
2
1
1
1
2
1
1
1
2
2
1
2
1
2
1
1
1
1
1
1
1
1
1
1
2
2
2
1
2
1
2
2
2
1
1
1
2
1
1
1
2
1
1
1
1
2
1
2
2
1
9937948213
1
1
2
1
1
2
2
1
35862854142
1
1
18341732988
1
1
1
1
1
1
1
1
2
2
1
2
1
2
1
2
1
1
1
1
1
1
2
2
1
1
1
2
2
1
2
2
1
2
1
1
1
2
2
2
44194695766
2
1
1
1
1
1
1
2
43715167451
1
2
1
1
1
1
1
1
1
1
1
77870789344
1
2
1
1
2
1
1
1
1
1
1
1
1
1
1
1
1
1
1
2
1
1
2
1
1
2
1
1
1
1
2
2
2
1
2
1
2
1
1
1
1
1
1
1
1
2
1
87602152286
2
2
2
1
1
1
2
1
2
1
2
2
2
1
1
1
20784281154
1
1
1
1
1
2
1
1
1
1
1
1
2
1
1
2
1
1
1
1
2
2
1
2
1
1
1
1
1
1
2
2
2
1
1
1
1
1
2
2
1
1
1
1
2
1
1
1
2
1
1
1
2
1
1
1
1
1
1
1
1
2
2
1
1
62211291504
1
1
1
1
1
1
1
1
45628657013
1
1
1
1
2
2
1
2
1
1
2
1
2
1
1
1
2
1
2
1
1
2
1
1
1
2
1
1
2
1
1
1
2
1
2
2
1
2
1
1
1
2
2
1
2
1
2
2
1
1
1
1
1
2
1
1
2
1
2
2
1
2
1
1
1
2
1
1
2
1
1
1
1
1
73192322334
2
2
1
1
1
1
1
1
2
1
1
1
1
2
1
1
2
1
1
2
1
1
1
1
1
1
2
2
2
1
1
1
1
1
1
2
1
1
1
2
1
2
2
1
2
1
1
1
1
1
1
1
1
75554117217
1
1
1
1
1
1
2
1
2
1
2
1
2
1
1
1
2
1
2
2
1
2
2
2
1
1
2
1
1
1
1
1
1
1
87400418503
1
1
69010118570
1
1
2
1
1
1
1
1
1
1
2
1
1
1
1
1
2
1
2
2
1
76805103603
1
1
1
1
1
2
1
2
2
1
1
2
2
1
1
1
1
2
2
2
1
1
2
1
1
2
1
2
1
1
2
1
2
2
2
2
2
1
1
2
2
2
1
1
2
2
1
2
1
1
1
1
2
2
2
2
2
2
1
2
1
1
1
2
1
2
2
1
2
1
1
1
1
1
2
1
2
2
1
1
1
2
2
1
2
2
2
1
1
1
1
2
1
2
1
2
1
2
1
1
1
1
2
1
1
1
1
2
1
2
1
1
1
43676442304
1
1
1
1
1
2
1
1
1
1
1
2
1
2
1
1
1
1
1
1
1
1
1
1
1
1
1
2
1
1
1
2
1
2
2
1
2
2
2
1
1
4671554758
2
2
1
1
1
1
1
1
1
1
1
1
2
2
2
1
1
2
1
1
2
1
1
2
1
2
1
1
2
1
2
2
1
2
2
1
1
2
2
1
2
1
1
1
1
1
1
1
1
2
2
1
1
1
1
1
1
1
1
1
2
1
1
1
1
2
1
1
1
2
2
1
1
1
1
1
1
2
2
2
1
2
1
1
2
1
2
1
2
1
1
1
1
2
2
2
1
1
1
1
1
2
2
1
1
1
2
1
1
2
1
1
1
2
1
2
2
1
1
2
1
2
2
2
2
1
2
1
2
1
1
1
2
1
1
69115925600
1
1
1
2
1
1
2
1
1
2
1
2
1
1
1
1
1
2
1
1
2
1
2
1
1
1
1
1
2
1
2
1
1
1
1
1
2
1
1
1
1
2
1
1
1
1
2
2
1
2
1
2
1
1
2
1
54323509356
2
2
1
1
1
1
1
1
1
1
1
2
1
2
1
1
2
1
2
1
2
1
2
2
1
2
1
1
1
1
1
2
2
5614070516
1
1
2
1
1
1
1
2
2
1
1
2
1
1
2
1
1
1
1
2
2
1
1
1
1
2
2
2
1
2
1
1
2
58112135316
1
1
1
1
1
2
1
28565679205
1
2
1
1
1
1
1
1
2
2
1
1
1
1
1
2
1
1
1
1
2
1
1
1
1
53369726584
1
1
2
1
2
1
2
1
1
1
2
1
1
2
2
1
1
1
1
1
1
1
1
2
1
1
1
1
1
1
1
1
2
1
72551126247
1
1
1
1
2
1
1
2
1
1
2
1
1
1
1
1
2
1
2
1
1
2
1
2
2
1
1
1
1
2
2
1
1
1
1
2
2
2
1
2
2
2
1
1
1
1
1
6721926920
1
1
1
2
2
2
1
1
1
1
1
1
2
1
1
1
1
2
2
1
1
2
1
1
1
1
2
2
1
2
2
1
1
1
2
1
2
1
1
2
1
2
1
1
1
2
1
1
1
2
35793454581
1
1
1
1
1
2
86315778618
2
1
1
2
1
1
1
1
1
1
31237466500
1
1
1
2
1
1
2
1
2
2
1
1
1
2
1
1
1
2
1
2
2
1
1
1
2
1
1
1
1
1
2
2
1
2
2
1
1
1
2
1
1
1
1
1
1
2
1
1
1
1
1
2
1
1
1
2
1
1
1
1
1
1
1
1
1
2
1
1
2
1
1
2
2
1
2
1
2
2
1
1
2
1
1
2
1
2
1
2
1
45707525928
2
2
1
2
2
1
73421062380
1
2
1
1
1
2
2
1
2
1
1
1
2
1
2
2
1
2
1
2
2
1
2
1
1
1
1
1
1
2
69928920605
1
1
1
2
1
1
2
1
1
1
1
1
2
1
2
1
2
2
2
1
2
2
1
1
1
1
1
1
1
2
1
1
60389342443
1
1
2
1
2
1
1
2
2
1
1
1
2
1
2
1
1
2
1
2
1
2
2
1
1
1
1
1
2
2
1
1
1
1
2
1
1
2
1
1
2
1
76600475598
2
1
1
1
1
1
1
1
2
1
2
1
1
1
1
1
1
1
1
2
1
2
1
1
1
2
2
1
1
1
2
2
1
2
1
1
1
1
1
1
1
2
1
1
1
1
1
1
1
1
1
1
1
1
2
1
1
1
1
1
2
2
1
2
2
1
1
2
1
1
1
1
1
1
2
2
1
1
1
1
1
1
2
2
2
55028873769
1
2
2
2
2
1
2
2
1
1
1
1
1
1
2
1
1
30315005233
1
1
1
1
1
1
2
2
1
2
2
1
2
1
2
1
2
1
2
1
2
2
2
1
2
2
2
2
1
1
1
1
1
2
1
1
1
2
69979049308
2
2
2
1
1
1
1
2
2
2
2
2
2
1
2
1
1
1
1
2
1
2
2
1
2
2
1
1
1
2
1
2
2
1
1
1
1
1
1
1
1
1
1
1
2
2
1
1
1
2
1
1
2
1
1
48596690186
2
1
2
2
1
1
2
1
2
1
1
2
1
1
2
90852483214
2
2
2
1
1
1
2
1
1
1
1
1
1
96073299179
2
1
1
1
1
2
1
2
1
1
2
1
1
2
1
2
2
2
1
1
1
1
1
1
1
1
2
1
2
1
2
2
1
1
1
2
1
1
1
2
1
2
1
1
1
1
1
1
1
1
1
1
1
1
2
1
1
2
2
1
1
1
1
1
2
2
1
1
1
2
2
1
2
1
2
2
1
2
1
1
1
2
1
1
2
1
2
2
2
1
1
1
1
1
1
2
2
1
2
2
1
1
1
1
1
2
2
1
1
1
1
2
1
1
2
41105063728
2
1
1
1
1
1
42378159186
1
1
1
1
2
1
2
1
2
1
2
1
1
2
1
1
2
2
1
2
1
98808764621
1
2
2
1
1
2
2
2
1
1
1
1
1
2
1
1
1
1
2
1
1
1
1
2
1
1
2
1
1
1
2
1
2
1
1
2
2
2
1
1
2
2
1
1
1
1
2
1
2
1
1
1
2
2
2
1
2
2
2
2
2
1
1
1
1
2
1
1
2
1
2
1
1
2
1
1
61337564398
2
1
1
1
1
1
1
1
2
1
1
1
2
2
2
1
1
1
2
1
1
2
1
1
1
1
3608122790
1
2
1
2
2
2
2
1
1
1
1
1
1
2
1
1
1
1
2
1
1
2
1
2
1
1
2
1
1
1
1
1
1
1
1
2
1
2
1
2
1
2
1
2
1
1
2
2
38986642620
1
2
21579174928
2
1
1
1
1
52272816778
1
1
1
2
1
2
2
2
1
1
1
2
1
1
2
2
1
2
1
2
1
1
2
1
2
1
1
37446441156
1
2
1
1
2
1
2
2
85265689860
2
1
1
2
2
2
1
1
1
2
1
1
2
1
1
2
1
1
1
2
2
1
1
2
2
1
2
1
1
1
1
2
2
1
1
2
1
1
2
1
1
1
1
1
1
1
1
2
1
1
1
1
1
1
1
2
1
58592762710
1
2
2
1
1
1
2
1
1
1
2
1
1
68085501617
1
2
1
1
1
2
1
1
1
1
1
2
1
2
1
2
2
1
1
1
1
2
2
1
1
1
1
1
1
1
1
2
1
1
1
93886499993
1
2
1
2
2
1
1
1
1
1
1
1
1
1
1
2
2
1
2
1
1
1
1
2
1
2
1
2
1
2
89422552011
1
2
2
1
1
2
1
2
2
1
2
2
1
1
2
1
1
1
2
1
1
1
2
1
2
2
1
1
1
1
2
1
2
1
2
1
1
2
1
2
1
1
1
2
1
1
2
1
2
1
1
2
1
2
2
1
1
1
1
1
2
1
2
1
1
1
1
1
1
1
1
1
1
2
2
2
1
1
2
2
1
1
1
2
2
2
2
2
1
2
1
2
1
2
1
1
36343577582
1
2
1
1
1
2
2
2
1
93691268596
2
1
2
1
1
2
1
2
1
1
1
1
1
2
1
1
2
1
1
1
2
1
1
1
1
1
1
1
1
2
2
2
1
1
2
1
1
2
1
1
2
1
1
1
1
2
2
2
1
1
53166504474
1
1
1
1
2
1
1
1
87372477513
1
1
1
2
1
2
1
1
1
1
1
1
1
2
1
1
1
1
1
1
1
2
1
1
1
1
1
2
1
2
1
1
1
2
1
1
1
2
1
1
2
2
1
1
2
1
2
2
2
1
1
1
1
2
1
2
1
1
1
2
1
1
1
1
2
1
2
14602648710
1
1
1
2
2
2
1
1
1
2
1
1
2
1
1
2
1
1
1
1
74978920366
1
1
2
2
1
2
2
1
1
1
1
2
1
2
1
2
1
1
1
1
1
1
1
1
1
1
1
1
2
1
1
1
1
1
2
1
1
1
1
1
2
1
1
1
1
2
1
1
4030746856
1
2
2
1
2
1
1
2
1
1
1
1
26918866220
1
2
2
81039521790
1
2
1
2
1
1
2
1
1
63039611822
2
2
2
1057943738
1
1
1
2
1
1
2
1
1
1
2
2
1
2
1
1
1
1
1
2
1
1
2
1
2
1
1
1
1
1
2
1
1
1
1
1
2
1
1
2
2
2
1
1
1
1
1
1
2
1
1
1
1
2
1
1
1
1
2
59161727318
1
1
77610319092
1
1
2
1
1
1
1
2
1
1
1
2
1
1
1
1
1
2
1
1
1
2
2
2
1
1
1
1
1
1
2
1
1
1
2
2
1
1
1
1
1
2
1
1
1
1
2
1
1
1
1
1
1
1
1
2
1
1
1
2
1
1
2
2
97935671513
1
1
1
1
1
2
1
1
2
2
1
1
2
1
2
1
1
1
2
1
2
1
1
1
1
2
1
2
1
2
2
1
1
1
2
2
1
