18815604	1000121558
5868662	1000127008
18170896	1000003666
123879425	1000098161
15779389	1000084128
81030409	1000114935
16661296	1000079627
754928	1000108611
6280302	1000046941
14989975	1000037787
23248754	1000114716
14446419	1000086843
61558088	1000091375
41662642	1000042609
363236099	1000040977
17979066	1000116415
14085473	1000121558
17979066	1000116981
19421355	1000114146
17448186	1000067880
234402376	1000001188
174741544	1000114935
16246081	1000021622
26846571	1000146895
28947545	1000047168
369468391	1000060093
16892481	1000047165
21457289	1000094787
63786611	1000078949
64780470	1000021286
15449147	1000038487
14602520	1000062339
20605481	1000079627
45132254	1000140951
45951258	1000102376
176686379	1000129581
20811033	1000140951
232058655	1000112530
35293	1000155414
15737554	1000098146
16739593	1000033922
14069676	1000123755
14266435	1000021318
709143	1000062339
78988662	1000069076
23127272	1000143452
15381688	1000150832
22977196	1000058978
14130030	1000079627
14289945	1000018170
165111862	1000130342
377352404	1000048680
86063394	1000018700
93228003	1000094787
15759755	1000047187
128320890	1000136054
26915634	1000114716
20571654	1000129005
28366439	1000140951
390189904	1000044869
12235562	1000036329
272844606	1000153888
22138357	1000057922
260433129	1000001166
14134204	1000110349
16114437	1000121558
126048747	1000129005
239438427	1000124565
17669882	1000132966
124179300	1000052738
14186288	1000126025
167313316	1000077225
39582797	1000057349
216865677	1000146081
26276457	1000014043
16723958	1000142707
14645160	1000036009
208541451	1000101907
254646743	1000084928
20517668	1000112530
14703882	1000091375
50944856	1000083359
13461662	1000119477
14948898	1000005102
121597650	1000090212
15199325	1000077359
14281941	1000127008
10716292	1000062385
70835010	1000014055
148497957	1000012149
82739746	1000094787
3748711	1000056957
1980271	1000098408
35765068	1000130732
26200403	1000082147
287891105	1000002237
21094279	1000072187
17200130	1000154126
30296193	1000006745
23664028	1000053193
17979066	1000102870
163587101	1000099584
736293	1000105424
90460131	1000065011
40209732	1000082226
14287774	1000074655
7588102	1000093623
16072676	1000066997
69402000	1000092291
17073902	1000124921
170939290	1000014043
45862693	1000012149
14921836	1000100041
187240774	1000081265
824157	1000121558
12199652	1000120739
14202246	1000123882
193330103	1000070945
14106930	1000003666
101608829	1000140951
162442852	1000058431
44100037	1000108229
245398335	1000154126
86566510	1000045565
52530194	1000044306
102264848	1000108583
15729193	1000130732
306128912	1000021318
86395621	1000086013
809512	1000121558
49465463	1000093080
78792100	1000002023
284102001	1000087268
15341415	1000011773
14980781	1000146339
20734751	1000079522
19848655	1000099584
467259963	1000108583
15335123	1000090818
15445828	1000054098
5737	1000061576
127809307	1000087268
1116721	1000003666
18639738	1000112530
29287875	1000153859
12437282	1000123490
65467398	1000112530
410546830	1000122632
5871202	1000068755
242155735	1000079627
72998217	1000006032
116183062	1000012436
26639826	1000096655
26083291	1000038487
158769098	1000066997
40209732	1000048680
348352704	1000081334
45413261	1000045838
138413334	1000156040
15839249	1000120013
31525143	1000006745
16338664	1000036329
19400611	1000066997
14827241	1000079787
500125656	1000013040
405122243	1000072187
573	1000079627
157106615	1000108229
191916463	1000124565
53023494	1000060093
16755150	1000046583
106436533	1000087268
356800495	1000124565
770729	1000062339
16824850	1000030351
17602261	1000058978
47840035	1000006745
22323452	1000038487
24752484	1000121558
13535762	1000088366
108393207	1000143452
38514229	1000058978
14209885	1000108611
96501375	1000105464
437300342	1000082226
1035491	1000068512
5868402	1000036213
116360467	1000079627
291691995	1000003666
101956358	1000077225
47257805	1000035988
341946801	1000113105
7668362	1000077902
1065921	1000129005
14847279	1000021286
14351575	1000091375
249405898	1000130566
61878718	1000037845
135316691	1000140276
885	1000121558
260935147	1000112215
22798591	1000140951
6724092	1000018237
31957731	1000155718
19468048	1000060093
19421554	1000014043
61040299	1000112215
19737483	1000036882
626433	1000006860
14355627	1000052224
35499363	1000124565
294211752	1000146081
15480686	1000045555
72842277	1000140951
27412294	1000101179
7446452	1000018237
302166268	1000124565
10859	1000117162
15396961	1000047187
64444175	1000121558
23135992	1000033636
34749146	1000049804
27163774	1000090606
33933259	1000136356
25220741	1000066997
17324205	1000111338
45310286	1000077225
27747605	1000130649
15625713	1000021227
306604708	1000037787
16739711	1000066464
353547940	1000126300
48416851	1000140951
24582572	1000102634
128292609	1000112530
242624244	1000150832
14269220	1000129005
18914321	1000146081
24244836	1000108583
99330079	1000006745
17029324	1000108611
33658564	1000116981
17177001	1000094787
77843323	1000056724
16785028	1000077225
166472213	1000065011
44123487	1000030086
19416598	1000079627
7650782	1000098408
21614669	1000071879
34713716	1000054098
28228172	1000102376
365928619	1000112166
26057085	1000044306
151974449	1000112530
22605665	1000018237
19780462	1000140951
19103296	1000041726
17371549	1000112530
18293260	1000105464
128688675	1000129581
113443529	1000099770
336644583	1000156040
140909641	1000084283
96461927	1000036213
197867309	1000094787
2841151	1000005703
140233276	1000109429
311657687	1000013961
5996402	1000154937
20050047	1000008471
18732887	1000082147
93714983	1000129581
353344542	1000123882
251618916	1000109801
22089455	1000045458
10876852	1000154937
15765018	1000009321
2295061	1000070937
14072782	1000112138
301086893	1000094787
95699292	1000108611
2148071	1000021286
163215062	1000003666
44156753	1000140951
39680464	1000052738
16848203	1000129005
368943658	1000077225
113184907	1000006032
9218342	1000074682
1452261	1000003666
1966	1000154937
6650602	1000038487
5516192	1000003666
8087662	1000129505
279573338	1000130566
18913128	1000001188
71383220	1000033760
31311757	1000148389
66352917	1000006745
16274337	1000039678
17628437	1000074238
15484063	1000057349
87873439	1000133847
170675435	1000102634
18919970	1000127008
4048421	1000021286
161565550	1000038850
8951502	1000126611
21404341	1000038850
18195997	1000050987
312331302	1000149203
28583197	1000079627
373573313	1000102870
759679	1000102604
12652382	1000145843
36208741	1000064544
65375759	1000140951
11210802	1000062339
385655413	1000014043
16657277	1000098408
15311039	1000154126
134761763	1000012436
17095452	1000107508
84209868	1000111338
23066372	1000096737
381688396	1000110349
18267733	1000154937
216065604	1000121558
7621482	1000079627
19753033	1000123755
82719178	1000074682
15199325	1000021286
35473416	1000105938
20471349	1000124565
14172581	1000002970
6666312	1000068885
19372797	1000104160
62493005	1000001188
3715	1000077521
5879952	1000154937
352226153	1000012149
18489585	1000105938
33952755	1000114935
18798515	1000033760
368943658	1000102634
13189102	1000105938
17409832	1000052738
15256115	1000054098
6022072	1000104527
92095091	1000072187
12285702	1000098408
14200145	1000056957
4488	1000076635
9085252	1000091375
1116721	1000056242
15684633	1000112530
15905088	1000021286
949521	1000063898
14619851	1000112530
5676102	1000099450
60642052	1000081239
122186614	1000005703
113497030	1000044306
282275903	1000005102
403119265	1000101179
216548653	1000129581
13919072	1000079627
15120110	1000021227
67625279	1000052776
24732168	1000083062
14117030	1000086843
18976948	1000006745
17567533	1000021227
156370885	1000112530
19245426	1000079627
151907689	1000067880
66476989	1000121558
45453816	1000036329
169762337	1000083062
289659449	1000065105
24278682	1000036213
42869411	1000123490
14140036	1000091789
54917026	1000018988
341840097	1000124565
19102458	1000140951
14426048	1000048916
292970754	1000012149
281929850	1000079787
53709155	1000107402
18497606	1000052776
5698342	1000081239
978741	1000118994
14794197	1000017532
118864539	1000146081
15602478	1000089605
18422803	1000001109
45741118	1000154126
11768582	1000108761
14286753	1000108611
16296057	1000140951
20703666	1000028095
4542801	1000102604
811087	1000014873
626433	1000116981
19533970	1000005949
11364932	1000129005
30216040	1000021622
42703075	1000153467
14187770	1000058978
17547979	1000058978
26575697	1000155718
13348	1000092291
32823	1000074655
18006705	1000077225
25107526	1000067758
25014145	1000157187
15043851	1000107349
19505302	1000077225
198693040	1000018237
19558297	1000153316
2960721	1000148830
13018472	1000059302
16195212	1000154374
18428353	1000112530
18181487	1000005703
49164309	1000140951
39699931	1000109429
18655567	1000140951
397673792	1000054098
54713657	1000124382
118943387	1000124382
20303544	1000087268
342665429	1000123755
38411747	1000154937
22877101	1000112530
15843184	1000045458
408722148	1000057349
254034285	1000051599
7790622	1000140951
398249223	1000003666
16086536	1000005949
463723508	1000140951
106443610	1000048680
1715051	1000110349
19550535	1000052738
42326800	1000017308
15497480	1000003666
133750016	1000119523
17930811	1000111338
2960721	1000092194
858071	1000006745
16002684	1000042128
13402072	1000012149
23365790	1000140951
46053	1000008471
14222615	1000154937
405714281	1000156040
16547411	1000018237
40252336	1000140951
283176087	1000124565
24481739	1000116415
1584511	1000142340
24741685	1000074238
7504202	1000001188
303645857	1000124565
21851761	1000052738
29500473	1000057575
818647	1000107402
153886406	1000079627
8362412	1000050987
118245120	1000112530
73448775	1000124565
40224794	1000105464
5868662	1000035625
77226369	1000148389
113497030	1000053997
15866188	1000025912
466803493	1000072187
14502745	1000124921
777908	1000002624
65139172	1000058978
14293310	1000130732
23998497	1000062339
69402000	1000083586
15698507	1000006745
330892519	1000124565
18789428	1000035256
3564041	1000079627
849131	1000036329
69085691	1000014043
116994659	1000112530
6476742	1000044413
14134204	1000041726
25246881	1000038487
873131	1000155179
3962191	1000096655
18257270	1000114935
14134265	1000132966
344914507	1000116415
33457913	1000034864
62541270	1000156040
14562714	1000105216
49785880	1000077225
14207199	1000012149
90778418	1000112530
128292609	1000079627
448436696	1000094956
962631	1000033657
45310286	1000035256
21891867	1000079886
66021490	1000126880
65774480	1000140951
12782472	1000006745
280162778	1000124565
48473	1000079627
85916495	1000031788
15244831	1000112530
15416485	1000087657
1436851	1000140951
20608711	1000079627
18315664	1000033922
148900525	1000050987
242366566	1000076871
15533709	1000081239
15919138	1000108611
21408610	1000021227
17174484	1000068734
1930311	1000123755
184810567	1000070203
161555365	1000077225
17131649	1000119845
232733395	1000130566
223467843	1000087268
19610339	1000109363
10032112	1000121558
466864396	1000002970
29676657	1000024927
5749162	1000008314
14095644	1000122293
15232765	1000108611
5161281	1000110349
30351331	1000052738
175114748	1000107037
83839005	1000045555
412640233	1000088366
15679119	1000146895
28536332	1000130566
32893652	1000101179
14083492	1000154126
103316833	1000140951
17054817	1000112530
313671709	1000044306
90851356	1000136054
16072024	1000091375
26724471	1000138020
16434310	1000112530
13894102	1000129005
13831522	1000100946
15653423	1000077225
38539848	1000058978
26083291	1000072187
84094747	1000006745
2897431	1000112866
373075571	1000124565
15647839	1000129005
23962323	1000126880
153069336	1000006745
2713951	1000050987
18999841	1000101179
336463060	1000077225
18880970	1000130325
17758502	1000003666
19655985	1000003666
7042812	1000000233
32173043	1000051317
23116280	1000140951
39373412	1000140951
89539124	1000140951
233356779	1000006745
394443437	1000050987
18826638	1000046941
93711247	1000120013
312331302	1000090212
22519473	1000102376
131003737	1000005949
17972871	1000112530
90385486	1000102634
56413858	1000066997
22771839	1000068512
5854642	1000150005
17275604	1000006745
166252256	1000121558
991221	1000003666
17982742	1000006745
17711319	1000034886
15006743	1000072187
15737062	1000051317
17034634	1000021286
103087666	1000119446
20923753	1000058431
333279088	1000096737
33987752	1000152413
3440721	1000129005
14870627	1000000644
361683510	1000037787
17996177	1000116415
281196299	1000116981
6750912	1000058978
14109797	1000091375
326844718	1000037954
103993750	1000015051
15000527	1000142707
15341415	1000127008
359584365	1000086429
14944532	1000112530
643613	1000079627
3006981	1000046697
190846012	1000114935
107404132	1000065011
61060345	1000037374
16304817	1000038042
374659799	1000124565
16043462	1000079392
18440972	1000085542
14463592	1000080061
13348	1000062339
2384071	1000121558
19245182	1000102634
8525402	1000050987
432557242	1000065011
2146141	1000150005
1502501	1000136940
134059398	1000141736
17533559	1000012255
5747872	1000110349
5110861	1000021227
5110861	1000112530
19274813	1000005703
14210641	1000072187
55051751	1000003673
28642084	1000107349
482305428	1000079627
98144476	1000012149
15290899	1000130566
319189672	1000124565
274641222	1000021286
26051404	1000105099
24273880	1000006032
14281905	1000146081
48713560	1000050987
390189904	1000136054
763699	1000112138
482518294	1000135753
14655436	1000045458
358658416	1000109801
12011422	1000140951
107236336	1000116981
608853	1000042409
365986257	1000082226
8715652	1000067055
15702262	1000006745
11677062	1000112866
77843323	1000022387
6138492	1000154126
5487152	1000035988
198693040	1000094787
37371226	1000001188
60094114	1000054853
14412888	1000121558
22946999	1000050987
111949935	1000021318
16526462	1000114935
309393473	1000005102
44449776	1000125287
8007092	1000041726
71317882	1000006745
27718312	1000140951
275003449	1000012122
15329102	1000079627
11229292	1000056008
14056632	1000154937
15446372	1000108611
79514468	1000033922
251215603	1000130732
32423136	1000140951
186227073	1000039932
719043	1000062339
4503491	1000112138
14667884	1000074682
23799441	1000140951
39547783	1000012149
107375795	1000096737
72842277	1000112530
249252048	1000138020
13332922	1000056242
10247222	1000116333
24773177	1000079627
17027590	1000079627
10394522	1000031295
35773039	1000140951
14847003	1000107402
9426982	1000052738
311657687	1000112530
19696690	1000012641
33416342	1000116981
104901536	1000124382
14964767	1000087657
244622783	1000126025
2195241	1000050987
64488804	1000005102
48473	1000009321
1116721	1000044110
49445813	1000079627
17574181	1000108249
3530911	1000116415
414186024	1000146474
3245291	1000157187
5413042	1000080061
532274904	1000014043
44698296	1000094787
766195	1000092194
15816057	1000105938
239868306	1000124565
182370042	1000058978
30096240	1000065011
84398138	1000018237
151306416	1000102376
16650200	1000017287
32077619	1000012149
101569095	1000133847
16350866	1000036213
29057694	1000112215
2735591	1000054098
48900286	1000107728
10169562	1000062339
1045521	1000129005
31466859	1000112530
351564837	1000079627
80523	1000062339
209759970	1000006745
177849911	1000012149
14457794	1000012641
146350964	1000102634
147269043	1000006745
20565005	1000105464
215254878	1000129581
329542303	1000124565
9499992	1000112138
7858982	1000002624
362055950	1000014043
133824534	1000121558
104615636	1000034886
14050619	1000068734
806170	1000123882
24417952	1000074238
12273252	1000045624
80249436	1000021622
334370433	1000044306
305432574	1000130566
22605665	1000129005
185699666	1000156040
191300142	1000130342
23773846	1000005447
21182763	1000006745
16463326	1000119845
9659992	1000056957
19505302	1000102634
16246524	1000100041
891371	1000022455
85718756	1000102376
7093352	1000030086
485924782	1000008471
26334426	1000140951
226594115	1000006745
13094262	1000018170
1422311	1000017532
2525131	1000124921
36823	1000121558
4087691	1000006860
16434273	1000060093
241371677	1000150945
2254561	1000112138
15861559	1000127008
51063	1000074859
6066602	1000005949
18919970	1000011773
19421355	1000068734
218747180	1000024927
249518215	1000124565
14610224	1000112530
7908082	1000067880
29504268	1000001166
275446831	1000124565
166601166	1000067908
258280763	1000003666
23110501	1000122779
3006981	1000154126
353466012	1000086013
14327149	1000052738
14495204	1000038850
204370454	1000082226
137106216	1000003673
31076895	1000006745
18364847	1000123490
11969	1000052224
819284	1000119845
19299660	1000038850
36681590	1000140951
459209611	1000086013
314273466	1000108583
40256499	1000140951
19643968	1000056889
10295842	1000037374
16977640	1000015051
15367053	1000068734
31037985	1000005102
165786567	1000148389
16423109	1000140951
14993946	1000099770
1899161	1000009200
221770604	1000112530
71331671	1000116981
42070873	1000005703
18741363	1000107402
96865911	1000157378
18935127	1000148117
18930170	1000021227
138306486	1000105464
17469068	1000156040
15768141	1000140951
16930986	1000108611
44873497	1000140951
16197343	1000013040
54555320	1000087268
32708554	1000130325
274101424	1000112530
200343026	1000077225
14326840	1000041726
179980928	1000112530
10860762	1000006745
29114279	1000068734
13134712	1000052738
20212580	1000037787
12798452	1000008314
3661961	1000008314
91407203	1000100041
271188987	1000077225
126819958	1000131327
115911638	1000140951
14232363	1000129005
51154947	1000006745
97261425	1000103839
22516489	1000013883
69878323	1000119523
122216533	1000047652
23679615	1000112530
149235847	1000057349
223079863	1000052738
13103402	1000098408
19167465	1000112530
74673	1000110824
20114488	1000111338
88153175	1000081200
24626969	1000140951
67760575	1000112616
93479887	1000001188
15347317	1000026074
13348	1000088451
735983	1000006745
682463	1000077902
274663230	1000108583
23133852	1000021286
268915110	1000084283
51421542	1000003666
202839283	1000076667
286139806	1000077225
16517711	1000018170
17859912	1000140951
49164309	1000117418
33969495	1000098408
16583999	1000112249
29941998	1000009321
28124437	1000140951
368023694	1000124565
16808822	1000036213
14521530	1000058978
56929607	1000077225
35707531	1000065795
14647570	1000021227
389111108	1000124565
21595505	1000140276
1635121	1000048792
672483	1000153467
227863795	1000012149
17177001	1000050129
18485009	1000062385
43197610	1000084057
517716973	1000014043
15635812	1000001188
16482065	1000006745
25502100	1000122088
77320158	1000130566
386994844	1000112530
90142504	1000088913
16507692	1000012149
46265109	1000130566
88097712	1000108583
9557352	1000124921
90385486	1000077225
348429830	1000091375
168753203	1000121558
5878842	1000045458
2386761	1000128271
1793451	1000056724
23232505	1000003666
22338902	1000146081
109826992	1000065011
16140591	1000123755
2622521	1000077225
21778016	1000121558
14819061	1000108583
123004655	1000129005
156692136	1000112530
19192940	1000102376
30808563	1000150945
38190358	1000122205
20470888	1000143452
19998190	1000006032
6745742	1000003666
79692602	1000083359
284071322	1000112530
18785430	1000156040
19285126	1000101179
19502592	1000140951
14876672	1000041726
21834510	1000104160
233456037	1000006745
858051	1000062339
194397899	1000151848
259516003	1000140951
74841144	1000014043
71701833	1000100041
13094262	1000068734
42663679	1000006745
2384071	1000062339
51564922	1000041726
255761021	1000154126
5452672	1000005102
240330940	1000005703
2806761	1000019228
2727051	1000063898
38270929	1000001188
3829151	1000041726
11346482	1000121558
991221	1000056242
270412208	1000060093
22089455	1000154374
18400024	1000093601
425153490	1000129581
18195319	1000077225
231563877	1000110349
66175701	1000112530
348352704	1000044869
270395231	1000124565
15777776	1000005820
1044591	1000003666
15665127	1000130566
112814372	1000058978
161372707	1000089057
32959826	1000099770
17451816	1000121558
15026162	1000110349
94119909	1000117418
15660556	1000116415
68198046	1000066997
285185591	1000116415
14848785	1000112530
125547081	1000140951
408722148	1000094787
128292609	1000140276
81003572	1000147520
248767317	1000021286
9955652	1000012149
211614808	1000124565
17200130	1000008471
5309462	1000086709
167144274	1000079627
14409428	1000112215
30324434	1000036213
254324559	1000114716
16107006	1000041726
11440412	1000154374
39525929	1000140951
186330242	1000100041
414334713	1000143452
12491	1000136940
113206484	1000140951
16856928	1000140951
36749860	1000054098
17534350	1000077225
8732542	1000105464
274135827	1000124565
153812978	1000153888
81696307	1000130566
1586501	1000090118
4119741	1000140951
333464309	1000101907
7429892	1000129581
188154135	1000079627
8131122	1000044306
66369181	1000122088
13538172	1000041726
20331568	1000005102
23066372	1000135481
21255367	1000105828
104517739	1000112530
42135344	1000066997
14801863	1000097670
42226885	1000034864
23679615	1000094787
24732168	1000094787
15341629	1000127008
14326840	1000110824
23930272	1000083359
1044771	1000003666
14437914	1000140936
1586501	1000050987
14572992	1000047187
1049111	1000003666
7434272	1000079627
15443476	1000081126
336463060	1000102634
527831741	1000013040
18859933	1000048092
14209507	1000156040
73087362	1000154527
22196442	1000140951
15009761	1000019228
19424888	1000110824
5904212	1000045555
28644277	1000077225
174741544	1000077225
210758676	1000047187
20534486	1000018237
17262744	1000052738
15727738	1000089057
456966324	1000014043
327110126	1000124565
22585445	1000058978
133066018	1000062339
14836915	1000108583
1045751	1000008314
260433129	1000057575
281196299	1000009200
46854930	1000009321
16312316	1000090118
117789588	1000112530
10450	1000086429
23988681	1000009200
211238730	1000008471
45175547	1000098859
51421542	1000056242
9103242	1000112530
15993167	1000130566
21909890	1000077359
19830262	1000002624
248044499	1000005102
67707077	1000116415
88626951	1000101179
64121269	1000052738
306328530	1000008471
74161330	1000094787
27857304	1000112530
635523	1000091375
15156454	1000076844
16284647	1000112530
223978695	1000050987
6070762	1000077902
82067206	1000082226
134348059	1000065011
379377021	1000124565
138820859	1000121558
16741381	1000017268
36108089	1000043495
271759013	1000112599
86626845	1000112530
32401095	1000093099
22937213	1000108611
14677117	1000140951
879521	1000079627
383267303	1000112530
13004572	1000108583
5668172	1000127008
19816660	1000129581
29328707	1000079627
21769593	1000140276
91927876	1000112530
29964546	1000087268
348352704	1000082226
652193	1000057923
431228220	1000109966
209692125	1000088451
96770819	1000087268
201526993	1000018237
23084598	1000065105
91056925	1000127008
16162693	1000153316
442847698	1000082226
24451738	1000112530
25458129	1000140951
45638067	1000112530
14676716	1000034110
16594064	1000054098
50134285	1000014043
962631	1000110349
5650332	1000129005
14783047	1000129005
19737483	1000027452
165645655	1000077225
57987237	1000150945
114910205	1000077225
418347726	1000123755
169979375	1000035146
7082092	1000100459
12	1000081126
103925618	1000140951
112001635	1000052738
80149492	1000090118
15575251	1000005102
75181220	1000077225
14055014	1000125287
3004231	1000110349
30216040	1000140951
14163141	1000079627
16115892	1000041035
17108182	1000112530
108398384	1000006745
34970516	1000129581
61559439	1000086013
21430043	1000155542
386994844	1000079627
237464802	1000005949
74693025	1000038487
388577434	1000124565
15454949	1000112215
16463326	1000121558
15239720	1000085406
16181584	1000127008
118975084	1000079627
5511322	1000086013
14327789	1000084128
19926055	1000112530
145823923	1000077902
204145356	1000129005
7296332	1000062339
75493	1000034886
15800873	1000006745
6427892	1000130566
204646586	1000033760
27865999	1000078949
14706339	1000102544
20232992	1000005949
186398060	1000112249
16192310	1000153467
1175221	1000020025
348968125	1000108583
14347790	1000041281
7194892	1000037787
11072822	1000046962
88688915	1000113844
14439168	1000123882
12095912	1000077359
59727190	1000105424
5447732	1000014055
223970563	1000066997
164778234	1000038487
816653	1000034886
14150661	1000006032
158369556	1000090219
27179152	1000008314
15485242	1000033657
57387804	1000140951
14703882	1000067908
28352370	1000155542
15410099	1000052738
26265033	1000110349
182914092	1000144552
32639070	1000110824
21861198	1000065795
19351604	1000130732
132877818	1000094787
23204326	1000008471
15485242	1000041726
621713	1000036329
326031248	1000030748
17296792	1000112530
23682475	1000067055
5497452	1000062339
18815604	1000036882
792738	1000054098
125404532	1000008471
108616178	1000064544
95383690	1000065011
17821570	1000091789
17918629	1000112215
14090859	1000052738
17093224	1000018237
14511908	1000081239
272822851	1000124565
3288371	1000079627
14502476	1000062339
15533496	1000054098
25562113	1000021286
14849487	1000012641
23140494	1000005102
15367053	1000031295
53474481	1000052738
18573267	1000146081
16900850	1000053193
26355729	1000012122
17596622	1000112530
28386166	1000130566
67713651	1000116981
6183972	1000040943
7123902	1000074238
16866701	1000095962
15959868	1000112215
25562113	1000104160
24893115	1000070919
300916268	1000101179
31513494	1000146895
35935238	1000154527
98660285	1000072346
1000591	1000008314
14180249	1000021286
20449133	1000009200
19679993	1000156040
14703882	1000026074
8653962	1000112530
20172221	1000126025
14893249	1000102604
16483812	1000101179
3217101	1000147580
15912884	1000130566
18177126	1000006745
48669511	1000006745
8690322	1000014474
11272122	1000129005
21347710	1000038487
15647839	1000021286
18483888	1000112530
14334870	1000058978
9528212	1000112530
18737808	1000105938
21049178	1000006745
21513978	1000061561
17876079	1000129005
489464235	1000009287
26180582	1000051599
25440543	1000049539
15086405	1000074130
15727738	1000042608
247352819	1000106530
50986270	1000070937
143381041	1000112530
135187648	1000090219
27620472	1000155718
22123688	1000154937
20010173	1000065795
9921142	1000003666
16275037	1000021622
84016634	1000122632
8903102	1000124565
86163538	1000008471
8584	1000123882
15120110	1000112530
16120265	1000116981
52832085	1000082147
15476915	1000006745
50004191	1000136054
16974245	1000038487
239434259	1000143452
6280302	1000005102
8596922	1000146081
74849943	1000154126
20852488	1000033922
68999404	1000021286
87899230	1000112530
15144542	1000108583
15753937	1000121558
143177731	1000001188
390287262	1000129581
9893782	1000068734
11183772	1000067065
26546403	1000140951
200960284	1000003666
32177485	1000129581
16114437	1000009200
14372143	1000111338
33416342	1000119071
16822292	1000028284
18339273	1000155718
14951992	1000013883
153087224	1000058431
14744489	1000022387
42800399	1000008471
12298152	1000112215
14050619	1000095353
263353755	1000124565
15884908	1000154937
320894277	1000124565
21636682	1000058079
10880202	1000014055
49465463	1000036329
38282454	1000102870
21363027	1000052776
14343185	1000116415
24049604	1000101179
77175478	1000075339
15482536	1000109263
7062302	1000074238
14231571	1000019228
54348228	1000108229
15454949	1000030086
131996281	1000005820
9026642	1000071879
47306483	1000108583
17324205	1000006745
101612292	1000014043
2317861	1000051317
5905672	1000136940
34743251	1000126880
21090871	1000001188
88971791	1000012149
19837036	1000018170
213414358	1000107037
64852973	1000006745
11620792	1000081126
50986270	1000054098
39811799	1000129005
19655985	1000082226
14083627	1000036213
21611239	1000112530
266622539	1000140951
16402947	1000110884
43914057	1000047443
14090859	1000021286
469723250	1000052738
19738805	1000052738
15884908	1000074736
112548462	1000079627
15839249	1000053997
22712217	1000053997
19764050	1000014043
9893782	1000079627
11989152	1000048792
795649	1000038850
97002407	1000081265
344914507	1000116981
90311252	1000130732
17333679	1000006745
4952751	1000112530
18069427	1000130566
45266183	1000150832
21505330	1000052738
13460312	1000040943
14947499	1000116415
24732168	1000104160
15346898	1000086013
162145099	1000112699
15934340	1000008314
204441039	1000121558
126973864	1000093623
15257015	1000005102
21575175	1000140951
117783948	1000035256
17613417	1000156040
14517478	1000012436
68540316	1000156853
161809505	1000001192
219370782	1000112215
7591562	1000052738
107149881	1000111022
16225122	1000041726
422966270	1000061007
59253925	1000003666
95820486	1000012149
70379729	1000035256
15101375	1000121558
6540712	1000052224
10859	1000099130
63147391	1000112530
22667596	1000102604
14290835	1000066520
61029887	1000001188
14766581	1000107037
42427518	1000035256
14123870	1000094787
11937352	1000035625
304583650	1000124565
6310522	1000091789
20607165	1000068755
6834572	1000129005
19355826	1000112530
6612402	1000045555
14882389	1000035625
15813218	1000006745
83720294	1000017532
11420652	1000052738
9424732	1000140951
14100903	1000079627
246915368	1000005949
15162829	1000086013
58431280	1000060093
153886406	1000140951
18930170	1000112530
116529568	1000140951
4461451	1000014873
13018472	1000154937
24903302	1000105464
4048421	1000058978
11435642	1000148832
22881265	1000079627
24571530	1000140951
19600970	1000079627
241211254	1000112215
50483419	1000058431
5478542	1000034886
112237162	1000140951
14456948	1000083108
14364049	1000154937
4934171	1000079627
264825458	1000145845
14262772	1000110824
36744137	1000132407
19558297	1000015786
254646743	1000154126
17565821	1000003666
30469169	1000129005
11272122	1000018237
528794879	1000001188
160008685	1000124565
161372707	1000140951
23799349	1000112530
393763802	1000102376
17530819	1000058079
11534102	1000062339
18032507	1000102870
14718555	1000077359
96498631	1000116415
14083627	1000074682
19536422	1000006745
9613162	1000031788
48398960	1000064544
14261617	1000008471
161396346	1000041726
10713592	1000057911
24297586	1000005102
389355069	1000079787
775336	1000086709
81894512	1000006745
87711945	1000140951
8876232	1000005820
43412421	1000013040
9740572	1000006745
9670952	1000045565
69878323	1000140951
10915842	1000079627
124849996	1000072187
14061015	1000146339
62287003	1000050848
274101424	1000039288
363216892	1000124565
24358412	1000092291
297234798	1000124565
16191902	1000140951
107236336	1000102870
15625377	1000018170
90892746	1000140951
134935099	1000091375
10638362	1000062339
22976803	1000005102
33923	1000142340
19396923	1000140951
20456848	1000037374
9557352	1000041726
14944850	1000108611
20838196	1000018170
1471341	1000112530
164569984	1000148117
1233111	1000086013
4534871	1000102604
14620422	1000021622
165436089	1000112530
131615009	1000021318
18655567	1000050987
35420362	1000038850
20571373	1000018170
12235562	1000154937
27163774	1000136215
6449392	1000044413
11107172	1000050987
19102458	1000079627
352360566	1000008471
292527401	1000124565
17689928	1000079627
294132475	1000111176
190957611	1000079787
5695942	1000034886
16250607	1000104521
18788502	1000140276
8207832	1000067908
1628691	1000038487
116511302	1000012149
1118161	1000003666
10042172	1000148117
15216860	1000005102
14880937	1000086013
185498905	1000112215
18170489	1000088451
94667476	1000112530
525087536	1000079787
66432209	1000040988
3288371	1000008314
65139172	1000157621
21343866	1000156040
24973996	1000041726
65121425	1000130566
218565522	1000065011
37759047	1000009200
273523038	1000124565
24893115	1000050129
79011908	1000140951
442847698	1000109801
20611320	1000052738
38762773	1000079627
236025357	1000130566
69718702	1000112215
2475171	1000086709
5252591	1000008314
989	1000091375
19998190	1000036213
14400125	1000054098
756596	1000021318
10697232	1000002624
213722368	1000121558
58899150	1000038850
14263368	1000031295
24586098	1000077225
26884913	1000127008
15781032	1000062339
14369901	1000035654
248097649	1000124565
14949810	1000012149
92357649	1000102634
440433860	1000146895
23787335	1000112530
802209	1000063287
398249223	1000057349
22724191	1000048092
24893115	1000015786
26010360	1000140951
28352370	1000100041
19579267	1000080843
146525713	1000091375
82877782	1000002456
18166055	1000003609
14774895	1000046091
170791701	1000153888
17669943	1000108611
19546657	1000157113
170675435	1000077225
128321519	1000045458
12449312	1000074238
15781032	1000136981
94685136	1000108667
7159422	1000129005
14887698	1000052738
202991265	1000077225
39470235	1000112166
16970864	1000120739
70007761	1000012149
11253262	1000076157
75246510	1000017268
26257927	1000112530
222368253	1000129581
61063478	1000112249
14608922	1000048792
8876232	1000118994
66244710	1000037079
162145099	1000068734
9255722	1000121558
34705238	1000041726
115523535	1000018988
54946618	1000030086
334133960	1000039288
54468739	1000058978
20009906	1000140951
135275592	1000129581
19507713	1000012149
372917532	1000038565
342519878	1000100946
88788576	1000014043
20458491	1000033760
15905088	1000058978
14218296	1000149790
22708797	1000140951
15919988	1000038251
20291907	1000021286
210936826	1000126300
105170873	1000006745
15169635	1000140951
45498349	1000124382
19685455	1000057349
33782099	1000054098
19019478	1000070945
14208982	1000038251
57389596	1000001188
50115087	1000129581
218328000	1000124565
16933278	1000114146
16581861	1000140951
254088583	1000098408
19994118	1000001188
23168621	1000065011
7141572	1000117162
130307055	1000014043
2483701	1000058978
285738406	1000127008
32548772	1000107402
16304817	1000094787
38097767	1000103839
14239496	1000139688
8978672	1000069273
1249631	1000081239
25843787	1000065011
315301328	1000124565
19597106	1000086013
59697905	1000093099
262448309	1000112530
163617802	1000124565
644463	1000064242
23272358	1000008471
38132559	1000038850
86204900	1000027506
237423538	1000124565
8202882	1000012436
809010	1000125256
54275864	1000116981
33688391	1000049539
20976355	1000086013
43553	1000079593
14555893	1000018237
16677622	1000108583
80044759	1000130732
15358350	1000077359
5973352	1000048792
15465602	1000071879
849131	1000108611
498182878	1000140951
7078732	1000012149
21090480	1000119523
4997601	1000077225
15077314	1000031295
35908473	1000021318
414027682	1000102634
10314702	1000061561
15009761	1000037787
190919200	1000112866
49445813	1000013961
80302411	1000102376
107236336	1000116415
19329119	1000112530
6834572	1000045565
16547411	1000045565
28352370	1000129005
16475744	1000079627
97984818	1000079442
159711140	1000044030
19245182	1000077225
18826638	1000091789
38500106	1000111338
11085852	1000067880
20458823	1000084128
23956321	1000038850
17475575	1000084057
28541640	1000005949
20426182	1000057923
138805593	1000079627
11775382	1000140951
435580051	1000126300
14849723	1000009200
59553664	1000082226
538592913	1000130566
14310583	1000022455
32445507	1000028772
15818301	1000086013
289380312	1000114935
161396346	1000110349
82504166	1000006745
29504268	1000057575
14213563	1000041726
89572877	1000133903
15077314	1000068734
1049981	1000003666
244522571	1000051599
17289723	1000005102
17979038	1000021318
14690813	1000090212
62737652	1000112530
34669164	1000098408
17131649	1000121558
16900850	1000033636
24048220	1000058978
25562113	1000094787
168397335	1000130566
22467578	1000040977
216881337	1000066997
416489288	1000014043
52530194	1000076667
62804806	1000008471
14766581	1000001192
132467872	1000129581
197867309	1000154937
14796922	1000036213
29739700	1000112530
2029971	1000068734
200176600	1000121558
4413741	1000079627
70454762	1000125287
20342875	1000013961
122145950	1000086013
799212	1000142340
14935647	1000030351
7753772	1000083359
16038438	1000012149
13607302	1000014043
14932753	1000112530
16526462	1000077225
36998859	1000077521
15757568	1000014043
10191272	1000116415
18774477	1000140951
14533116	1000121558
86359799	1000006745
14507115	1000156853
22092792	1000005949
6332272	1000003666
14166096	1000041726
85097241	1000102376
14155052	1000091789
30057786	1000146474
5387212	1000121558
77231766	1000033922
16131833	1000097670
62592897	1000100791
15023095	1000112530
91396874	1000108611
34153	1000112530
24955088	1000040977
280348860	1000102943
15940558	1000154126
22378524	1000065011
15195755	1000101179
106719889	1000036213
204337132	1000112530
22857385	1000157187
111743	1000088451
20229241	1000090212
12012472	1000086013
64269721	1000058978
101013718	1000136054
167426817	1000037494
9207632	1000079627
272087341	1000116981
46947488	1000082226
13535762	1000092291
7446452	1000129005
102262267	1000065011
288095664	1000065011
15686692	1000090212
14079172	1000129005
361396896	1000012149
279810574	1000083062
15164892	1000098408
107877686	1000041035
30469169	1000108611
319036126	1000100041
14154640	1000036213
17402835	1000147520
13337652	1000121736
15667666	1000111338
221837185	1000119446
7379562	1000067393
22970486	1000129005
20033726	1000006745
240324020	1000039288
299926425	1000046941
141505719	1000112530
13577212	1000123490
44465753	1000038850
17905977	1000079627
19709033	1000112530
771619	1000079627
5973352	1000155179
14451892	1000108611
52127980	1000092126
21224587	1000157187
7865552	1000114718
14445542	1000121558
16028750	1000140951
78089625	1000094787
17993516	1000116981
18713	1000149710
381451618	1000124565
1064051	1000144350
1671811	1000145252
14471778	1000105938
20898328	1000107349
17574181	1000105216
18846990	1000112530
15839249	1000076667
3475	1000008314
284908506	1000056724
17034634	1000104160
279622129	1000124565
14130107	1000111179
312937997	1000086013
20609319	1000045458
2363641	1000130566
384848172	1000129581
10394522	1000068734
16995354	1000087268
14217740	1000112530
1047961	1000056242
281196299	1000006860
21039860	1000028095
15301803	1000132966
285713629	1000077225
15094659	1000029750
53079577	1000084928
219115948	1000124565
15644999	1000140951
132519763	1000153888
287413569	1000066997
285800793	1000008471
773710	1000132710
131996281	1000056724
69402000	1000038042
17382568	1000081239
4197051	1000101179
4641021	1000000644
3325171	1000012507
18623616	1000055004
326175038	1000112530
65139172	1000021286
68459447	1000140951
9835902	1000034886
227655627	1000038487
90799898	1000027506
7494482	1000079627
113975798	1000001188
107348568	1000148389
6129072	1000079787
59956494	1000139690
1859811	1000074736
83941972	1000098408
7861312	1000036009
19915325	1000058978
18445879	1000058978
324546502	1000124565
31202965	1000112530
14471778	1000077225
33063	1000146339
21755787	1000082226
15735952	1000148466
1060121	1000127008
221131215	1000008314
305056517	1000088289
59847989	1000148389
18939033	1000079442
30978101	1000105938
15728161	1000021622
8402352	1000077359
22107142	1000079627
126679725	1000102943
161760542	1000129581
23260973	1000070203
20603058	1000109429
14255783	1000102943
68394215	1000034886
31079210	1000006745
20863627	1000052738
24724740	1000058978
16213352	1000077359
3253121	1000048916
274091885	1000154937
159322143	1000090818
17930811	1000081126
405954273	1000033760
47465882	1000025912
755165	1000067880
14708203	1000068734
16623719	1000112530
14690813	1000109263
20436922	1000052738
121218827	1000130732
15839249	1000044306
39044394	1000093623
11336782	1000092291
74161330	1000012641
426044697	1000079627
205195655	1000112530
162145099	1000095353
15383636	1000126025
164778234	1000056724
249348650	1000091789
16434273	1000109801
16231417	1000021318
128704224	1000058545
36851222	1000018237
143680246	1000052738
5169141	1000113844
24080041	1000124565
201681255	1000153888
30371903	1000033760
5193261	1000045565
27889538	1000122293
162145099	1000114146
34236703	1000018237
88879058	1000130649
12273252	1000036329
14313730	1000041726
18138971	1000072346
135818099	1000022455
666073	1000038850
169203819	1000066997
90866102	1000102376
18776131	1000121558
97743746	1000086013
7378422	1000067758
12998402	1000115598
199810683	1000000233
4467271	1000079627
80245884	1000112530
14100903	1000009321
16212913	1000033922
25952851	1000077225
10386322	1000015786
27430245	1000126025
301715055	1000154937
133784059	1000112215
14165980	1000112138
7716792	1000003666
5745122	1000056957
387210978	1000039932
87004822	1000130566
390189904	1000082226
282280747	1000140951
237836050	1000079627
23070306	1000114146
94643346	1000112215
16895274	1000051302
16095572	1000018237
14424381	1000005102
169083205	1000057911
19178371	1000076844
19623009	1000052738
13862172	1000121558
17174484	1000066520
16162693	1000015786
9541782	1000122205
14962080	1000116415
15868545	1000001188
62595437	1000119634
18688051	1000140951
143116093	1000077902
20688961	1000031295
9724232	1000025912
18840531	1000148117
480384401	1000123755
3543571	1000086709
15978788	1000041035
132120124	1000124565
223454816	1000054098
4278201	1000123882
11922692	1000021286
21128334	1000140951
22734582	1000081239
5877292	1000077902
15895373	1000003666
121999927	1000086013
35894498	1000150832
59110488	1000140951
26278266	1000008471
24424030	1000006745
12095912	1000142707
57973034	1000077408
27003337	1000140951
189017711	1000066997
18715024	1000012149
35857983	1000105464
280817624	1000130732
358163988	1000153888
16433562	1000121558
16365983	1000065105
811087	1000074736
45866071	1000021286
20152310	1000086709
17872114	1000091789
55871338	1000077225
18327902	1000154937
446672326	1000006860
237492786	1000124565
170776198	1000102943
5974992	1000005949
89060990	1000046962
426469859	1000124565
105673792	1000093080
79518156	1000044306
4087691	1000009200
45516390	1000112530
8557	1000041726
14364049	1000008314
118619941	1000124565
81168843	1000098408
40935299	1000054853
10297	1000068734
164859947	1000108611
144751388	1000111629
439109522	1000112530
16743138	1000006745
42883134	1000140276
6392872	1000028284
14142956	1000050987
21694568	1000150945
140970624	1000036213
213414358	1000125287
2876321	1000001109
25246881	1000088913
17029324	1000129005
14366976	1000140951
36408451	1000112530
24742040	1000112249
18196758	1000037845
15200846	1000062339
137134174	1000001188
198992124	1000145237
35926608	1000033760
70779109	1000130566
17022544	1000012641
14413075	1000041726
13535762	1000018237
16097061	1000156040
24944298	1000112530
43510041	1000112215
72998217	1000036213
15252359	1000071879
16162251	1000154937
11180212	1000123490
19626763	1000117162
58937467	1000126880
73249932	1000102544
76091017	1000121558
34917790	1000008471
120163364	1000112215
107375795	1000082226
266553242	1000130566
27884654	1000148389
4298461	1000062339
376085309	1000108583
16178511	1000140951
93950835	1000038850
39938848	1000108611
223030581	1000124565
15134782	1000121558
1521851	1000014043
166900117	1000087268
4934171	1000021622
16337119	1000018170
276322412	1000157187
1249631	1000058978
14805097	1000135753
1045521	1000155542
74291526	1000108583
42828152	1000052738
28372535	1000002023
884301	1000104527
3094401	1000150005
16549423	1000005102
11232732	1000129581
80886321	1000077225
7325452	1000081239
5520332	1000008314
203279955	1000124565
33925672	1000140951
57944123	1000136054
195820818	1000112530
1378	1000094787
337886919	1000129581
109299385	1000060326
16097743	1000033760
274101424	1000081265
7777932	1000038850
14100003	1000126880
16110819	1000112530
78672239	1000130732
55803511	1000001188
39948092	1000078949
52863597	1000129581
39832918	1000112530
12853322	1000086429
20887746	1000055004
17652777	1000127008
819284	1000111338
82208992	1000112530
125311700	1000065011
77388904	1000140951
17880192	1000005102
10400902	1000066464
3083351	1000050848
48118853	1000124382
26063063	1000057349
481453	1000058079
74697858	1000082226
115491854	1000091375
113497030	1000002237
156538059	1000057349
366167961	1000057349
16162693	1000051317
17567533	1000079627
13994032	1000080525
21408610	1000140951
14927543	1000070919
360864191	1000100041
16723231	1000079627
14120421	1000042128
22017602	1000066997
43656232	1000112530
15030908	1000109363
311214131	1000079787
177470611	1000058431
7170672	1000077359
363426409	1000012149
19774817	1000100041
79721137	1000135481
11107172	1000079627
14071414	1000062339
14977290	1000058431
14129874	1000107402
32311190	1000140951
16337119	1000114146
23239085	1000140951
15127990	1000079627
6305302	1000034886
52863597	1000108583
16095572	1000088366
48263	1000098408
109481454	1000065011
15635812	1000079627
39938848	1000129005
17473973	1000048039
109582354	1000093601
36711022	1000140951
5107561	1000105216
17034634	1000108611
188196198	1000052738
17506082	1000123755
236507452	1000058431
159578514	1000001188
19208626	1000140951
313401329	1000124565
89617904	1000021318
754613	1000062339
13378422	1000037374
41641782	1000110349
29441043	1000121558
311268617	1000077225
41554056	1000083062
14223960	1000079627
22879382	1000001188
9460662	1000036329
14990062	1000129581
8253162	1000126611
100794531	1000052738
4603931	1000154126
171735092	1000042608
250441643	1000124565
14871359	1000053997
17630704	1000130732
6476742	1000019228
289659449	1000008314
286139806	1000102634
29504268	1000098643
17870415	1000041726
12196292	1000014174
18364847	1000112530
66182591	1000112530
189686155	1000130566
78391198	1000047652
18346587	1000072187
2713951	1000008314
922	1000034886
21556678	1000084128
22778956	1000033760
19432206	1000125287
377352404	1000038066
78613092	1000144552
15169116	1000021286
20477352	1000033636
9283312	1000081239
16119090	1000072346
180881713	1000067393
348393652	1000129581
186052228	1000031788
245588569	1000005447
15129069	1000123882
154632372	1000003666
52238172	1000112530
22605665	1000100041
26021668	1000006745
14056632	1000036329
14223244	1000018237
15832293	1000121558
20543890	1000087268
3819701	1000006860
20012819	1000071879
8876232	1000061576
35997563	1000052738
109275829	1000001188
49666871	1000112530
23962323	1000140951
11794312	1000064242
16753853	1000058978
15554080	1000045458
18825668	1000129505
14173608	1000049210
616253	1000057923
14905961	1000099770
28947545	1000074238
152580711	1000123704
14316850	1000021286
12217962	1000002624
14452805	1000015668
7745472	1000017532
27837808	1000130566
17946886	1000024770
18261013	1000140951
50751382	1000005949
14882389	1000127008
36089423	1000047443
12562202	1000120867
536493529	1000076667
17044233	1000140936
4072401	1000001188
224896214	1000140951
23067559	1000154937
113241406	1000035256
11336782	1000038042
45391155	1000129581
14513842	1000108249
84398138	1000062339
243284052	1000037954
50564459	1000044306
15212527	1000092194
11884732	1000146081
135316691	1000140951
37281592	1000123755
15647839	1000108611
7798082	1000133903
1010181	1000019228
41713	1000079627
5659662	1000003666
275370651	1000112215
124038369	1000046697
27163774	1000049804
67727882	1000140951
86295646	1000102376
6666312	1000014873
32266874	1000147520
38920015	1000079787
386356694	1000130649
252110572	1000129581
19024819	1000140951
15728083	1000130566
14118608	1000081239
14284668	1000025912
221198749	1000012149
16546116	1000112530
159190716	1000112530
28215110	1000054098
19027176	1000154937
22288097	1000045555
165797976	1000008471
2717891	1000121736
2475171	1000127008
18666844	1000100041
15040500	1000120867
15053949	1000012255
5516372	1000012149
33529138	1000058978
135316691	1000079627
69671186	1000140951
105269306	1000108229
15816424	1000112530
14092963	1000111338
24550707	1000136054
18247541	1000080843
204145356	1000100041
45638067	1000021227
22156926	1000140951
14804903	1000127008
17052441	1000059827
6347872	1000009321
91981827	1000021227
8315692	1000136940
169762337	1000094787
106443610	1000082226
3611041	1000110824
20289145	1000116415
18359862	1000091375
5537492	1000148466
73843	1000147580
103896200	1000079627
7400702	1000056889
12188472	1000046390
15083606	1000058978
22087738	1000082147
55045856	1000008471
147646942	1000005102
135989360	1000021227
91964287	1000065105
47912731	1000018700
21580985	1000123490
15173685	1000058978
14147626	1000079627
72536935	1000048680
652293	1000112866
2217251	1000003666
274641222	1000109507
200562967	1000058978
552582271	1000129581
317608656	1000058431
203827751	1000083359
118533460	1000062339
21999730	1000150832
20908620	1000065795
18888483	1000132710
19778239	1000091789
469928841	1000065011
19998190	1000074682
151360659	1000067055
862481	1000020025
14213563	1000110349
7141572	1000139690
9558712	1000112530
41050549	1000110349
58930815	1000077225
227468469	1000140951
8878882	1000146895
177651946	1000058978
13094262	1000031295
26315189	1000001188
18826638	1000105938
969441	1000116415
229523	1000092291
14680747	1000110349
306850441	1000140951
1118781	1000044110
16536183	1000077225
27179490	1000006745
1585	1000132966
16974245	1000051317
7613282	1000050987
14538601	1000145252
12298152	1000030086
72842277	1000021227
223648848	1000030086
14595552	1000091375
30015099	1000112616
19737483	1000020025
70435204	1000079627
50277194	1000136054
386356694	1000101179
29782295	1000078949
16882660	1000091375
63644892	1000100041
357870397	1000098161
16243030	1000021286
29287875	1000053193
16435321	1000021227
14326840	1000149790
15040500	1000037374
5697472	1000112530
16446797	1000062339
6141832	1000088451
49717501	1000153467
271535475	1000065011
17794004	1000005703
20738570	1000108229
334735103	1000108583
57122023	1000144552
22760252	1000140951
198992124	1000154374
23958335	1000123755
43041675	1000101179
67928003	1000117162
101783271	1000043495
10669942	1000075339
33454142	1000144552
41050549	1000002901
14426487	1000036009
28228172	1000086013
817288	1000081126
14720196	1000006745
25964256	1000156040
19038778	1000116981
21452168	1000071879
5698942	1000102604
41583318	1000108583
16356344	1000123490
156302415	1000014043
40944610	1000105464
14413529	1000041726
408722148	1000003666
24660295	1000114716
443942522	1000124565
208509627	1000136054
293637123	1000130342
97002407	1000112530
17905977	1000112530
86280347	1000018237
501558064	1000014043
15905088	1000157621
14138087	1000105464
2295061	1000108761
14451892	1000098408
14947499	1000040988
5436192	1000036329
9952802	1000003666
16739711	1000121558
15151381	1000094787
70900318	1000108249
14647570	1000112530
70947756	1000087268
40524108	1000152413
38282454	1000040988
82681495	1000122205
12649792	1000079627
16547411	1000129005
241324615	1000046390
22025814	1000115598
28332086	1000105938
108796416	1000124382
20454390	1000094787
17826187	1000074238
77404713	1000054098
9479492	1000140951
15004839	1000012149
22340349	1000078566
171735092	1000089057
19737483	1000121558
25136067	1000057349
9460662	1000099450
11336782	1000018237
60273	1000087108
20477352	1000053193
15434432	1000018237
14714825	1000123882
217949209	1000101179
71862367	1000129005
19186071	1000038487
21170263	1000148389
10400902	1000071571
1064051	1000019228
129880152	1000013040
23543726	1000047187
245369690	1000091375
4488	1000062339
135989360	1000112530
329600057	1000060093
28539923	1000105828
16232843	1000123882
14154640	1000074682
25458129	1000050987
9227962	1000129005
25166063	1000102943
14871359	1000099584
82853372	1000082226
16504528	1000046390
41852612	1000130342
32032000	1000012149
20683123	1000045624
2156951	1000110824
11703722	1000027506
14502431	1000108611
49318001	1000014043
34484725	1000021227
239434259	1000108611
402394026	1000130566
22841103	1000037787
270089299	1000012149
15199325	1000071571
54787629	1000112215
26033920	1000100041
81704859	1000147801
14159087	1000099792
16739711	1000021286
20517668	1000021227
334691732	1000124565
25101996	1000066997
88535224	1000018237
10713592	1000125287
6478202	1000129005
510089389	1000065011
14843214	1000012641
14484504	1000038850
9721792	1000130566
14396204	1000086709
15056202	1000127008
282050390	1000082226
23070306	1000112699
15485242	1000110349
377352404	1000044869
414334713	1000079522
21678359	1000112530
14278978	1000062339
54528491	1000135481
20654052	1000017308
86626845	1000140951
21660760	1000112530
32639070	1000011623
11525	1000061576
14207863	1000057349
30081425	1000105464
15684633	1000021227
214024085	1000082226
177229224	1000005949
51912787	1000077902
12798822	1000079627
6550132	1000003666
169202544	1000005102
19612058	1000013040
15009761	1000144350
69728569	1000037845
1233111	1000058978
17451816	1000020025
36998859	1000140951
626103	1000079627
45951258	1000051599
16740348	1000006745
14292458	1000127008
573	1000126498
76972408	1000112530
3715	1000121558
317218700	1000014043
24741956	1000108611
5388602	1000026074
451044230	1000052738
453123538	1000124565
258447233	1000154126
14098398	1000111338
16453996	1000102634
75693902	1000114716
2317861	1000094787
18291786	1000077225
15484063	1000112530
28490110	1000050315
239801558	1000067880
72266640	1000124565
32173043	1000070919
15752932	1000091375
22900797	1000067393
124038369	1000154126
3286871	1000091375
72353677	1000130566
15766371	1000131327
90982638	1000052738
95339302	1000052224
9568572	1000034886
723013	1000092194
14308908	1000062339
163136908	1000058431
37104266	1000009200
31466859	1000140276
226664152	1000008471
14825237	1000052738
498306782	1000140951
15165502	1000126880
15416485	1000099450
15329910	1000100041
972651	1000109263
31567254	1000130566
14610224	1000140276
20578176	1000157378
29238311	1000014043
109320098	1000148632
196341171	1000113844
96843721	1000056724
16652792	1000110349
6613122	1000037654
14750983	1000057349
25785053	1000071879
147044082	1000121558
224879926	1000047187
14716014	1000020025
937421	1000014873
15988175	1000009200
23670349	1000052738
25440543	1000107037
339845637	1000108611
4298461	1000044071
223408561	1000082226
16099291	1000008314
808627	1000079627
14090859	1000108611
27683085	1000037787
26379842	1000014174
31158933	1000108249
110896395	1000101907
253751053	1000124565
7875762	1000012149
19992012	1000155323
15549496	1000129005
15925114	1000062339
23226445	1000124565
23293367	1000111022
14712874	1000111338
426044697	1000063287
201143849	1000005703
11911082	1000129005
22863638	1000050987
66021490	1000140951
9733542	1000136981
29374886	1000003666
6129072	1000101179
24861778	1000006745
6587	1000033760
18895142	1000024927
28823239	1000021318
1045141	1000003666
13869742	1000041035
21713078	1000014043
30433454	1000108583
57542239	1000112530
140132026	1000009200
15280861	1000034886
72646886	1000151848
79135853	1000108583
14305907	1000105464
16815619	1000130566
61627015	1000030086
19729451	1000036213
19562074	1000001109
95957727	1000067393
14233500	1000095962
4449041	1000126611
244938842	1000077225
15535730	1000017156
1060121	1000095993
20120776	1000021286
284315076	1000124565
26185845	1000101179
74427281	1000087268
15777123	1000023764
49832748	1000102943
14197373	1000021286
16338664	1000018237
7764332	1000123882
20577287	1000035146
39713219	1000150005
267187200	1000091375
5668942	1000008314
2806761	1000038487
14384299	1000105464
14590081	1000146081
7936062	1000033760
348429830	1000067908
14343185	1000006860
14327715	1000140951
14043142	1000079627
291758611	1000062339
159588456	1000129581
799645	1000121558
14252943	1000062339
74651704	1000012149
17240190	1000062339
374007416	1000144552
34771668	1000107349
31032196	1000102943
18507292	1000130732
285865563	1000064525
281079128	1000052738
6978642	1000111179
105673792	1000026266
14275130	1000091375
20277469	1000110824
15026162	1000062339
8978672	1000062339
14062808	1000058978
134935099	1000068755
18506744	1000140951
17909140	1000006745
107116098	1000140951
15416485	1000090616
22112285	1000119523
15454228	1000064242
65184105	1000003673
283429131	1000124565
17567533	1000013961
157106615	1000071615
84369537	1000021286
1060121	1000110884
17183158	1000107402
33432904	1000065011
45944057	1000130566
28583197	1000140951
28599031	1000008471
11094232	1000008314
201753600	1000153888
31332696	1000042609
36441588	1000086013
18346587	1000003666
3230521	1000071879
336958044	1000124565
16854206	1000008471
46732934	1000008471
175629426	1000105938
14294863	1000114718
13208432	1000074238
765548	1000154937
12895212	1000014043
217219577	1000015668
16552794	1000023764
20	1000038850
833571	1000110824
30003842	1000140951
117962496	1000079627
286144744	1000150945
17401682	1000015051
54918110	1000012149
22123987	1000107349
14911155	1000052738
12266272	1000104521
34742074	1000089905
282339563	1000129005
15993038	1000046583
16434960	1000021227
16652792	1000041726
15026162	1000041726
17431236	1000123490
14107459	1000008471
290876018	1000129581
17014614	1000079627
16134428	1000005949
9145492	1000021318
24166711	1000108229
112627753	1000121558
17346178	1000107728
244522571	1000102376
90412433	1000140276
158579363	1000102870
21182763	1000084128
16365216	1000044306
14050619	1000114146
17272055	1000006032
19403546	1000093601
17663756	1000009200
11107172	1000097670
18994661	1000079627
44983234	1000140951
517030245	1000043292
19737483	1000077359
128960879	1000140951
14684915	1000002970
10422602	1000107402
15340085	1000154374
224296503	1000013040
144810832	1000105464
6015962	1000079627
16714359	1000047443
111658937	1000107203
1034621	1000112530
7378422	1000036213
21278996	1000101179
17843175	1000044869
7857092	1000132710
16139294	1000043292
57047630	1000008471
17375281	1000079627
621713	1000154937
24893115	1000094787
15311039	1000046697
41644887	1000065105
6438	1000112866
69402000	1000018237
277295851	1000058431
2317861	1000153316
14883401	1000066997
12562202	1000062339
14337252	1000041726
653623	1000081239
90696553	1000112530
15488915	1000058978
17316885	1000121558
23093214	1000126880
243269090	1000107402
11211372	1000056008
15484541	1000052738
41641782	1000041726
121296475	1000006745
304795131	1000124565
39811799	1000100041
153338999	1000149710
93657068	1000014043
31035336	1000112530
14927543	1000094787
22474764	1000101179
81855775	1000025713
16472748	1000079627
6994542	1000048039
235573486	1000112530
14430479	1000113105
4449041	1000148830
19469924	1000122779
62737652	1000087268
14371740	1000146081
57623907	1000156040
18774477	1000112530
3530911	1000116981
43170475	1000005102
60443269	1000107402
5161281	1000041726
17836273	1000079627
116678226	1000140951
2841151	1000078705
386209891	1000145845
15999465	1000044030
24069319	1000009287
250243273	1000067908
75394287	1000033922
21396104	1000013040
18443018	1000087108
308508780	1000124565
14269093	1000058978
333279088	1000082226
39693835	1000006745
11210802	1000120867
13436432	1000090118
13282032	1000037494
47206525	1000129581
20253729	1000026074
153150671	1000008471
1966	1000091375
24081780	1000033760
18985501	1000079627
681813	1000132966
6193182	1000090212
16336509	1000140951
15331855	1000152413
144101502	1000105464
138441815	1000021227
14192988	1000005102
20571531	1000140951
176875631	1000021286
280759015	1000124565
15738725	1000037787
11504382	1000146207
43553	1000105464
12095912	1000121558
90998968	1000002624
78944566	1000099770
21251300	1000112530
81030409	1000077225
78190623	1000105938
66021490	1000013961
36998859	1000119845
13957392	1000009200
17790265	1000140951
451905071	1000098161
14553055	1000077359
62047943	1000124565
1422311	1000088913
19208450	1000058015
24893115	1000051317
14343185	1000116981
18535678	1000107508
14326840	1000109507
11461102	1000100041
126088259	1000001188
41050549	1000086429
18277655	1000066997
16162693	1000050129
15648137	1000017156
14714785	1000093601
25541185	1000091789
21709889	1000091375
607193	1000074682
14086744	1000116415
52948662	1000123490
15410758	1000052738
16627822	1000077408
73393871	1000077225
245394117	1000124565
322903190	1000021318
9632752	1000091375
8570392	1000153467
179275489	1000038565
143432654	1000003666
20112073	1000058978
636833	1000042409
279671781	1000014873
248987887	1000124565
98496975	1000130566
14544162	1000111338
113859309	1000088366
15386611	1000112530
16231701	1000129005
20561154	1000059948
14801264	1000079627
21434769	1000054098
23152989	1000041726
33416342	1000006860
1045751	1000009200
28583197	1000140276
19027176	1000056724
15335809	1000140951
81891054	1000116415
19958283	1000012149
446672326	1000040988
72648124	1000122293
226014818	1000124565
20097713	1000058015
5437442	1000079627
433365313	1000124565
16330339	1000112215
14114985	1000045565
14251443	1000047165
67292982	1000112530
3462421	1000105938
88353395	1000079392
11069462	1000121558
44483406	1000112530
1451701	1000130566
240253031	1000034886
15428643	1000012149
29854446	1000045838
3721461	1000045565
26535027	1000140951
118975084	1000112530
2148071	1000080525
46758449	1000112530
115751705	1000014043
220827191	1000025912
23690496	1000112530
18036280	1000079627
816532	1000146339
9175762	1000086429
9460662	1000129005
171329398	1000041726
16514761	1000105938
19084034	1000112530
1712051	1000005102
8539632	1000058978
17079375	1000050987
821449	1000026266
342005393	1000033760
15840385	1000036185
369480689	1000112530
91396874	1000038042
42338280	1000133903
328643106	1000033760
167796962	1000021227
60790082	1000130566
103865085	1000108583
19595287	1000129005
18937546	1000083359
9500062	1000005703
7058202	1000019228
27577576	1000101179
22712217	1000044306
14181239	1000116415
200227389	1000126880
104980886	1000126880
735983	1000111338
16381663	1000048792
126636867	1000124565
14586891	1000101179
57026351	1000051317
45951258	1000086013
116670843	1000107402
44105635	1000147580
269045145	1000124565
21173066	1000101179
14552720	1000140951
14251225	1000079627
821643	1000044968
19103296	1000110349
86144506	1000113844
25914886	1000155323
28966878	1000095962
102402496	1000140951
17221819	1000057875
14962080	1000116981
735983	1000146339
390054186	1000153888
14245846	1000120867
27111653	1000018237
202839283	1000044306
271970590	1000132966
4219131	1000038850
15595903	1000036213
88931752	1000105464
6002562	1000062339
167313316	1000102634
20659225	1000119477
14927800	1000107430
143644955	1000130342
14584200	1000086013
6839652	1000112215
19076596	1000008314
15403485	1000014474
15468275	1000122205
57695187	1000112530
9085252	1000067908
285973967	1000081265
11207682	1000062339
168462348	1000153888
14378048	1000124921
94367426	1000130732
93017945	1000081126
14491008	1000140951
18127502	1000058079
31540671	1000066997
12089102	1000079627
247637481	1000005102
20163436	1000084128
16034502	1000144552
14453798	1000058978
7592642	1000116981
223840796	1000001188
18619404	1000112530
37931906	1000124565
218306901	1000130566
264614792	1000067880
21762998	1000001188
29569786	1000054098
119506746	1000001188
6867552	1000037079
186632886	1000086013
20726422	1000067393
37297803	1000066997
14650808	1000112249
29500473	1000098643
14749070	1000154937
123185534	1000047187
16344793	1000077359
568770231	1000100041
20726422	1000144552
1478471	1000003666
19489649	1000146081
103927038	1000036213
15267898	1000038487
17870415	1000110349
5193261	1000129005
22548447	1000107430
171735092	1000140951
86626845	1000089057
14046943	1000026074
149235847	1000020690
2156951	1000071879
87396580	1000012436
7899292	1000003666
11698162	1000099792
380614137	1000112599
97308931	1000088451
239320624	1000087268
94052228	1000114935
258447233	1000008471
19980698	1000021286
410136449	1000077225
29441043	1000146207
38135106	1000014873
18366472	1000140951
375898136	1000052738
94373307	1000084928
19998190	1000062339
20524838	1000129005
25106800	1000091789
164778234	1000132710
16421419	1000131327
112867490	1000146081
755756	1000079627
18967418	1000097670
274238599	1000014043
56722075	1000013961
43183715	1000030204
13911852	1000081126
48302912	1000077408
5803082	1000090118
22528070	1000029750
163760424	1000058978
113587153	1000036213
14112294	1000052224
131546062	1000066997
34767211	1000077225
15906950	1000025912
387013671	1000135481
41012588	1000047168
5443002	1000005949
46073276	1000083359
14347790	1000080843
14434495	1000014043
9255722	1000077359
176875631	1000131491
25226477	1000103839
86400696	1000130732
26180582	1000131491
13434092	1000093080
372475592	1000083108
18420291	1000065011
23095837	1000006745
781929	1000048792
142519598	1000130342
1020961	1000041726
15728161	1000126880
294037090	1000060093
101960189	1000012641
284280195	1000102634
19103481	1000140951
14095254	1000062339
2295061	1000154937
45383905	1000146895
21341094	1000140951
1233111	1000045458
18895806	1000091375
40892020	1000017287
17996177	1000136389
1175221	1000071571
5515802	1000003666
49057486	1000112530
44930735	1000008471
7872652	1000130649
11253262	1000077359
136392274	1000060093
113960294	1000098408
59889953	1000012641
47213089	1000086013
223526057	1000109801
14427593	1000005949
3471	1000081239
419356073	1000047187
14115514	1000052738
42967256	1000129005
885	1000079627
165786567	1000130732
21436960	1000129581
15433939	1000067065
30079124	1000058015
15005596	1000145843
73707412	1000041726
15006779	1000079627
54205414	1000054098
18889063	1000121558
41653093	1000099770
24057172	1000130566
27695964	1000081265
16539541	1000067393
7729542	1000146895
799212	1000068755
14726984	1000033192
81053602	1000005703
38412700	1000146895
17899109	1000136356
5908232	1000140951
93906304	1000001188
165786567	1000140951
6700332	1000100459
833071	1000074859
17384099	1000129581
1422311	1000127008
14620190	1000108611
20660146	1000111629
19424888	1000041726
176875631	1000143452
131594600	1000065105
31536491	1000052738
138416662	1000001188
16097029	1000107203
45176933	1000034886
7141572	1000128271
20397258	1000100041
92597440	1000086013
4103571	1000121558
17738008	1000035146
4791	1000021622
5796562	1000111179
57026276	1000113844
347541167	1000130566
54083315	1000024770
20327122	1000052738
32855583	1000052776
16158930	1000112530
18345193	1000102634
52586337	1000102943
14819061	1000112530
754655	1000036329
36465626	1000111338
86139446	1000140951
157106615	1000124565
104268166	1000001188
47848627	1000156853
161004312	1000008471
240324020	1000081265
44409315	1000012149
26051404	1000123704
5709442	1000129581
373573313	1000116415
17076095	1000058978
72937903	1000139688
15526617	1000124565
40580577	1000044306
15507297	1000121558
40923348	1000051302
35422993	1000012149
16126957	1000053193
16933278	1000079627
14763	1000012507
22481442	1000065011
14804903	1000038487
306535559	1000014043
128662158	1000047187
19714416	1000095993
95222877	1000070945
25174128	1000052738
15057943	1000018170
174285878	1000130342
44364349	1000087268
21159399	1000140951
160590087	1000003666
274626857	1000080843
353370148	1000081265
57026351	1000116981
288502305	1000067055
528	1000037654
16950889	1000148389
205207199	1000052738
270652177	1000044306
4934171	1000081239
189065376	1000135481
466979336	1000140951
15633825	1000105464
31388042	1000013040
44156753	1000135739
26180582	1000102376
149660084	1000130566
17397762	1000018237
93816184	1000001188
16135175	1000112530
246993264	1000106530
6218162	1000140951
21144530	1000101179
110519857	1000008471
14680747	1000062339
11739662	1000090118
486816912	1000153888
65682128	1000047187
208541451	1000086013
87573218	1000112530
50051932	1000127008
19078387	1000140951
21467722	1000060326
9334052	1000069076
11197712	1000121558
6595682	1000116981
237541348	1000155414
157799911	1000112530
364022718	1000124565
7296332	1000121558
47699318	1000124565
195500610	1000079627
4488	1000154937
223526057	1000082226
16411697	1000006745
358658416	1000096737
6521222	1000048792
24907197	1000110824
15220768	1000050987
9964732	1000117162
32917372	1000153888
1269251	1000003666
822284	1000075339
243578689	1000124565
388750928	1000002456
22605665	1000108611
8539632	1000140951
9733542	1000121558
21345893	1000085542
14161531	1000123882
121750689	1000008471
1233821	1000068755
813491	1000062339
21434769	1000081126
148340537	1000124565
125492611	1000130342
135689156	1000105938
27890540	1000050987
225278499	1000150945
22019881	1000140951
47161442	1000033760
3062761	1000129005
14987728	1000128530
17133445	1000052738
48903480	1000001188
5471892	1000080061
20609319	1000080061
216257550	1000014043
417800571	1000082226
435551972	1000124565
24990215	1000108667
6754532	1000056957
28999522	1000107402
15445828	1000079627
25458129	1000079627
1252851	1000154937
189253902	1000129581
11336782	1000083586
327083709	1000124565
41222853	1000105938
15000527	1000077359
14458660	1000088451
47766237	1000112530
351092905	1000124565
755756	1000041726
115637846	1000135481
264124770	1000112530
72536935	1000082226
98035778	1000081239
21039860	1000025912
19837036	1000068734
56352678	1000111338
16862341	1000107402
740983	1000062339
197331005	1000124565
18900668	1000070945
21453226	1000064525
386232168	1000098408
486776304	1000082226
1305941	1000079627
25118264	1000112530
8103982	1000074682
97701898	1000098146
274101424	1000020690
6151792	1000086429
17177001	1000015786
46650115	1000108249
301715055	1000059302
717313	1000080061
10427682	1000058978
18363508	1000041726
187240774	1000112530
17047403	1000005949
41199780	1000102604
20117899	1000105216
16523889	1000006745
10682202	1000136940
275445237	1000082226
262223982	1000078566
3550301	1000129005
128303577	1000035988
15123206	1000130566
9298152	1000150005
87899230	1000021227
15395001	1000072187
17596468	1000058978
284580854	1000140951
355981071	1000130566
16929108	1000128530
140795202	1000079787
50890438	1000021622
325830217	1000008471
34749146	1000136215
6438	1000052224
42419420	1000153888
7975582	1000127008
23135992	1000053193
9696772	1000005703
2366281	1000079627
130314799	1000025912
39069544	1000006745
1585	1000103839
15668684	1000123882
2937071	1000121558
46053	1000154126
21201351	1000060093
14238165	1000112530
365986257	1000096737
9964732	1000099130
54282139	1000021318
14964767	1000120739
86204900	1000035988
14502476	1000086429
30216040	1000146339
31487712	1000099130
16162251	1000056724
238437239	1000112530
378171907	1000110053
434433610	1000121558
178246193	1000006745
27217496	1000047187
318028501	1000140951
19650040	1000014043
466952719	1000030204
331433529	1000124565
376629559	1000130566
17284200	1000065795
17652777	1000066744
17079375	1000112530
32213158	1000140951
15757690	1000048792
22509548	1000121558
42478061	1000081200
14498549	1000130732
8162312	1000047187
311951023	1000014043
18843227	1000112530
14091119	1000093080
75246510	1000038487
9227962	1000112249
42336153	1000107402
24889529	1000086013
24626969	1000008471
22900797	1000098408
380871196	1000014043
17687495	1000014873
15553912	1000062339
25440543	1000150945
18464353	1000090212
18712070	1000033760
14695514	1000008471
39727570	1000140951
15066271	1000094787
88109378	1000133903
128838237	1000153888
57026351	1000017532
15330373	1000062339
18359862	1000067908
36505486	1000112249
193090142	1000112530
50905938	1000105464
14964767	1000019228
222953824	1000121558
39582797	1000140276
9670952	1000129005
15820160	1000064242
17475575	1000012641
2232241	1000086429
41648843	1000030086
98535426	1000120739
20400704	1000153467
15449147	1000132710
14245253	1000116415
103022243	1000021622
794069	1000083108
7471152	1000047165
14183255	1000127008
16853802	1000072346
273410125	1000112530
48465624	1000103839
407403	1000091375
19335591	1000047187
43920155	1000119634
15832331	1000130566
142128487	1000077225
17644044	1000067393
771619	1000050987
972651	1000140951
201170181	1000130649
23559552	1000102634
8514952	1000062339
18958668	1000014043
225140058	1000012149
74051281	1000123755
1586501	1000081126
14220624	1000014474
476551294	1000130566
89545649	1000021227
14680747	1000041726
30926148	1000116415
12735712	1000046091
120356530	1000013040
17688601	1000028284
404269967	1000126300
16162693	1000094787
53079577	1000154126
11224342	1000077408
962631	1000041726
154619001	1000140951
319695297	1000130566
4829901	1000112866
22019881	1000122205
244537280	1000124565
11937352	1000127008
16647553	1000152413
19478693	1000156853
6066602	1000058545
14112294	1000121558
17193794	1000021286
429733711	1000077225
5915332	1000052738
161691982	1000109801
55333704	1000036329
339776223	1000148632
103925618	1000140276
14167197	1000047187
18483888	1000132966
27802801	1000130566
20727483	1000105216
9692022	1000121558
80492529	1000001188
39358333	1000123755
48802020	1000018237
14140619	1000062339
16109878	1000094787
19549441	1000014043
12462062	1000092126
35507751	1000098859
15319941	1000079627
14267393	1000123882
57047630	1000154126
70977930	1000036213
10191272	1000006860
38135106	1000068885
2384071	1000112530
1118781	1000003666
33063	1000126498
78813	1000038042
19739069	1000003666
123028422	1000108583
14614567	1000069076
48311519	1000112599
254646743	1000008471
15647839	1000018237
5538252	1000036009
21843378	1000041035
15471245	1000040988
6265562	1000090212
817386	1000097670
15367053	1000066520
9532402	1000009200
28649781	1000088451
14290835	1000095353
270652177	1000105464
15088904	1000156853
1835411	1000061561
17636894	1000111338
16010789	1000002023
1252851	1000034886
86139446	1000112530
21903804	1000046941
20483440	1000077359
8342592	1000154937
210629704	1000091375
26954698	1000140951
56722075	1000079627
161691982	1000082226
6595682	1000136389
20341544	1000098408
17037854	1000153888
171171584	1000140951
221144501	1000124565
13322182	1000140951
29157121	1000041726
19876236	1000081200
25088527	1000132966
17313445	1000098408
7914552	1000110053
1060121	1000088289
39811799	1000112249
72536935	1000038066
11440412	1000145237
14622632	1000114716
17941825	1000123490
47429047	1000052738
134736669	1000052738
10194392	1000074130
242479442	1000102634
36408451	1000039288
19163589	1000039932
14217937	1000065105
16752629	1000107402
27939638	1000017268
16120265	1000008314
201972487	1000030027
19421355	1000095353
24955088	1000156040
194312420	1000102634
14521981	1000101179
19558297	1000094787
20576633	1000140677
301466105	1000094956
194312420	1000077225
14315365	1000034886
15982903	1000033922
14494634	1000066520
72184290	1000102943
14539464	1000110824
14586723	1000075339
21358749	1000018237
196341171	1000021286
17854366	1000079627
428428152	1000102376
15237560	1000076635
45684049	1000027506
16018937	1000025912
1117341	1000003666
14847667	1000012149
23996836	1000100041
9726632	1000098161
257933637	1000124565
23177453	1000039678
9313022	1000006745
18211545	1000100791
493155108	1000065011
41015424	1000008471
14749486	1000079593
127569781	1000153467
363492855	1000123755
12836562	1000005820
607193	1000036213
19432206	1000105099
19078387	1000112530
19729995	1000140951
16865502	1000036185
17903594	1000005102
76328462	1000051599
720843	1000116333
16974245	1000050129
29993931	1000006745
19534433	1000129581
9175762	1000002901
418612503	1000126300
13169322	1000099130
277342780	1000014043
168207942	1000077225
14130368	1000098408
171384512	1000154374
107375795	1000109801
20902597	1000001109
898371	1000052224
22330739	1000062339
16316738	1000140951
209169572	1000041726
1233111	1000077902
21383585	1000052738
44935627	1000021622
30593037	1000121558
176297531	1000081239
121721121	1000065011
18353241	1000062339
14269093	1000105938
175114748	1000057911
532942513	1000112215
19088244	1000076871
248748948	1000124565
1769191	1000112530
2757281	1000129005
98633794	1000086013
13649212	1000079593
121539516	1000121558
176875631	1000086013
17904856	1000111338
22946999	1000119845
16538186	1000112530
782329	1000090616
38457748	1000064544
18888483	1000038487
16079941	1000112249
15235345	1000038487
18569484	1000021227
19409376	1000014043
1295001	1000047187
16739711	1000114866
85561166	1000130649
21224647	1000018170
5066391	1000003666
17449991	1000062339
320894277	1000071615
16066283	1000112530
14831118	1000014043
112283476	1000066997
195877797	1000066997
278777228	1000112215
124614664	1000126880
195500610	1000090818
38824382	1000025713
264124770	1000082226
177430030	1000146081
14043142	1000021622
15648827	1000130342
1047451	1000003666
5511	1000154937
23240788	1000147801
14378372	1000035988
32993738	1000052738
397673792	1000008314
16892481	1000079627
35833912	1000124565
18608514	1000066997
226671290	1000008471
48713560	1000081239
14976809	1000046941
19208450	1000044968
55488516	1000079787
360864191	1000129005
188524986	1000001188
14296723	1000036213
16069548	1000146895
128801799	1000130342
5485192	1000026074
3249	1000154937
17568500	1000140951
426182072	1000079787
471963	1000076157
992031	1000062339
15668684	1000059948
14541402	1000081126
292354838	1000014043
132256619	1000153888
124944912	1000100041
6774032	1000121558
347501598	1000124565
4085561	1000093080
199732904	1000129581
8007092	1000110349
47703226	1000124565
45590904	1000054853
816388	1000074682
2317861	1000050129
14220624	1000030086
18691824	1000130732
18141232	1000097670
7430772	1000126880
19774817	1000129005
652193	1000021286
169083205	1000035654
215660724	1000087268
14843214	1000082983
31477608	1000146895
84624486	1000140951
17849404	1000108583
16723958	1000077359
252367584	1000090118
17169066	1000133903
610533	1000132710
3032	1000041726
23626520	1000124565
113726247	1000085406
47359057	1000112530
16021608	1000008314
14263368	1000068734
54900089	1000066997
10386322	1000051317
7369882	1000112530
243691549	1000108667
17004618	1000009200
19786800	1000079627
390189904	1000109801
17562014	1000071879
161691982	1000044869
85718756	1000051599
16435321	1000112530
87693728	1000108583
15358350	1000142707
25026165	1000112215
101569095	1000140951
20331568	1000052738
15725906	1000076635
1294231	1000153467
353370148	1000021227
294037090	1000136054
15930016	1000098408
7684302	1000058015
14079172	1000018237
98698689	1000021622
1031121	1000074238
1268821	1000003666
78988662	1000012641
19208825	1000066997
47982751	1000038850
161691982	1000081334
230504799	1000124565
6374122	1000012149
56166348	1000006745
37296570	1000121558
19878288	1000062339
48336721	1000112530
16974245	1000094787
14774443	1000157113
311657687	1000140951
20783	1000140951
14444530	1000100041
140213231	1000094787
14414022	1000077225
205991562	1000071879
23067559	1000066744
95161315	1000014043
13996822	1000014043
28590240	1000112215
24893115	1000153316
811027	1000079627
117558139	1000129005
18788502	1000081265
26203847	1000140951
265527695	1000065011
41600293	1000003673
39322973	1000077225
17424872	1000109429
26210870	1000021286
188046098	1000129581
1454021	1000062339
17463274	1000121558
5867722	1000127008
14714825	1000079627
20073774	1000065011
19398142	1000090118
36993767	1000013040
44978552	1000065011
93816184	1000140951
14173016	1000067880
14855064	1000031295
2148071	1000062339
43195617	1000079787
14305673	1000050987
80084849	1000112530
146628721	1000132407
5066391	1000034886
13332922	1000003666
108359568	1000125287
44552607	1000071615
13041272	1000028772
23806526	1000020025
28732282	1000140951
114463083	1000108611
38499004	1000122205
33436693	1000034864
14861876	1000021286
7165492	1000044030
19126688	1000086709
60594135	1000140951
14334870	1000077902
115646474	1000129581
138273945	1000065011
14791994	1000027452
15771445	1000049210
14334870	1000086013
25927802	1000086013
461765268	1000130566
7125712	1000112866
414188706	1000012149
186909056	1000065011
746323	1000034864
15922433	1000041726
7613282	1000079627
15486333	1000105938
19080361	1000140951
12725	1000048792
148828371	1000003666
15781032	1000121558
14839147	1000066997
188352161	1000130566
17084595	1000143452
55433240	1000129581
24353066	1000124565
19889841	1000105938
14333574	1000018170
33488260	1000065011
991221	1000044110
276912001	1000056008
5746452	1000009200
23429965	1000052738
816214	1000150005
1233111	1000105938
24660452	1000100041
44495942	1000014043
43883192	1000145845
30633283	1000124565
816532	1000123882
109299385	1000130732
23215572	1000124565
12109952	1000036185
32230901	1000112215
34731203	1000112215
199097645	1000108611
49022240	1000140951
80886321	1000102634
44292278	1000009200
9499992	1000079627
14708203	1000114146
11890702	1000078705
13348	1000069273
398249223	1000081265
16218976	1000034886
21347710	1000143452
2659631	1000157113
25553507	1000110349
15670515	1000108611
10386322	1000094787
17833262	1000109429
78813	1000092291
317973099	1000057575
38753712	1000132710
314701207	1000124565
78813	1000018237
14095706	1000047443
77226369	1000140951
77155969	1000133903
17913814	1000125256
162998586	1000048792
183511926	1000014043
486153508	1000079627
75862448	1000067880
14405111	1000038042
16723958	1000121558
12199652	1000080061
15235345	1000084128
204145356	1000108611
16079941	1000077225
14160974	1000105938
19208450	1000102376
12245632	1000121558
14980792	1000112530
17401682	1000065105
352700771	1000130649
12137412	1000146895
107626582	1000107402
14110750	1000068755
1452261	1000056242
11864262	1000148832
5702	1000081126
14413715	1000077902
45578700	1000012149
10695302	1000107402
7047322	1000140951
16469647	1000003666
14641126	1000111338
91661023	1000126025
227655627	1000127008
46150233	1000098408
389621027	1000110349
20333461	1000140951
26063063	1000140951
85923804	1000053193
735983	1000025912
1103	1000062339
55570400	1000112530
817288	1000008314
17331589	1000048792
15310917	1000146895
202003	1000050987
756975	1000086429
792537	1000052224
15493608	1000112530
470087766	1000061007
170886090	1000102943
10696062	1000036009
18534908	1000101179
13039372	1000048092
200215023	1000054098
178997867	1000140951
241998938	1000087268
322903190	1000123490
15179685	1000005102
19467810	1000033922
13055232	1000079593
19703935	1000146895
353547940	1000030748
14100003	1000079627
43166813	1000129581
14796922	1000074682
47433131	1000006745
390320946	1000121558
20408728	1000154937
187960702	1000082226
17900339	1000006745
83667441	1000127008
12661142	1000002023
94547575	1000034886
5357812	1000066997
9572502	1000082983
15319993	1000045458
22420134	1000057922
212080309	1000130342
18291786	1000114935
16284647	1000081265
309325161	1000124565
10241	1000086429
546810343	1000009287
15128907	1000098161
14483832	1000110349
21134629	1000105464
43761789	1000044306
370215382	1000037845
169610198	1000066997
7430772	1000129581
74286565	1000116981
3094401	1000124921
48511236	1000079627
18813800	1000086013
10967452	1000041726
720843	1000011623
484299228	1000021227
31957731	1000140677
94414805	1000112215
121826856	1000025912
15480686	1000079627
43814349	1000105424
327905664	1000124565
23135992	1000153859
1095691	1000034886
19299909	1000025912
23575194	1000067908
282519460	1000082226
103541806	1000136054
6253982	1000036329
16930986	1000088366
14329770	1000081239
2570021	1000018237
10278592	1000112530
113696592	1000086013
16902354	1000152413
29906221	1000105938
18270489	1000001188
61559439	1000021286
20817223	1000014043
8789452	1000048792
16377959	1000140951
20246575	1000034110
257456190	1000046941
14467789	1000135739
19319347	1000101179
18919970	1000038487
17857716	1000005102
113241406	1000077225
6456482	1000056008
19767193	1000079627
153120757	1000047443
204370454	1000038066
18364847	1000122779
66331720	1000059827
7532832	1000124565
19595287	1000086843
14149571	1000144552
8510242	1000112530
18898232	1000006745
3242491	1000129005
15040500	1000110824
45866071	1000113844
366676872	1000090212
229523	1000074238
19918047	1000140951
78464875	1000098408
59420092	1000062170
50918046	1000072187
163711859	1000112599
53661644	1000154126
14467566	1000065105
369586333	1000012149
91443637	1000006745
276843589	1000039932
1367531	1000066997
106418930	1000090118
19625919	1000021622
31584502	1000094787
5908232	1000079627
235092080	1000077225
6216912	1000062339
16665200	1000014043
26279617	1000044306
14296723	1000074682
105008365	1000030027
28708146	1000079627
755756	1000110349
281258174	1000014043
14531269	1000040977
5548212	1000146081
14731905	1000091375
14185977	1000146895
117017147	1000129581
16562955	1000124382
143381041	1000039288
40209732	1000135481
5771142	1000111179
17453598	1000091375
127211957	1000014043
1864381	1000139690
18119683	1000130566
252509338	1000124565
84510198	1000021286
28130246	1000112530
41554056	1000084128
19610339	1000095962
160392833	1000058978
822382	1000036213
26087034	1000021286
87235018	1000021286
23133852	1000057875
176854913	1000047187
37238862	1000140951
16197036	1000089605
19000589	1000101179
17221819	1000143452
34749146	1000090606
301819939	1000124565
156579684	1000036213
32517808	1000112530
19111046	1000124382
816532	1000009200
59420092	1000108583
9103242	1000101179
21297247	1000082226
55932764	1000044071
78792100	1000121558
84171090	1000107402
46947488	1000048680
95284401	1000105464
145281097	1000087268
14114899	1000014055
38500106	1000006745
25069628	1000112530
6601622	1000044030
58735635	1000124382
7429892	1000018237
19384641	1000006745
23260973	1000121558
39993731	1000105464
14486811	1000057349
17174484	1000018170
35598550	1000012149
199732904	1000112530
217435419	1000039932
1495	1000109966
9100522	1000090212
16913834	1000112530
52541140	1000053193
254646743	1000046697
13405	1000154937
35943	1000003609
15006779	1000056724
7161172	1000154937
144040563	1000005102
2483701	1000140951
22977196	1000045458
6193182	1000149203
16433562	1000036882
29216764	1000066997
19371099	1000140951
17567533	1000112530
17850816	1000006745
1403031	1000003666
293353298	1000086013
377352404	1000082226
110896395	1000014043
13693032	1000112530
132912535	1000154126
811087	1000154937
395005896	1000050315
15000527	1000121558
18485009	1000057349
14262199	1000101179
19771577	1000121558
15322256	1000006745
1966	1000034886
22448729	1000101179
19052248	1000114866
14362294	1000077408
6416652	1000108583
14926242	1000079627
161691033	1000033192
19673424	1000086013
267595992	1000077225
358658416	1000082226
15178133	1000091375
9451052	1000030086
150505377	1000130566
14876672	1000086013
351968046	1000112599
79033767	1000155414
14092963	1000146339
89989652	1000071879
14289945	1000031295
14927543	1000079593
7921292	1000013040
615723	1000008314
14824210	1000155179
22248738	1000005949
351564837	1000112530
91004913	1000112599
14236481	1000008314
15641097	1000054098
660633	1000024927
16909832	1000058978
43508680	1000022455
18274715	1000145845
16469647	1000021227
94547575	1000154937
6351922	1000086429
64046315	1000006745
13729082	1000089905
14732491	1000082226
15207626	1000051317
54959836	1000108611
12199652	1000092194
16469338	1000157187
68459447	1000018170
779715	1000058079
110823581	1000121558
43104516	1000112530
239660783	1000003666
181617875	1000014043
189376144	1000140951
6398252	1000079886
44698296	1000021622
6626162	1000140951
17904856	1000006745
41796739	1000141736
18789373	1000037787
14835752	1000104160
14289331	1000101179
18092810	1000005703
22255654	1000094787
16115022	1000121558
54275864	1000040988
28215110	1000140951
43041675	1000079787
18895806	1000068755
17595759	1000108611
14927276	1000077225
14334870	1000045458
13145012	1000079627
334370433	1000105464
9313022	1000025912
28646907	1000098408
7801032	1000012149
15494342	1000111176
15389382	1000038487
17993516	1000119071
14307102	1000040988
41591401	1000140951
14427338	1000117162
33735023	1000119845
11726932	1000003666
18917203	1000142707
216825105	1000148389
188443744	1000130732
253973	1000038042
23575194	1000136940
6545742	1000110824
19799579	1000121558
770545	1000064242
15416485	1000062339
249405898	1000051599
60991516	1000079627
4400681	1000092194
55451954	1000001188
84167270	1000012641
255761021	1000008471
83720294	1000056724
16425197	1000108611
1046661	1000056242
297584228	1000051599
83534199	1000001188
5784702	1000121558
197867309	1000130732
15473958	1000062170
17468481	1000050987
63516292	1000006745
15567576	1000105938
17898187	1000154937
132163166	1000087268
19515424	1000094787
111743	1000034864
38108292	1000037787
15416485	1000018237
1476651	1000003666
5538252	1000146081
1136351	1000056957
258447233	1000084928
333464309	1000014043
404328207	1000077225
227622196	1000022455
146406287	1000082226
15272024	1000041281
18709570	1000052738
74286565	1000021286
17903594	1000077225
67928003	1000099130
199545828	1000014043
16103613	1000086709
318202015	1000044306
