197194459	1000123142
14944532	1000095618
21362105	1000029466
27869790	1000029466
166603683	1000138358
203070845	1000035055
129276385	1000028771
262775327	1000023368
248748948	1000023368
4065921	1000023368
23057950	1000077706
20039230	1000061513
27669935	1000035055
64951486	1000041524
19286338	1000126597
386346572	1000120050
18058569	1000044616
41146726	1000020814
15714547	1000117725
47451983	1000156460
88501703	1000023368
18730575	1000095829
299805004	1000023368
169083205	1000112752
6745232	1000121921
386209891	1000035486
41828516	1000138358
18797345	1000098245
67999564	1000150082
247637481	1000023368
313401329	1000023368
61293513	1000023368
16431586	1000019413
15995577	1000066395
329542303	1000023368
363249171	1000093169
877421	1000069169
199479894	1000035055
247334603	1000016904
88767705	1000093169
147078918	1000023368
493778055	1000023368
80317145	1000140713
351344970	1000023368
17301926	1000002681
15722647	1000020814
11794902	1000077706
14316555	1000044616
276963941	1000061513
452631923	1000120050
224687069	1000093614
62414046	1000003516
14618160	1000020814
321804020	1000023368
118852593	1000077706
216527594	1000120321
419105704	1000093486
215094763	1000123142
120217029	1000120321
40154192	1000009445
176302452	1000023368
52554963	1000020814
76091295	1000020814
174706851	1000003952
47298047	1000077706
20526223	1000157274
17018640	1000068167
190572817	1000093169
258203336	1000023368
30133784	1000140713
7125992	1000098245
204468541	1000020814
10695302	1000041524
148363935	1000017326
161390417	1000035486
20456198	1000020814
15245470	1000041524
21989389	1000095829
249716607	1000016904
45191956	1000140351
31246395	1000112293
46260175	1000068167
24595743	1000077706
15923496	1000020814
68079638	1000120050
15969394	1000019413
60443269	1000041524
40308864	1000035055
144230629	1000023368
212892228	1000023368
14630468	1000121921
28184452	1000095618
14269934	1000026373
105153029	1000105012
299342862	1000147498
249547150	1000023368
197295132	1000017326
313359626	1000094757
8854222	1000121921
212226094	1000023368
22269151	1000024274
70466897	1000069169
18500777	1000136915
246117481	1000093486
106646062	1000023368
15851640	1000020814
39998413	1000136175
351092905	1000023368
15647676	1000009445
9624742	1000155876
38678127	1000074746
16184358	1000017326
19694850	1000136915
23991440	1000077706
95304997	1000059517
116972568	1000009445
815994	1000035486
353990363	1000028771
52581492	1000041628
20050670	1000126597
338277729	1000140351
10680412	1000002681
41169925	1000157274
89207310	1000017326
16069548	1000136175
24190981	1000045588
813232	1000044519
15679119	1000136175
7436142	1000126597
251998803	1000077706
18740669	1000035486
17193794	1000023368
17021844	1000009445
23785875	1000074746
30065265	1000009445
266180240	1000123142
29727464	1000134203
14153020	1000035055
288231953	1000023368
14117412	1000051697
261748122	1000077706
90484508	1000155876
190673143	1000029466
21157724	1000136175
252091048	1000023368
37787811	1000058583
823129	1000121921
13770862	1000058913
500043505	1000023368
461322616	1000028771
19647125	1000077706
82282572	1000155876
16705661	1000138358
10436072	1000024274
318336831	1000104023
379244793	1000023368
46855908	1000023368
4700301	1000023368
33952755	1000023368
341078807	1000032167
21318259	1000157274
139347163	1000094757
20007461	1000021022
334820220	1000023368
40837929	1000021022
361994003	1000025142
28929267	1000157274
58356769	1000157274
114866624	1000004113
10771142	1000045137
53472795	1000126597
15745674	1000002681
96231591	1000025335
17624109	1000077706
34515571	1000156460
19534188	1000077706
262338552	1000023368
812804	1000024274
38441030	1000017326
210814442	1000023368
430289891	1000098245
14185977	1000136175
105656576	1000120050
31502974	1000120050
302191488	1000093169
22305574	1000077706
325809032	1000023368
14308222	1000157274
19001775	1000029466
24672263	1000088571
14309129	1000121921
16605276	1000041524
152580711	1000112752
24820171	1000023368
94623001	1000126597
15362015	1000136175
259861738	1000009445
14080429	1000136175
28926524	1000026373
61342045	1000117725
58930815	1000023368
119714092	1000017326
187801158	1000003952
48523332	1000136175
16905254	1000023368
191322855	1000028771
10798802	1000067486
168440518	1000077706
85938410	1000150082
374659799	1000023368
315301328	1000023368
41294878	1000088114
16929600	1000035486
1511081	1000058913
163026092	1000068167
17610364	1000112592
150480092	1000025335
143659616	1000023368
7920672	1000121921
73860359	1000094757
626103	1000035486
15290441	1000033407
104540083	1000104023
12152172	1000061513
12998732	1000035486
149171343	1000025142
45076204	1000023368
7517222	1000033407
34226086	1000032167
6083342	1000051697
50760071	1000035055
131928173	1000002681
344930023	1000025142
25837899	1000014297
38688395	1000146998
8106302	1000024274
56517028	1000112592
238986047	1000134203
23031054	1000003516
16555449	1000041524
208180799	1000112592
114115460	1000023368
16485116	1000009445
35546775	1000035055
34534461	1000029466
52796949	1000074746
211588974	1000016904
12137412	1000136175
143068013	1000023368
146155608	1000023368
158692259	1000094757
283176087	1000023368
338017544	1000023368
52938069	1000150082
24270610	1000136915
43672886	1000041628
161638211	1000077706
245914359	1000123142
81460111	1000033407
50709585	1000002681
353875935	1000098245
17875219	1000051697
18949452	1000017326
26846571	1000136175
16592139	1000136915
18049239	1000093614
211230952	1000035486
217244069	1000098245
249677516	1000155876
364949066	1000023368
789071	1000061513
506342927	1000023368
492580539	1000120050
69204937	1000035507
153819839	1000077706
314525698	1000146998
10879522	1000016904
21355321	1000121921
16739174	1000004113
21687228	1000083713
182000140	1000020814
154545301	1000077706
35569205	1000020814
26190261	1000136175
113883644	1000094757
265019730	1000023368
30938926	1000045588
16325249	1000114310
386334716	1000120050
352937448	1000023368
44309594	1000155876
45383905	1000136175
186519589	1000150082
22656693	1000019325
103991905	1000023368
103080181	1000017326
23807048	1000092158
107281683	1000014297
291844287	1000020814
16856928	1000117725
14903310	1000043360
231563877	1000136175
16726467	1000041524
16358091	1000041524
14269934	1000045137
183545030	1000093169
16406096	1000105012
115088067	1000112293
3456961	1000026373
8792232	1000077706
425512340	1000023368
475355912	1000035507
351788847	1000025142
219510915	1000082831
223746879	1000023368
126061182	1000020814
15468834	1000023368
49221139	1000032167
188025840	1000044519
7591562	1000098245
17025041	1000051697
14189436	1000032167
7136542	1000024274
14204102	1000114310
89739983	1000077706
143661263	1000023368
19401690	1000020814
21337712	1000157274
23218255	1000032167
15166316	1000058583
22288871	1000157274
319639153	1000023368
14729099	1000136915
14444476	1000026373
120178497	1000082831
20126590	1000147498
48634799	1000059517
505695771	1000023368
102433240	1000020814
14212837	1000121921
281740036	1000032167
17429985	1000051697
111728171	1000138358
85529001	1000121988
780561	1000051697
385208831	1000120050
17712373	1000024274
373754240	1000023368
66988729	1000077706
14349954	1000066395
17682521	1000136175
262454289	1000092158
32027422	1000035055
217521504	1000023368
447305604	1000088114
87407997	1000023368
26604704	1000029466
89739983	1000121988
23588746	1000035486
10771142	1000026373
193113192	1000077706
7098022	1000023368
8240912	1000019325
19703935	1000136175
314738543	1000077706
47719591	1000017326
105932849	1000136175
17777603	1000088571
110519857	1000017326
88001676	1000098245
286328448	1000093486
862481	1000136175
63464344	1000077706
8878882	1000136175
17001435	1000009445
9534622	1000074746
12190382	1000051697
501705927	1000023368
320894277	1000023368
18006705	1000023368
39985029	1000083713
185449401	1000043360
243269090	1000136915
21364520	1000157274
30133638	1000067486
377881501	1000023368
7865582	1000051697
