54246944	1000032432
16926637	1000052212
153150671	1000085883
103080181	1000079282
103080181	1000068671
18943752	1000082204
173980917	1000087998
254646743	1000084928
17200130	1000052212
988911	1000139331
17200130	1000154126
18943752	1000068671
173980917	1000027657
245398335	1000154126
23204326	1000050342
200969056	1000082204
126725184	1000134844
45741118	1000079282
23204326	1000068671
988911	1000046120
28598978	1000087998
16186743	1000139331
97258833	1000059975
123862119	1000083801
255761021	1000112390
28598978	1000096045
42942168	1000052212
153150671	1000068671
200969056	1000047337
262344383	1000087998
12886922	1000012196
15235672	1000124636
16854206	1000068671
15940558	1000101485
20050047	1000008471
20065440	1000058520
40165375	1000083801
23204326	1000012196
16926637	1000112390
19780355	1000012274
92437145	1000124636
31453604	1000083801
15311039	1000154126
132912535	1000033237
93714983	1000099648
17200130	1000008762
153875902	1000070063
254646743	1000047337
1564371	1000087998
49997792	1000014415
67355684	1000112390
45741118	1000154126
335402125	1000115421
243181897	1000014415
46053	1000008471
102703280	1000047337
42800399	1000050342
204291281	1000124636
40875267	1000091920
45663323	1000036299
166787033	1000120913
24233316	1000148750
28599031	1000115421
61856458	1000120913
988911	1000099420
14083492	1000154126
16926637	1000071109
92437145	1000049815
21868620	1000027657
28598978	1000082204
49997792	1000012196
57430197	1000050342
200969056	1000094105
28599031	1000083801
23272358	1000020524
6138492	1000154126
113509194	1000106202
31453604	1000082204
16854206	1000010201
23204326	1000017387
103080181	1000050342
243181897	1000019952
28471924	1000068671
42800399	1000008762
47965522	1000094105
38438398	1000124636
18982840	1000032432
53661644	1000068671
485924782	1000008471
23841714	1000059975
3006981	1000154126
38103344	1000150080
23272358	1000012196
15235672	1000059975
988911	1000032432
38833974	1000046120
12120272	1000040353
53661644	1000139331
53661644	1000040353
14261617	1000012196
988911	1000052212
132912535	1000047337
46719689	1000079282
186154646	1000099648
38833974	1000139331
15311039	1000150633
255761021	1000154126
123862119	1000082204
54246944	1000117622
123862119	1000091920
24936537	1000124636
15172810	1000087998
17200130	1000008471
106816456	1000046120
29628889	1000044272
109371322	1000012891
1564371	1000046120
86146072	1000106202
127572682	1000124636
31453604	1000153222
211238730	1000008471
46719689	1000016463
306328530	1000008471
55045856	1000117622
117595754	1000008659
141245943	1000112390
127572682	1000117622
53661644	1000059975
53661644	1000075786
23204326	1000008471
988911	1000091920
14925517	1000136563
125404532	1000008471
53661644	1000017387
262344383	1000010201
22813738	1000068671
54246944	1000000266
124575848	1000117622
92437145	1000058752
54246944	1000068671
86163538	1000008471
200969056	1000099420
74849943	1000154126
117595754	1000046120
15235672	1000085883
141313671	1000046120
123862119	1000049815
254646743	1000150633
42800399	1000008471
42942168	1000056226
97072406	1000012196
16854206	1000139331
20050047	1000052212
106933548	1000124636
46053	1000071109
28599031	1000124636
54246944	1000082204
18943752	1000153222
148363935	1000020093
34067225	1000112390
16186743	1000040353
20065440	1000040353
27093777	1000001762
254646743	1000154126
204291281	1000116267
31453604	1000012891
73206956	1000008505
14261617	1000008471
200969056	1000087998
9109712	1000036299
57430197	1000040353
352360566	1000008471
91127176	1000040353
16619709	1000001762
10742132	1000046120
123862119	1000099420
55045856	1000139331
53661644	1000052212
19780355	1000027657
23272358	1000008471
15940558	1000071109
15311039	1000112390
17480797	1000082204
94130664	1000124636
17161241	1000040353
256275292	1000150080
62804806	1000008471
38441030	1000148750
23204326	1000085883
16186743	1000068671
15940558	1000154126
41171865	1000052212
15235672	1000047337
18813482	1000004529
97072406	1000036790
76733474	1000068671
19780355	1000055953
40165375	1000115421
17847111	1000116267
53079577	1000084928
285800793	1000008471
1564371	1000082204
24233316	1000082204
41015424	1000117622
47965522	1000015731
200969056	1000120913
53079577	1000052212
23272358	1000148750
17847111	1000047337
200969056	1000117622
26278266	1000008471
200969056	1000040353
46053	1000052212
988911	1000068671
18943752	1000101485
74849943	1000070063
10742132	1000120913
96191174	1000020524
204291281	1000047337
34917790	1000008471
50356964	1000148750
31453604	1000040353
141245943	1000139331
121858259	1000079282
15172810	1000068671
3006981	1000033237
227456879	1000005423
17200130	1000000266
74846319	1000020093
41015424	1000059975
84147262	1000010201
46053	1000112390
124038369	1000157643
62925053	1000104436
54246944	1000139331
86146072	1000134844
4603931	1000154126
132912535	1000043435
127572682	1000157646
15311039	1000012891
29426700	1000036299
165797976	1000008471
84147262	1000112390
34067225	1000083801
17480797	1000052212
1564371	1000068671
18982840	1000050342
55045856	1000008471
20050047	1000012891
3006981	1000040353
398210739	1000040353
123862119	1000087998
17465796	1000136563
31453604	1000157646
124575848	1000010201
23204326	1000124636
49997792	1000056226
153150671	1000087998
153150671	1000117622
28471924	1000082204
15172810	1000148750
53661644	1000016463
42942168	1000148750
1564371	1000040353
3006981	1000071109
35742108	1000068671
382079502	1000150080
204291281	1000043435
123100479	1000008505
15235672	1000120913
47719591	1000104436
200969056	1000012196
173980917	1000082100
173980917	1000117622
76733474	1000112390
398210739	1000112390
15235672	1000116267
258447233	1000154126
124038369	1000154126
17847111	1000116684
226664152	1000008471
47965522	1000068671
12120272	1000115421
24233316	1000075786
103080181	1000148750
41015424	1000157646
14695514	1000004399
153150671	1000124636
472280764	1000008505
988911	1000157646
28599031	1000008471
35742108	1000124636
282345114	1000050342
16854206	1000008471
46732934	1000008471
29628889	1000004529
35742108	1000049815
14107459	1000008471
49997792	1000058520
485924782	1000008762
84147262	1000139331
15172810	1000139331
16186743	1000082204
57047630	1000008471
53661644	1000124636
15263852	1000012196
20065440	1000112390
117595754	1000096045
54246944	1000157646
153150671	1000008471
130264658	1000120913
127572682	1000068671
41015424	1000068671
21231796	1000101485
17847111	1000046120
28351670	1000120913
262344383	1000068671
243181897	1000120913
47719591	1000148750
61199499	1000112485
18982840	1000027657
38438398	1000112485
34067225	1000115421
988911	1000087998
200969056	1000157646
148363935	1000117622
271113097	1000071109
22813738	1000050342
258447233	1000008471
94373307	1000084928
27720205	1000112390
53661644	1000083801
20050047	1000116267
262344383	1000117622
44930735	1000008471
53661644	1000000266
44609264	1000118724
34067225	1000082204
16926637	1000079282
38441030	1000139331
988911	1000075786
141313671	1000010201
161004312	1000008471
53661644	1000101485
113509194	1000008505
271113097	1000112390
22857369	1000050342
31453604	1000068671
110519857	1000008471
106816456	1000082204
22811118	1000008762
200969056	1000050342
37986651	1000008659
21231796	1000005423
98997127	1000106202
45741118	1000082204
55045856	1000068671
29628889	1000120913
7094112	1000082204
121750689	1000008471
20050047	1000112390
200969056	1000010201
22523624	1000008505
200969056	1000046120
254646743	1000157643
17200130	1000068671
18982840	1000068671
325830217	1000008471
46053	1000154126
254646743	1000112390
51687577	1000012196
49997792	1000120913
109371322	1000101485
254646743	1000004399
53661644	1000118947
24626969	1000008471
14695514	1000008471
305003658	1000118724
20193243	1000106202
25371220	1000052212
15235672	1000091920
69027629	1000055953
55045856	1000027657
10742132	1000148750
398210739	1000082204
53079577	1000154126
988911	1000082204
17480797	1000087998
28599031	1000101485
57047630	1000154126
16273438	1000044272
34270080	1000157643
254646743	1000008471
42800399	1000085883
123862119	1000050342
40875267	1000059975
53079577	1000000266
93670875	1000116684
41590595	1000059975
40165375	1000050342
197295132	1000012196
262344383	1000052212
41015424	1000008471
34067225	1000071109
200969056	1000124636
16186743	1000157646
53661644	1000112485
18982840	1000124636
63689362	1000075786
130264658	1000148750
226671290	1000008471
21231796	1000040353
141245943	1000000266
153150671	1000036790
89085091	1000044272
12120272	1000099420
53661644	1000091920
54246944	1000040353
173980917	1000082204
254104119	1000058752
191656494	1000008505
17200130	1000118947
28599031	1000017387
40875267	1000043435
31453604	1000148750
94130664	1000015731
15235672	1000087998
40875267	1000047337
132912535	1000052212
40875267	1000099420
28471924	1000115421
15235672	1000099420
254646743	1000082204
76733474	1000036299
15235672	1000058752
22813738	1000017387
12120272	1000124636
18393753	1000044272
84147262	1000117622
42942168	1000012274
22813738	1000012196
16186743	1000087998
196251283	1000148750
200969056	1000112390
258447233	1000112390
123862119	1000046120
53661644	1000154126
988911	1000040353
41015424	1000112485
28471924	1000087998
84147262	1000124636
102124948	1000008762
93670875	1000083801
132912535	1000154126
38833974	1000036299
16186743	1000046120
141313671	1000087998
53661644	1000033237
69027629	1000012274
485924782	1000083801
21540725	1000120913
117595754	1000019952
255761021	1000008471
148363935	1000082100
299867828	1000157643
20050047	1000008762
258447233	1000084928
