80610528	1000050805
15394663	1000084448
15367053	1000030336
16827758	1000112873
15847059	1000036247
17941825	1000056919
73874988	1000115749
239253198	1000106497
22205493	1000070449
137454693	1000100107
16723958	1000100107
353547940	1000126300
20737911	1000016089
37878753	1000016089
277834034	1000016089
19639085	1000004536
152515045	1000024704
10135132	1000071033
19045458	1000071033
108675409	1000050804
18393773	1000055077
18688051	1000079015
9733542	1000036247
38851803	1000045454
166405793	1000063457
19164186	1000046622
27003337	1000063457
14586604	1000115749
16356344	1000056919
661403	1000019565
207199149	1000084448
32058990	1000024704
28645754	1000152643
306850441	1000157346
14586604	1000137022
19164186	1000137022
108675409	1000136372
82853372	1000056919
97881470	1000152204
8471852	1000152643
97722678	1000056378
344114452	1000068591
824157	1000019565
98513781	1000070449
16594064	1000030336
435580051	1000137022
19272669	1000067596
19639085	1000056378
23138301	1000084448
64441390	1000084168
12804422	1000030336
96865911	1000157378
64069241	1000033677
23112565	1000127289
151527175	1000152643
374260544	1000078119
547504314	1000024704
12798822	1000019565
219150098	1000001150
17033125	1000128615
799316	1000036247
59316084	1000005487
20174197	1000137022
16403519	1000056378
28755851	1000016089
6347872	1000019565
165786567	1000127289
404269967	1000118256
13919072	1000019565
35102879	1000084448
16950889	1000145631
14275130	1000055866
24889529	1000118256
67807033	1000033677
6193182	1000036247
126013958	1000087707
16966832	1000050805
268343277	1000152643
21238039	1000093771
25079164	1000033677
17599655	1000004536
172813764	1000011999
21909890	1000100107
21170263	1000145631
19251458	1000092232
353547940	1000137022
97743746	1000054486
28049003	1000094831
17582288	1000016089
15215771	1000118256
15675138	1000100107
397113150	1000016089
29269216	1000157346
284559833	1000115749
28104897	1000030336
101608829	1000019565
652193	1000036247
422966270	1000061007
26875700	1000004536
19639085	1000046210
17678587	1000118256
258518140	1000033677
19794121	1000138009
27620472	1000118256
6339822	1000099186
107116098	1000137022
15446126	1000084448
200227389	1000118256
26360899	1000033677
14362241	1000084168
361560139	1000115749
129880152	1000056378
39718594	1000137022
20087888	1000157346
17014044	1000056378
17021844	1000063457
817977	1000036247
37461389	1000100107
517689596	1000056919
21117658	1000141324
13600352	1000050869
210936826	1000126300
61127248	1000114783
13910012	1000099186
388984500	1000073748
109320098	1000128615
26875700	1000046622
821	1000128157
435580051	1000126300
103602549	1000055077
33860739	1000138853
39506306	1000145631
39718594	1000118256
435580051	1000067596
19639085	1000073748
266187076	1000039685
9740572	1000084448
374260544	1000084168
116729192	1000106497
82909697	1000157346
189520887	1000070449
415124451	1000024704
39342935	1000141324
36380242	1000118256
143412135	1000056919
14553055	1000036247
242480207	1000056378
15881026	1000033677
15446126	1000068591
2569261	1000056919
112754180	1000152204
79886398	1000016089
15836745	1000016089
6229562	1000100107
28121597	1000059146
31949053	1000084448
19639085	1000137639
77226369	1000127289
15127748	1000030336
18355761	1000024205
80102969	1000063457
39584643	1000070449
15633	1000024205
404269967	1000152643
94623001	1000152643
15358350	1000100107
41406567	1000063457
374260544	1000067596
15000527	1000100107
4114811	1000016089
14366992	1000036247
107348568	1000145631
8820652	1000050829
17014044	1000046622
101435350	1000024704
37575978	1000094831
43221201	1000145631
353547940	1000005487
112548462	1000019565
32901365	1000050804
404269967	1000137022
19794121	1000056378
233094065	1000137639
35162371	1000147530
48473	1000019565
6339822	1000084448
15134057	1000094697
80610528	1000138009
25088527	1000157346
36941793	1000067596
19164186	1000067596
87195913	1000039685
68163	1000045454
314585181	1000056919
54858527	1000033677
19272669	1000078119
22486912	1000118663
59847989	1000145631
36941793	1000093771
14439168	1000019565
99571358	1000070449
361560139	1000004536
36198161	1000024704
236827933	1000024704
423567032	1000024704
291314617	1000033677
821	1000024205
21778016	1000100107
233094065	1000046622
27884654	1000145631
20578176	1000157378
746323	1000056919
14655351	1000030336
23917224	1000070449
126013958	1000067596
19164186	1000138853
21963179	1000147530
260438170	1000084448
25460763	1000016089
165786567	1000145631
20183126	1000100107
69570898	1000045454
86336234	1000056919
107348568	1000046210
6321322	1000011771
188844665	1000084448
36045367	1000056919
821	1000019565
27051975	1000030336
19272669	1000114783
114284807	1000036247
15323979	1000050829
115877028	1000016089
18254355	1000030336
48259431	1000030336
39182784	1000112873
284559833	1000152643
218742198	1000069393
13124	1000019565
128352207	1000045454
48463781	1000118256
34620751	1000030336
36941793	1000056378
32901365	1000136372
61342045	1000019565
18024103	1000118256
20784548	1000024205
23908767	1000016089
407484655	1000084448
20458823	1000070449
17458069	1000016089
17623957	1000050869
210936826	1000152643
19639085	1000067596
14501084	1000055866
61342045	1000024205
249716786	1000115749
12095912	1000100107
2391	1000050869
16403519	1000127289
18555244	1000127289
20026604	1000070449
21556678	1000070449
394561899	1000016089
28124437	1000084448
244060723	1000016089
29660021	1000016089
15414807	1000050869
23138301	1000099186
23815359	1000030336
77226369	1000094697
86280347	1000056919
1991	1000036247
19178814	1000016089
17595439	1000019565
83807322	1000016089
16440181	1000070449
74480870	1000033677
38851803	1000118256
8876232	1000056919
177310174	1000056919
384535985	1000033677
202715921	1000001150
299799703	1000063457
126013958	1000046622
15714547	1000128157
114280167	1000004536
80610528	1000145631
388984500	1000067596
457382905	1000118256
77226369	1000145631
404269967	1000126300
334842514	1000081041
111429958	1000016089
22605632	1000070449
126013958	1000137022
26875700	1000044390
107116098	1000087707
388984500	1000084168
233094065	1000087707
19647878	1000118256
31237153	1000033677
150256656	1000024704
15378805	1000100107
249716786	1000118256
32421348	1000070449
18354504	1000079015
418612503	1000126300
90762202	1000024704
15289170	1000011999
15561776	1000033677
16284697	1000019565
19794121	1000044390
19933527	1000087707
17228988	1000033677
21803333	1000157346
16213352	1000100107
389535040	1000046210
345518040	1000050869
159558577	1000059146
39342935	1000157346
19639085	1000046622
105520076	1000118663
32327501	1000016089
15142243	1000030336
16743138	1000070449
51228911	1000100107
15407619	1000054486
15004311	1000056919
89488035	1000081041
95396196	1000118256
147298311	1000033677
23070306	1000030336
15777123	1000011771
61335115	1000137022
19848813	1000055077
7436142	1000152643
15053372	1000069393
470087766	1000061007
19639085	1000137022
19779667	1000033677
75316890	1000055077
67464471	1000092232
26875700	1000056378
23112565	1000145631
125996244	1000054486
1833561	1000019565
11107172	1000019565
217949209	1000016089
87725109	1000070449
97722678	1000137022
27663355	1000118256
78453	1000050869
318182652	1000016089
64046315	1000070449
156602922	1000070449
38851803	1000115749
15322256	1000084448
73874988	1000152643
19051846	1000157346
655613	1000099186
132250094	1000128615
21117658	1000157346
97722678	1000046622
