7572072	1000035602
23930272	1000080985
23238377	1000085835
279888029	1000017929
174541760	1000022942
87725109	1000099943
63516292	1000020171
85388628	1000017929
18716999	1000098675
15877164	1000126252
31407587	1000062206
14241826	1000125665
344439820	1000005920
16233123	1000013930
96827552	1000162503
17890601	1000105885
5838402	1000013930
32016358	1000133152
20026604	1000039815
174904516	1000125306
11000562	1000037899
337326228	1000053068
182272960	1000132188
15702262	1000059143
36465626	1000150538
14069559	1000070947
20649406	1000116265
16722929	1000126252
23236865	1000172079
60968363	1000017929
23236865	1000104563
70078376	1000031198
181806097	1000048722
265186719	1000085835
84404016	1000061821
16007812	1000063449
20686269	1000125665
65589378	1000132254
109094189	1000067885
20293613	1000017894
14397792	1000150798
16892481	1000002833
15472368	1000125665
227455120	1000081599
13180092	1000039385
14297788	1000017894
5374	1000015845
18638800	1000074445
63273064	1000072719
21324483	1000071647
91942557	1000016482
20787623	1000113921
33797153	1000125356
118241252	1000027977
14999344	1000048136
21062349	1000099943
14067559	1000126603
299715714	1000022942
85923804	1000161195
22413809	1000162503
17275604	1000152485
35676929	1000152860
42519612	1000004820
14610391	1000048624
14944855	1000024297
759948	1000125665
93694557	1000037899
19238557	1000039551
146768204	1000125969
26368049	1000019764
2232241	1000028193
16581189	1000116478
241324615	1000011041
14756754	1000128468
15529747	1000048722
17464070	1000085835
16327359	1000156944
82821653	1000154385
19626763	1000108806
15777123	1000006556
14558385	1000024297
38935118	1000153106
12433102	1000027799
19370213	1000017929
20649406	1000019764
7897392	1000132188
5865222	1000088476
20797196	1000145125
16372635	1000085835
70078376	1000013930
7805842	1000126252
61813146	1000128438
21793918	1000147457
759003	1000156944
442367757	1000017929
82856093	1000119239
332803989	1000099943
84107842	1000103845
18189855	1000059143
13357022	1000133228
14312841	1000148972
91422966	1000088527
190291868	1000125770
36735522	1000005920
61853583	1000017929
20483876	1000010779
29993931	1000126956
17001189	1000013930
16527415	1000157649
23142308	1000048136
7614292	1000088476
14529711	1000038056
177849911	1000141221
16926230	1000153106
343479972	1000070395
52866725	1000112720
7805842	1000085835
22465479	1000027799
37845895	1000008686
7908272	1000039405
21062349	1000145125
283374974	1000133228
34046481	1000047589
12998732	1000085835
1837051	1000077610
286139806	1000167663
112764405	1000063449
16115549	1000030123
123607075	1000076533
14067559	1000159104
17167771	1000162792
14587095	1000048624
70600241	1000132316
43273	1000037899
24000067	1000059824
96846255	1000005920
99642334	1000027799
113463725	1000164912
5379992	1000030123
18079495	1000126480
25476249	1000102512
20297371	1000030123
1270191	1000027799
15883704	1000101935
153449917	1000017929
14119053	1000083971
16493728	1000089238
756975	1000028193
17415916	1000111288
25837866	1000126252
112846894	1000128438
18345193	1000167663
62059086	1000107839
358553967	1000022942
112550509	1000003331
31222777	1000092598
18068719	1000017929
14314918	1000129021
31610343	1000072719
238012205	1000128438
119908470	1000123303
14705287	1000002833
18744189	1000166738
47346403	1000061538
170675435	1000128438
319020952	1000141221
33326659	1000155595
18256851	1000126252
24886025	1000005920
14720835	1000130790
539084250	1000072719
14506500	1000058652
18337224	1000103845
27236144	1000085835
17124036	1000133228
1438651	1000018846
19788525	1000099267
14471133	1000123303
22536240	1000024621
33324015	1000047190
15029953	1000085835
121258930	1000042270
102608859	1000017929
153559103	1000001577
17970452	1000153945
14056917	1000086771
185554363	1000093435
40550544	1000101740
22183923	1000069557
18024103	1000100367
18173624	1000048722
4250951	1000127188
18384469	1000172079
62581461	1000017929
1277441	1000035303
330690616	1000035046
22613936	1000099267
26360899	1000168980
13652832	1000123265
41294878	1000017929
53391112	1000017929
20217659	1000048321
274170701	1000032204
15826220	1000015845
444442893	1000128438
109775248	1000050797
11740902	1000018846
14513842	1000149289
43365692	1000059639
307651474	1000093435
373627392	1000017929
14118878	1000162503
64595968	1000032362
82661220	1000125306
488061226	1000005920
185504488	1000106420
20874192	1000043390
23236865	1000061538
9726292	1000089210
39584643	1000102512
18324466	1000105885
272157267	1000128438
222505706	1000158706
25837866	1000141752
147298311	1000085835
7376382	1000149751
3245291	1000093166
81894512	1000013206
26392468	1000140341
33486917	1000162792
18687625	1000102725
246471160	1000085835
27934225	1000141221
81831642	1000144962
39759443	1000005920
16853802	1000089210
643653	1000009275
1837051	1000145125
15075834	1000073162
60179528	1000115705
16787466	1000172079
22368290	1000000270
107626582	1000010688
16657098	1000158706
44551825	1000175555
148488037	1000037929
18917281	1000012115
26451647	1000013930
1837051	1000125306
11422352	1000066922
20888597	1000085835
16959764	1000115705
127391516	1000016513
29585554	1000132188
185504488	1000086786
370943664	1000059619
41804680	1000159104
96714007	1000027799
15464883	1000002543
36637295	1000035046
27852686	1000127877
44957752	1000009221
835871	1000143353
38682272	1000013930
255802087	1000164912
18917156	1000020159
81401251	1000109700
23862163	1000158706
33326659	1000158948
16102671	1000048722
516796074	1000044981
285930225	1000017929
84298716	1000081599
27612936	1000044873
97346825	1000005920
44796952	1000067753
40230115	1000059143
172747510	1000126252
16390557	1000132188
23143968	1000017929
15639110	1000125306
18628082	1000017929
24542441	1000047589
14063679	1000125665
22967906	1000113592
126169000	1000027799
295939052	1000175878
111114287	1000002833
26037881	1000125665
14892191	1000065768
5969122	1000126252
16672926	1000108806
520178560	1000078285
111523654	1000019764
67013898	1000115214
174697966	1000005920
15875898	1000063449
20455445	1000027799
19563357	1000072719
54680774	1000143993
400964556	1000105885
436383288	1000174532
245470685	1000001520
7249822	1000047190
27661959	1000005920
146350964	1000167663
16832387	1000173250
14118878	1000162933
3272731	1000032362
170675435	1000167663
38395010	1000037984
70587360	1000101935
83665015	1000023589
38347814	1000099943
60741908	1000017894
21793918	1000137685
7777932	1000027799
198971083	1000018166
458614522	1000133899
86737638	1000160922
235246701	1000128438
15646657	1000054350
210195377	1000072719
23095837	1000018542
47840035	1000173250
33797153	1000144962
41553	1000059824
97324177	1000105885
15683403	1000102126
126467468	1000005920
153069336	1000025563
185504488	1000172079
15830434	1000103845
538698377	1000128438
15620557	1000037374
226817821	1000016513
16233123	1000160779
15814666	1000005920
15039065	1000009221
262689819	1000081599
27624085	1000125665
32855657	1000164912
14172588	1000018846
15895373	1000125665
38347814	1000100367
43081426	1000052435
207779106	1000128438
17977240	1000125665
21771720	1000017894
21818383	1000061974
171591674	1000101935
21793918	1000091166
15383	1000126252
144663771	1000017929
443808779	1000128438
14971414	1000125665
15453752	1000143353
48463781	1000133152
17384206	1000059639
46809129	1000123353
40039442	1000155055
11752272	1000157649
30520303	1000125356
253955065	1000102384
15801052	1000037984
168497897	1000098675
756475	1000063449
14231756	1000099943
34222931	1000050354
19104727	1000125665
326917231	1000136488
82504166	1000107839
48933962	1000090537
7373292	1000011060
5691392	1000086771
35164139	1000059639
15881026	1000048722
19953346	1000043961
486327172	1000030310
34898276	1000150336
7804612	1000063449
22536240	1000115229
62059086	1000008067
111523654	1000011831
87729173	1000098617
88974169	1000152860
34244280	1000128438
104352067	1000017929
22403724	1000155055
258518140	1000116478
315249993	1000172571
25476249	1000012115
15146992	1000048722
60741908	1000132188
239648605	1000174532
21556678	1000100367
470450912	1000031198
19949262	1000170885
82017157	1000126252
759003	1000009221
135020073	1000053068
1837051	1000059639
26360899	1000143353
7677962	1000125665
113025559	1000017929
20026604	1000100367
196553866	1000016482
173818637	1000151571
20026604	1000039405
2303441	1000027799
115130647	1000020159
15687962	1000149751
46671605	1000128438
12998402	1000098405
29185446	1000063191
87004822	1000136790
14843763	1000062136
108353251	1000086786
42900952	1000107289
228270980	1000090121
79312296	1000053579
41034831	1000145125
185319925	1000092816
98513781	1000136790
99699180	1000128438
791878	1000125665
21793918	1000158948
375994515	1000062338
326917231	1000133152
17769620	1000164912
14503291	1000174849
14823126	1000126252
9500942	1000141752
17108182	1000018846
24424030	1000019764
15535081	1000091950
280222550	1000146819
19505302	1000167663
89616724	1000071399
16743138	1000059143
23137012	1000012115
210157467	1000125665
7860742	1000095867
196553866	1000162933
16158636	1000038056
31216367	1000119597
32338244	1000095303
2841151	1000013930
58442136	1000145125
102327669	1000013930
15268048	1000117665
246117481	1000036426
22205493	1000102512
240362823	1000087699
44144016	1000081599
39873359	1000088527
152093583	1000125665
171591674	1000005920
96829836	1000053068
278062722	1000095867
279055096	1000093729
7249822	1000063449
21411794	1000099943
19120785	1000095867
117602132	1000174532
16542981	1000049682
12567072	1000134277
20022725	1000059143
71213932	1000048483
368943658	1000167663
13205002	1000174780
23559586	1000027799
20751546	1000013930
12998242	1000089238
23829473	1000102725
47703226	1000017929
29551594	1000074291
47841677	1000050210
60179528	1000062206
543508440	1000017929
39441533	1000031383
21274678	1000079174
67613844	1000169387
51887712	1000111656
153449917	1000093435
260281892	1000017929
18949311	1000048722
216755058	1000136341
8867702	1000170885
15533771	1000037929
242479442	1000167663
190183182	1000017929
100475303	1000048722
87771546	1000085835
819253	1000059143
20029472	1000116478
72339761	1000068550
757502	1000037899
9083302	1000031383
22205493	1000100367
24585498	1000005920
117846486	1000126223
81432354	1000089238
14308857	1000096572
123033918	1000085835
262970592	1000009221
18729020	1000005920
18337224	1000054350
91285471	1000010688
22113929	1000127188
20309234	1000042981
112037009	1000102725
82073763	1000117504
26077872	1000100367
13180092	1000104518
14500681	1000017929
14070744	1000123886
162599159	1000073162
18638460	1000153036
214955127	1000047589
34244280	1000017929
127619994	1000017929
16878507	1000005920
146350964	1000017929
50597693	1000123303
88974169	1000013206
12127102	1000126252
11394362	1000060839
14565565	1000053841
68580729	1000019764
123678437	1000105885
56699979	1000016829
178808199	1000072719
5442012	1000017929
15321133	1000015798
14608831	1000113076
13180092	1000153945
345121456	1000127877
25736741	1000134412
19530289	1000063449
22183923	1000015845
58283657	1000061538
359584365	1000028193
134672920	1000141221
31268403	1000027799
15497577	1000143353
58219780	1000145125
255836353	1000172079
115335924	1000099943
4981271	1000117665
17279613	1000125665
9500062	1000017929
14712874	1000061811
22595031	1000059143
278056725	1000141221
81115665	1000054859
17167771	1000000270
22385451	1000008686
23970971	1000107289
48210436	1000041808
95491755	1000141221
272881486	1000090121
19930345	1000026267
157875228	1000027799
123607075	1000027977
284666187	1000050797
24582572	1000167663
19197186	1000013930
198186129	1000126252
6083342	1000126223
24020949	1000089126
26153445	1000027799
152093583	1000156944
801057	1000099943
13205002	1000130021
59755332	1000133899
17078914	1000132188
232297398	1000017929
48377518	1000116478
19164824	1000032362
18084906	1000007990
28756240	1000016186
64595968	1000096572
29993931	1000059143
14114899	1000102725
7472602	1000103845
284280195	1000167663
77607142	1000059143
66048747	1000172079
20888597	1000123353
97576151	1000102725
15561776	1000051386
14763	1000062136
187503974	1000011041
23862163	1000172079
18368859	1000175555
14999344	1000008067
16263407	1000170885
18963003	1000169288
175671498	1000090121
14513860	1000043591
237874491	1000032362
791878	1000002543
17553095	1000125665
151711230	1000017929
68257605	1000175555
229249830	1000156944
63006299	1000136727
26374419	1000067753
16734718	1000072719
15129912	1000141221
71892050	1000125665
15407619	1000071647
44572624	1000061483
134968136	1000116478
15819632	1000143353
115280199	1000089210
131200327	1000048321
529041333	1000017929
6608332	1000027799
20615067	1000057983
39264421	1000063449
45082357	1000013930
18698454	1000125665
320037355	1000158882
147298311	1000132188
20686269	1000135643
6478202	1000017929
110431037	1000005920
76436811	1000127877
20789819	1000072719
59018016	1000046136
19507251	1000145125
24640587	1000125665
522532707	1000105885
14377387	1000158706
18581017	1000153261
18324466	1000117504
146155608	1000042270
111523654	1000061204
14222486	1000067885
370943664	1000143353
85114893	1000099943
4548601	1000062206
17576762	1000116265
81432354	1000027977
14761655	1000126223
14456734	1000128438
153069336	1000116676
14946695	1000027799
22025814	1000061413
20522531	1000037374
12127102	1000051386
14231756	1000039405
5691392	1000048722
166396895	1000043884
14461282	1000119696
15199097	1000093101
222151755	1000048722
172751496	1000089126
168207942	1000128438
14199499	1000071332
21744518	1000013940
14158600	1000132188
4548601	1000085835
179510652	1000128438
144222641	1000106782
7136542	1000051386
344334227	1000022942
14962670	1000059143
16538815	1000115705
16979946	1000152485
336958044	1000058568
22890010	1000027799
211899041	1000017929
87004822	1000074291
14377387	1000164912
16363082	1000170283
23148826	1000094911
15895373	1000046136
278116152	1000105885
15877164	1000162933
22024874	1000152485
923811	1000166116
14386631	1000005920
26785207	1000141221
120973456	1000043591
19507251	1000097875
14415835	1000103845
18452983	1000122780
16595732	1000113921
41954598	1000113921
7166182	1000083971
88587704	1000128438
89756441	1000044981
10386322	1000125665
23810165	1000175555
44090072	1000010801
203410283	1000160779
14106344	1000017929
248751362	1000017929
174007898	1000138823
18072740	1000038056
17324226	1000132188
17289723	1000000014
10367	1000018846
100868651	1000086786
12193882	1000132188
616843	1000085835
198157799	1000136790
14297788	1000143353
29391321	1000100682
130262012	1000172079
11255982	1000037899
19962319	1000099943
238629864	1000128438
21452912	1000095867
16363082	1000006842
23236865	1000044873
14056917	1000013930
58347421	1000130790
16392583	1000154278
26547954	1000067964
238289569	1000072719
43883192	1000145125
18976948	1000096572
133317553	1000174532
15857157	1000141221
9549022	1000156944
140630058	1000100100
81501774	1000090347
14348594	1000048193
25729606	1000024297
18518084	1000125665
33797153	1000150455
18367886	1000043591
28740832	1000053579
16102671	1000126252
15279452	1000085835
329663272	1000017929
13352012	1000115229
16669932	1000096572
209663585	1000092821
274149738	1000022942
20287180	1000095867
30520303	1000150455
23970971	1000036178
16625144	1000053068
375898136	1000111656
55631487	1000063449
2059301	1000059824
61131781	1000039385
17873493	1000028869
15695037	1000062206
64441390	1000052435
89604428	1000143353
24493499	1000097957
30520303	1000125306
425871040	1000093435
19677696	1000136790
19507251	1000089238
22939163	1000162503
286002327	1000017929
21495173	1000071647
237874491	1000005920
16148215	1000153106
13109502	1000085835
18402199	1000059824
26947525	1000115214
19210424	1000027799
15357324	1000116478
44090072	1000093101
81501774	1000113255
16856488	1000128438
168458485	1000153106
69728569	1000105478
16278375	1000128001
16415588	1000027799
106684012	1000059143
34540982	1000132188
68580729	1000107839
14263324	1000027799
14226581	1000091133
141946248	1000175555
19507713	1000092501
41294878	1000095867
20570314	1000013930
33326659	1000169223
19962319	1000136790
84298716	1000134277
39416850	1000162933
7044992	1000153052
812804	1000143353
14945261	1000133152
81110524	1000095867
27661959	1000103242
87729173	1000164912
18770088	1000059143
108353251	1000164912
153559103	1000062468
15810356	1000013930
6814192	1000055290
18797345	1000175555
14308857	1000170283
19596074	1000011831
111523654	1000086786
19949262	1000076533
15373824	1000072719
21265930	1000150336
17143528	1000125665
45508486	1000125665
10241	1000028193
153069336	1000011399
153202207	1000031383
191532441	1000071332
25068332	1000044264
16740151	1000013940
41954598	1000099943
45416789	1000017929
71019610	1000126252
245915466	1000017929
19507251	1000065600
332803989	1000050354
415711683	1000017929
72499513	1000169288
33326659	1000147457
40896292	1000166842
15319120	1000125665
116807493	1000063191
275608958	1000128438
508263861	1000158882
15154767	1000128438
15668559	1000072719
41650182	1000126252
14572884	1000049682
17811047	1000062206
18091979	1000014484
15868506	1000007990
787555	1000010779
23372773	1000051386
20466609	1000134277
26082186	1000043591
373123978	1000017929
20458823	1000100367
7044992	1000150455
228901362	1000128438
249305450	1000125665
20075644	1000031383
16738672	1000156604
284946367	1000017929
34944221	1000035602
14535004	1000125665
79184073	1000110759
13382652	1000114130
20953935	1000085835
17813433	1000074291
11659332	1000035528
115444551	1000017929
123702913	1000098617
20398546	1000116478
41970816	1000116478
129614275	1000059824
29479373	1000039551
82504166	1000170283
14912587	1000126252
86572842	1000122060
24609812	1000162933
17769620	1000102384
60025762	1000133152
624473	1000128438
272058143	1000093435
106198153	1000102384
242414436	1000047589
336152977	1000123353
20458823	1000099943
43883192	1000152860
31465207	1000095303
53280402	1000049062
37957402	1000039405
115060775	1000011041
14580197	1000125665
19637779	1000125665
14499788	1000175878
33033	1000127798
17970452	1000085835
18943764	1000037774
16524534	1000116478
36325964	1000024297
19151489	1000028869
26037881	1000086786
15802049	1000005920
222505706	1000012015
196553866	1000133228
134995648	1000063191
26112027	1000043604
16644152	1000048584
12567072	1000123303
7373292	1000162933
331937605	1000017929
14750463	1000128438
15671066	1000146819
14446902	1000132188
19106293	1000053579
393719606	1000047589
18272435	1000085323
18012833	1000011831
438460947	1000135643
16526462	1000063191
212113739	1000061681
16860525	1000141226
21818383	1000118028
418221016	1000125969
34739714	1000128438
14558385	1000067964
16237246	1000059639
168262170	1000071509
20714235	1000158987
87729173	1000053914
115489357	1000089759
16031897	1000133152
62169807	1000064758
16151653	1000072064
16910524	1000129965
94877567	1000111288
338458786	1000175878
18952022	1000085835
94263555	1000132188
899701	1000063449
23236865	1000061821
117662694	1000048321
18327992	1000061681
17667742	1000035457
15383	1000063449
128688675	1000170013
34222931	1000136790
11224342	1000030123
187744415	1000072719
17803303	1000093435
123702913	1000053914
81501774	1000089238
14397546	1000081599
19396256	1000156604
14519984	1000013930
14287474	1000089210
14737363	1000117665
14158600	1000125665
27930140	1000155055
137982546	1000110133
15906640	1000149751
21744518	1000013930
1801791	1000020031
12782472	1000137167
66020299	1000153106
2172	1000150798
34222931	1000039405
17167771	1000127877
24245543	1000017929
34898276	1000104563
147298311	1000088978
15853073	1000160922
16334550	1000125665
17167771	1000086786
364557716	1000109584
71924179	1000018166
16166237	1000009247
32270541	1000059824
14397546	1000003195
21826190	1000081374
23559552	1000167663
12998732	1000158706
18740669	1000164912
835871	1000071399
15801052	1000016482
29406557	1000072719
22442001	1000032362
27612936	1000107839
19536422	1000027131
147298311	1000005920
19353750	1000172079
54991079	1000127877
14614122	1000125665
24942585	1000093435
33363	1000117665
16326742	1000088302
117210548	1000017929
20332925	1000032362
32232965	1000017894
24510424	1000037929
43074937	1000063449
19680233	1000019320
107198898	1000013930
57325288	1000086786
15620557	1000157649
9856232	1000128001
18168324	1000113076
32032000	1000022942
165645655	1000128438
31013971	1000005920
55140635	1000017929
17873493	1000153036
21793918	1000155595
161748535	1000128438
15384450	1000125665
10813822	1000063191
694613	1000009221
32401095	1000122060
14167669	1000078285
12782472	1000164368
19523675	1000156944
242479442	1000128438
5516372	1000022942
111523654	1000013991
26392468	1000126603
20472941	1000086786
19811190	1000063449
23871012	1000039405
406433383	1000102725
17941825	1000091950
18407019	1000117504
15258562	1000127877
33456706	1000136790
17241895	1000066209
118360338	1000166116
304795131	1000128438
20926806	1000102725
14555555	1000027799
13310912	1000063449
18812947	1000123303
311200785	1000128438
14704192	1000005920
26392468	1000123940
10010852	1000102126
12730882	1000127877
347501598	1000128438
17803303	1000042270
255836353	1000053841
14825237	1000027799
414027682	1000167663
6044652	1000009221
63433165	1000017929
29264684	1000116478
30953528	1000018846
87725109	1000100367
778446	1000154179
108838926	1000086786
22492232	1000011060
20649406	1000094911
199819340	1000145125
206954727	1000126252
17853760	1000002833
31561072	1000104563
331847694	1000035528
30008116	1000064758
15075834	1000125665
19746949	1000128438
185319925	1000103845
18071855	1000086786
23564865	1000072719
33266813	1000129021
16098603	1000128438
25376226	1000128438
202623127	1000166738
12799872	1000056716
391413259	1000063449
81501774	1000075157
68270591	1000143993
14231756	1000100367
6601862	1000096011
94338259	1000053068
67807033	1000046976
16158636	1000126252
14213544	1000035736
50288539	1000172079
18880638	1000089210
465098191	1000005920
96770886	1000080985
813637	1000037899
14827979	1000141221
18963003	1000048321
80837233	1000099943
67372632	1000049682
21556678	1000012115
363426409	1000022942
19363089	1000027799
17122048	1000132188
35908173	1000053841
15279452	1000125665
66723397	1000133228
16856006	1000142372
321896852	1000001494
2593511	1000128438
33080973	1000067630
20765126	1000099943
10373972	1000018846
57827906	1000051509
82821653	1000137685
479882621	1000002833
26841335	1000022942
19623170	1000079174
14615462	1000125665
18324466	1000050354
30602608	1000141221
121258930	1000093435
228584951	1000090121
18742076	1000156604
153069336	1000003195
97295283	1000113868
177070843	1000172079
72044205	1000024547
6347872	1000147307
15165865	1000161413
23404076	1000031383
57615926	1000003493
284946367	1000095867
28049003	1000022942
9548242	1000027799
9145492	1000163282
80837233	1000115214
100868651	1000054859
98513781	1000039405
81162072	1000091166
21659297	1000038056
80837233	1000039405
18776605	1000122060
16362450	1000053841
19233593	1000116676
75360706	1000113076
87771546	1000037774
43742834	1000043961
16792453	1000123303
21771720	1000143353
98660285	1000089210
14957913	1000162503
34170312	1000048036
7804612	1000013930
15883704	1000085835
989	1000018846
17228988	1000014978
16542981	1000014978
14670800	1000125665
7329652	1000103845
62059086	1000011831
417407285	1000017929
16715140	1000143353
30030938	1000059143
353216771	1000005920
66530713	1000017929
48436259	1000126252
27760317	1000102725
14165096	1000103845
15135752	1000126252
14224219	1000085835
5387212	1000130953
15080902	1000039385
470450912	1000136488
24609812	1000059619
158862966	1000039815
31664653	1000005546
59179219	1000095867
29806910	1000017929
258518140	1000017894
19566708	1000072719
8066652	1000010801
29561751	1000128438
20880546	1000032307
218384027	1000017929
15165865	1000126252
7008682	1000013930
81501774	1000118960
81801765	1000134277
20649406	1000053841
16233123	1000017894
15961191	1000125665
349358004	1000017929
23792942	1000125665
1004	1000018846
35676929	1000123303
14219081	1000005920
7872262	1000032307
40838410	1000101740
18233897	1000132188
23148826	1000012199
14935647	1000031383
53154874	1000058568
16119771	1000024621
14317524	1000017894
2109381	1000126252
388669062	1000017929
5620922	1000017929
47374533	1000005920
179743459	1000017929
311268617	1000018231
145015191	1000128438
15115549	1000013930
12730882	1000085835
18943764	1000059143
36198161	1000017929
54845467	1000116478
257942311	1000048036
525782519	1000067885
210923753	1000072719
46542867	1000175555
46501487	1000048136
137982546	1000102512
306803641	1000017929
13274152	1000107149
185504488	1000053841
79249885	1000125665
39355598	1000170013
39569182	1000033576
25106800	1000175555
94877567	1000059143
129080258	1000063191
40858764	1000101740
48463781	1000100367
23057736	1000158882
211313381	1000132188
29941998	1000147307
32487499	1000027799
19507251	1000118960
7860742	1000017929
71383220	1000017929
92357649	1000167663
337694536	1000132188
15754431	1000175555
19949262	1000075157
26392468	1000011831
16999210	1000062338
14067559	1000078726
53372998	1000141221
30823084	1000029692
14659051	1000027131
34046481	1000128438
16545051	1000134721
749463	1000063449
79005580	1000116478
17562014	1000157775
29237801	1000099943
18433412	1000116265
31536491	1000027799
17759701	1000095867
33326659	1000001577
72393730	1000099267
15810356	1000009221
252274930	1000086786
16119771	1000031198
81831642	1000032362
16054090	1000035046
52330027	1000017929
81501774	1000094309
16682506	1000067800
14443028	1000125665
225491959	1000110759
2034901	1000141221
19425135	1000005920
21411794	1000039405
17882881	1000031198
16856006	1000020159
370215382	1000105478
19169240	1000007440
15048348	1000011041
13180092	1000161413
16716904	1000126223
17088729	1000161413
5603992	1000085835
12101862	1000117665
38815826	1000099267
31889268	1000011831
16660451	1000086219
21744518	1000123940
82932549	1000085835
220212905	1000110311
283150159	1000022942
14377387	1000127877
113532278	1000072719
20888597	1000005920
16363082	1000116265
6151792	1000028193
21793918	1000136727
14301982	1000128438
143659616	1000017929
23148826	1000007990
89262754	1000053841
245016943	1000017929
108838926	1000016186
42923074	1000039385
32548772	1000035528
97131715	1000134340
17910183	1000102126
20509649	1000172079
16363082	1000008067
271004250	1000091950
14443028	1000039385
339149742	1000042270
347503734	1000017929
40230115	1000012199
29993931	1000086786
81831642	1000002543
26360899	1000133228
23372773	1000038056
91285471	1000149289
63320588	1000031383
338458786	1000036178
191982243	1000147307
290309885	1000001494
19396256	1000049682
942671	1000018846
267383914	1000058568
280222550	1000048036
59018016	1000092816
12853322	1000028193
294949330	1000086786
163629705	1000017929
32400124	1000059143
35138072	1000063191
89604428	1000062206
81053602	1000128438
153069336	1000152860
518214620	1000107149
113025559	1000063191
252274930	1000126252
204749735	1000153261
6076432	1000017929
469024995	1000141221
36103261	1000013930
17694186	1000103675
18692078	1000043604
19643545	1000128438
14269220	1000017929
30274144	1000131271
54806215	1000110006
23236865	1000107839
20464600	1000169387
16153317	1000115705
20026604	1000116265
15488811	1000085835
26110698	1000147723
21818383	1000154385
18272435	1000059143
761032	1000160922
46025145	1000013930
302382963	1000047589
235377567	1000017929
22288792	1000141221
16979946	1000096572
42562874	1000072719
23236865	1000116265
42683651	1000017929
18740669	1000102384
382110320	1000017929
6889982	1000009275
14333742	1000125665
386994844	1000151977
70078376	1000048722
82821653	1000118028
21934530	1000151571
225491959	1000025563
18877662	1000125665
18262659	1000116478
25041430	1000072719
18716004	1000063191
4548601	1000046976
77351627	1000059143
18922581	1000175555
6352152	1000005920
82661220	1000113255
21816442	1000099943
126527969	1000098939
258518140	1000024547
97743746	1000039405
923811	1000039405
21185720	1000039405
3339521	1000125665
17659992	1000100745
37387919	1000027799
19838339	1000059639
8395472	1000013930
5409802	1000130953
303603915	1000017929
57325288	1000094911
21744518	1000056349
470500538	1000017929
309762859	1000137852
45784061	1000111656
39584643	1000042981
17088729	1000116478
20332925	1000107839
124557189	1000156944
8194122	1000013930
29132977	1000049122
255836353	1000011831
15814666	1000085835
33970665	1000162933
11393832	1000032362
85114893	1000100367
90366230	1000116265
17587331	1000085835
20061655	1000113502
17576762	1000044873
48463781	1000126686
81162072	1000074291
88882927	1000134412
35765068	1000143262
16117470	1000125665
17228988	1000081599
238721415	1000000270
424426848	1000017929
1065921	1000062124
33629690	1000017929
16326742	1000025563
18233897	1000053841
19151489	1000153036
755756	1000063449
18976948	1000113921
288078528	1000174780
29749825	1000063191
2727051	1000123265
17464070	1000012015
21273590	1000022942
22492232	1000048722
23236865	1000104518
19501545	1000053068
22619707	1000175555
14673985	1000011060
36380242	1000059143
133297907	1000102512
15477919	1000033576
119766848	1000165863
73872981	1000039405
21182763	1000099943
458940984	1000017929
21076998	1000115214
18457442	1000102725
213171360	1000099267
26322751	1000093435
40992381	1000067885
231571333	1000072719
12628	1000113076
19425175	1000027799
17893290	1000141221
16372635	1000125665
285865563	1000137852
15561776	1000024547
44145580	1000017929
320950424	1000017929
20958080	1000156604
15814666	1000032362
7872262	1000017929
38984750	1000070395
30520303	1000153052
13735572	1000132188
29818776	1000135158
19134143	1000011831
59775073	1000125665
24020949	1000059824
271136534	1000122780
27612936	1000013940
113463725	1000123353
41294878	1000106782
31525143	1000037984
63006299	1000061974
71245177	1000015845
369105326	1000017929
38748784	1000168499
15351100	1000059824
19902621	1000147075
57685105	1000156604
7805842	1000125665
624473	1000063191
20488611	1000123353
3716111	1000089126
45036374	1000048036
15575251	1000042270
64619842	1000141221
19254264	1000133152
64783035	1000072064
72402972	1000032204
291361629	1000062468
523488054	1000132188
15745434	1000125665
15472368	1000005920
28856675	1000048321
7729542	1000157775
26952274	1000046976
170028171	1000086786
14397792	1000020031
14558385	1000009845
130262012	1000041107
709063	1000123303
1442101	1000030123
23148826	1000053914
44819965	1000027799
11768142	1000113076
20485934	1000010779
25079164	1000143993
302883217	1000032362
29480700	1000038056
18136264	1000061681
243058696	1000092501
117846486	1000096320
27966138	1000027060
136155053	1000125665
47637606	1000175878
44962272	1000122060
47779423	1000037929
16523889	1000026953
63769966	1000005920
9549022	1000063449
61525167	1000143353
269814612	1000095867
20587510	1000051933
14101635	1000101774
154420676	1000141221
19370748	1000015845
16747818	1000127877
11174882	1000083551
72044205	1000133228
62359006	1000106420
1837051	1000144962
104498794	1000042121
123371537	1000017929
8704752	1000063449
194312420	1000167663
43883192	1000116676
16240539	1000100367
15805171	1000059824
82821653	1000158948
73078007	1000005920
16522244	1000125665
21076998	1000102512
54902828	1000085835
38353	1000126223
250395792	1000083551
162775226	1000086786
15883704	1000125665
125996244	1000140733
16463030	1000175555
20477352	1000161195
18282577	1000074291
291361629	1000001577
19812671	1000163062
14962670	1000012115
59018016	1000024621
38748784	1000143353
146155608	1000093435
19191326	1000030180
283374974	1000134721
19866631	1000129021
16363082	1000123940
20114488	1000059824
28774039	1000123940
23372773	1000103845
21369740	1000125665
336463060	1000167663
382110320	1000055897
26360899	1000164912
10436072	1000103845
17882881	1000024547
19233593	1000098976
17432702	1000091524
20333302	1000085835
161678121	1000005920
52097949	1000115599
12230022	1000053068
59554328	1000161178
63307960	1000175878
28297041	1000019764
127381503	1000063191
18780377	1000027799
33797153	1000145125
81501774	1000023516
135717713	1000153106
178212355	1000085835
44144016	1000070947
22595031	1000111288
14652452	1000068412
14162415	1000142011
15446746	1000010801
39759443	1000126252
16166046	1000130790
14110750	1000059824
24553095	1000152485
14949810	1000022942
28496360	1000147723
38395010	1000125356
19264724	1000007440
59018016	1000017894
64873902	1000017929
18272435	1000111288
16453996	1000167663
45036374	1000126252
17925547	1000072719
94441197	1000063191
21133904	1000141221
18314308	1000037929
14668120	1000071399
14911211	1000086074
16833812	1000125665
40671703	1000005920
534950693	1000061483
18324005	1000026267
14885496	1000102384
16803196	1000162933
16715140	1000115705
15833768	1000067630
19231155	1000061413
285441837	1000127877
5963542	1000039551
36014516	1000145125
45932121	1000113868
20649406	1000113921
28515565	1000125665
6016062	1000161413
14474034	1000059824
12331382	1000002543
131319392	1000042270
14465084	1000109826
327851931	1000017929
45052430	1000149751
20263382	1000173052
23138959	1000017929
19809876	1000049682
17970452	1000125665
16939148	1000148972
31690017	1000070395
173892783	1000049122
31661722	1000147723
44636898	1000116265
17918491	1000059824
23137012	1000145125
22831992	1000104518
17862314	1000063191
16453996	1000017929
18433412	1000099943
33641840	1000013930
108353251	1000012015
137982546	1000039405
64619842	1000055897
20261666	1000057983
14620122	1000128438
470450912	1000133152
89604428	1000038056
21495173	1000013930
14704192	1000125665
291314617	1000113076
14903374	1000027799
547172871	1000011831
19353750	1000139447
16670615	1000063449
351952711	1000059229
308707456	1000072719
14297788	1000024547
58219780	1000003195
1501	1000061811
74239482	1000048107
253523189	1000049682
14565565	1000086786
1966	1000018846
24841705	1000027799
7694102	1000070395
38810028	1000027799
3338681	1000056716
478786048	1000071332
19570673	1000004343
81229871	1000072719
155804694	1000128438
14950586	1000085835
36444947	1000103845
86852711	1000069557
51887953	1000175555
131035035	1000128438
15430687	1000086771
100629311	1000126252
14711077	1000035528
63006299	1000074291
95265095	1000104563
15453752	1000038056
42003019	1000039405
27663355	1000039405
17787841	1000128438
68844371	1000113076
30963856	1000026953
89616724	1000046976
21094472	1000005920
17882881	1000017894
139108740	1000141221
174904516	1000175878
23588746	1000102384
38873366	1000128438
19930345	1000098617
289655119	1000007440
15487708	1000136341
14069559	1000137167
10082492	1000141123
212808638	1000158538
125996244	1000104563
15406711	1000013930
38748784	1000116478
38764415	1000156944
787489	1000010779
50193	1000018846
33324015	1000120162
299442187	1000017929
24859447	1000141123
252274930	1000101935
27759841	1000063916
54806215	1000163062
186398060	1000093435
204089551	1000072719
19183874	1000045471
26037881	1000020171
314114737	1000031383
14399032	1000128438
11853952	1000062605
171591674	1000132188
16597844	1000125665
124474025	1000175878
14535004	1000116478
15706128	1000116478
60741908	1000143353
24136528	1000166842
18012833	1000106420
46501487	1000013930
16278375	1000113592
19958283	1000020159
14565565	1000090537
791529	1000039385
18917281	1000039405
197867803	1000132188
34193	1000132188
50145896	1000136341
81162072	1000154385
15448100	1000133152
324583691	1000136790
22831992	1000032362
55869833	1000125665
14982451	1000046976
122533830	1000102725
88130368	1000113076
14050213	1000032362
17702627	1000017929
43604169	1000156604
17882881	1000103845
15447248	1000027799
33753936	1000028321
17052055	1000175555
35305735	1000070395
16853802	1000010688
81894512	1000081599
25476249	1000113921
111523654	1000113921
41954598	1000011831
52718358	1000078626
17883882	1000037374
367443729	1000017929
108137800	1000017929
19953283	1000039385
16148593	1000017894
14199499	1000125665
18835243	1000027799
172102099	1000156944
15396961	1000037899
42481418	1000043961
29710825	1000052245
18916963	1000027799
7305682	1000030617
94263555	1000125665
791878	1000113076
85114893	1000039405
175083017	1000004343
21884027	1000017929
17324226	1000011122
19760382	1000091177
17882881	1000133228
38682272	1000133152
22594347	1000059143
923811	1000136790
19750255	1000081599
491847639	1000017929
14297788	1000146819
246956185	1000153106
68580729	1000123940
237985689	1000032362
27852686	1000125665
11422352	1000002543
11468242	1000122780
38695016	1000161413
14766418	1000125665
251365157	1000045471
10695762	1000132188
61422096	1000146819
25476249	1000059143
33797153	1000153052
122193273	1000103845
387975746	1000017929
19049162	1000032362
17825703	1000125665
73113327	1000145125
153069336	1000013206
354733764	1000090121
16084728	1000009221
16545051	1000054350
108350146	1000063449
473152327	1000017929
271668181	1000128438
20649406	1000086786
15840317	1000125665
60741908	1000162933
416824474	1000031383
17105214	1000116478
14531269	1000141221
29112695	1000005920
19049162	1000059143
99661289	1000072719
252887704	1000133899
1737011	1000035046
42481418	1000100367
810099	1000107149
153019202	1000174780
18720686	1000086786
19233593	1000153261
16337631	1000037899
23871012	1000038374
15466131	1000048722
22595031	1000119597
44090072	1000071399
86998735	1000133899
19478383	1000074291
43472595	1000039405
149726145	1000053068
30274144	1000061996
200212364	1000017929
102327669	1000103845
57512130	1000027799
15653423	1000093435
60970625	1000083987
50982091	1000053068
81162072	1000137663
84421229	1000095867
541371769	1000095867
470500538	1000095867
19353750	1000006842
80349019	1000103845
14913137	1000135643
3133251	1000141123
30900841	1000175555
50292965	1000019764
79683656	1000059143
304183321	1000017894
14495893	1000027799
18922756	1000162792
43883192	1000107158
16153317	1000092598
20235246	1000114130
8948032	1000119696
190388973	1000061681
171591674	1000161413
297565991	1000085835
2727051	1000037899
16728529	1000116478
18079495	1000035303
7373292	1000038056
17411748	1000125665
25344641	1000128438
15777123	1000062136
26392468	1000094911
45052430	1000048136
20970926	1000126686
50765776	1000085835
18815366	1000061681
15671066	1000107839
115997877	1000081599
29073792	1000107149
71213932	1000043604
150086351	1000071399
19507251	1000094309
10545	1000150538
47346403	1000107839
167932497	1000043604
12476362	1000005920
22439422	1000158987
220703543	1000128438
18720686	1000106420
3389831	1000056716
86852711	1000015845
18072740	1000117504
14333742	1000039385
15868506	1000006909
283649068	1000017929
25818139	1000123303
16117470	1000005920
13369762	1000116478
16674691	1000067800
17769620	1000123353
14515313	1000056716
18949311	1000162836
13180092	1000101935
422950468	1000017929
29264684	1000125665
14334873	1000037899
28271579	1000017929
14278468	1000048483
16242960	1000017929
163617802	1000128438
20466609	1000163062
15717356	1000125665
80886321	1000167663
49533	1000145125
15453752	1000048722
43376991	1000074291
425336303	1000032858
81501774	1000084774
791529	1000132188
18174861	1000015845
25013479	1000132188
6376212	1000125322
14090859	1000013930
126478472	1000013930
23372773	1000126252
15385851	1000128438
14946893	1000154179
44525831	1000062605
25837866	1000125665
81162072	1000137685
179510652	1000017929
8176012	1000125665
65913144	1000017929
23862163	1000098617
82504166	1000126480
28479154	1000043591
15280207	1000145125
16493728	1000170885
64069241	1000132188
6221832	1000126223
18396424	1000061681
274149738	1000092501
22025814	1000098405
287864860	1000093435
18898232	1000025563
14806671	1000135643
54888193	1000125665
20106852	1000106044
94052228	1000034510
14912587	1000027799
46537966	1000017929
7373292	1000046976
41605269	1000039815
18233897	1000086786
14983833	1000106782
182163783	1000072719
15933993	1000061681
19889841	1000175555
9856232	1000174849
21659297	1000071399
32910351	1000067885
14067559	1000086786
19049162	1000107839
108353251	1000094911
66436334	1000102725
17417121	1000122780
59554328	1000085835
25581869	1000044264
11922692	1000110311
237985689	1000085835
55655811	1000063191
31222777	1000116478
109757672	1000090121
301246382	1000031383
14116222	1000125306
15702262	1000061204
20023786	1000059229
39759443	1000086771
237874491	1000039385
19789439	1000170013
17397880	1000106809
16644152	1000009221
84404016	1000170283
14231756	1000115214
13088162	1000002543
126460092	1000131271
122439303	1000128438
70007761	1000128438
40646766	1000053841
46501487	1000006909
18024103	1000099943
16533721	1000123353
21678052	1000072719
25013479	1000162933
16158636	1000016186
42057383	1000141221
19104727	1000085835
20201427	1000080710
113754291	1000105885
61586751	1000089759
93583821	1000058568
24026819	1000074445
320037355	1000054350
118241252	1000076533
41954598	1000039405
25541185	1000063191
21771720	1000160779
44386438	1000030310
110616795	1000027799
16896496	1000017929
336608394	1000175878
19353750	1000123940
14271691	1000125665
21076998	1000099943
17071370	1000100682
14865059	1000125665
31626721	1000153106
185826688	1000048036
61853583	1000031383
15361895	1000125665
21697900	1000128438
14062563	1000125665
50351763	1000011041
31525143	1000125306
27612936	1000043961
13352012	1000011060
16930113	1000017929
33486917	1000085835
14288741	1000116478
330734811	1000058568
10551712	1000017929
31664653	1000026101
203410283	1000050354
16655893	1000143993
18056340	1000149751
80223386	1000093435
19730211	1000035736
303566403	1000017929
21409122	1000164368
17693063	1000168499
18233897	1000106420
19911491	1000162933
14158710	1000009221
73113327	1000110759
11595222	1000109316
1633681	1000091950
366792682	1000014484
15332302	1000018846
144463558	1000081599
965091	1000120162
22519059	1000000014
18012833	1000041107
153069336	1000152485
11468242	1000009221
235818781	1000017929
65289126	1000136488
120980332	1000014484
39584643	1000039405
68580729	1000140341
2576401	1000125665
193884566	1000125665
35205963	1000030180
18712579	1000116478
18867883	1000032362
22708411	1000063191
20366717	1000067630
34104616	1000148838
35598550	1000141221
14308857	1000173967
19224252	1000043961
329277121	1000017929
100174502	1000017929
31278370	1000125665
177070843	1000143353
12121162	1000072719
17122048	1000050210
166732373	1000128438
10450	1000028193
20038690	1000091177
46584786	1000125154
14297788	1000038056
19686088	1000135643
15978658	1000072719
16932590	1000063449
26967932	1000047589
79683656	1000172079
313825894	1000056565
15644999	1000063449
19507251	1000032362
17742902	1000125665
48010265	1000104518
50059478	1000052245
32032000	1000092501
18131299	1000107149
21076998	1000012115
61842249	1000048321
20548629	1000119767
9389812	1000063449
14912587	1000009221
17693063	1000046136
7136542	1000126252
14362294	1000030123
36993162	1000017929
27759841	1000100100
60033	1000128468
14544190	1000059824
27612936	1000116265
38505396	1000005920
34628101	1000088527
15618560	1000046976
127973392	1000017929
9603142	1000125665
345121456	1000005920
187355509	1000070234
6463842	1000009221
18337224	1000013930
30520303	1000175878
16595732	1000011831
422950468	1000031383
9537272	1000024446
88501703	1000128438
31407587	1000133228
57325288	1000019764
16013055	1000102512
31407587	1000123353
17234024	1000067800
17088729	1000085835
18274748	1000126252
7626162	1000128438
30520303	1000037984
88491375	1000128438
11393832	1000085835
332857636	1000137852
15446746	1000162836
239257866	1000072719
28515565	1000156944
385692583	1000131271
14847667	1000092501
281907554	1000095867
301906836	1000133228
507676292	1000017929
117776588	1000016829
965091	1000125665
23044006	1000017929
14859631	1000162503
20530770	1000103845
26547954	1000005920
13700542	1000143353
15822397	1000117504
279390084	1000063449
51162310	1000100658
416824474	1000017929
13180092	1000172079
57848808	1000101935
203309516	1000020171
18927441	1000175555
87771546	1000104518
246412630	1000150455
77351627	1000100367
16743138	1000039405
193222893	1000022320
88996186	1000037899
6297852	1000063449
24382223	1000128001
14098332	1000068412
18717527	1000009221
10422602	1000149289
29626977	1000067753
48463781	1000039405
8955702	1000076533
36435171	1000028321
31889268	1000152702
179549579	1000143262
318495026	1000123013
15711863	1000043884
278777228	1000017929
20201427	1000136727
18011804	1000071509
17167771	1000024446
36735522	1000142011
190291868	1000104518
131296459	1000017929
23135992	1000132254
152435436	1000093435
217794348	1000125665
14385164	1000059143
265784810	1000126252
16326742	1000152485
252734764	1000158538
15961191	1000161413
84094747	1000059143
79677215	1000123013
167947361	1000106809
81162072	1000111130
15151510	1000009221
299715714	1000092501
21162492	1000125665
14101635	1000039385
16428342	1000141123
15080902	1000050210
27614991	1000127188
29561751	1000072719
174904516	1000037984
14812771	1000127877
37729461	1000039551
64069241	1000085835
8194122	1000063449
62059086	1000006842
38395010	1000081599
15885994	1000085835
42486688	1000043961
14254927	1000105478
164081884	1000093435
29237801	1000038374
21932336	1000122060
24424030	1000173967
21464046	1000113502
18662301	1000052443
34783473	1000125306
49759083	1000128438
15574667	1000123013
17813433	1000014484
20458491	1000170321
691353	1000123886
16541868	1000128317
30704824	1000113225
139557270	1000128438
193055570	1000032362
278707020	1000017929
342741942	1000017929
19637779	1000039385
69960885	1000117665
14319981	1000173052
18012833	1000067442
14413908	1000125665
17678587	1000050354
15671066	1000048136
22888607	1000072719
25964626	1000070395
81501774	1000097875
14377387	1000032362
193222893	1000007440
27624085	1000113076
22715267	1000072719
14580768	1000125665
14950586	1000125665
38466098	1000048722
81501774	1000047190
13872872	1000125665
158862966	1000074291
41530500	1000085835
422950468	1000095867
20696985	1000099267
38347814	1000039405
8844862	1000055290
15199097	1000103845
24479656	1000054350
183590207	1000003475
116511302	1000092501
756278	1000117665
11752272	1000037374
58928641	1000100658
44090072	1000038056
20660146	1000117665
273410125	1000147307
20888597	1000164912
99330079	1000153036
21793918	1000014484
8051552	1000027799
306541147	1000017894
21556678	1000099943
15281911	1000125665
75914648	1000017929
16194282	1000141221
252795535	1000125665
20817128	1000116478
19930345	1000011831
21793918	1000035980
275695131	1000070234
19751385	1000127798
352491666	1000027799
207752295	1000017929
2269731	1000072719
104814358	1000093435
14306568	1000133228
198675113	1000140013
55010030	1000067379
19507251	1000081599
186558800	1000085835
51080209	1000027799
7044992	1000032362
14386631	1000017894
84107842	1000125665
82856093	1000143353
17078914	1000116478
146155608	1000017929
12892332	1000081167
19224252	1000116265
13191062	1000125665
111523654	1000123940
290921816	1000126252
24038026	1000072560
177070843	1000126252
12754762	1000116478
58985584	1000105885
6840332	1000026101
72044205	1000048722
16878507	1000085835
18976948	1000011831
21624907	1000072719
40804186	1000032362
24553095	1000025563
60699802	1000081599
8732542	1000097981
19134143	1000152702
269814612	1000017929
20804649	1000017929
99121784	1000009417
11461102	1000128438
4548601	1000162933
116308543	1000128438
246412630	1000027977
20070814	1000147723
16363082	1000061821
14938992	1000128438
264825458	1000125237
90385486	1000128438
141328659	1000072719
38482855	1000147723
265810013	1000093435
6076612	1000117504
156125022	1000031383
125996244	1000002575
101081687	1000098939
89604428	1000011060
167053063	1000141221
9413072	1000063191
26218878	1000011831
257326698	1000119696
258518488	1000125665
31889268	1000125154
313680757	1000102725
10694562	1000018542
14315365	1000147307
108503021	1000166069
20098260	1000088302
26392468	1000173967
48463781	1000115214
188499505	1000128438
39078517	1000147075
15357324	1000125665
37242870	1000100367
366194731	1000017929
19824536	1000003331
160669536	1000175555
16832387	1000032362
21816442	1000039405
10284152	1000158522
63006299	1000170456
36770749	1000086771
21053921	1000095303
8004732	1000017929
17340588	1000175555
170921507	1000093435
36735522	1000132188
38395010	1000090347
252057595	1000143993
18731707	1000147723
15324553	1000009221
20091908	1000134277
24644909	1000134277
89595997	1000017929
21185720	1000102512
745823	1000100367
155976326	1000017929
15727419	1000125665
79249885	1000116478
16979946	1000094911
282712386	1000017929
14559570	1000007655
92091018	1000162933
26000424	1000017929
15695037	1000126252
17476953	1000015616
22536240	1000016186
233602171	1000126252
14982451	1000017894
200343026	1000128438
153069336	1000107158
45036374	1000092816
23664028	1000074291
41954598	1000078726
29993931	1000123353
22595031	1000126603
19383358	1000027799
15901190	1000027799
15892365	1000096011
126050637	1000063191
66723397	1000048722
133471749	1000026267
99885625	1000017929
128455261	1000055897
25827166	1000017929
19049162	1000011831
16240539	1000099943
19547038	1000018846
124474025	1000125306
16233123	1000162933
14062563	1000132188
23372773	1000124353
34854406	1000001799
17738008	1000052443
84365556	1000125665
45374363	1000175878
350578795	1000017929
19397785	1000017747
148505770	1000059824
19809876	1000163062
43883192	1000067800
37242870	1000039815
151460592	1000015845
18720686	1000011831
19779667	1000043604
19047002	1000175555
520178560	1000107149
23057736	1000117504
79005580	1000085835
17258656	1000081167
16715140	1000017894
23862163	1000059143
12331382	1000135643
23057736	1000048722
7772042	1000037899
46537966	1000095867
129466947	1000095867
237647097	1000085835
255836353	1000123353
358416105	1000072719
86204900	1000028321
23900993	1000017929
365843255	1000128438
39759443	1000132188
146553283	1000126252
209941312	1000017929
42900952	1000125306
291468308	1000017929
23970971	1000175878
15671066	1000061538
7805842	1000005920
183636111	1000090121
22682192	1000071332
19507713	1000022942
100301510	1000130790
68099208	1000031383
24357921	1000063191
96907622	1000017929
37539828	1000144962
54791004	1000017929
24889529	1000100367
12782472	1000003195
483704316	1000017929
112432842	1000017929
50850314	1000039551
20091908	1000123303
15861559	1000005920
6221832	1000096320
62869804	1000143262
236109530	1000009221
191789202	1000153106
16398821	1000156944
170746832	1000013930
53391112	1000095867
117246982	1000014484
23179472	1000048321
31518536	1000072719
66787082	1000011041
363221040	1000017929
61853583	1000095867
42714190	1000085835
10778152	1000123353
186545080	1000063449
114588329	1000047589
12998732	1000126252
14668120	1000125665
19523675	1000125665
148415637	1000156944
31119337	1000113225
21411794	1000059143
63579865	1000170456
15116065	1000013930
328643106	1000072719
22835308	1000018231
17789672	1000059143
194964944	1000054350
7044992	1000170885
52541140	1000145125
102483667	1000005920
7379562	1000017929
84094747	1000096572
193222893	1000100745
26392468	1000086786
14062563	1000101935
82553416	1000085835
60733600	1000154278
9549022	1000125665
15671066	1000006842
12950662	1000018846
923811	1000140733
19407585	1000126252
89616724	1000126252
19848777	1000139497
690463	1000058806
20643889	1000134277
134165449	1000001520
16743138	1000099943
14859631	1000085835
41530500	1000125665
5905672	1000037899
18262659	1000162933
45508486	1000061681
38703025	1000011041
17248051	1000126252
39588492	1000089210
177070843	1000017894
82504166	1000111288
106684012	1000126252
74273153	1000129965
14580197	1000005920
14162415	1000125665
31407587	1000127877
40666602	1000107839
45036374	1000098185
38278278	1000027799
103022243	1000143262
6477852	1000117504
9227962	1000063191
4366031	1000125665
15003091	1000091524
77345438	1000106809
28281437	1000017929
23372773	1000133228
58919084	1000137852
36007661	1000175555
124406596	1000071350
150086351	1000124353
49223268	1000017929
18658817	1000085835
16657098	1000012015
8946022	1000001587
21017448	1000095303
252078513	1000070395
19624071	1000081599
174904516	1000093314
18867883	1000085835
22269151	1000152702
19233593	1000059143
19254264	1000039405
42511250	1000017929
244154650	1000128438
854291	1000018846
71362765	1000125665
8079892	1000125665
217931270	1000039405
39635217	1000053068
95957727	1000141221
42923074	1000101774
15959868	1000063191
74517021	1000017929
40671703	1000026267
24586098	1000153106
332803989	1000100367
115997877	1000051933
285930225	1000093435
87273337	1000134277
378129214	1000106782
15095814	1000143418
104489671	1000005920
21138936	1000005920
405714281	1000135476
18396424	1000103845
14587095	1000062124
18898232	1000081599
18581017	1000098976
91407493	1000120304
26947525	1000126686
258518488	1000061681
16362450	1000106420
146071420	1000063449
5609462	1000030123
16409523	1000162933
33592722	1000098939
194964944	1000013930
24830236	1000109826
17813433	1000111130
15671066	1000139447
684983	1000110311
21793918	1000154385
20029472	1000117504
155356948	1000138823
419105704	1000036426
14887051	1000032362
15431107	1000027799
45028431	1000145125
8713982	1000027799
154007505	1000009417
22595031	1000096325
63006299	1000080710
18168324	1000038056
153202207	1000017929
40188143	1000117504
14885496	1000158706
1081	1000018846
15446746	1000071399
90385486	1000167663
45696734	1000128438
378080608	1000141221
211230952	1000164912
7256262	1000037899
26082186	1000120162
127769000	1000128438
12730882	1000032362
33787115	1000062124
249967853	1000120304
77192900	1000090121
294949330	1000130021
306541147	1000160779
18819743	1000048036
18976948	1000013940
22591657	1000072719
203261300	1000093435
174904516	1000036178
15345111	1000068412
189161020	1000133152
224144546	1000105885
16536180	1000059143
17583532	1000103845
23232505	1000085835
14338572	1000007655
14317524	1000011060
167380894	1000025563
14609321	1000072719
19949262	1000113255
14711937	1000132188
2717511	1000158522
118825977	1000128438
56919633	1000017929
15450789	1000003331
16747818	1000039385
465246891	1000017929
81162072	1000157359
33652667	1000117504
16743138	1000054350
21834118	1000166069
44004358	1000089126
18801923	1000000270
5348192	1000005920
196553866	1000010801
102483667	1000085835
21689936	1000029692
19558297	1000013930
34783473	1000028869
16233123	1000134721
19504973	1000086074
17373600	1000102725
70078376	1000062206
185826688	1000062206
13096852	1000125665
129080258	1000017929
57685105	1000049682
14158710	1000046976
349578832	1000093435
32400124	1000172079
133297907	1000099943
15584619	1000027799
17693063	1000130790
7591562	1000123303
823129	1000037899
57325288	1000126603
7975582	1000043604
100301510	1000039385
68099208	1000017929
81432354	1000153052
18646010	1000164912
91835429	1000039385
70078376	1000016186
16372635	1000127877
15003091	1000015798
21208444	1000162231
34184445	1000027060
3101811	1000043591
20201427	1000035980
82932549	1000156944
18534908	1000058806
289020024	1000063449
42375002	1000141221
14962670	1000099943
217931270	1000099943
10481072	1000132188
40054423	1000143262
47833190	1000017929
21411794	1000100367
55850140	1000143993
437851930	1000141221
25382450	1000141221
19328522	1000126252
17746168	1000170321
16107051	1000097981
30782151	1000128438
185319925	1000132188
14995806	1000123353
187711389	1000175555
8395472	1000086771
99869189	1000063191
113700611	1000005920
302338004	1000017929
17464070	1000134277
146114262	1000027799
29237801	1000039405
28399797	1000148972
24181001	1000061681
20587510	1000096572
278707020	1000031383
26077872	1000099943
238576780	1000017929
17813433	1000118028
165580617	1000003475
18302221	1000128438
225491959	1000145125
54695584	1000141123
39584643	1000039815
44946555	1000063449
111523654	1000056349
18628082	1000128438
84094747	1000116265
801057	1000111656
18638460	1000032362
19873504	1000063449
31197668	1000132188
79683656	1000132188
74480870	1000143993
23044006	1000031383
19245182	1000167663
1124531	1000062124
76642236	1000100367
222640532	1000128438
43016307	1000153106
72702989	1000125665
58760292	1000081599
136079475	1000125665
384535985	1000149751
31105651	1000085835
15940971	1000083971
21131904	1000156944
21608783	1000049122
129781444	1000081599
10144972	1000039551
60179528	1000119239
87306848	1000005920
123607075	1000113255
35827764	1000115599
14147163	1000141752
115130647	1000059143
39097590	1000005920
21265930	1000142372
14362294	1000035046
14973188	1000095303
8766122	1000119767
52800910	1000035528
167552021	1000072719
22222000	1000037984
211636366	1000095867
17693063	1000116478
76586150	1000053563
125996244	1000039405
16791717	1000136790
91292413	1000030123
119533484	1000052443
16669932	1000061538
15578992	1000072719
115335924	1000104563
39141427	1000063191
19596074	1000151977
14760332	1000116478
38988503	1000013930
15165677	1000009952
14519984	1000039551
200212364	1000031383
449034689	1000111656
107868698	1000123303
20649406	1000126603
81894512	1000152485
42620650	1000011041
31458283	1000142638
75883057	1000061681
85114893	1000110133
29871296	1000105885
15349937	1000093435
14558385	1000012115
36900298	1000093166
35823837	1000148838
124233222	1000005920
396094902	1000017929
37534241	1000125665
16105942	1000027799
15458602	1000101935
16524534	1000132188
21771720	1000062206
269624052	1000111656
19542638	1000017747
19507251	1000023516
14884097	1000146819
31664653	1000026267
15578561	1000058806
22196442	1000014484
3035491	1000061681
116511302	1000022942
188196198	1000027799
16743138	1000100367
13096852	1000153945
16166046	1000116478
15075834	1000070395
7718082	1000163282
128455261	1000017929
24479656	1000122780
18201401	1000027799
17001189	1000048722
15933993	1000125665
33641840	1000047190
16670615	1000013930
18264428	1000103845
46025145	1000133152
30704824	1000162231
99571358	1000100367
132651477	1000085835
440314273	1000087699
16743138	1000086786
28297041	1000048136
90366230	1000039815
25952851	1000128438
185487499	1000053068
152790215	1000117665
14413908	1000127798
154731468	1000102725
28478859	1000128438
16799897	1000070395
21858647	1000099267
15464883	1000037984
21339164	1000128438
85114893	1000012115
15574667	1000013930
7409232	1000063191
81501774	1000037984
63307960	1000107289
100868651	1000101935
22205493	1000099943
18518084	1000116478
17941825	1000015798
38763817	1000156944
16166046	1000009221
153069336	1000110759
95265095	1000059143
19613737	1000048722
29518331	1000049122
15839551	1000123303
215328630	1000072719
18337224	1000126252
15268048	1000125322
18630326	1000152485
18701314	1000048722
79594977	1000048136
291	1000030617
82884926	1000090121
27781725	1000048321
6086752	1000128438
8346082	1000113076
19930345	1000096572
18976948	1000032362
17769620	1000053914
190291868	1000156944
24493	1000156604
191790175	1000039551
82553416	1000053841
14241468	1000063449
151967930	1000014484
177070843	1000098185
31525143	1000032362
98535426	1000175555
113349409	1000093435
82283114	1000134277
18614747	1000149289
44090072	1000162836
17783026	1000003493
20004982	1000085835
174697966	1000085835
16233123	1000063449
17111442	1000072064
18012833	1000053914
14558385	1000145125
44908881	1000135158
20405185	1000126252
6352152	1000127877
91443637	1000127877
17159569	1000125665
731823	1000097981
18247813	1000158522
7078732	1000027799
18189855	1000096325
87729173	1000123353
269235059	1000133899
20880197	1000048321
28617554	1000095303
33970665	1000085835
9451052	1000027799
204268773	1000153261
96057567	1000125665
58347421	1000116478
23237512	1000067630
84672379	1000128438
94877567	1000126603
290921816	1000073162
55735813	1000028321
185826688	1000162836
377801651	1000017929
480859540	1000017929
17415916	1000173967
68340600	1000027799
31407587	1000038056
29264684	1000127877
54759613	1000128438
16233123	1000141123
19623170	1000145125
60179528	1000143353
120154464	1000048107
18079495	1000116265
2779821	1000125665
365904984	1000031383
23487429	1000039551
27489148	1000038859
15444646	1000039385
16363082	1000048136
21613977	1000123353
28739919	1000106809
117776588	1000035303
28854980	1000145125
18282577	1000143418
23148826	1000063449
20548629	1000048321
111523654	1000039405
7304782	1000018846
34397673	1000017929
167932497	1000125237
47841677	1000101935
99885625	1000031383
24020949	1000150538
41788605	1000089759
15671066	1000126480
111492860	1000128438
10778152	1000164912
292915903	1000122780
250395792	1000092816
191601083	1000128438
43150711	1000109700
328643106	1000133899
22329199	1000017929
1311951	1000097981
19553306	1000107731
62359006	1000032362
121230689	1000027799
167313316	1000167663
15520280	1000141221
17534350	1000017929
15195150	1000175555
173770873	1000090121
7233772	1000059824
15868506	1000011831
20953935	1000164912
128620610	1000037899
17813433	1000061974
190291868	1000132188
65853539	1000011831
15671066	1000061821
15497577	1000103845
35908173	1000005920
54151817	1000017929
24586098	1000128438
18943764	1000158706
14413908	1000011122
15050433	1000047589
18103476	1000127877
16595732	1000125154
515253311	1000090121
113463725	1000085835
16452055	1000155582
37242870	1000039405
16102671	1000013930
14067559	1000059143
155031081	1000128438
10379542	1000170013
33970665	1000010801
89604428	1000013930
30755504	1000063191
80349019	1000013930
19760380	1000151571
24479656	1000017894
81501774	1000086219
26368049	1000126603
57615926	1000103242
15698507	1000059824
191601083	1000047589
262559721	1000132188
285441837	1000125665
33787115	1000105885
19508719	1000112720
14816201	1000137852
23111060	1000120162
42210634	1000056716
19498557	1000146819
3030301	1000035303
133339804	1000170013
83731215	1000039405
14306568	1000143353
15422847	1000143353
75082770	1000116676
28719244	1000017929
15464883	1000032362
306445007	1000017929
13109502	1000156944
18943764	1000032362
96782298	1000141221
15624095	1000009221
258218804	1000095867
33087222	1000022942
214250601	1000141123
124474025	1000093314
15770476	1000120162
265784810	1000051386
28444033	1000067885
153590386	1000138823
3030301	1000026267
17428120	1000125665
17553095	1000048722
261001122	1000128438
14273705	1000030617
18648475	1000166069
16791717	1000039405
28999522	1000174849
43393512	1000017929
11393832	1000125665
57325288	1000013940
389236778	1000098939
60741908	1000062206
77351627	1000039405
68844371	1000158153
105985850	1000071350
18646010	1000102384
643653	1000141752
82017157	1000048722
65555479	1000098939
360203997	1000027799
14681621	1000037899
18738619	1000156604
21744518	1000172079
14535004	1000103845
28774039	1000013991
24233495	1000107731
23236865	1000170283
18976948	1000126603
17167771	1000132188
7626162	1000063191
96402946	1000056349
334295038	1000097957
433177126	1000017929
74791428	1000113076
19809876	1000024297
62359006	1000053841
44409315	1000141221
491847639	1000055897
121464712	1000128438
365014160	1000022942
6044652	1000122780
1134701	1000128438
92061892	1000156944
14163701	1000125665
7697472	1000122780
20009703	1000005920
39759443	1000048722
132805158	1000116478
100133245	1000018231
863101	1000055290
21324483	1000039405
29571960	1000113255
360822484	1000109316
16856857	1000048193
36953421	1000066209
232676888	1000066922
131036058	1000072719
79259319	1000085835
46073276	1000080985
98218669	1000009417
16803196	1000123013
22714674	1000135643
285356696	1000039385
15428643	1000017929
84404016	1000172079
81544911	1000005920
5281191	1000147307
29631105	1000062206
52742774	1000135476
14067559	1000170283
90385486	1000063191
13180092	1000125770
254560310	1000015798
100614511	1000116265
75360706	1000085835
16169690	1000001799
20643889	1000102384
14711937	1000125665
37992666	1000002575
16589206	1000063449
11794902	1000153261
14116222	1000032362
117776588	1000011399
26218878	1000005920
12628	1000127798
21818383	1000137685
285441837	1000085835
64783035	1000005920
28515565	1000070395
6016062	1000122780
19623170	1000042376
76436811	1000085835
343042051	1000093435
17505622	1000126223
38138597	1000070395
13109502	1000125665
16545051	1000048584
100829891	1000089210
248996600	1000175555
19791741	1000081599
23137012	1000024297
531491489	1000128438
47653052	1000037929
70078376	1000117504
281217359	1000105885
297001328	1000072719
14823126	1000086786
29942281	1000128438
291199456	1000116478
19353750	1000044873
60668729	1000164912
12491	1000018846
9537272	1000127877
242923569	1000001587
20152005	1000128438
54282139	1000015798
21369192	1000128438
39097590	1000085835
20238029	1000017929
15115549	1000043604
16677746	1000072719
21116188	1000027799
63938852	1000017929
18337224	1000063449
30097266	1000132188
24553095	1000103845
50901147	1000017929
19458461	1000125665
73151797	1000095867
976521	1000091133
21809256	1000034510
288178884	1000017929
414188706	1000022942
14610391	1000062124
18084906	1000006842
14502476	1000028193
33971020	1000143262
28727860	1000143262
14851998	1000011122
228255146	1000126252
29993931	1000019764
155968712	1000138823
13420	1000037899
15561776	1000013930
8821412	1000065768
81135904	1000010688
18812025	1000164912
79522130	1000088527
19958283	1000022942
20346469	1000067379
43196716	1000128438
15574667	1000086771
38935118	1000128438
22123987	1000141221
299167561	1000017929
47266477	1000061681
82504166	1000123940
91730730	1000017929
37087096	1000017929
124233222	1000085835
25553606	1000106044
18957239	1000013206
42677758	1000095303
22613907	1000099267
19151489	1000032362
42955561	1000053068
126412041	1000138823
14108346	1000059824
365014160	1000135643
18994771	1000067630
9789492	1000037899
20200882	1000149289
325641978	1000116478
15164554	1000101774
25447548	1000038859
28399797	1000102725
198315410	1000072719
18233168	1000125665
17001189	1000038056
23501044	1000032235
18262659	1000149751
20541545	1000122060
18949311	1000010801
32421348	1000136790
31486771	1000017929
52330027	1000128438
320950424	1000095867
196553866	1000123013
6281792	1000030123
16726878	1000045471
7249822	1000013930
16657098	1000134277
8488242	1000027799
15702262	1000051509
19151489	1000089238
97743746	1000012115
144663771	1000095867
67013898	1000166116
345949016	1000128438
17922109	1000128438
132805158	1000115705
805066	1000127188
81501774	1000065600
67372632	1000102384
20297371	1000035046
42663679	1000152485
185826688	1000048722
5647742	1000039405
358553967	1000092501
320939752	1000125665
44134863	1000128438
245409779	1000017929
38423278	1000085835
7249822	1000172079
29264684	1000005920
149685699	1000161178
252274930	1000142372
20688961	1000072560
17808081	1000059143
7125992	1000175555
330892519	1000128438
18189855	1000126252
34783473	1000059639
41050549	1000028193
14803917	1000126252
15029953	1000125665
12628	1000153945
6321322	1000006556
239526649	1000047589
20683482	1000099267
90984237	1000141123
39759443	1000013930
14184716	1000089210
17516661	1000088527
5774432	1000095867
17432702	1000015798
19300461	1000017929
14823126	1000016186
16024323	1000010801
20115243	1000088527
14263324	1000063449
20926806	1000005920
13180092	1000132188
17522521	1000137852
155844378	1000039551
19292495	1000126956
7779712	1000160922
26649958	1000039385
19064433	1000011041
992031	1000117665
77712736	1000035046
323896067	1000175555
97743746	1000100367
8106302	1000071399
16389472	1000053563
70078376	1000103845
12998242	1000032362
11907412	1000063191
16176972	1000128438
45380206	1000031383
269085895	1000128438
29631105	1000134721
322641198	1000063191
177352756	1000047589
113205038	1000015798
158420343	1000058652
11768142	1000142638
529041333	1000095867
193035891	1000095303
16416378	1000048193
40646766	1000142372
17415916	1000009845
364290698	1000155582
17587331	1000125665
28037700	1000017929
28756240	1000035736
109775248	1000131271
30520303	1000065600
19958283	1000092501
63006299	1000001577
19962319	1000039405
17712373	1000032362
19832580	1000037929
18012833	1000071647
3101811	1000134340
17415916	1000086786
29993931	1000107839
28642084	1000141221
46511699	1000056716
18581017	1000116676
81501774	1000153036
17143528	1000085835
20922499	1000009247
387186414	1000005920
64390081	1000083987
38740909	1000156604
16363082	1000172079
33033	1000153945
14336173	1000016186
16375543	1000011060
3133251	1000013930
21771720	1000119239
24553251	1000039385
12370762	1000141123
9916402	1000048321
167505584	1000017929
79259319	1000126252
14050213	1000084774
52405864	1000072719
19668592	1000027799
22342406	1000162933
17553095	1000168980
14659051	1000152860
177932251	1000081374
21635378	1000135643
21728134	1000123353
150825553	1000074291
73113327	1000037984
93654953	1000102725
257456190	1000072719
12730882	1000174780
26360899	1000017894
19162933	1000017929
16356344	1000172571
35305735	1000039385
18898232	1000116676
190291868	1000048036
20550976	1000060839
20597896	1000059639
22883550	1000017929
347508389	1000017929
217931270	1000100367
12567072	1000110006
18752156	1000117665
14422788	1000128438
821584	1000102725
117801698	1000026267
22967906	1000155582
362929869	1000174780
15895373	1000132188
247461127	1000027799
41824048	1000090121
14335347	1000126252
56312991	1000090121
193884566	1000103845
26368049	1000011831
17124036	1000149751
117985596	1000017929
186985135	1000128438
104489671	1000093729
21728134	1000152485
302883217	1000123013
15256739	1000083971
17415916	1000012199
126460092	1000061996
29806383	1000089759
479024488	1000017929
33797153	1000089238
53511079	1000116478
22024874	1000094911
198340118	1000078626
14425692	1000128317
14499788	1000036178
976521	1000083971
18717527	1000132188
370943664	1000125665
18012833	1000172079
14079559	1000043390
22751884	1000165863
12369602	1000035046
12001262	1000027799
14729099	1000113592
16404844	1000035457
73654890	1000034087
20452435	1000011060
18108742	1000007655
18770088	1000170283
14166346	1000102126
16674691	1000013206
17813433	1000157359
14478836	1000132188
171591674	1000050210
18867883	1000158706
16334550	1000085835
17637228	1000068550
40572104	1000003475
41478100	1000017929
282581707	1000017929
51068752	1000101935
74651704	1000141221
19407585	1000149751
113463725	1000127877
99571358	1000039405
17813433	1000137663
6351922	1000028193
43366650	1000128438
14413908	1000153945
216865677	1000175555
16372635	1000005920
277402513	1000018231
271474436	1000125665
14477161	1000037899
5516372	1000092501
39534501	1000034087
6688272	1000143678
15492041	1000013930
14306568	1000119239
15731225	1000083971
19049162	1000173967
20832784	1000106809
38423278	1000017894
29631105	1000048036
35569745	1000128438
21613977	1000164912
156132825	1000004820
365904984	1000017929
10959642	1000123886
24820171	1000095867
83665015	1000036178
16619276	1000063191
258311318	1000092821
73151797	1000017929
26547954	1000063449
306541147	1000133228
16715140	1000024547
85343184	1000072719
26823762	1000012115
21778405	1000143678
37848814	1000141226
14278468	1000043604
193884566	1000123013
158862966	1000115214
15281076	1000141752
14145493	1000072719
83665015	1000107289
71317882	1000032362
16988220	1000018846
54151817	1000095867
30905120	1000139497
14231756	1000012115
49533	1000042376
12002172	1000153106
344222674	1000175878
15883704	1000050210
19739422	1000175555
9175762	1000028193
79683656	1000104518
150086351	1000038056
216557293	1000047589
44636898	1000043961
24820171	1000055897
310305819	1000016513
16715140	1000160779
92525197	1000059824
193208607	1000026267
214761161	1000036178
70078376	1000011060
20597896	1000023589
54991079	1000011831
185563736	1000047589
81162072	1000118028
18867883	1000015616
21536473	1000128438
15528275	1000122060
41911467	1000145125
21495173	1000103675
6352152	1000088978
15466131	1000126252
7373292	1000115229
480904583	1000109584
46501487	1000011831
167380894	1000110006
35908173	1000026267
18093468	1000018231
52594536	1000111656
24820171	1000017929
6840332	1000005546
26699287	1000128438
179041200	1000011041
24278900	1000053068
139634187	1000141221
18445879	1000005920
375524989	1000127877
367744822	1000148972
20287710	1000022942
16883232	1000063191
19353750	1000126480
17384206	1000027977
58442136	1000141123
20120776	1000063191
18586178	1000022320
46025145	1000136488
13310912	1000013930
140630058	1000063916
54451014	1000047589
14865325	1000010801
291314617	1000038056
27518526	1000158153
121258930	1000017929
7044992	1000089238
8056522	1000093166
21659297	1000143353
20787623	1000085323
54282139	1000049062
438460947	1000022942
87221836	1000175555
73113327	1000093314
153202207	1000095867
25391676	1000170013
89041913	1000123303
18282577	1000136727
14669290	1000113868
399585061	1000017929
14416404	1000063191
15151510	1000017894
18562064	1000102384
16715140	1000011060
100301510	1000116478
6651512	1000083971
18274715	1000081599
39588492	1000010688
314114737	1000017929
76436811	1000125665
38256058	1000048036
16743138	1000170283
281079128	1000141221
51068752	1000039385
140644567	1000067885
84404016	1000126480
281091713	1000013930
287777184	1000017929
21793918	1000169223
14631433	1000039551
16545051	1000059619
104694228	1000024297
18915582	1000150455
19120420	1000072719
64824726	1000093435
14622694	1000027799
118279350	1000123303
257090043	1000011041
25476249	1000038374
17769620	1000056565
16237246	1000027977
117776588	1000152485
96057567	1000085835
11738772	1000041808
157763553	1000093435
56641020	1000070395
14344319	1000033576
20342367	1000106809
7832982	1000039385
794806	1000157775
18384469	1000067442
12251322	1000126223
167687339	1000132316
15868506	1000037774
361345526	1000128438
29631105	1000133228
91889723	1000009952
63168789	1000102126
28926254	1000027799
15539347	1000059639
189758276	1000140013
168560126	1000117504
16105122	1000116478
119766848	1000128438
14888707	1000032858
6076432	1000095867
66156201	1000017929
16752629	1000089210
396721965	1000017929
19693602	1000018846
15444822	1000145125
30378383	1000005920
86108738	1000063191
18168324	1000113921
164255174	1000025563
16287001	1000141221
24497277	1000135643
28297041	1000094911
19405609	1000032235
25948843	1000162933
14217624	1000019320
22411875	1000048321
18079495	1000011831
20078986	1000116478
59775073	1000043604
28297041	1000113921
99541020	1000042121
222879842	1000091950
90366230	1000039405
55655811	1000128438
167144863	1000017929
19643599	1000048321
16375543	1000046976
15119140	1000102725
172430017	1000072719
8867702	1000027977
9955652	1000022942
39460101	1000077610
79005580	1000133228
62059086	1000044873
16999210	1000145125
18720686	1000126956
46650115	1000149289
284071322	1000011831
