25318477	1000049165
74440332	1000062740
51899148	1000040476
371087884	1000062740
252348804	1000040476
97652578	1000040143
636893	1000111807
19161407	1000142912
163356616	1000062740
43949085	1000007609
496445393	1000040476
296774211	1000040476
365692108	1000060932
78311082	1000071386
209389644	1000040476
15681129	1000142912
28144741	1000114191
30433454	1000108590
81475578	1000062740
185756522	1000114191
36963	1000039122
301721565	1000092690
214328887	1000054308
227011352	1000040476
284422688	1000040476
361709014	1000027749
153142558	1000033520
315508317	1000062740
215660724	1000149326
20288524	1000065095
264154135	1000060932
130291204	1000040476
135583203	1000111807
28511855	1000153795
299243917	1000066856
49062717	1000040476
16984959	1000055316
116246461	1000040476
14169916	1000092868
107480470	1000040476
18673	1000092868
175181917	1000142912
551390017	1000106268
71085454	1000040476
301726492	1000092690
20578176	1000133249
6582782	1000098339
42164376	1000040476
73077189	1000142912
361075874	1000098575
65360846	1000040476
370846045	1000042113
16259415	1000142912
23738026	1000088092
396944066	1000066856
128968339	1000142912
135039839	1000007609
14342018	1000040143
16864224	1000027633
127365181	1000060932
516796074	1000027749
265931810	1000042113
187744415	1000040476
15993650	1000040476
79613352	1000003965
15735952	1000092868
111620335	1000060932
41413470	1000142912
19566708	1000040476
264167111	1000065095
525208028	1000057635
515811576	1000130184
202740020	1000040476
17225361	1000106149
157573449	1000108020
73575792	1000044411
186888760	1000069963
300418156	1000106316
86476023	1000040476
236902298	1000054308
272083582	1000098575
136396803	1000023253
423616113	1000118325
22884916	1000142912
28291407	1000040476
14721260	1000039122
6740642	1000111807
56531899	1000027749
68102334	1000040476
15392494	1000111807
17944870	1000111807
15455666	1000149326
300461530	1000066856
135895585	1000116187
15738710	1000088092
18890465	1000142912
388118627	1000142912
17473973	1000111807
355919169	1000142912
94454911	1000142912
32585410	1000040476
57026276	1000135053
15004311	1000106316
155498529	1000017134
16951769	1000024333
26091472	1000151067
278707020	1000062740
7195062	1000118429
35763275	1000088092
1247691	1000142912
1566661	1000111807
199291831	1000106149
18101891	1000149326
163739424	1000062740
226856282	1000040476
12069912	1000111807
755859	1000111807
227426011	1000003965
155953331	1000083074
348610731	1000040476
286481552	1000066856
414448377	1000098575
263553997	1000122314
202876000	1000142912
1295001	1000111807
85564894	1000142912
16824073	1000040476
280162221	1000099155
510173619	1000089261
127539363	1000107778
348051314	1000111844
14573745	1000040476
51148023	1000060932
77126235	1000046018
8980782	1000092868
714383	1000111807
248390302	1000017134
37087096	1000042113
20118601	1000133249
397633666	1000092690
19254809	1000001357
28244766	1000044411
20117899	1000073814
270231980	1000066856
368411864	1000039801
78687173	1000003965
252279328	1000079635
536665761	1000054308
159629146	1000040476
13507622	1000036091
78558366	1000107778
25566593	1000142912
21139132	1000133249
11348282	1000106316
365249846	1000042113
18142371	1000079635
444996513	1000039796
135146957	1000036813
227863795	1000036091
217160945	1000098436
42298610	1000040476
14381922	1000111807
127359707	1000040476
338305835	1000040476
284353592	1000142912
15172643	1000027749
151224827	1000071386
23098582	1000129590
131281000	1000116187
14392347	1000111807
19615214	1000044411
368429568	1000149326
87294312	1000111807
139406844	1000060932
16144132	1000073814
16847294	1000111807
124296976	1000098575
294190748	1000040476
46648807	1000107778
48458575	1000037195
397322647	1000066856
348278208	1000098575
15147748	1000153795
18600956	1000156991
8021722	1000111807
297166458	1000062740
21111304	1000040476
172537845	1000108020
344676248	1000040476
37876253	1000092066
288404606	1000066856
24014317	1000144997
14553123	1000092868
21401466	1000062441
479204126	1000111534
173892034	1000106149
17480652	1000044411
192116318	1000060932
220807411	1000111844
88587704	1000062740
64624131	1000142912
20351289	1000007059
341698468	1000066856
454348166	1000118325
14269172	1000139153
290929161	1000066856
16685316	1000027749
19370748	1000100660
217786405	1000003965
823098	1000092868
345349805	1000100243
246209510	1000062740
85343184	1000040476
22709659	1000065095
19286338	1000065095
166732373	1000142912
50850314	1000156991
17897744	1000106316
23374570	1000092868
271753649	1000066856
10178852	1000111807
18826638	1000142912
29877307	1000133249
52097949	1000050124
14243427	1000142912
146327085	1000083939
18141232	1000139153
21815550	1000142912
16409683	1000149326
279888029	1000035989
440749539	1000040666
30582362	1000142912
14734870	1000055534
2365831	1000092868
461765268	1000098575
3286871	1000111807
15373824	1000092066
309012614	1000066856
14306648	1000092868
433848788	1000106316
1338891	1000040476
349872060	1000066856
8384012	1000092868
59885383	1000065095
181721264	1000055534
381090926	1000095148
179938907	1000035989
18194020	1000060932
19210424	1000040476
386161471	1000116187
110520327	1000111807
156276767	1000116187
18251206	1000092868
70736039	1000098339
14867989	1000036813
184637153	1000062740
17742902	1000157016
282739940	1000054308
20195073	1000109886
104440512	1000111807
89545649	1000045444
372499406	1000066856
15478462	1000040476
345056098	1000066856
71671576	1000040476
244617424	1000060932
481439919	1000107778
219370782	1000062740
19167465	1000044411
458845777	1000092690
20627649	1000040476
486930916	1000040476
462363316	1000054308
273508691	1000054308
14231571	1000111807
755165	1000091558
24639384	1000142912
1910771	1000033520
16310290	1000073814
407830059	1000060932
92123276	1000062740
55472734	1000055580
234485146	1000118429
36198161	1000142912
2691	1000046018
134736669	1000027749
160664744	1000003965
15482053	1000115161
18923866	1000040476
491241794	1000071386
301972630	1000060932
27401386	1000083074
21624907	1000040476
18101470	1000142912
16012783	1000089261
226671219	1000060932
328643106	1000040476
424426848	1000042113
17979340	1000027633
104948524	1000040476
56927820	1000055580
40625388	1000142912
47589317	1000040476
120448031	1000142912
236902298	1000039796
12512	1000092868
373622208	1000060932
184391654	1000106268
134395339	1000065095
101859065	1000040476
300012435	1000066856
260011048	1000111534
271044958	1000111807
370136412	1000111807
19220906	1000073814
313027255	1000040476
14155827	1000080975
21086501	1000153795
61473257	1000144416
233322673	1000040476
15164565	1000089261
364917755	1000054308
388472830	1000032116
307737782	1000142912
306445007	1000042113
70983710	1000098339
265021248	1000062740
346737285	1000121815
443818797	1000106316
392513215	1000098575
15418343	1000156991
216314604	1000121815
18324466	1000071116
43415738	1000062740
5537492	1000092868
25166063	1000142912
360094552	1000066856
121281725	1000040476
36644925	1000109886
329071929	1000097678
117447699	1000060932
38954697	1000111807
150800843	1000027749
181845509	1000040476
16421962	1000083939
119659524	1000121790
2960721	1000111807
195446656	1000062740
215051592	1000060932
33064867	1000029205
49391820	1000057635
816166	1000092868
12131132	1000111807
16012504	1000007094
13004572	1000044411
139400870	1000134225
354755104	1000039796
14185814	1000046018
46346085	1000062740
292030309	1000092690
168688901	1000040476
28149277	1000092066
372316916	1000092868
354105472	1000066856
21754399	1000027633
52349161	1000060932
75785602	1000060932
19380307	1000111807
64219788	1000061291
135717713	1000055316
488544008	1000060932
187371384	1000062740
11178592	1000111807
8605362	1000092868
123004655	1000142912
71202964	1000039801
48398960	1000088092
14630648	1000092868
34168713	1000039801
22784458	1000040476
7125712	1000111807
178874748	1000118325
14169916	1000111807
218328000	1000040476
205609317	1000152933
268548585	1000040476
307121607	1000092690
529925379	1000054308
76348185	1000107778
23235056	1000149326
5120691	1000139592
9051682	1000149218
198662359	1000040476
157026447	1000055316
8259712	1000111807
206836975	1000040476
39584643	1000155329
16296154	1000080975
484813312	1000099155
198315410	1000040476
141021153	1000040476
49186263	1000012069
336671024	1000142912
306361167	1000040476
28482819	1000040476
19186071	1000111807
39922782	1000032116
169288646	1000040476
365329651	1000062740
17831464	1000107778
16311483	1000107778
295062437	1000092690
244086098	1000060932
17066312	1000079635
6858732	1000044411
15117984	1000106316
753963	1000140408
119158600	1000092868
21678052	1000040476
32232965	1000062284
31451582	1000098436
249308032	1000040476
479854996	1000054308
375502609	1000106268
201291433	1000153795
60943588	1000040476
259834925	1000129590
15169116	1000065095
227863795	1000142912
385154183	1000040476
446783544	1000066856
501423265	1000035989
103865085	1000108590
320140485	1000066856
19547038	1000111807
92591481	1000062740
173332472	1000040476
58497291	1000040476
128087229	1000062740
42439773	1000083755
298376225	1000066856
855741	1000092868
191133220	1000027633
20872762	1000031509
15151510	1000062284
14962670	1000155329
73138704	1000033520
41283598	1000116187
353541134	1000092690
110541296	1000107778
297358566	1000066856
57903424	1000142912
21308466	1000111807
71181708	1000133249
293353298	1000040476
294361452	1000066856
21858647	1000153795
31561770	1000108020
51204283	1000040476
300007014	1000066856
24211848	1000151067
255358507	1000147871
313846689	1000039801
325954622	1000066856
15868506	1000155329
309975534	1000121815
388544670	1000098575
215394089	1000071386
43662855	1000039801
11085852	1000044411
19413393	1000142912
119121697	1000040476
20689206	1000042113
2334221	1000111807
20489104	1000142912
350600526	1000062740
35827764	1000050124
400456667	1000098575
28318908	1000089261
174296681	1000142912
265895977	1000092301
111424758	1000156991
197882678	1000069963
36323	1000111807
87711945	1000079635
14666401	1000040476
347416778	1000147871
2050831	1000061291
29373352	1000115161
19889669	1000142912
14504598	1000111807
321405950	1000066856
373079416	1000044411
177678652	1000040476
145843689	1000060932
295062437	1000066856
15170346	1000107778
15335123	1000044411
38232487	1000149326
14317524	1000071116
38048560	1000027633
313232208	1000118325
172962528	1000083755
307773435	1000142912
22086290	1000111807
18166611	1000111807
25740519	1000037195
293802222	1000066856
482437150	1000133249
9431932	1000062740
286505380	1000098575
1594501	1000122314
194120226	1000029205
12251322	1000092868
301721565	1000066856
39354595	1000092868
267187200	1000111807
44886859	1000044411
23800611	1000049165
45413261	1000100243
207190024	1000092066
21615593	1000116377
387423031	1000035989
259394959	1000111807
14776297	1000046018
1439931	1000092868
126444583	1000092066
86144506	1000135053
462087022	1000118325
53415547	1000060932
60650344	1000041098
273022647	1000066856
173427578	1000040476
644603	1000092868
1445981	1000007094
174461074	1000130184
38214426	1000040476
39506306	1000065095
289738623	1000040476
22292456	1000114191
234464395	1000088092
541601421	1000098575
17384099	1000108590
35746423	1000100660
18737808	1000142912
84200495	1000040476
19214250	1000040476
354607164	1000066856
18758218	1000044411
86387084	1000091558
139479827	1000133249
133272665	1000134225
325203020	1000065095
25056383	1000017134
40317006	1000088092
39609441	1000062740
162310738	1000035989
15006932	1000040476
263002538	1000062740
242414436	1000040476
29514951	1000040476
18327944	1000001357
2059301	1000111807
120176950	1000107778
106246985	1000032116
260808818	1000039796
259403099	1000107778
211589989	1000046018
9524062	1000060932
273197054	1000044411
109931110	1000153795
17689692	1000133249
97465432	1000107778
339686130	1000156991
78190623	1000142912
117602132	1000142912
108444986	1000116377
17648193	1000111807
15332302	1000133249
344571268	1000062740
344780440	1000042113
295	1000140408
15212750	1000111807
181774753	1000062740
205054230	1000134415
24911468	1000142912
99571358	1000155329
37591459	1000088092
169979375	1000007609
238289569	1000040476
113349409	1000142912
324891222	1000062740
165989363	1000023253
101877159	1000073780
8011702	1000111807
43472595	1000155329
14704500	1000080975
16032577	1000040476
15373824	1000040476
210162496	1000062740
23487693	1000111807
39323250	1000035989
77636321	1000034277
241998938	1000149326
19595287	1000142912
311840368	1000066856
115044590	1000057635
9919792	1000092868
411011857	1000121815
89781370	1000012069
30428103	1000089398
407031476	1000042113
454225854	1000039796
123154186	1000151067
92005051	1000142912
272881486	1000040666
122231268	1000089261
25421732	1000040476
79563865	1000152933
21574742	1000044411
82453323	1000106316
108621190	1000040476
374887853	1000062740
19851359	1000137619
254088583	1000062740
1072591	1000142912
177352756	1000114191
60959021	1000055316
28108411	1000024333
6186692	1000092868
385556623	1000001357
7806462	1000040476
350720548	1000060932
514766756	1000040476
411820218	1000095148
481519707	1000107778
476287953	1000060932
368743147	1000144997
12512	1000111807
199776328	1000060932
176347319	1000108020
117237387	1000079635
4664501	1000111807
39803481	1000046018
131601987	1000040476
37532342	1000062740
20081176	1000045444
23730438	1000149218
194703864	1000106316
81449064	1000046018
51984232	1000031509
35722372	1000062740
2060471	1000137619
9184682	1000122314
347409507	1000060932
190919200	1000111807
43353248	1000036091
88395509	1000027633
116952434	1000040476
46073304	1000155329
17679043	1000111807
150505377	1000098575
45862693	1000036091
170911869	1000142912
470619847	1000142912
146459618	1000114191
162599159	1000157016
351788847	1000099155
156136958	1000040476
22502238	1000060932
14257869	1000111807
23050489	1000060932
79857721	1000062740
18297754	1000027749
352322827	1000098575
71085454	1000114191
14621504	1000073814
186888760	1000114191
90779436	1000040476
43205927	1000061291
211590874	1000041098
332577132	1000066856
177619180	1000133249
54325840	1000062740
823615	1000092868
343632743	1000044411
18666844	1000142912
39870987	1000027749
156652502	1000134415
224532371	1000098575
18297736	1000027749
9463382	1000111807
20315513	1000098575
26351904	1000040476
149805089	1000032116
76936279	1000107778
114359122	1000033520
238285207	1000106316
7415132	1000111807
64483385	1000083755
23742633	1000062740
234906656	1000133249
237562358	1000062740
25293931	1000040476
13311252	1000007094
63084853	1000062740
14444530	1000142912
323472869	1000062740
525306923	1000121815
43601041	1000098575
10377392	1000092868
142836455	1000098575
101586042	1000134225
222497459	1000098575
24773177	1000007059
124538838	1000116187
129339102	1000065095
161115418	1000034277
122475256	1000089261
146556805	1000040476
45175547	1000142912
23962769	1000111807
374778093	1000118325
16034002	1000046018
25764304	1000001357
189051975	1000098575
59018016	1000062284
7440462	1000092868
15435471	1000111807
14503	1000111807
15292070	1000055580
271658840	1000092690
322711543	1000139252
311704980	1000066856
292028596	1000040476
108989831	1000142912
368829926	1000066856
20904050	1000111807
29772561	1000073780
278076269	1000092301
274153775	1000054308
14506809	1000142912
399651919	1000066856
33987752	1000036091
21226980	1000040476
7123452	1000106316
293830596	1000118325
213171360	1000153795
167939376	1000040476
16715140	1000062284
207190024	1000040476
312217057	1000066856
246673590	1000040476
16955141	1000040476
269814612	1000035989
451205801	1000042113
131601987	1000114191
188398607	1000040476
336343	1000111807
250430188	1000003965
18715024	1000055316
22745706	1000118325
42156117	1000033520
301869137	1000066856
615723	1000111807
12626962	1000044411
229370656	1000144416
252676276	1000142912
14267706	1000111807
89014429	1000007609
183814521	1000106316
48784684	1000040666
63725198	1000155329
27459811	1000044411
463952369	1000054308
987681	1000111807
35963522	1000061291
19112923	1000107778
184637153	1000040476
259410199	1000040476
66628495	1000027633
221966395	1000062740
111280097	1000121790
14268765	1000142912
309120192	1000040476
24910422	1000040476
85501252	1000040476
38353	1000092868
224051393	1000097678
15810356	1000062284
58497291	1000092066
20452058	1000062441
15329703	1000073814
216527594	1000121815
41533816	1000107778
153784150	1000106316
28210299	1000089398
30351331	1000142912
14499829	1000139592
362425769	1000039801
157389290	1000116187
219990849	1000139252
254659730	1000108590
