183236796	1000149142
298791059	1000155906
453042764	1000013519
20808669	1000014343
274962574	1000082079
45743806	1000040779
72918810	1000141246
23738026	1000154521
38191144	1000095159
21514014	1000118073
17822419	1000088638
15858135	1000153004
25199287	1000034478
231925622	1000119104
411820218	1000016784
27911944	1000001247
49724623	1000127894
80815716	1000023393
50555558	1000088638
37743802	1000102076
28265228	1000003297
390658067	1000102031
106759256	1000079812
46475424	1000062720
152435436	1000087766
230795405	1000144912
9779032	1000132264
7400342	1000132264
76196863	1000113893
17041577	1000068205
22544911	1000088069
16432584	1000031436
15359864	1000131078
124538838	1000040484
20447194	1000068205
19802879	1000036516
91637390	1000019674
470989901	1000068205
202286526	1000111830
121472925	1000088638
16125750	1000023778
485173961	1000088638
322303756	1000100700
16598420	1000071272
32552327	1000088638
16686498	1000070632
15666380	1000115128
28185459	1000126881
41110545	1000119624
79839110	1000114038
108512798	1000113893
519907588	1000013519
18883401	1000119574
18222378	1000130878
272881486	1000017901
792690	1000075460
546187428	1000013519
10191	1000113717
50488620	1000153004
20150502	1000094513
661403	1000113717
22651969	1000128527
44850506	1000055677
237219812	1000113893
313659037	1000144912
14827979	1000050935
12320	1000017182
184765577	1000088638
5637652	1000127894
91279682	1000045778
110569987	1000088638
497900823	1000097464
16276471	1000088638
147558951	1000114038
116831269	1000113893
1045751	1000127894
15740604	1000079974
37666026	1000088638
344914507	1000127894
147665130	1000056075
124552637	1000078161
69878323	1000088638
11661	1000132264
23012305	1000019674
161830936	1000014343
32317533	1000102031
289770406	1000013519
41193276	1000103595
285379806	1000051115
95148130	1000094513
17349579	1000088638
516684756	1000113893
30817647	1000155906
191891492	1000013582
158561160	1000075182
399444662	1000088069
115705413	1000105138
336718614	1000074780
255562173	1000088638
253841011	1000069226
142837256	1000083807
198100655	1000013519
264343382	1000149142
3530911	1000127894
151112363	1000028185
38470617	1000014656
326823420	1000113893
62635884	1000153004
101569095	1000076236
151246522	1000155906
19029544	1000050935
666073	1000086338
66476012	1000113893
484813312	1000017182
49969223	1000094513
15033467	1000155906
538727634	1000045063
51573	1000075460
6606662	1000127894
16739174	1000088638
27620472	1000142304
17787399	1000017182
74976267	1000088638
27695964	1000069018
22843337	1000127894
16002684	1000118073
25381076	1000088638
15929318	1000146078
248807431	1000114038
228270980	1000017901
183206939	1000094902
34578401	1000088638
61989945	1000013519
818340	1000142304
178510929	1000141246
212057512	1000144912
87441023	1000094513
19643599	1000131078
52331565	1000094513
63675003	1000014343
20264905	1000067903
246493616	1000049765
197183214	1000154589
45466925	1000051115
26836092	1000044367
458940984	1000017182
114546178	1000113893
204426745	1000054438
17673	1000132264
531442027	1000013519
75849468	1000113893
72184290	1000113893
49992096	1000106695
5442012	1000088168
39322973	1000113893
34145908	1000051713
10379542	1000119104
199810683	1000074485
34192959	1000154585
134979402	1000138423
92591481	1000114038
28135572	1000095835
18475366	1000138059
16275037	1000113717
14446419	1000113893
210162496	1000095835
22764407	1000127894
233107833	1000095835
404914157	1000113983
15576272	1000074485
171976497	1000113893
27443744	1000094513
126478472	1000113735
30156154	1000153004
6329422	1000074099
86734680	1000146078
139188510	1000028185
255617445	1000086338
9814202	1000087184
101370287	1000051115
14434285	1000050935
417800571	1000096162
17391539	1000155906
146967448	1000056075
14600116	1000127894
87478141	1000019674
14513917	1000050935
14220688	1000002200
23750157	1000050935
184637153	1000114038
75561738	1000088638
28071884	1000001247
20262965	1000032893
125122481	1000054540
16259415	1000050935
303315701	1000063219
28265228	1000028185
163760424	1000050935
336079995	1000045063
86708203	1000043493
21314814	1000130127
498074049	1000157094
61660100	1000072225
23646603	1000094513
330708641	1000045063
67760575	1000082719
22850930	1000031395
10959642	1000017182
302749660	1000114038
16048740	1000033937
43372745	1000013257
107180853	1000003015
127713437	1000048619
60459836	1000146751
30401658	1000051115
14474225	1000127894
465171795	1000051115
120193896	1000036208
15493368	1000142304
22405166	1000102031
14269093	1000050935
212808638	1000013582
33960482	1000102031
64790822	1000154585
381899648	1000127666
4085561	1000086338
106000848	1000087766
184640282	1000062720
110761251	1000113717
40318230	1000086338
496320616	1000068880
274161710	1000063892
106144762	1000082079
5879952	1000127894
64605345	1000088638
28192145	1000126660
35338217	1000154521
293935499	1000013476
20280797	1000014343
95052901	1000032893
244203745	1000008985
291	1000075460
286323733	1000095835
770545	1000132264
17382107	1000092152
288970773	1000131500
88346505	1000095835
15232765	1000053101
81605681	1000113893
14384982	1000113717
28283490	1000088638
53513002	1000150019
220368467	1000056075
9298152	1000080869
14089195	1000031329
50005441	1000115930
1429761	1000029862
137454485	1000094513
75075329	1000113893
662323	1000127894
265019730	1000113893
171299777	1000040779
51172935	1000094513
21648360	1000013582
30309979	1000044379
30096240	1000113893
278707020	1000095835
279257471	1000153004
16105122	1000080869
225310755	1000095835
33870122	1000128527
158874150	1000114038
95526915	1000051115
427602408	1000144912
16894839	1000036794
5969122	1000080869
50121891	1000144912
19902330	1000051115
302762512	1000088638
419749555	1000061468
17987358	1000051115
23044006	1000155906
282223232	1000113893
26604904	1000157539
22534709	1000017182
78937418	1000001247
220871574	1000111830
17925183	1000127894
103865085	1000096162
138461569	1000045063
320334357	1000051115
25541185	1000088638
213001559	1000114038
25491442	1000125684
66841215	1000138423
27678332	1000113893
89307071	1000142395
548020172	1000013519
83940451	1000071799
30823084	1000020352
95428803	1000051115
39097590	1000061462
43530447	1000153004
15865878	1000127894
14670800	1000061462
14629948	1000142304
137419464	1000126113
433896952	1000088638
450690666	1000013519
53193754	1000126113
129232975	1000102031
36544954	1000127894
71678053	1000048532
36417354	1000132264
281249383	1000063892
247437412	1000056060
41533669	1000001247
7453822	1000017182
11009852	1000127894
33925672	1000127894
51630018	1000113893
182108867	1000084797
220434357	1000088638
63084853	1000144912
47502515	1000130127
27589874	1000001247
284051193	1000067404
92065425	1000013476
309366491	1000101531
22014324	1000002200
291586372	1000097464
471581708	1000013519
14766581	1000050464
21735280	1000051115
795244	1000062047
26316343	1000091557
17530721	1000050935
17177001	1000050129
230768108	1000127666
14657289	1000127894
14414022	1000127894
5868362	1000084338
14807869	1000116392
279111186	1000011357
14599470	1000062720
21687784	1000069226
55699429	1000061173
497716915	1000101896
42123748	1000114038
327910953	1000013519
172085164	1000034478
14971414	1000044367
86201228	1000114038
30520303	1000015098
9245812	1000130127
19124825	1000051115
21982773	1000048532
278626813	1000130878
79184073	1000015098
8584	1000075460
187852705	1000049359
29347608	1000051115
219115948	1000111830
70194980	1000017182
91409081	1000047493
219720172	1000050935
505866989	1000114038
16101743	1000153004
22742619	1000138106
240803165	1000048100
110315478	1000114038
20970305	1000114038
89556802	1000068880
239868306	1000113893
25159689	1000146078
9500062	1000070582
39989606	1000034478
15215771	1000142304
23133578	1000079355
129253944	1000114038
7420772	1000088638
14400748	1000050935
117535803	1000114038
460002397	1000013519
15481789	1000088638
27119147	1000146078
131601987	1000111830
21327969	1000088638
20353192	1000153004
22273667	1000075460
63037286	1000103595
157829215	1000140227
34396691	1000154521
18994661	1000113717
153142558	1000111568
230338297	1000111568
171649753	1000095835
15056202	1000084338
190439782	1000154589
10115042	1000050935
69188834	1000038295
293347282	1000018446
5158891	1000127894
76611461	1000095539
81475578	1000095835
20491561	1000127894
17493051	1000051115
18724041	1000127894
411677236	1000013519
41713	1000113717
323981348	1000013519
16865781	1000132264
130559528	1000153480
21361256	1000088638
113349409	1000088168
29592491	1000032872
15083606	1000050935
44144385	1000088638
146930781	1000153004
24282101	1000061173
68344653	1000017182
54107218	1000113893
186354564	1000013519
8215402	1000075460
274151347	1000092755
303600495	1000017901
9313362	1000001247
32520177	1000033154
27520806	1000050935
36749860	1000127894
267882730	1000148405
323472869	1000040255
21422500	1000022298
197217159	1000114038
17091036	1000040779
57372601	1000115930
58270617	1000014801
27093777	1000141246
10233292	1000053346
51890015	1000044612
231893190	1000114038
100286635	1000113893
31143489	1000088638
24763	1000132264
137029829	1000101152
3536451	1000029862
201422341	1000113893
286505380	1000033937
10295842	1000142304
102391194	1000050935
28185459	1000087766
501970602	1000056060
169925750	1000114038
93049017	1000153004
260281892	1000083859
34929840	1000088638
806283	1000079355
102519083	1000013519
15357324	1000080869
100119089	1000040484
330143622	1000114038
815411	1000008985
18903729	1000088638
14589257	1000153004
553193713	1000050935
15281288	1000017182
17429665	1000071272
204468541	1000069018
359749285	1000059131
22915745	1000075460
131618902	1000126881
36749860	1000086338
85748909	1000008985
3715	1000012730
133317553	1000125684
373459716	1000013519
64643056	1000008985
65137552	1000088638
1344951	1000113717
144320202	1000114038
470355877	1000031395
14422788	1000001247
17232000	1000086338
197117628	1000047493
33575373	1000088638
18919273	1000078133
51130734	1000088638
191322855	1000034821
135895585	1000040484
126421763	1000113893
187664250	1000003297
43929488	1000013476
621533	1000069383
283128507	1000023092
131394097	1000001247
7144922	1000102076
17024025	1000051115
5538482	1000113893
416702970	1000051115
21689936	1000020352
123004655	1000113893
15396961	1000086338
17317028	1000102031
19915325	1000050935
91166087	1000078161
381906238	1000013519
39635217	1000087766
19519021	1000039253
115751705	1000059303
25360971	1000088638
162705856	1000114038
31483387	1000075182
27379776	1000091557
5497162	1000142304
3899951	1000113893
22413809	1000153690
174059247	1000114038
15392053	1000008985
69792378	1000013257
432784492	1000013519
9199472	1000017182
29187366	1000001247
30594807	1000023092
362584277	1000017182
335860992	1000094513
15487499	1000106695
12496	1000132264
18721907	1000130840
5493662	1000142304
424026661	1000013519
97271294	1000088638
23170646	1000014656
14386518	1000127894
250780210	1000094513
13130412	1000142304
3283901	1000127894
15258384	1000061462
298849448	1000014801
211636366	1000114038
119849780	1000029862
81653349	1000051115
2182641	1000113717
91667678	1000095835
13920072	1000151626
9213832	1000094513
44385724	1000142304
18246096	1000113735
299799703	1000008985
96071489	1000017901
73446048	1000114038
15130614	1000040219
184879925	1000048619
227341921	1000019674
14085070	1000113717
258636623	1000114038
20572411	1000087766
16845580	1000094513
32272289	1000101835
326371495	1000000771
357484270	1000017901
178513073	1000154589
119551509	1000142395
535993210	1000013519
95491350	1000041334
30456447	1000095835
87626628	1000153004
92837266	1000094513
82525569	1000083807
66432209	1000040988
25708013	1000113717
142356330	1000125644
197715531	1000038295
24893115	1000050129
814256	1000088638
240106263	1000119574
14241826	1000061462
90202167	1000048532
14160974	1000050935
18846990	1000017182
37717323	1000050935
148900525	1000008985
36074927	1000088638
38788195	1000080013
32815053	1000051115
81605681	1000067404
3661961	1000127894
129253944	1000095835
16560657	1000130127
14654965	1000088638
111728171	1000141861
351479742	1000030977
14799151	1000062047
1712051	1000051115
32350369	1000094911
11837232	1000142304
85891683	1000104518
33549103	1000141861
155954125	1000031436
58171901	1000094513
14604870	1000069226
19159636	1000055677
78402214	1000051115
15177163	1000050935
16069493	1000086338
15486950	1000040219
248928215	1000008985
451547494	1000001247
37243409	1000125684
234056700	1000114038
20927666	1000101835
94269779	1000024711
378862802	1000008985
14555534	1000053346
387353569	1000113893
118902204	1000088069
373302066	1000068205
21848018	1000093588
18089736	1000061462
383325622	1000071799
71706534	1000056587
32520143	1000078161
6258042	1000119104
2085511	1000067903
131369976	1000056075
19837378	1000050935
382630878	1000006819
106436533	1000119104
16116572	1000075460
129305612	1000087766
242771870	1000017901
55871338	1000113893
258590639	1000144912
137089291	1000049765
413582060	1000068178
14197022	1000013582
23635968	1000127894
92397869	1000051115
282399145	1000114038
2713351	1000017182
188039706	1000088638
16893977	1000051115
2841151	1000051115
317973099	1000050935
299451056	1000144912
12235562	1000084338
11539042	1000084338
21982720	1000127894
15796976	1000094513
16948127	1000127894
231173053	1000088069
8170292	1000069383
18197299	1000014343
83408159	1000138423
12623772	1000062047
440288847	1000013519
15784621	1000017182
8437922	1000141861
29678213	1000130084
291314617	1000025105
14605192	1000101835
270949258	1000088638
48132655	1000015963
297047872	1000047493
14414761	1000115128
132736650	1000114038
17216936	1000079355
483607657	1000007155
45413261	1000024711
17344937	1000034767
348196315	1000058225
237625615	1000087184
186914308	1000088638
19223644	1000130084
96827552	1000153690
14334870	1000070632
108401764	1000080013
14100003	1000113717
41060222	1000088638
47090580	1000127894
40964378	1000113893
59876406	1000013519
35066483	1000102076
103807223	1000084797
44638576	1000094513
294430454	1000050935
101956358	1000113893
36511031	1000008985
76945884	1000031087
15373742	1000113893
207217094	1000067903
276394701	1000155906
5763262	1000127894
24744541	1000094513
286012612	1000083859
174802867	1000051115
335860992	1000102031
14606079	1000142304
85454701	1000113893
14903310	1000155906
386434513	1000017901
39609441	1000144912
266351798	1000148405
26676260	1000051115
428333	1000130127
2911651	1000008985
12191622	1000051115
6243142	1000155906
278618660	1000114038
145724592	1000101835
73405056	1000013519
19661706	1000027316
101783153	1000102031
16588386	1000008985
15576928	1000051115
9151842	1000127894
182455769	1000006590
20787272	1000127894
32578648	1000078161
6450322	1000106695
14940354	1000094513
14503124	1000155906
14388022	1000091300
16729915	1000117329
42096654	1000095159
127973392	1000113983
190399951	1000088638
404538434	1000111830
101842354	1000042843
16724619	1000031329
120943272	1000067903
98952413	1000047493
168688901	1000114038
7867072	1000088922
20787272	1000088638
5541312	1000151626
15075834	1000080869
232684632	1000114038
262909218	1000115930
195446656	1000114038
194189905	1000113893
393028587	1000094902
248879216	1000088638
23546586	1000056587
15153	1000132264
207653556	1000087766
291943645	1000114038
21201037	1000113893
58401873	1000014317
35951271	1000007155
20076000	1000106695
15769327	1000078133
9946272	1000036208
140955302	1000094513
97350244	1000114038
88996186	1000086338
163617802	1000113893
35718360	1000119104
17831432	1000127392
147340798	1000114038
287500766	1000013519
157406727	1000101531
13378422	1000142304
318495026	1000025105
63044831	1000127894
130334231	1000111568
43180237	1000157094
43278228	1000074264
14268564	1000130127
174904516	1000015098
284174515	1000034821
58786921	1000125993
107236336	1000127894
17737614	1000094513
129657107	1000114038
246209510	1000114038
441129326	1000088638
82451567	1000111568
15752932	1000084338
212642904	1000113893
90683293	1000153004
3452911	1000075460
16174651	1000153004
22976803	1000153004
193033119	1000114038
15658980	1000086338
221966395	1000095835
30520303	1000045778
15958614	1000127894
18122488	1000127894
425996579	1000013519
16042794	1000094513
402394026	1000033937
240344271	1000114038
43205927	1000017182
26051404	1000050464
266008957	1000031087
272822851	1000113893
18745350	1000140855
238110322	1000124800
17637553	1000092152
92543232	1000020540
14245378	1000088638
43804131	1000027589
212322179	1000113893
12699932	1000130127
15158441	1000127894
2384071	1000142304
67045624	1000050935
5973812	1000094513
17901138	1000137541
180798800	1000078161
164933358	1000062029
64643056	1000094513
107143791	1000032893
16125867	1000088638
486816912	1000069773
102255218	1000056587
15030908	1000132264
14975485	1000094513
208697506	1000013519
21368060	1000051713
334935232	1000014343
54839190	1000146751
270622617	1000114038
44166353	1000013519
65987807	1000144912
25001990	1000155906
46322933	1000095835
17610785	1000088638
20341544	1000051115
59916407	1000114038
18928583	1000050935
182422417	1000063288
405482317	1000119104
83590349	1000102031
23256633	1000088638
135201019	1000136836
209506790	1000114038
24740039	1000051115
292632231	1000056075
14127551	1000088638
267828234	1000114038
165645655	1000114038
72918810	1000142266
25316615	1000088638
25337448	1000004844
323443108	1000127894
132744711	1000022298
47451765	1000050935
111635070	1000048451
319987685	1000113983
44737104	1000032893
118970380	1000051115
303378514	1000042843
205302299	1000075182
147591839	1000094513
366244590	1000013519
113511245	1000128818
39680464	1000050935
90964854	1000083807
2334221	1000117329
121559360	1000062047
63192345	1000088638
222225152	1000114038
138725262	1000096162
411701525	1000006590
30485880	1000094513
31366138	1000064801
15179685	1000083807
51643837	1000088638
175297516	1000001247
1692881	1000086338
306005773	1000126113
69506097	1000125993
262388975	1000075182
269485905	1000013519
69830534	1000032893
295939052	1000015098
6656062	1000086338
16060735	1000017182
177969494	1000095835
533501223	1000003297
383471789	1000095835
90289765	1000114038
11000562	1000076900
304814889	1000040219
113434348	1000125684
7852172	1000046122
55002654	1000001247
36253	1000127916
121494613	1000118599
795649	1000075460
344059195	1000125684
19528443	1000082079
16460393	1000094513
237851354	1000088638
128774528	1000080869
113721074	1000088638
249902490	1000062029
783214	1000051115
16866701	1000132264
39383128	1000102076
62519254	1000142304
31957731	1000142304
1095691	1000088638
204851368	1000050935
17758502	1000008185
398453569	1000088069
97499658	1000009994
139872488	1000048619
2585151	1000113893
23040113	1000050935
61819832	1000114038
49852058	1000045731
378682708	1000045063
32910351	1000141861
35726059	1000144912
44104942	1000001247
172814396	1000031087
81978740	1000114038
208604452	1000101820
245124258	1000113893
405960130	1000088638
337466359	1000043355
15907720	1000051115
96628529	1000122162
14947499	1000040988
352405916	1000056075
230539556	1000118599
14199378	1000058316
260433129	1000050935
68751119	1000078161
38282454	1000040988
36198161	1000144912
166114384	1000013519
386682823	1000111830
151138798	1000028185
113497030	1000116325
9873502	1000113893
21618534	1000068205
38293759	1000088069
371204909	1000124800
70160230	1000043493
131296459	1000113893
380592958	1000062720
6022652	1000094513
159585387	1000131500
230403135	1000118599
17663756	1000127894
12564622	1000050935
20598586	1000088638
58291529	1000086338
121463257	1000088638
16407679	1000050935
46268354	1000118599
134964313	1000014656
103770785	1000051115
319402200	1000034767
16621525	1000062665
396165937	1000009994
14080667	1000051115
21549924	1000144912
15591032	1000050935
297166458	1000114038
82453323	1000092755
42301087	1000063377
16489432	1000036916
253311453	1000125993
8079892	1000061462
64901944	1000051115
66465856	1000123128
36253	1000132264
16228398	1000088638
16788263	1000087766
186326653	1000051115
189758276	1000040255
68819587	1000051115
214573630	1000153004
290879947	1000125684
151886730	1000113893
232933179	1000154521
2112	1000127894
15604372	1000138423
26426775	1000051115
5988062	1000094513
320939752	1000080869
119714092	1000094513
94915681	1000088069
303603915	1000113893
17505622	1000127894
87333677	1000050935
20067354	1000113717
327131224	1000103595
111777598	1000050935
21123806	1000034767
180884045	1000088638
5841	1000075460
172049453	1000014343
93058125	1000114038
311317937	1000114038
37532342	1000114038
197154656	1000090547
20726422	1000053101
11018782	1000102031
9026642	1000064801
262310943	1000003297
45373599	1000088638
21803333	1000008985
242109539	1000033937
152403469	1000001247
123193555	1000069773
27527262	1000088069
22626365	1000130127
1199081	1000075460
3475	1000127894
184215164	1000128818
62726872	1000028185
36721778	1000115930
264479606	1000140227
6633692	1000040219
974411	1000061468
14313730	1000127894
25711944	1000087766
11133442	1000132264
28902735	1000153004
21959765	1000125684
150779787	1000088638
20703666	1000125684
61822290	1000111568
14859631	1000153690
109614351	1000088638
14434495	1000059303
16112634	1000053101
20642310	1000124721
36505486	1000113893
24997470	1000153004
137672299	1000088638
6145712	1000127894
214216144	1000144912
152403469	1000051115
132875573	1000015963
6398912	1000088638
15923800	1000036661
29977282	1000116392
19785801	1000088638
459628129	1000051115
36697854	1000088638
62610707	1000088638
372447628	1000126881
24214579	1000088638
27110078	1000023778
7861312	1000017182
17916671	1000017182
73297138	1000020540
44507340	1000033937
303895934	1000003297
7718462	1000134376
763446	1000051115
31035336	1000063377
426468352	1000068205
24479656	1000025105
7296332	1000104518
12633712	1000136836
1833561	1000113717
247114704	1000022298
322903307	1000051115
64379822	1000122829
10023292	1000008985
139400870	1000153480
175280623	1000079355
52091660	1000088638
14413506	1000088638
284690191	1000097687
161899539	1000144912
163507141	1000068880
512735938	1000013519
117349852	1000051115
46273722	1000127894
21845346	1000130127
241137360	1000001247
86029229	1000094513
18895794	1000127894
44399205	1000125644
17	1000075460
296218728	1000013519
5773532	1000051115
55034153	1000155116
35827447	1000013476
88626415	1000091300
327577091	1000051713
51518017	1000086338
284227887	1000155906
263223490	1000114038
21390400	1000053101
16524534	1000080869
15716046	1000036794
392054628	1000144912
397673792	1000127894
213358014	1000074270
222221274	1000114038
192423161	1000040779
68440549	1000094513
30630104	1000087766
19356853	1000029862
164865277	1000058225
14706267	1000105594
11379362	1000122162
392929459	1000013519
12520552	1000075460
18170489	1000074099
31525503	1000088638
38070776	1000114038
12350092	1000025174
16162693	1000050129
76757744	1000103595
76587180	1000144912
17344937	1000088638
121918392	1000126113
381090926	1000016784
223987297	1000094513
21910137	1000051115
31444568	1000094513
347795199	1000144912
36951467	1000050935
360207306	1000013519
37532342	1000095835
43510041	1000069226
15837189	1000044612
252415267	1000088638
1994321	1000094513
446672326	1000040988
58641627	1000068178
499029727	1000114038
164657710	1000078161
19889841	1000050935
128995532	1000144912
21674969	1000062047
184994006	1000042843
14431901	1000087897
78193349	1000049765
14166096	1000017182
372873588	1000056075
14771973	1000113893
813491	1000086338
174172366	1000114038
33971020	1000102031
59110488	1000076236
39717222	1000036916
310030172	1000017901
20217659	1000051115
14051156	1000127894
153886406	1000127894
36735522	1000061462
287286883	1000048619
15329577	1000097687
26681152	1000088638
64488804	1000083807
191737201	1000088069
14112756	1000132264
22535871	1000145488
19876236	1000030977
13170222	1000086338
280846976	1000013519
16514595	1000142266
22939163	1000153690
20366717	1000134376
390536220	1000013582
196142659	1000113893
1175221	1000142304
90970051	1000013519
95357148	1000088638
121218827	1000051115
613313	1000125684
28435200	1000088638
243068340	1000048451
2565	1000010671
97532053	1000113717
17595439	1000113717
131350078	1000113893
438136706	1000033937
144810832	1000116325
16504528	1000126660
74201802	1000088638
14083627	1000127894
22848447	1000013476
23161445	1000153004
73068829	1000088638
108188524	1000079812
14677919	1000094513
28966878	1000132264
166675204	1000153004
9275742	1000153004
49167514	1000019674
96808738	1000048100
26055318	1000088638
786983	1000075460
45466925	1000001247
311317937	1000069226
21787600	1000051115
185563736	1000111830
22510648	1000032872
88066164	1000088638
33852508	1000094513
246120229	1000063288
403744633	1000032893
28139650	1000094513
243463543	1000056075
16272448	1000051115
1338891	1000144912
268525879	1000114038
32961087	1000146160
17767270	1000001247
20861428	1000087766
428333	1000008985
55309264	1000155906
17874118	1000127894
240544888	1000126881
42992292	1000008985
19137727	1000034478
30783939	1000041082
18091925	1000088069
7081402	1000017182
40732410	1000017182
69105203	1000008985
17979066	1000127894
340441440	1000094513
367300163	1000144912
236775246	1000049359
137513452	1000114038
29206353	1000003297
307737782	1000113893
15129069	1000054438
134569487	1000048619
118787251	1000082079
504661025	1000041082
34953908	1000013257
345957897	1000013519
116766267	1000094911
451586190	1000127894
15445828	1000086338
380003331	1000114038
210162496	1000114038
204490718	1000105833
15658980	1000127894
302762512	1000111568
16175507	1000088638
16135783	1000130127
37545039	1000141861
126354323	1000022298
114971521	1000088638
328193320	1000114038
17134268	1000130127
465187155	1000138059
304124717	1000114038
15738710	1000028185
272570677	1000114038
60242064	1000020352
293700583	1000144912
29324093	1000006819
90695333	1000063219
34843478	1000043355
167169119	1000142304
177680312	1000154589
471281387	1000028185
22565101	1000001247
10386142	1000068327
7839852	1000051115
7187522	1000094513
352641121	1000051115
51211899	1000059131
16409781	1000113893
232899332	1000051115
268955147	1000088638
14711077	1000003015
23742038	1000125684
19889669	1000113893
197375783	1000088638
284699165	1000114038
18785238	1000008985
450885342	1000114038
119165547	1000113893
10350	1000017182
138546712	1000103595
16396588	1000058316
235441031	1000088638
21659808	1000051115
14807898	1000138059
50964465	1000100149
16738823	1000068205
15471783	1000008985
49492585	1000094513
29264684	1000080869
59380788	1000101896
266187076	1000127894
97308931	1000127894
20449133	1000130127
244122154	1000119104
50316118	1000050464
31393	1000062047
55822030	1000013519
221573745	1000028185
394830005	1000087766
50137282	1000105594
398317841	1000040779
481433603	1000013519
311053794	1000013519
146172911	1000113893
892061	1000086338
14199979	1000088638
60818204	1000054841
328643106	1000153004
65402107	1000101835
58368604	1000114038
16657699	1000008985
8600702	1000087766
38612953	1000014656
433715649	1000013519
234171367	1000068327
304239840	1000051115
35034172	1000051115
57517199	1000079355
43137472	1000153004
1737401	1000014343
28621095	1000113717
14118878	1000153690
14906448	1000061462
18151212	1000050935
94651902	1000008985
84365556	1000044367
238289569	1000093067
21019702	1000088638
135281645	1000153004
187371384	1000114038
2065521	1000127894
66380278	1000082079
18822634	1000127894
14957913	1000153690
45176933	1000033154
48400470	1000008185
504661025	1000000771
782912	1000027316
145821990	1000086338
238676701	1000111830
70488960	1000088638
288048388	1000114038
22461427	1000138423
18788370	1000051115
30979533	1000088638
17099387	1000088638
305073376	1000050935
305910744	1000090547
18320151	1000053101
10450	1000078161
16365403	1000045778
15177790	1000050935
5702	1000075460
19040598	1000127894
22229252	1000074304
6022982	1000127894
15471245	1000040988
90703732	1000088638
250376643	1000039253
294846486	1000144912
173480756	1000141861
13872872	1000061462
22654630	1000051115
261538403	1000087766
262142427	1000094513
16120265	1000127894
351092905	1000123128
89631156	1000050935
40550544	1000119624
13276422	1000076900
3415861	1000127894
23629630	1000062720
131281000	1000040484
314049912	1000101531
9245812	1000008985
15438914	1000094513
18148724	1000125684
15012486	1000130127
246616895	1000028185
23152989	1000153004
245986870	1000094513
14092921	1000051115
19785801	1000067903
325440985	1000013519
117193252	1000045063
6339822	1000086338
17538263	1000094513
18194219	1000018446
7428362	1000051115
27038761	1000088638
33150122	1000100149
223297575	1000100700
118016207	1000153004
42354756	1000014343
14085363	1000051115
106933548	1000011357
19818912	1000087766
14437310	1000025174
253296586	1000094513
17469332	1000127894
205848662	1000142304
15951855	1000062720
16656631	1000051115
381687293	1000113893
130274094	1000126881
14750762	1000088638
250831586	1000068880
10228272	1000049323
32266874	1000113893
162045075	1000013519
76715303	1000114038
202003	1000127894
16974245	1000050129
14115587	1000086338
10367702	1000068205
30263313	1000079974
52530194	1000116325
17346623	1000075460
436383288	1000125684
10545	1000127916
18160106	1000094513
17202349	1000051115
153410228	1000130840
278955055	1000088638
430311261	1000049323
466252625	1000013519
122794139	1000141861
253167456	1000013519
3133271	1000095539
272837601	1000096162
104517739	1000015072
19334276	1000155906
14079471	1000142304
22319101	1000087766
24020586	1000130127
17316885	1000094513
268551780	1000028185
17582887	1000146078
302078864	1000154589
65987807	1000114038
19323424	1000051115
18592004	1000051115
22937232	1000062047
240449225	1000101531
221521761	1000003297
607063	1000075460
113741392	1000050935
25421732	1000033937
2317861	1000050129
21448862	1000051115
36385076	1000050935
165181846	1000130878
109195074	1000142395
15098603	1000153004
73138704	1000111568
16950058	1000088638
28215110	1000086338
17512413	1000094513
16136553	1000126881
14587095	1000045731
270606277	1000155906
30782151	1000083859
5506012	1000010671
98306941	1000082719
216208047	1000102031
404454675	1000113983
16724361	1000124721
217566245	1000114038
15372377	1000046122
24742040	1000113893
38973010	1000023393
14278978	1000142304
62744004	1000102031
83665015	1000015098
16560657	1000044379
55051514	1000014317
21806473	1000018446
59959530	1000137541
25458129	1000113717
7125992	1000102076
16095572	1000127894
382271457	1000017901
168935125	1000008985
19137727	1000087766
21066199	1000155116
28521141	1000150019
114868841	1000074780
61367153	1000040219
96795915	1000072225
17200400	1000155906
19610339	1000132264
26315586	1000088638
20978103	1000001247
298295124	1000153004
51912787	1000070632
116952434	1000144912
274823472	1000144912
26250517	1000144912
16247469	1000113735
22891420	1000017182
9313362	1000070582
80025164	1000101820
170167167	1000105833
248438929	1000126113
110333243	1000153004
36998859	1000012730
6339822	1000127894
144278115	1000095835
132045014	1000088638
425435782	1000093067
18895362	1000113893
35012599	1000014343
17385313	1000094513
305062019	1000004844
18776017	1000144912
346319640	1000034821
381815268	1000111568
179204910	1000087766
66122713	1000146160
8937792	1000062047
15474416	1000008985
35366254	1000068880
198256794	1000001247
6502892	1000001247
282633717	1000082719
263610393	1000001247
14217624	1000080869
13461	1000113717
268035072	1000094513
184910040	1000054841
186154646	1000015072
57387804	1000088638
159229382	1000144912
339336382	1000075182
276577539	1000017901
239019284	1000149142
14312962	1000008985
3381691	1000036661
499275959	1000070632
32268884	1000088638
20530770	1000080869
330849293	1000114038
27167977	1000014343
17005478	1000145488
237890582	1000050935
195446656	1000095835
151129779	1000105138
26057085	1000116325
3149631	1000127894
228911779	1000114038
102988534	1000048619
334085494	1000088638
73068829	1000062665
231931886	1000031395
19187045	1000008985
44658587	1000074264
61714814	1000014343
25535699	1000126113
545206983	1000013519
119749146	1000102031
277576799	1000028185
2771331	1000153004
143950772	1000031395
174286087	1000013519
22026934	1000127894
16108210	1000050935
260077133	1000074304
255620386	1000114038
390091604	1000138423
383558512	1000008985
310922188	1000155906
185294100	1000036516
22107142	1000127894
25013479	1000080869
16279105	1000040779
53133610	1000051115
93714983	1000015072
16677622	1000043493
18197476	1000014343
231605733	1000138059
18953418	1000140855
172397400	1000054540
52000483	1000094513
137577423	1000113893
16573745	1000054841
308275485	1000059303
57069512	1000027589
21834510	1000127894
4170491	1000130127
110896395	1000059303
183523349	1000155116
17076095	1000050935
59884390	1000051115
35727881	1000138106
2276201	1000084338
14090859	1000050935
18713254	1000113735
498443549	1000014656
215328630	1000051115
58975906	1000101152
14038862	1000113893
18048496	1000088638
111210694	1000053101
11094232	1000127894
21532721	1000140855
31366025	1000041334
16116812	1000070632
28345417	1000088922
23321855	1000008985
385135208	1000013519
166853688	1000044612
22461427	1000051115
192037413	1000056075
1617891	1000125684
533394907	1000003297
23661461	1000087766
44039298	1000157539
35746423	1000146078
23367672	1000051115
17787312	1000127392
5746452	1000127894
11069462	1000142304
24246359	1000051115
54275864	1000040988
27627224	1000087897
432844183	1000144912
22789766	1000013582
8126322	1000093588
58322833	1000041082
316329134	1000111830
15481744	1000044612
106633019	1000074270
14307102	1000040988
234489024	1000051115
16212913	1000001247
18040381	1000062047
89288695	1000003297
72472227	1000017182
15661911	1000049323
203783262	1000113893
448546543	1000122829
8259712	1000127894
29118453	1000153004
354733764	1000017901
195380444	1000051115
421683	1000062047
156025153	1000113893
17457769	1000014343
2529971	1000127894
19331456	1000063219
127024694	1000125684
28215110	1000127894
29265047	1000088638
