43923409	1000086471
187512368	1000066859
41898074	1000033738
48210436	1000134136
107710172	1000155052
423462301	1000144629
34929990	1000093149
306265180	1000054456
7613282	1000151894
14969901	1000156147
17315002	1000035980
169610198	1000154121
47770257	1000035980
366676872	1000049673
271463916	1000035980
77000938	1000107701
369107986	1000110137
16577804	1000144629
224803883	1000086471
32817119	1000051050
274318725	1000024311
7713202	1000086471
14179545	1000086471
262317278	1000121611
23833837	1000121611
22536940	1000042493
161467027	1000030834
172813764	1000066859
68792370	1000086471
92751415	1000032570
16358091	1000153019
292915903	1000035980
176340250	1000030834
104980886	1000086471
40912473	1000151894
34805698	1000026744
8032822	1000097175
400505785	1000086176
5471892	1000026744
16856006	1000030834
40875267	1000030948
47359057	1000013708
14710369	1000144506
18720686	1000038609
29243781	1000004761
14364819	1000030834
112664741	1000140603
369586333	1000066264
23988153	1000022967
35997563	1000004761
17385903	1000035980
21993907	1000042493
373639969	1000086471
124296976	1000001572
541537176	1000119637
126247401	1000132626
202680748	1000035980
14216054	1000018846
308120216	1000035724
334360458	1000079408
23989491	1000045388
306922030	1000133673
40587394	1000035980
30900841	1000017622
853521	1000117192
23871012	1000042493
19614825	1000076315
184841185	1000086471
11996222	1000018846
492633763	1000046903
90778418	1000013708
3475	1000086471
120957738	1000030834
14112294	1000053609
103975904	1000144629
14574514	1000115640
390784319	1000046903
271261403	1000035980
21648607	1000085954
41849174	1000084598
45862693	1000004761
102903198	1000114844
287864860	1000144629
383362636	1000124993
23238377	1000004761
69193714	1000042493
361553652	1000124704
175511724	1000102123
57714690	1000096598
269546223	1000030834
488563252	1000084370
1808381	1000066859
181741868	1000101058
75137937	1000086471
367394994	1000119637
62296905	1000059958
39812424	1000152863
14528221	1000151894
46696817	1000079075
181010533	1000142653
16366474	1000115640
360895400	1000149690
129575180	1000045388
15993038	1000052361
95820486	1000066264
175113947	1000086781
18762284	1000004761
16532070	1000114844
14213416	1000133744
16601823	1000124993
299715714	1000035980
237578411	1000107623
117541123	1000048855
148497957	1000004761
13234	1000066859
239479532	1000132626
16492431	1000050255
22604296	1000022967
264291950	1000048855
153019202	1000030834
14298557	1000074433
18982840	1000030948
188421312	1000017635
62631420	1000035980
178098680	1000030834
223198631	1000048855
16175118	1000086471
13911852	1000053609
36279963	1000117192
15958614	1000076315
19775340	1000108215
20935355	1000144629
26846571	1000086471
10292772	1000086471
11440442	1000086471
14142956	1000039839
434433610	1000132626
382980079	1000054456
19214486	1000035980
154425328	1000123526
42688763	1000084642
14104001	1000091655
19918047	1000086471
18922893	1000030834
16714182	1000073877
15862848	1000060812
23153736	1000059652
335860992	1000125408
15482536	1000086471
266008957	1000110137
94877567	1000038609
19840435	1000073877
176519106	1000006831
28453669	1000086471
34069762	1000132505
185554363	1000144629
60995819	1000086471
219361592	1000055715
5657162	1000156492
17174309	1000035980
21897587	1000032670
15702621	1000024311
84155547	1000129607
13598262	1000066859
111330891	1000145898
2520921	1000132626
114640374	1000145898
316828902	1000035980
77908802	1000037018
299926425	1000018342
79594166	1000096598
301845820	1000119637
48621884	1000144629
135895585	1000116187
140541581	1000114844
64824726	1000144629
14430479	1000052361
109423594	1000041307
177002366	1000144629
30095544	1000030834
30057786	1000116617
378682708	1000000142
390659661	1000059738
29739553	1000126782
139479827	1000024311
24255792	1000135169
16000792	1000105758
18697941	1000086471
14851930	1000030834
89014429	1000113950
18688051	1000086471
258452069	1000004077
115443377	1000124993
92367751	1000086471
190673237	1000030834
84133924	1000030834
22882670	1000042493
47257805	1000041307
538727634	1000000142
156321694	1000049243
37087096	1000144629
14163748	1000151737
27217974	1000030834
462541005	1000066264
27837808	1000001572
175172450	1000055679
37444945	1000004761
21024997	1000086471
18785238	1000086471
15782804	1000008978
14984003	1000094981
91711942	1000134922
260281892	1000144629
180474386	1000055317
107867162	1000131173
19086859	1000151894
14259641	1000030834
364999363	1000046903
14065010	1000023919
40103071	1000084370
192150334	1000042493
160344565	1000084642
24202643	1000042493
110838778	1000034838
284908506	1000078072
15009761	1000078072
54151817	1000048855
524620711	1000107701
70218519	1000042493
343797833	1000078072
19326633	1000091655
130202887	1000111781
67182836	1000011163
48546499	1000086471
40623024	1000035980
57542239	1000013708
15600419	1000030834
19088351	1000151894
123349602	1000145898
14296542	1000115640
15083606	1000004761
30003842	1000086471
49701689	1000015388
13165	1000117192
23911853	1000042493
160498002	1000091655
16292537	1000004761
8479062	1000076315
7206432	1000049334
38788195	1000134922
16700878	1000030834
16928541	1000032570
333575550	1000134922
15633626	1000024311
160096004	1000030834
9567932	1000117192
365737972	1000004761
124679471	1000042493
38690166	1000025539
116886222	1000032570
43333520	1000086176
387397692	1000145898
38070776	1000040821
10716292	1000086471
28192145	1000091655
5774552	1000053609
16483812	1000052361
43601041	1000001572
82164597	1000117192
322834956	1000086471
485924782	1000086471
29993931	1000038609
8383592	1000086471
20072070	1000124993
283400097	1000035724
289459291	1000035980
22330156	1000073877
19253485	1000086471
73068829	1000035980
26991886	1000086471
23112236	1000086471
5379992	1000073091
17052055	1000004761
268245745	1000019793
19213083	1000149690
61426538	1000129607
23152989	1000030834
111961268	1000144506
131281000	1000116187
29941998	1000066859
30086757	1000030834
252770012	1000021264
49492585	1000093149
6265562	1000086471
26338583	1000035980
408839713	1000145898
156204515	1000025216
16089052	1000018342
290594559	1000046903
81372897	1000136727
14507498	1000091655
280365428	1000021264
1608991	1000091655
115676348	1000030834
18849368	1000004761
182167530	1000086471
10798802	1000059958
80468100	1000134096
18327902	1000078072
20425537	1000052361
11911082	1000086471
22230126	1000132626
44472892	1000028736
14191945	1000076315
28756240	1000156147
157149887	1000134922
43633150	1000028736
14110454	1000132626
14100903	1000066859
28170196	1000135169
30949085	1000024311
236840136	1000091655
17219444	1000000142
14049120	1000035980
43195617	1000052361
348429830	1000124993
18090627	1000035980
454503929	1000035980
53130511	1000039839
5436192	1000004761
148727717	1000059738
176099750	1000004761
38135106	1000050327
233063827	1000024311
168497897	1000004761
128350353	1000004761
70127418	1000131845
22578941	1000030834
64865024	1000134096
73996311	1000066494
235636925	1000086471
17800212	1000004761
515602819	1000134922
137610870	1000107691
13479	1000053609
11420652	1000127398
3245291	1000091655
430388168	1000004077
18583083	1000030834
280629993	1000017635
17976798	1000091655
5510372	1000009583
223604439	1000004761
38188313	1000035980
82435291	1000035980
29199880	1000030834
171318249	1000133673
16440181	1000042493
27522326	1000086471
10115042	1000004761
238657359	1000086471
23272748	1000134136
69592091	1000035980
20971132	1000086471
312265309	1000048855
263224927	1000035980
34378367	1000086471
14402859	1000091655
158094598	1000030834
48946627	1000024311
14339287	1000091655
14755105	1000035980
284530356	1000083726
45564482	1000024311
127973392	1000144629
21834510	1000078072
68846920	1000084642
20536307	1000030834
20445908	1000094981
52818466	1000086471
517168416	1000046903
403996946	1000107701
66691804	1000091655
15094659	1000086471
365014160	1000066264
17069288	1000024311
15150826	1000000142
16264003	1000083726
65687979	1000030834
377862490	1000042493
14876672	1000030834
112521116	1000017635
2020351	1000076315
128246602	1000062384
14208982	1000086471
17104259	1000030834
63667034	1000135169
18886852	1000087830
20703666	1000004761
15053535	1000134922
18048496	1000106205
238647109	1000101058
93231692	1000136727
14336347	1000086471
50055701	1000117041
286474054	1000026865
42639788	1000124993
18622869	1000063841
15764644	1000086471
254717722	1000030834
90672134	1000030834
286735262	1000144629
8362412	1000078072
1628691	1000078072
8978022	1000094981
20800328	1000151894
15857157	1000004761
17841725	1000092088
40813518	1000004761
24636976	1000026744
47333523	1000151894
97478285	1000037018
342741942	1000048855
249829509	1000120786
369691207	1000035980
227341921	1000053029
16274879	1000115640
66696143	1000086471
505284767	1000134922
14402018	1000086471
15177163	1000004761
27421232	1000042493
7384432	1000091655
15698507	1000053609
95030839	1000049334
819253	1000042493
16688125	1000030834
70745737	1000086471
50665193	1000006831
20305096	1000066859
15128731	1000126244
386161471	1000116187
16824073	1000089492
12229172	1000086471
23082430	1000124993
185410444	1000113950
15140524	1000004761
15840385	1000073091
295062437	1000035980
156276767	1000116187
222672936	1000132505
246972341	1000116631
113975798	1000087830
304063073	1000097730
27306000	1000049334
190588367	1000148753
336079995	1000000142
30323559	1000030834
56767953	1000086471
82525569	1000004761
23962769	1000124993
9532402	1000063841
15948437	1000049334
27457788	1000086471
40320565	1000024311
18721907	1000130840
373585212	1000153508
14531164	1000126782
110031693	1000041307
19536030	1000035980
30073696	1000086471
188035912	1000030834
401029555	1000144629
124005585	1000001572
38668624	1000030834
20631422	1000093149
196823075	1000030834
83477186	1000049243
814304	1000066859
385587514	1000046903
62613155	1000048855
36981972	1000030834
32746632	1000127398
26200403	1000004761
82186879	1000042493
18922581	1000155052
187609225	1000153508
4250951	1000086471
20684656	1000000142
26265033	1000086471
209261985	1000086471
166775051	1000145898
16568227	1000086471
5906322	1000004761
16650200	1000024311
20038690	1000036638
290656947	1000134922
279671781	1000050327
27520806	1000094981
34175976	1000134096
14755105	1000030834
15006779	1000066859
57615926	1000023293
348459240	1000076315
15006779	1000078072
6736882	1000035980
252088905	1000134922
267402482	1000145898
22207520	1000086471
113859309	1000091655
45009193	1000086471
14213544	1000156147
44494276	1000062384
198960001	1000134922
64951486	1000153019
19167186	1000004761
284376422	1000035980
8789452	1000024311
33917017	1000034838
17709860	1000066859
8025532	1000018846
188636729	1000091655
11100902	1000066859
59359628	1000030834
16391766	1000004761
15391142	1000115640
259410199	1000131493
232297398	1000144629
399157601	1000079408
457211862	1000030834
65062235	1000151344
28590240	1000086471
39394932	1000004761
284476407	1000042493
119053424	1000004761
19746351	1000004761
333733827	1000136727
96070676	1000050327
90175945	1000123526
87517641	1000145898
117193252	1000000142
15390684	1000086471
22498525	1000108215
1732641	1000144756
2172	1000053609
147386402	1000117192
26347170	1000089492
4258591	1000030834
364917755	1000021264
239466198	1000110137
289759808	1000035980
42912024	1000152863
30057786	1000120786
119843970	1000069146
70600914	1000144629
38873366	1000048855
22087738	1000004761
16865781	1000124993
107412282	1000060812
14466383	1000035980
34182036	1000134922
780050	1000084642
224904443	1000144756
60943588	1000048855
15314467	1000030834
357591746	1000026865
92123276	1000079408
14364626	1000005563
257438654	1000091655
19265186	1000086471
14655295	1000115640
212997616	1000132505
51536547	1000029232
754556	1000082846
21111787	1000030834
104228531	1000034838
808627	1000066859
21042324	1000134922
25541185	1000094981
126042901	1000091655
19363528	1000037018
67819221	1000086471
18891069	1000086176
26422087	1000054456
47766490	1000091655
192802705	1000004761
216825105	1000042493
63498052	1000105758
80688804	1000026744
25791837	1000124993
14145413	1000042493
23024305	1000115640
136010193	1000148753
124944912	1000030834
15449147	1000078072
67587425	1000131845
25060362	1000109571
18630326	1000023293
803883	1000030834
14236481	1000009583
91419882	1000105596
76642236	1000042493
222353841	1000055317
169922568	1000042493
254321574	1000030834
64998112	1000030834
24074169	1000015388
17172474	1000086471
251720749	1000091655
16145626	1000050255
145739229	1000030834
817386	1000076315
58322833	1000102123
283147505	1000091655
18089608	1000000142
498487474	1000035980
398496984	1000121611
414186024	1000120786
16955991	1000151894
125547081	1000086471
15938627	1000030834
14602520	1000086471
14188390	1000086471
250911289	1000017635
11997592	1000004761
84358319	1000086471
7798082	1000004761
80597462	1000108215
186330242	1000030834
18614130	1000086471
97465432	1000086471
20458823	1000042493
21125396	1000086471
152747316	1000046903
91056925	1000116617
40286484	1000045388
21088957	1000024311
176310143	1000091655
252415267	1000129070
771619	1000066859
263209316	1000030834
20331568	1000127398
177840421	1000039377
80302411	1000045376
321620987	1000073877
410148740	1000077675
22574003	1000086471
52559331	1000144629
267595992	1000114844
15863915	1000116631
38318388	1000132626
154592951	1000132626
192976383	1000050327
320939752	1000030834
270936497	1000084069
24641194	1000030834
101859065	1000079408
21540725	1000086471
37320285	1000026744
131243941	1000030834
270736655	1000030834
88956373	1000129607
33774798	1000035980
626433	1000030686
77351627	1000042493
270449528	1000047439
26351904	1000048855
172904695	1000011927
6929302	1000110137
30213079	1000030834
28364045	1000091655
214137049	1000132505
22273748	1000144629
555118148	1000018342
421814533	1000046903
19478693	1000044848
20312513	1000013708
43635634	1000028736
75691167	1000127398
22771839	1000115640
11342242	1000030834
16789978	1000110137
24224268	1000086471
304795131	1000134922
246520451	1000134922
199796510	1000120786
92807448	1000024311
15268838	1000123526
11937352	1000114728
36191770	1000048855
46469877	1000151894
431146026	1000136727
15083606	1000155052
183786731	1000091655
16076032	1000151894
19076596	1000009583
57773844	1000001572
157892707	1000004761
23734241	1000086176
28070632	1000086471
14874499	1000086471
299800115	1000096212
97555698	1000086471
33439720	1000030834
9406452	1000030834
33035636	1000035980
27747605	1000052361
32995184	1000063841
132422304	1000117192
14444891	1000086471
376363	1000082994
196308470	1000026865
19785044	1000114728
85026256	1000120025
58170602	1000035980
116347498	1000151737
1230801	1000082994
342445839	1000035980
250900294	1000142653
121597650	1000049673
14602681	1000042493
59265046	1000024311
212579845	1000130284
38821557	1000151344
196569237	1000030834
52852957	1000086471
143786262	1000124993
40102035	1000086471
133361773	1000144629
15150826	1000136727
15430795	1000042493
244243477	1000045388
19958283	1000066264
16045642	1000092088
15605279	1000137605
308220010	1000119637
65779486	1000030834
20488611	1000086176
29243781	1000155052
166601166	1000124993
54971112	1000042493
19624359	1000086471
34609299	1000136932
60568307	1000137605
27062951	1000126782
284098324	1000036309
20958456	1000086176
34239340	1000025539
68503464	1000091655
171154131	1000154121
356254014	1000134922
187144700	1000144629
1847381	1000016436
32893652	1000052361
174497732	1000018846
105843114	1000086471
15930000	1000024311
410921398	1000098359
134548250	1000145898
8876232	1000016436
15222083	1000042493
209169572	1000144506
45509346	1000144629
15203781	1000094981
300536012	1000119637
1106501	1000151894
78982926	1000030834
18788502	1000152568
535756639	1000079408
197668807	1000145898
190138306	1000127598
17703717	1000029232
26051404	1000141008
30511479	1000035980
157405063	1000047591
35550131	1000086471
19300461	1000030834
412640233	1000091655
559102370	1000046903
64356419	1000132626
31333097	1000086471
62149656	1000035980
15768079	1000132626
22323452	1000078072
339894673	1000134096
15018214	1000078072
10381752	1000032520
169692848	1000004761
109314113	1000086781
41283598	1000116187
110840720	1000045388
15773439	1000030834
41641782	1000086471
21134190	1000131173
15225578	1000084598
14882389	1000114728
195128154	1000132626
90678206	1000030834
87031118	1000039839
103025615	1000091655
89962095	1000097175
59557446	1000063841
95465386	1000148320
317482255	1000144629
421848829	1000144629
171677633	1000024311
95109615	1000144629
28212129	1000004761
10202	1000082846
52091660	1000116631
303428151	1000035724
38913239	1000042493
153832061	1000120786
15759202	1000121611
16084728	1000035980
77444951	1000125408
54322374	1000129624
14306161	1000113950
97478285	1000145470
19805496	1000154121
349358004	1000144629
44134773	1000151894
18630926	1000026744
187247266	1000030834
17194296	1000086471
19257180	1000025216
124450322	1000030834
5637652	1000049334
801057	1000004761
104209445	1000030834
14163722	1000151737
16115022	1000115640
16135407	1000086471
97477051	1000059738
49673103	1000134922
225174819	1000110137
19398142	1000115640
361911748	1000091655
32144146	1000002942
67713651	1000030686
74664303	1000030834
34350419	1000125408
1764571	1000094981
46584786	1000038609
102731584	1000066859
13462912	1000004761
24229513	1000117192
186211606	1000129070
258973465	1000156548
11226742	1000151737
30979533	1000107623
83932449	1000045376
301600986	1000001572
332243919	1000042493
28000466	1000128317
94568228	1000024311
20611320	1000004761
535876284	1000144629
220521282	1000066859
156588288	1000069146
14980820	1000018846
22205493	1000004761
287606283	1000036309
18599061	1000094981
206713609	1000091655
21134235	1000059652
14300557	1000086471
19426029	1000004761
22646558	1000134096
281725435	1000048855
30459968	1000106205
29514951	1000079408
494538543	1000117192
20617734	1000030834
172872617	1000086471
19363528	1000145470
426188351	1000096212
2295061	1000053609
39584643	1000042493
243483285	1000042493
110566550	1000030834
49666871	1000088518
32032000	1000066264
6604002	1000004761
119961463	1000086176
350322420	1000046903
46319532	1000121611
20543416	1000093149
26533227	1000086471
87771546	1000038609
24047612	1000017635
39029547	1000093149
62334867	1000128317
32153499	1000030834
93231692	1000035980
16495829	1000128687
27822864	1000030834
35205963	1000116631
14962080	1000076315
200143495	1000140603
182925539	1000059738
385078582	1000005563
14155052	1000111781
23109436	1000017622
216699311	1000039494
43655891	1000030834
195856536	1000035980
64472325	1000125408
73077189	1000048855
20229241	1000049673
15154217	1000004761
519743430	1000048724
19735466	1000127598
344334227	1000066264
367946968	1000098825
263458488	1000091655
38278426	1000066859
14470236	1000018342
261900335	1000046903
255159787	1000145898
32530227	1000035980
11511422	1000086471
90211548	1000035980
25458792	1000086471
33478735	1000144756
401731061	1000119637
76647067	1000004761
249331519	1000084044
239742640	1000077675
26201690	1000093149
44084633	1000017635
273120131	1000091655
135704870	1000144629
18313747	1000154121
15979376	1000032520
293906680	1000039377
37870827	1000074433
247196734	1000048855
306445007	1000144629
26535267	1000086471
283805909	1000134922
333191344	1000046903
60444249	1000042493
96717383	1000041902
250049301	1000124993
183234006	1000101058
18770485	1000154121
48607676	1000132626
14464369	1000094981
48473	1000066859
176374846	1000110137
61472006	1000036309
18837487	1000086471
59359628	1000128317
130431562	1000029232
24080738	1000030834
434460832	1000107701
16627086	1000004761
78400205	1000135828
55873816	1000004077
23917224	1000042493
40813518	1000155052
283276737	1000086471
33738479	1000035980
16507381	1000048724
221822164	1000134922
280316689	1000052361
411820218	1000079217
19033675	1000050327
20644954	1000115640
272703261	1000145898
14539344	1000086471
392826438	1000136727
19251458	1000086471
15574166	1000030834
60968363	1000030834
93927917	1000086471
26269143	1000030834
15393649	1000002942
100651739	1000097730
12804312	1000086471
97251730	1000145898
14257226	1000042493
175406680	1000066494
90655480	1000086471
288178884	1000086691
22813923	1000086471
15195755	1000052361
28481273	1000030834
17371549	1000066859
5687132	1000086471
258677858	1000040821
237595078	1000128317
64619842	1000042493
2018311	1000115640
166991113	1000030834
204759632	1000124993
205207199	1000156492
17387667	1000004761
20499770	1000113950
19364978	1000107691
119771348	1000125408
97690357	1000113950
443943413	1000046903
8362412	1000076315
14174128	1000030834
131601987	1000131493
17593847	1000030834
418665915	1000145898
70416263	1000086471
64113808	1000030834
24839271	1000030834
294854135	1000107701
19733723	1000086471
117541123	1000144629
47495471	1000144629
61342045	1000066859
21038628	1000132626
30680870	1000144629
553232758	1000055679
31015514	1000039494
164686885	1000144629
19049747	1000114844
198876913	1000144629
27422170	1000010830
19981142	1000086471
23958317	1000086471
755756	1000053609
22536072	1000132626
30844753	1000134922
14415108	1000017635
16540829	1000084370
110873609	1000132626
26523360	1000001406
30133638	1000059958
308987756	1000058045
15385189	1000053029
208469691	1000110137
15823784	1000076315
140640190	1000046903
127245277	1000086471
58641627	1000114844
15191880	1000094981
116511302	1000066264
80223386	1000042493
79011908	1000086471
47466186	1000051050
321176522	1000001572
5537642	1000030834
7592642	1000030686
115756609	1000129624
22594012	1000117192
50751382	1000004761
92005051	1000126244
17883975	1000125408
18318018	1000102567
14083150	1000117192
298942872	1000025216
500113460	1000084069
14059864	1000049334
28054798	1000151737
19643545	1000134922
102284131	1000030834
25166063	1000048855
90719313	1000035980
37243409	1000133744
260990894	1000119637
18928924	1000052361
6017542	1000086471
94682674	1000053609
52832085	1000114728
278271236	1000035980
22087738	1000155052
15656040	1000086471
14361301	1000018846
16137201	1000033738
330750164	1000086471
107433244	1000079075
538727634	1000136727
183664272	1000091655
28357463	1000017635
16683339	1000035980
47266477	1000030834
218328000	1000048855
347265114	1000086781
17258481	1000077675
14334873	1000124993
786981	1000151737
20437031	1000023919
95064358	1000124993
229154336	1000024311
366222792	1000091655
7860742	1000030834
109314113	1000120786
55705621	1000041902
339149742	1000042493
50342678	1000095001
24879596	1000030834
121483821	1000042493
318760429	1000102567
8775672	1000086471
115597898	1000011927
51579767	1000030834
69558114	1000156548
15235672	1000030948
16141267	1000030834
13039372	1000086471
45487007	1000155052
394440595	1000045376
16249086	1000114844
16287001	1000004761
3035491	1000030834
41435895	1000076315
15164892	1000035980
14364626	1000030834
885611	1000030686
73511622	1000041307
50149483	1000044848
193408865	1000030834
99567847	1000127398
381090926	1000079217
62593760	1000017622
133297907	1000042493
16460393	1000125408
31560694	1000030834
14827241	1000052361
395029889	1000107701
127060651	1000004761
112717297	1000011163
272087341	1000030686
2008761	1000008978
14613514	1000135169
307829666	1000048855
39394932	1000155052
145910123	1000098825
93337937	1000136727
556156570	1000085954
364215899	1000079408
14392347	1000035980
73078007	1000030834
26373572	1000030834
14696525	1000042493
108973008	1000086471
74817489	1000032670
271970590	1000086471
105918185	1000045376
21713078	1000094981
171154131	1000117041
243176620	1000095001
54905692	1000134922
286277187	1000030834
315591599	1000144506
5650332	1000128687
18362008	1000042493
314912550	1000107701
113770596	1000010830
17790575	1000048855
89545649	1000152568
18432349	1000086471
16364644	1000004761
286012612	1000144629
237621061	1000045388
24754547	1000024311
44826769	1000091655
17464581	1000035980
4385471	1000086471
20562193	1000094981
22679338	1000086471
18581803	1000074603
18339068	1000030834
318826335	1000042493
15750667	1000084598
22534408	1000045388
130914103	1000076315
17448545	1000084370
22863015	1000134096
79890469	1000113950
153410228	1000130840
223264020	1000024311
81699670	1000108215
319576850	1000004077
16513332	1000153019
193599274	1000116902
19875548	1000140603
235689668	1000055715
23843220	1000042493
64954756	1000110137
434495246	1000047439
290427660	1000048855
6310522	1000111781
370958925	1000091655
70796019	1000073877
66499322	1000091655
86834627	1000030834
4278201	1000086471
15779389	1000058045
59005241	1000144629
14713195	1000030834
107790914	1000046903
559503613	1000021264
200969056	1000030948
373402927	1000109971
387975746	1000116902
75691167	1000066859
21111715	1000108215
26309067	1000079075
18886900	1000048855
274818423	1000120786
111515806	1000127398
13761042	1000035980
20617205	1000004761
349267378	1000086471
19426551	1000011927
21982720	1000063841
15660556	1000030686
171154131	1000086471
16857707	1000086471
112939321	1000021264
48719536	1000125408
19000589	1000052361
18768305	1000024311
32381348	1000004761
25649234	1000091655
16069900	1000124993
295062437	1000107701
113121895	1000130284
17057484	1000140603
16323833	1000050255
124538838	1000116187
217914410	1000106205
541586843	1000046903
619423	1000029232
113245908	1000041307
310682763	1000048724
14262199	1000052361
374833275	1000107701
22283850	1000148320
205915163	1000017635
21179744	1000124993
25164223	1000004077
138787319	1000086471
12771872	1000144629
14474034	1000124993
27347288	1000018342
20447992	1000124704
70725301	1000113950
19772426	1000144629
32491666	1000066859
14133259	1000086471
19637761	1000024311
31957731	1000086471
22212382	1000001406
14622850	1000044848
1239671	1000117192
33224364	1000030834
15463226	1000004761
10877	1000053609
49022240	1000088518
40340464	1000066264
7410792	1000042493
339593170	1000001572
15936344	1000134922
266187076	1000086471
19285126	1000052361
51092346	1000037018
489912672	1000086471
66458240	1000086471
384623900	1000035980
13127032	1000105596
80617430	1000063841
108719642	1000001572
75914648	1000144629
16117470	1000044848
174729114	1000030834
26843564	1000086471
242581035	1000134922
227838448	1000098359
152596817	1000086471
47285504	1000063844
12002802	1000009583
19760382	1000036638
115897650	1000093149
39501376	1000149690
38605328	1000086471
18824222	1000079408
19503627	1000035980
36198161	1000074603
17986155	1000004761
25529018	1000035980
16079245	1000114728
23248904	1000136727
23040113	1000004761
290439380	1000034838
125825736	1000035980
264004735	1000119637
75945675	1000091655
289518172	1000024311
7572072	1000091655
4488	1000035980
19580003	1000004761
362584277	1000091655
426147176	1000030834
477088040	1000086691
1732641	1000052361
40935299	1000115640
25768420	1000120025
236775246	1000109971
19192517	1000030834
281196299	1000030686
135060958	1000063844
16247469	1000030834
96885537	1000030834
335493841	1000091655
266189194	1000019793
255159787	1000132505
127609430	1000086471
89481728	1000025216
17972871	1000091655
42164542	1000137605
336269684	1000145898
282679871	1000086471
67311396	1000047591
15329102	1000135828
68668098	1000029232
22400271	1000035980
116980511	1000004761
22168968	1000004761
44175468	1000086471
396689161	1000119637
10194392	1000076315
407031476	1000144629
28495407	1000035980
259641511	1000052361
47719591	1000108215
989	1000053609
14407823	1000141008
23484510	1000086471
41400635	1000030834
16599158	1000094981
172751496	1000124993
256361115	1000106205
17296523	1000077675
14804903	1000078072
287906361	1000035980
19083676	1000084598
4197051	1000052361
49715118	1000136932
503514903	1000086691
188781107	1000042493
96884064	1000030834
22086481	1000046905
50149303	1000151894
10069612	1000086471
22682436	1000091655
22432714	1000086471
58966152	1000114844
113923935	1000030834
768197	1000049334
43393512	1000144629
279777349	1000046903
15421313	1000052361
250408941	1000084044
375898136	1000127398
204080569	1000134922
9335002	1000046905
48988063	1000055715
318577475	1000035980
46351417	1000026744
43672586	1000004761
157389290	1000116187
142928512	1000109571
45414782	1000079075
653623	1000066859
61710664	1000149690
326175038	1000086471
284001207	1000145898
