14327683	1000001249
135237437	1000081373
21811029	1000113204
20643889	1000142217
14601788	1000113204
26179487	1000042736
666073	1000113204
11784842	1000091875
15667666	1000061390
43196837	1000055257
18780966	1000096882
18780966	1000044457
306729057	1000037053
133055665	1000014857
64951486	1000001249
19570673	1000131157
14805097	1000113204
358775055	1000014857
89041913	1000142217
6724092	1000018237
17303789	1000001249
188098460	1000005650
7446452	1000018237
25403010	1000008506
154688476	1000015660
22605665	1000018237
15643073	1000113204
20437031	1000113204
216933478	1000014857
416682684	1000014857
19374558	1000001249
19694850	1000081373
99177834	1000015660
18741363	1000103916
17873937	1000019284
78911516	1000122180
86626845	1000069293
307634493	1000022854
49414491	1000134135
198693040	1000018237
14159138	1000028837
117759812	1000022309
20868708	1000096882
110716444	1000027005
17114316	1000096882
16547411	1000018237
45318901	1000027005
119345450	1000124117
14116247	1000001249
86994297	1000015660
16250607	1000113204
42692848	1000015660
68330103	1000011286
14327683	1000081373
799212	1000113204
16305546	1000103916
14467098	1000062996
4833	1000113204
229342988	1000122030
164790796	1000153862
9632752	1000113204
10280162	1000105630
18098313	1000001249
105985850	1000014405
22462180	1000014857
18953418	1000015660
28032548	1000028837
19349718	1000015660
307849625	1000022854
357976898	1000039948
16278375	1000080340
19361641	1000134135
24833375	1000005650
64795810	1000001249
25537106	1000039948
84398138	1000018237
14464047	1000070441
8162032	1000153454
14154640	1000105630
7743842	1000113204
250431469	1000081373
16515646	1000129500
166601166	1000067908
113205038	1000088895
12633712	1000076612
14486007	1000014857
17432702	1000088895
16999591	1000069293
30322221	1000044457
14987344	1000081373
34854406	1000015660
17968901	1000037053
158558510	1000147758
34546523	1000015660
14711077	1000081373
25579029	1000004568
18741363	1000081373
1233821	1000113204
73078007	1000129500
66804457	1000134135
121937703	1000081373
113476829	1000042902
24833375	1000037053
32893732	1000081373
62836914	1000147043
229636313	1000025073
28264662	1000015660
349528833	1000134135
20534486	1000018237
57350222	1000055257
68483694	1000041972
23594890	1000015660
53044773	1000101360
37144073	1000022854
18780966	1000030463
193104147	1000084564
13603232	1000125431
201526993	1000018237
242394069	1000044457
8384012	1000055257
18098313	1000081373
47435979	1000096882
121468302	1000129500
15373276	1000063012
813637	1000059396
24020949	1000113204
607193	1000105630
20965177	1000081373
438896240	1000015660
105001809	1000011286
14703882	1000067908
16808995	1000036779
16176755	1000153454
26777892	1000139814
17093224	1000018237
19152332	1000070441
818647	1000015660
413529012	1000014857
84502272	1000015660
19223644	1000049211
15003091	1000088895
29517812	1000041972
90672744	1000080340
16504528	1000101360
47206525	1000049211
2788841	1000129500
61558088	1000113204
7430772	1000047414
102119907	1000070441
126412041	1000042736
42649348	1000129500
51332527	1000103916
62113055	1000014403
234013833	1000082989
31200707	1000044457
5382252	1000113204
125416988	1000154114
187056975	1000113204
109966028	1000113204
79033767	1000146713
10695302	1000081373
14351575	1000142217
14503291	1000014857
12413822	1000101480
11272122	1000018237
16588111	1000015660
14053254	1000113204
149538028	1000014857
14140936	1000028837
70834878	1000147043
8207832	1000067908
23167145	1000037626
5906772	1000129500
53280402	1000088895
19938167	1000113204
118666416	1000124117
42692848	1000147043
364290698	1000062996
15322264	1000081373
317967511	1000014857
90672744	1000015660
18500777	1000015660
14555893	1000018237
84502272	1000063116
221230182	1000022309
14847003	1000081373
55532048	1000001536
14220606	1000113204
89199922	1000047414
60919433	1000076612
18359862	1000113204
7714502	1000059396
12591	1000113204
607193	1000125086
16808995	1000022854
9613162	1000070441
42692848	1000044457
15321133	1000088895
15624805	1000110121
12938	1000113204
380264665	1000153862
87280497	1000115326
62836914	1000005650
70834878	1000004147
14154640	1000125086
32548772	1000059082
16697527	1000037626
37144073	1000081373
25079717	1000008506
8086702	1000009868
27865232	1000142943
37788669	1000004568
36851222	1000018237
52081613	1000035284
34236703	1000018237
18560646	1000139814
17741819	1000001249
12741	1000113204
14756822	1000113204
18780966	1000133153
30026417	1000134135
243269090	1000015660
16095572	1000018237
16808995	1000059082
30322221	1000081373
19313250	1000042736
30085516	1000096882
15245470	1000015660
19323424	1000037626
42951128	1000113204
183433270	1000115017
13535762	1000018237
29517812	1000091875
18774059	1000070441
16640598	1000070499
28999522	1000061390
56439852	1000014403
121937703	1000001249
14116247	1000004147
54282139	1000088895
16810393	1000129500
816954	1000113204
20985527	1000070229
14103694	1000063116
166396895	1000087204
47263945	1000113204
70834878	1000022854
14987344	1000122180
14253068	1000063012
15711863	1000087204
136553995	1000153862
14987344	1000037053
32548772	1000015660
71277467	1000080340
14223244	1000018237
7772042	1000113204
28186838	1000080340
112889666	1000085756
234013833	1000015660
104446638	1000049211
32893732	1000001249
11818	1000113204
97284667	1000001249
17968901	1000061390
40698644	1000081373
388556323	1000014857
41441873	1000047414
52768208	1000047414
376276256	1000062996
30085516	1000042902
102847369	1000025073
18022068	1000113204
86280347	1000018237
19628262	1000070441
32548772	1000081373
11336782	1000018237
163058205	1000049211
15434432	1000018237
90672744	1000133153
88535224	1000018237
50597693	1000113204
146525713	1000113204
7714502	1000113204
15473607	1000130760
1919231	1000113204
94612458	1000001249
59901949	1000015660
65167734	1000042524
18829102	1000015660
80882470	1000080340
16358091	1000001249
96808001	1000047414
29390293	1000015660
16338664	1000018237
348429830	1000067908
16017924	1000096882
14166886	1000130280
16808995	1000037053
69402000	1000018237
18278524	1000081373
243269090	1000096882
232443161	1000015660
16487191	1000015660
64951486	1000014857
6183972	1000113204
250243273	1000067908
60443269	1000015660
394239781	1000156828
77483	1000113204
31475027	1000027292
14711077	1000005650
153226312	1000014857
121590616	1000080340
86994297	1000039948
23770198	1000049211
17941825	1000088895
24057172	1000135226
34575169	1000027005
14375110	1000055257
16278375	1000081373
19374558	1000081373
16414371	1000014857
13004572	1000049211
243269090	1000001249
243013128	1000001536
274193449	1000030463
27111653	1000018237
14727207	1000061390
306729057	1000081373
19911588	1000101480
22084427	1000147758
19778449	1000015660
9085252	1000067908
357976898	1000022854
18435438	1000154114
49191136	1000039948
48967066	1000049211
24179991	1000125280
126440959	1000122030
169921002	1000153862
28419211	1000047414
204759632	1000113204
14241843	1000022854
314732011	1000130760
32102005	1000019284
60919433	1000125280
2727051	1000113204
104885581	1000081373
12437282	1000101480
20868708	1000147043
20124712	1000015660
270936497	1000014857
27008424	1000113204
18780966	1000014857
119713144	1000110121
78988662	1000075510
25083946	1000125280
45203505	1000014857
46220856	1000047414
47435979	1000137549
285359479	1000014857
30322221	1000042902
23082430	1000113204
2039761	1000113204
17397762	1000018237
8752622	1000004953
288055669	1000115326
88225114	1000131157
136553995	1000015660
19223996	1000049211
18776942	1000070499
15396961	1000004953
25756324	1000115017
752673	1000028837
17108182	1000069293
135237437	1000156828
86755941	1000014857
30322221	1000037053
17183158	1000080340
21532721	1000015660
67197351	1000025073
107180853	1000022854
30322221	1000147043
51517262	1000096882
18742918	1000113204
18111446	1000100486
45702413	1000015660
25837899	1000090326
18359862	1000067908
16513332	1000081373
104771747	1000049211
150056555	1000015660
16473964	1000070441
24833375	1000147043
306729057	1000004147
9534622	1000106108
18044341	1000070441
10280162	1000125086
40698644	1000061390
48802020	1000018237
80882470	1000082989
15647839	1000018237
27181156	1000015660
14987344	1000022854
14257869	1000113204
19149447	1000014857
72998217	1000105630
819284	1000061390
20985527	1000090326
23749409	1000042524
87520051	1000101480
16358091	1000081373
8088112	1000014857
21358749	1000018237
14776297	1000125086
12266272	1000113204
17183158	1000039948
38678127	1000106108
11178592	1000070441
25969211	1000049211
135237437	1000080340
364290698	1000015660
88767705	1000014857
16940704	1000070441
14987344	1000044457
14852981	1000113204
19683967	1000025073
88723349	1000062996
92835439	1000134135
47635525	1000015660
11794312	1000113204
18918240	1000125431
17349845	1000075510
64951486	1000081373
14079172	1000018237
14166219	1000135226
87273337	1000142217
16862341	1000133153
34746498	1000100486
24644909	1000142217
114284807	1000084564
204115202	1000113204
34637377	1000039948
14296723	1000105630
78813	1000018237
64951486	1000096882
32548772	1000001249
14987344	1000147043
10788872	1000113204
124406596	1000014405
222214048	1000001249
16808822	1000125086
19432203	1000015660
35565986	1000134135
110140821	1000014857
16591188	1000113204
17900339	1000113204
88225114	1000015660
198975780	1000009868
16420152	1000096882
15420011	1000027292
23575194	1000067908
45977080	1000070229
2570021	1000018237
18824197	1000100486
32548772	1000103916
681333	1000113204
17968901	1000081373
16017924	1000137549
17489009	1000081373
14116247	1000081373
15473607	1000037053
8501792	1000113204
16107006	1000070499
112336591	1000134135
14426255	1000075510
8488242	1000101360
99579214	1000019284
20868708	1000022854
90672744	1000039948
7429892	1000018237
31631020	1000130280
14847003	1000103916
107180853	1000147043
25720678	1000035284
20571185	1000042902
119345450	1000049211
14882684	1000113204
434883	1000061390
121590616	1000015660
82144210	1000142943
14180365	1000015660
813637	1000146713
254560310	1000088895
169921002	1000085756
637373	1000113204
41808335	1000015660
15416485	1000018237
78911516	1000036779
