438896240	1000100629
71023061	1000017304
156461982	1000154719
33633631	1000135806
14296542	1000029084
253265605	1000140011
171528238	1000114704
172904695	1000009281
35366254	1000133323
46501291	1000062520
36697854	1000062520
44666348	1000065794
27934142	1000062520
41757024	1000017304
48849410	1000009281
35366254	1000062520
23248294	1000032285
28870086	1000009281
33969495	1000046588
185385165	1000100629
41757024	1000116366
36697854	1000100629
26276260	1000017304
23207184	1000062520
31525503	1000135994
32268884	1000037661
18298663	1000152505
22064500	1000062520
35366254	1000138184
21123806	1000060688
32268884	1000090672
15088904	1000133323
319402200	1000042378
12285702	1000046588
27422170	1000090672
55879768	1000062520
17095452	1000107508
334085494	1000017304
36697854	1000137121
319402200	1000003852
32135704	1000009281
27934142	1000063005
216765454	1000042337
20866261	1000062520
360803528	1000100629
14085431	1000062520
38034789	1000090672
15055256	1000090672
360149797	1000119699
35366254	1000129335
68441962	1000137121
15088904	1000017304
24214579	1000133323
19509884	1000055760
35366254	1000003852
16220831	1000017304
14130368	1000046588
45702413	1000100629
319402200	1000017304
70200041	1000138184
21123806	1000129335
237851354	1000042378
798556	1000073606
96821645	1000014770
14515799	1000071172
112018114	1000055489
64415248	1000086906
36697854	1000028533
23256633	1000131860
24214579	1000028533
2018311	1000046588
19785801	1000017304
17130917	1000073606
14177966	1000046588
24049717	1000135994
36697854	1000133323
334085494	1000028533
32552327	1000100629
409752500	1000066495
356909751	1000129335
34701524	1000003852
15391142	1000046588
17822419	1000017304
31162280	1000135994
216917034	1000090672
347700924	1000135994
18327902	1000071172
42872164	1000135994
21985481	1000046588
50839846	1000003852
23979480	1000062520
23979480	1000131860
487602166	1000034247
21174149	1000009281
47848627	1000062520
35366254	1000079292
31525503	1000090672
19509884	1000062520
85961526	1000017304
107867162	1000017304
42872164	1000003852
21207027	1000042337
178127061	1000135994
53133610	1000046588
15659554	1000046588
35466844	1000133323
319402200	1000060688
68441962	1000062520
35366254	1000009281
47848627	1000100629
156491180	1000003852
26276260	1000034247
28370738	1000062520
26276260	1000133323
14336287	1000046588
68441962	1000133323
18072308	1000135994
401041764	1000073606
113960294	1000046588
57100687	1000017304
16739174	1000114704
8040282	1000034247
20656723	1000100629
20745730	1000046588
14850356	1000094554
216765454	1000129335
216765454	1000100629
31525503	1000037661
69147333	1000138184
185808991	1000135994
47499606	1000062520
20388786	1000028533
14085431	1000152505
73227002	1000028533
36697854	1000003852
64415248	1000133323
36697854	1000017304
81700833	1000028803
97102414	1000133323
496320616	1000133323
8695932	1000094417
19785801	1000128741
17827085	1000046588
195564709	1000132319
32268884	1000135994
36247158	1000135994
487602166	1000133323
98214519	1000055489
474259064	1000100629
216917034	1000135994
237578411	1000135994
17464581	1000046588
21314157	1000079292
268425888	1000140011
798556	1000003852
319760538	1000090672
322981764	1000114704
121207794	1000115660
24815332	1000046588
487602166	1000003852
15445811	1000094554
487602166	1000062520
15640254	1000046588
17387561	1000115660
217325898	1000132319
85961526	1000073606
47242801	1000008169
16176755	1000094554
23256633	1000017304
68540316	1000003852
356909751	1000133323
27422170	1000135994
237851354	1000135994
8040282	1000100629
191140196	1000032285
111836749	1000090672
32268884	1000062520
27934142	1000133323
50805037	1000090672
48849410	1000133323
69677863	1000088908
52278768	1000046588
42872164	1000017304
19995834	1000114704
52441862	1000094554
7452872	1000128741
47401917	1000088908
209233393	1000003852
5768872	1000071172
17624624	1000062520
241324546	1000094417
19785801	1000062520
545329289	1000046588
16696839	1000062520
40935299	1000046588
161035318	1000046588
31525503	1000062520
42872164	1000152505
474259064	1000135994
21123806	1000137121
18535678	1000107508
17832434	1000129335
16220831	1000135806
9523892	1000094554
487602166	1000129335
26276260	1000062520
32268884	1000133323
33395719	1000003852
23207184	1000003852
73138704	1000119699
47260400	1000133323
18083344	1000094417
19357247	1000046588
113474210	1000090672
33789860	1000094554
60094114	1000046588
19509884	1000129335
34990091	1000090672
17832434	1000042378
75561738	1000135994
21207027	1000133323
21163964	1000131860
108394665	1000046588
128234153	1000135994
286426415	1000114704
111836749	1000135994
27422170	1000062520
17313445	1000046588
33583496	1000065794
15576272	1000046588
24050231	1000046588
21123806	1000062520
39132222	1000062520
19027116	1000017304
37291805	1000071172
156461982	1000063005
97089019	1000046588
35366254	1000055760
57442980	1000129335
156461982	1000131860
8040282	1000062520
15088904	1000100629
21438668	1000135994
32268884	1000138184
48849410	1000062520
8040282	1000094301
7042812	1000046588
58613730	1000116366
237578411	1000090672
23483385	1000009281
126767258	1000046588
47260400	1000003852
113770596	1000116366
319402200	1000062520
18298663	1000135994
234562192	1000028803
21251225	1000115660
20656723	1000154719
27038761	1000135994
17822419	1000135994
32552327	1000062520
15088904	1000135994
185385165	1000119699
334085494	1000062520
150673774	1000135994
356909751	1000062520
156461982	1000062520
30979533	1000135994
18298663	1000062520
30979533	1000090672
38269159	1000046588
68540316	1000062520
33395719	1000100629
156461982	1000133323
75561738	1000042337
16347561	1000094554
163507141	1000116366
24049717	1000090672
47260400	1000034687
35366254	1000118851
46501291	1000118851
15365981	1000008169
23979480	1000129335
33395719	1000137121
27934142	1000129335
35366254	1000128741
68441962	1000034687
19596919	1000046588
45590904	1000046588
267383914	1000066495
16115022	1000046588
148014131	1000135994
31525503	1000154719
60321100	1000029084
128234153	1000090672
175406680	1000119699
487602166	1000042378
21207027	1000154719
31162280	1000090672
496320616	1000042337
487602166	1000094301
68540316	1000055489
27934142	1000003852
29739664	1000046588
21158442	1000028533
111836749	1000133323
227418297	1000009281
39132222	1000042337
47260400	1000017304
33694973	1000135994
62547301	1000046588
17922364	1000116366
24876734	1000073606
23207184	1000086906
175442173	1000014770
18661414	1000028533
334085494	1000003852
17822419	1000090672
73138704	1000028533
14655295	1000046588
237851354	1000090672
