277215674	1000001044
479204126	1000157437
284679104	1000096006
322687731	1000103523
15466131	1000083569
18177602	1000038191
120891733	1000144238
223857087	1000121600
67891810	1000107382
20728601	1000020094
143412135	1000001044
19414296	1000111125
9103242	1000024470
11739942	1000058206
31207054	1000143021
4781951	1000113959
14380175	1000060139
159629146	1000109584
14077024	1000075653
307357248	1000120582
114340234	1000075653
18339068	1000146095
15612654	1000001044
19176938	1000038500
20190741	1000126240
54787629	1000044009
194964944	1000083569
166603683	1000138358
84355291	1000045975
154579089	1000134397
194347664	1000001044
169058474	1000097886
122582802	1000152189
38123470	1000154203
15826099	1000125206
79242506	1000080787
16705677	1000129157
14889206	1000118511
245141097	1000116918
12273252	1000039878
186273374	1000102979
28305267	1000092045
52987095	1000124231
191656494	1000067902
21811029	1000113204
344776030	1000001044
183665224	1000081132
292560337	1000002054
20534077	1000081939
18131817	1000052454
67474868	1000121600
236902298	1000082298
229425177	1000121600
14601788	1000113204
15321133	1000115669
296047166	1000044009
269682829	1000095193
21624907	1000109584
38119824	1000098034
24430097	1000001044
438906558	1000078909
447688115	1000039988
100629311	1000106176
20485411	1000105220
42096654	1000001044
436740472	1000121329
265784810	1000083569
87306848	1000020401
666073	1000113204
30628975	1000109584
20800581	1000120956
57652592	1000081939
111694703	1000014419
19222164	1000041239
200212364	1000098939
23103351	1000042699
417355091	1000147398
79019257	1000121600
15359864	1000131078
221185711	1000154389
58697439	1000045975
151820156	1000044009
25686082	1000059014
9218342	1000081939
58629129	1000044009
248829404	1000074298
23743796	1000106717
160093452	1000098034
43366650	1000095407
24026819	1000155093
272570677	1000095193
16103067	1000034932
126736457	1000019349
15149594	1000101861
17315107	1000136695
241611639	1000074734
17883882	1000101861
13763552	1000099051
90696553	1000001044
14543034	1000130133
425435782	1000120582
370708942	1000045975
20039230	1000061513
30080133	1000144238
18770485	1000042699
53518563	1000075653
17663756	1000113295
129941015	1000144002
163420405	1000121600
113587153	1000081939
19180345	1000151214
221639929	1000088514
349054621	1000094984
987681	1000081993
384163459	1000086721
322285980	1000154389
16575308	1000095193
137788485	1000121600
21319801	1000032434
40932856	1000060139
395703391	1000109584
18227340	1000081939
305016316	1000073893
294176651	1000075653
32893652	1000024470
27052339	1000098391
106492441	1000069036
322766441	1000152692
135818099	1000061124
204781394	1000074298
277570942	1000103769
19286338	1000126597
149775173	1000101861
30401658	1000043287
34170312	1000118511
55762835	1000065684
52330027	1000087825
185512077	1000087825
324544865	1000152692
229725732	1000067578
399070033	1000044009
15053372	1000095572
66112584	1000083569
24578444	1000075653
128585983	1000037055
35722372	1000109584
100331389	1000095407
27978241	1000001044
28719244	1000068650
328586266	1000096006
150319193	1000099374
148733376	1000153595
5152401	1000126446
111492860	1000095407
292282676	1000001044
16677746	1000098939
498251722	1000080485
395559648	1000082298
816388	1000081939
297358566	1000146999
402994210	1000089187
18494981	1000115585
34497810	1000075653
394807966	1000094386
14805097	1000113204
44050341	1000109424
220467509	1000099374
189691043	1000039988
17183692	1000126446
90779436	1000109584
819268	1000117240
201607495	1000123932
16434273	1000106717
15480686	1000045555
475210759	1000103769
81909428	1000080485
3246931	1000098034
75835217	1000044009
8526432	1000079735
14325926	1000086497
362706405	1000045975
17526132	1000098939
7093352	1000033386
177030011	1000002069
212018296	1000067578
479854996	1000082298
16358939	1000101861
22715267	1000109584
210731717	1000024470
127188630	1000024470
93437557	1000099374
248108296	1000039988
68294790	1000009965
17693063	1000083569
31257471	1000112763
69406494	1000099374
76511839	1000001044
1994321	1000142370
14320551	1000102979
20015903	1000107610
22937232	1000144093
79312296	1000051762
366689013	1000045975
15515169	1000042699
87525002	1000009965
113436175	1000099051
291287787	1000082298
287789714	1000094961
295860868	1000103769
10938292	1000051762
330507195	1000058206
28889701	1000128502
18392144	1000084540
451764388	1000124621
166990746	1000042699
20661527	1000118511
282648140	1000067578
15643073	1000113204
14388022	1000059014
14135468	1000075653
20437704	1000107471
31561770	1000055196
260769396	1000026535
109184306	1000150928
50004191	1000001044
20437031	1000113204
15154767	1000095407
41828516	1000138358
66021490	1000094386
455697092	1000144238
35913693	1000112128
96614512	1000087825
29537723	1000044009
18047870	1000024083
14776297	1000081939
36637698	1000103769
126412041	1000123537
376819015	1000102552
335343438	1000044009
78181555	1000109809
322550039	1000157437
24090007	1000078909
27697207	1000134083
214454450	1000060103
19530289	1000017862
25001990	1000078909
83943787	1000082298
375971107	1000075653
115038550	1000120641
19802879	1000061911
109571377	1000075653
102642582	1000044009
268245745	1000130540
256141281	1000082298
15605249	1000058456
20460449	1000098034
394873664	1000121600
187653177	1000121600
39870387	1000044009
18507292	1000029681
25156826	1000131349
145845459	1000121600
60962349	1000034932
17765013	1000055226
28531253	1000098034
119332868	1000081132
17317028	1000103769
14465084	1000062344
62151520	1000112467
15533771	1000053910
147340798	1000020094
55433240	1000075653
408342666	1000121600
37679126	1000044009
318760429	1000110950
17571515	1000110567
106719889	1000079069
45390763	1000147398
30406287	1000123932
127578389	1000068650
139761115	1000045975
457814337	1000120582
14310062	1000151463
246329205	1000074734
296609976	1000082298
15568496	1000039878
21301913	1000042699
183400076	1000123686
349566230	1000067578
14607172	1000147398
519281688	1000146999
83820762	1000045951
16566825	1000059014
532942513	1000044009
53488710	1000098034
87203674	1000082298
14665515	1000093508
24581397	1000058206
18774477	1000001044
214117797	1000121600
14620003	1000109964
465052612	1000112467
79119341	1000020094
19739150	1000131349
36999171	1000058456
84355291	1000047877
176562658	1000109584
99557145	1000121600
23117133	1000075653
246938903	1000105681
135218281	1000082298
24278900	1000006009
272710392	1000121600
167901620	1000090765
71671576	1000031533
108669535	1000134397
164058312	1000152692
176412453	1000142365
339336382	1000055196
21315898	1000029681
32840323	1000051907
267090165	1000047877
145403839	1000060410
307139253	1000103523
10379542	1000001044
7852612	1000144093
17964866	1000052454
70933391	1000074461
64074768	1000099569
19643599	1000131078
95928186	1000016371
312284236	1000121600
26604904	1000059014
95245164	1000123537
269988523	1000110950
21689936	1000112934
239466198	1000017921
78034746	1000081939
14659051	1000112188
57944123	1000001044
150172935	1000136099
17314984	1000078909
25686485	1000030828
34211097	1000134397
12353092	1000142365
262077808	1000098034
115222629	1000048539
27907984	1000084540
267375308	1000085108
248476706	1000110950
22433348	1000011010
26519172	1000044009
17688797	1000131349
14275130	1000037672
279744000	1000090765
23095870	1000103769
241006920	1000136099
13479052	1000106717
33363316	1000105681
17879241	1000023805
45866071	1000078751
14948334	1000080485
386699190	1000045975
129140802	1000045975
531699236	1000144623
5744702	1000043287
42869411	1000075653
23480722	1000023885
182083035	1000110869
19319542	1000094984
116138842	1000151214
15519544	1000075653
57359797	1000110950
33512163	1000118511
14455784	1000068048
348851602	1000020094
108188524	1000109589
31808762	1000052454
19589717	1000103769
16334139	1000102878
324663507	1000098034
29844579	1000080485
20630542	1000095303
248726194	1000116918
18274748	1000106176
392385733	1000020797
523927310	1000082298
46681100	1000042699
5169141	1000078751
132684863	1000044009
102894573	1000103769
25381076	1000098034
353586302	1000024470
58120509	1000086382
197105291	1000071847
22411875	1000081876
3564041	1000084623
131289713	1000125083
158874150	1000109584
109423594	1000143021
111288832	1000092108
322786017	1000098939
25273336	1000073893
689423	1000080485
131029775	1000082298
63233369	1000098939
26603533	1000059014
244009541	1000045975
53025463	1000094386
34947001	1000134397
29255412	1000042617
441680085	1000120582
45332405	1000095193
242013901	1000087825
40352809	1000106186
316528244	1000082298
22089915	1000067629
175335370	1000045975
20120776	1000109584
35290759	1000053910
139990251	1000095193
35309274	1000095572
106719889	1000081939
30330097	1000104275
16432934	1000151831
261001122	1000109584
17132311	1000097014
172397400	1000074298
34406638	1000059014
165131834	1000121600
159259679	1000110879
25592814	1000024470
7888452	1000152189
369318938	1000120956
42871498	1000075653
84672379	1000126437
223735778	1000045975
80245884	1000001044
80317145	1000140713
255562173	1000081132
31361884	1000125206
113470669	1000103769
18481641	1000134397
16250607	1000113204
40260612	1000153015
108359568	1000097042
218615574	1000098034
55570400	1000049618
28740832	1000145776
301793911	1000109584
14998719	1000043789
19400611	1000086382
23104302	1000103769
197504076	1000099374
17473973	1000102134
415752096	1000112763
61534862	1000149993
28049508	1000011010
271827739	1000024470
151974449	1000075653
78944566	1000076211
19079547	1000045768
21062429	1000144002
14672552	1000044009
16543331	1000125056
83839005	1000045555
33009177	1000045975
268525879	1000092108
19614825	1000059014
481439919	1000013543
19347576	1000096194
14973634	1000073624
45399148	1000031210
208442526	1000001044
17837652	1000074298
37366411	1000007908
135268094	1000144238
799212	1000113204
14306648	1000095661
14726202	1000001044
191579067	1000081939
5774432	1000126446
376242600	1000045975
46139542	1000013063
14415108	1000134397
348968125	1000075653
4833	1000113204
64826699	1000122287
338139843	1000045975
48100887	1000086721
115682368	1000083569
31137807	1000037734
252110572	1000075653
253598529	1000116155
248519330	1000045975
546782778	1000086721
20642310	1000152388
20574354	1000099051
276963941	1000061513
50004191	1000073893
184096187	1000051455
14416334	1000098939
9632752	1000113204
30317085	1000094984
243173367	1000002054
233180256	1000103769
14293780	1000052454
7144922	1000090391
63253045	1000062048
522931277	1000152692
125420894	1000073893
129699446	1000095407
38364706	1000123686
33617320	1000055196
14857677	1000081939
16116572	1000144093
398549793	1000041650
208942635	1000109584
13212522	1000155093
41699068	1000086721
15832861	1000016371
124165341	1000075653
29286661	1000073037
14565861	1000134397
61445012	1000125379
241159821	1000074734
123499116	1000018344
14654965	1000044009
16051808	1000067629
18814517	1000001044
47314880	1000142365
86156194	1000151287
24879395	1000029723
7576122	1000058442
20196258	1000071847
8263132	1000108183
456052391	1000016214
20424865	1000045975
52556532	1000080787
185335242	1000044009
67665528	1000157437
106058799	1000127297
555800132	1000108579
392513215	1000067578
19637144	1000013543
75749026	1000090765
18958999	1000067629
31061079	1000098034
93654953	1000059014
39543915	1000058456
82963512	1000002833
355919169	1000052454
65273558	1000105220
39044130	1000044009
75705587	1000011010
140213231	1000081939
15222263	1000118511
248411093	1000056901
219666247	1000002054
23284913	1000094127
16157577	1000006009
47711578	1000131349
357339005	1000120582
263795180	1000109584
120459837	1000024470
175633082	1000044009
37993909	1000080485
69724763	1000111125
57425153	1000116155
17034634	1000043287
64936992	1000024470
112111406	1000151214
64219788	1000118511
359799323	1000044009
16797616	1000136695
82719178	1000081939
57791589	1000108183
1994321	1000103769
172904695	1000081132
148014131	1000136695
34356968	1000043287
308810030	1000121600
346657365	1000120582
272083582	1000067578
308770445	1000103523
217907610	1000078909
5521182	1000124621
107125748	1000042699
38920015	1000024470
47314880	1000002881
132805158	1000003773
206540971	1000045975
288404606	1000146999
340601420	1000143021
106838994	1000103523
1702611	1000126446
498961017	1000081132
139461447	1000035237
18732289	1000090391
19994012	1000041239
188102842	1000039988
69778017	1000113959
96461927	1000081939
159322143	1000094386
9431932	1000109584
276650957	1000098939
36823	1000067646
16477291	1000081939
148415637	1000027591
71688609	1000109809
121825928	1000044009
18697941	1000059014
49560239	1000003773
15624805	1000074461
219289052	1000119143
232403459	1000098034
150172935	1000116655
19549883	1000070249
57841792	1000078909
19066778	1000151214
140127695	1000110567
18283160	1000014329
113763153	1000044009
267072118	1000116655
43039340	1000092379
56790213	1000151810
16789978	1000060139
16865781	1000049682
27373757	1000118641
15779091	1000098034
20461916	1000156678
255694474	1000099374
108341871	1000028412
167947361	1000105681
331720696	1000082298
89962095	1000045951
28215110	1000134397
99865225	1000024470
106372136	1000045756
125656811	1000103769
34676063	1000009965
7743842	1000113204
9650752	1000057505
338120155	1000114427
25107526	1000081939
137471526	1000103394
257712452	1000067578
104585489	1000001044
27860702	1000103769
319402200	1000017345
14803917	1000106176
15290966	1000001044
8627372	1000001044
180853211	1000107382
93058760	1000142861
26816465	1000110950
70977930	1000081939
19182978	1000151214
64519379	1000067629
58937467	1000116668
30133784	1000140713
106637102	1000120956
142690048	1000134397
348225224	1000080485
60725654	1000044009
195232660	1000069158
369232105	1000031210
110895893	1000044009
230522388	1000039988
20097713	1000088705
169867962	1000116655
290176149	1000146999
160237722	1000082298
292632231	1000082298
17787841	1000095407
16579005	1000081939
130251374	1000069422
19730041	1000088786
29727464	1000073893
5631612	1000051962
15033467	1000078909
427156873	1000098034
28357463	1000134397
16231417	1000075653
52238172	1000094386
110445334	1000042699
44874760	1000003201
157504724	1000123932
38522371	1000134397
89518080	1000081939
260641289	1000044009
272837601	1000001044
156276767	1000023812
17048233	1000055196
79811836	1000044009
21851226	1000034932
14361155	1000092045
14471125	1000095572
18753000	1000044009
164892529	1000098034
287977299	1000123932
361031631	1000051762
237810343	1000031312
128989152	1000108621
304814889	1000061911
31808570	1000110794
338059143	1000110950
20452058	1000134397
15402623	1000001044
131532346	1000121600
138142525	1000039420
17610364	1000105317
319625617	1000146999
227828856	1000075653
15151711	1000034932
16007812	1000002815
260131861	1000004240
14680747	1000117240
55334410	1000136392
90799898	1000105903
39839316	1000134397
525087536	1000024470
53925101	1000101861
34285639	1000085309
342421694	1000039988
14892073	1000143879
173885254	1000060103
755068	1000044009
79839110	1000120641
334462090	1000024470
54791004	1000152692
15589735	1000059014
417771496	1000024470
15532569	1000103769
5539522	1000080972
305271158	1000024470
294793387	1000098749
80681990	1000060139
103865085	1000023598
190686015	1000110950
70420992	1000121600
7054002	1000131349
22340349	1000103769
166252256	1000085131
14306648	1000098854
24149156	1000044009
85891683	1000075653
15936421	1000098034
38268289	1000020094
10408632	1000001044
50351763	1000044009
346209425	1000116918
1233821	1000113204
105940693	1000121600
384761809	1000023598
402830652	1000082298
18197944	1000105317
42588508	1000108268
24719760	1000027080
151739682	1000120582
225483282	1000121600
250942661	1000059014
211848704	1000103769
14856951	1000103769
25083946	1000141210
72816639	1000030744
94130182	1000037734
89507141	1000042699
96198210	1000151214
24636393	1000118511
391037985	1000009965
194347664	1000075653
118704347	1000069186
348352704	1000106717
390800669	1000044009
433848788	1000001044
67292982	1000075653
294381130	1000120582
60571908	1000125081
522492204	1000121600
266008957	1000103769
96461927	1000079069
22025910	1000126446
119897041	1000075653
148307910	1000129157
17780580	1000094386
538032955	1000030744
17004618	1000103769
31364987	1000024470
6120952	1000075653
16034502	1000098939
17823690	1000062048
16164337	1000059014
16140347	1000102920
247196734	1000109584
196710000	1000044009
29699427	1000151214
258145892	1000110950
167506363	1000008402
55406140	1000023721
244627772	1000075653
17756596	1000034932
282862692	1000116655
140795202	1000024470
33933259	1000092045
246347170	1000134397
16172482	1000092045
14243427	1000090391
211547273	1000075653
15031479	1000098854
26298888	1000037734
45409713	1000121600
7123452	1000001044
9160152	1000122392
298791059	1000078909
34701524	1000059014
249332309	1000017140
51305605	1000001044
166743346	1000090765
168688901	1000109584
11232902	1000075653
164564479	1000081993
19124313	1000095572
36629388	1000098939
98615735	1000037734
8653962	1000094386
416824474	1000109584
277171542	1000103523
5444392	1000095661
56081005	1000103769
15608761	1000042617
412458211	1000044009
204690606	1000065684
19316312	1000101861
268133809	1000030744
133750016	1000051962
159251773	1000157444
14819061	1000075653
7885972	1000094984
111949935	1000075653
113723162	1000081993
65673	1000005395
15140383	1000131349
166153909	1000026535
33529138	1000090391
163622256	1000121600
16753392	1000147398
240473191	1000121600
51573	1000150928
91411059	1000076915
15169907	1000086721
175103395	1000121600
93659369	1000022027
26785608	1000075653
29247964	1000058206
25810548	1000044009
33347285	1000134083
15680204	1000044009
18091925	1000071847
24057172	1000067578
382641626	1000044009
26098254	1000021280
26953583	1000034932
16800717	1000044009
47206525	1000001044
137577752	1000139940
273329844	1000075653
83839005	1000010050
16020723	1000071911
1523501	1000150928
19060726	1000009329
21257976	1000056413
265140900	1000118511
15752932	1000032028
163381338	1000065684
14361155	1000103769
16446837	1000090765
72894591	1000051198
372403213	1000044009
29012235	1000151214
20031296	1000075653
94439187	1000059014
88323281	1000121600
144355363	1000039988
40703164	1000151463
196508689	1000043789
105932849	1000117240
31137807	1000090391
18462729	1000134397
174172366	1000116155
111246248	1000098034
59003	1000060139
311561041	1000092108
175113947	1000075653
24898406	1000038191
103405437	1000067629
1157651	1000081939
175848601	1000103523
61598133	1000078909
197262168	1000016371
354755104	1000039988
42955561	1000153202
71557728	1000099614
314910388	1000042699
20656120	1000031312
23518723	1000058206
15284375	1000001044
5904212	1000045555
59865242	1000031312
210648778	1000138336
14585581	1000096493
30001178	1000086721
261612386	1000098939
196710000	1000122847
330272988	1000024470
23414403	1000060358
17013002	1000095193
278820665	1000090765
102615844	1000118511
181752871	1000121600
103927038	1000081939
12298182	1000078909
333966373	1000156678
14386518	1000145462
10263002	1000035351
368699637	1000037637
190286462	1000128660
14460241	1000103769
454225854	1000121600
68231555	1000080485
88799128	1000121600
132120124	1000152692
14011772	1000081939
315258555	1000011897
551500452	1000120728
20348431	1000122192
215855464	1000116155
485197487	1000095407
275353050	1000044009
32977446	1000147398
41414280	1000106717
47465882	1000081939
62193662	1000069694
500113460	1000082298
14353202	1000103769
379330955	1000044009
30864583	1000067629
113184907	1000081939
23816563	1000045216
482124474	1000109584
461765268	1000067578
80611468	1000081132
231687530	1000071471
24578444	1000001044
191301892	1000016371
17744644	1000092010
169537164	1000044172
14830733	1000032028
21218554	1000037055
14047098	1000054404
43695113	1000044009
236749048	1000071471
27722343	1000067578
14187323	1000110106
17290922	1000080817
17567533	1000094386
110536872	1000103769
15780750	1000092045
45082357	1000083569
15197542	1000095407
75385922	1000147398
327404259	1000081993
324662307	1000016214
40054423	1000094386
16495829	1000092379
18044793	1000001044
20557071	1000059014
436187252	1000044009
82435291	1000124214
480442071	1000081939
43510041	1000044009
293689364	1000045975
14603011	1000101861
1548841	1000078909
317430307	1000090765
16029857	1000001044
14217740	1000001044
24020949	1000113204
260075117	1000011010
82178374	1000134397
16102815	1000126446
122155114	1000136099
3543571	1000057505
183814521	1000075653
163680909	1000030744
356977033	1000116918
96354656	1000103769
130922325	1000059014
15658051	1000001044
22269151	1000024274
63161923	1000001044
9224902	1000001044
27633075	1000065684
57214985	1000133424
454209274	1000067578
82282572	1000103769
8452342	1000059014
82265926	1000116918
274153775	1000082298
49593785	1000121600
343870559	1000152692
13869742	1000043789
21069452	1000147398
183367295	1000086721
314316607	1000082298
16661207	1000051455
98519324	1000098939
384385772	1000044009
20175678	1000044009
241382844	1000002054
14159148	1000103769
19006707	1000153595
36789856	1000103769
125099973	1000047127
359582559	1000082754
209814910	1000121600
63273064	1000109584
225791964	1000082754
224581852	1000045975
20958456	1000047877
510896241	1000108579
42897096	1000067578
147583730	1000045975
30938926	1000134397
19602269	1000023812
17346342	1000045975
151664977	1000121600
14083627	1000081939
15619526	1000095303
15727406	1000094386
15781591	1000071208
5131231	1000001044
337186624	1000110950
22060843	1000107471
18739132	1000052454
200214366	1000121600
277605045	1000121600
23277307	1000020401
109344609	1000045951
20804649	1000044009
96164737	1000080485
211230952	1000044577
23626520	1000095407
142875215	1000121600
607193	1000081939
833071	1000081939
392877131	1000081939
122871303	1000095303
191924526	1000103523
62740714	1000001044
10297	1000038500
23682475	1000052454
15321133	1000075653
28215110	1000067646
18462157	1000134397
179200014	1000105681
323518423	1000090765
9151842	1000067646
344284402	1000081132
510922315	1000110950
30928779	1000052454
141328659	1000090391
93069445	1000103523
14348594	1000059014
746	1000135055
8690322	1000014474
54415804	1000119644
272032415	1000026535
216030263	1000055196
52525377	1000002807
298736852	1000095193
64093842	1000098034
128947143	1000080832
90618895	1000024470
261226521	1000147398
107377990	1000075653
21150701	1000059014
80638910	1000116334
113497030	1000057598
54528491	1000088786
5650332	1000091414
153976531	1000127431
21134235	1000096493
8438932	1000144093
224581852	1000116655
42164376	1000098939
61558088	1000113204
226014818	1000109584
4258591	1000100398
10394522	1000108898
27796499	1000094449
27994823	1000081939
73985810	1000074734
54991635	1000086468
282198216	1000092010
15518530	1000073242
16994709	1000045975
423169271	1000082298
121483821	1000115431
17432702	1000075653
146537627	1000001044
334053327	1000008083
59265046	1000144002
174940279	1000030744
377053611	1000146095
330507195	1000032022
326175038	1000075653
21739242	1000024470
71070614	1000102552
104870703	1000067865
189051975	1000067578
13108932	1000045975
56151063	1000024470
21504589	1000102552
517673322	1000047877
111691454	1000103769
11733372	1000104945
220368467	1000121600
66524046	1000098034
109114750	1000038500
506982155	1000108579
11348282	1000075653
254839786	1000082298
34743251	1000075653
7860352	1000035351
509728912	1000028581
385556623	1000145776
45583695	1000118511
278239907	1000082298
52556532	1000022934
9398972	1000009965
73211713	1000115585
380018773	1000026535
295307956	1000060358
25333193	1000045975
30418870	1000123932
385684663	1000098309
119158600	1000098854
317313520	1000075653
143669316	1000080485
143568410	1000092045
32338244	1000102979
52405864	1000098939
17918629	1000044009
100318079	1000099374
129643876	1000120090
163848561	1000094386
222151755	1000083569
291	1000135055
255658871	1000099374
59521437	1000123537
24989174	1000106186
18636599	1000076211
36683668	1000060139
287606283	1000112467
30351331	1000126446
17141291	1000052454
448546543	1000082112
235092080	1000090391
9887162	1000098854
26276260	1000017345
5382252	1000113204
81236738	1000080485
247200654	1000078703
15439395	1000084623
87478141	1000095303
408848296	1000092108
66131891	1000098034
296790267	1000147398
187056975	1000113204
183672041	1000075653
14229096	1000044009
20223635	1000103769
22613907	1000134369
137962169	1000109584
164880154	1000121600
109966028	1000113204
68540316	1000095363
163073815	1000009904
207287772	1000026535
23139845	1000134397
19401487	1000109584
20050670	1000126597
15662569	1000075653
234526497	1000109584
74499126	1000121600
14976315	1000098939
242073660	1000134083
19138916	1000106437
98976495	1000002815
33509142	1000103769
270281442	1000152885
41291873	1000087825
42964481	1000058206
50242847	1000001044
259052939	1000157437
223545537	1000026535
25355724	1000081132
26954466	1000074298
176736129	1000121329
426667123	1000044172
296317283	1000045975
18072308	1000136695
18825668	1000100161
20734751	1000044009
19802879	1000001044
283431290	1000082298
101879887	1000071847
16475194	1000044009
6612402	1000045555
23638980	1000134397
257600012	1000145776
44156753	1000060139
128771911	1000059014
21029619	1000098939
104708526	1000104275
22439422	1000083569
360169494	1000110950
29484644	1000151831
33104973	1000123932
197331005	1000109584
4159571	1000052454
215060612	1000059014
17372617	1000053910
320594858	1000152692
24830236	1000062344
282843710	1000067578
152388029	1000121600
293689364	1000047877
126146818	1000058206
236698395	1000044009
89345335	1000118511
217839981	1000096006
15999738	1000043789
14278331	1000126469
228518728	1000059014
119288992	1000075653
11965442	1000095407
22592364	1000075901
3603511	1000080595
19164090	1000098034
28135572	1000020094
18365777	1000011010
254839786	1000039988
271324176	1000022924
16286240	1000075653
96150272	1000044009
18709570	1000090391
235092080	1000111125
135607250	1000091414
14076231	1000103769
20601123	1000110950
440441510	1000044009
303645857	1000152692
463983123	1000044172
7436142	1000126597
89617904	1000001044
16890327	1000088786
204115190	1000082298
218306901	1000067578
393605414	1000001044
318495026	1000070023
36208741	1000083569
228878803	1000098034
35617996	1000113073
22946576	1000080595
23564865	1000060103
16193325	1000126446
15034675	1000024470
58376056	1000098939
348352704	1000078703
53205422	1000090391
14053254	1000113204
20727866	1000111110
211900916	1000099374
19458216	1000098034
204967286	1000112934
52768208	1000075653
274494655	1000082298
274663230	1000001044
198315410	1000120582
37878753	1000024470
27837808	1000067578
56155769	1000018344
28184452	1000075653
135704870	1000044009
262856460	1000031312
155660609	1000058206
131257733	1000044009
41135782	1000103443
437057710	1000024470
79056710	1000089129
15136820	1000045350
20751546	1000072479
198828820	1000067578
376866803	1000116918
432279860	1000044009
29247964	1000134397
22118364	1000060515
15595903	1000081939
283196244	1000075653
489264841	1000096006
4087691	1000067646
34354722	1000016371
17174484	1000018006
185530065	1000110950
16637549	1000075653
23392028	1000118511
460107942	1000154539
15858294	1000124214
223702895	1000103523
839321	1000141396
301297627	1000082298
85922616	1000110950
61450361	1000075653
191301892	1000074298
71597660	1000059014
400505785	1000044009
20315513	1000067578
274791635	1000024470
67444229	1000001044
16047752	1000011010
226868546	1000151214
182022503	1000074298
68981246	1000110950
176979102	1000019349
14789070	1000126446
276394701	1000078909
118321535	1000001044
19938167	1000113204
132233272	1000007596
795244	1000144093
19566101	1000094984
282247392	1000018344
18364847	1000075653
172060187	1000105681
197262168	1000074298
22521914	1000075653
243578689	1000095407
167939376	1000109584
259822680	1000018344
309793898	1000044009
6374602	1000001044
49022240	1000049618
309366491	1000047877
13783982	1000103769
155661154	1000121600
351336670	1000032225
459633467	1000082298
103394487	1000029217
252210539	1000028581
562417383	1000067578
19501545	1000027080
316683535	1000081939
113184866	1000044009
234470418	1000121600
68161024	1000121329
69527577	1000090391
235520959	1000151214
230214767	1000121600
200176600	1000085131
18967754	1000075653
219220198	1000098939
238647109	1000092386
64498671	1000134397
127178017	1000011010
128087229	1000109584
49852058	1000004240
17821671	1000060618
116498875	1000103523
441788343	1000082112
17879050	1000023721
111949935	1000001044
282825005	1000096006
15480438	1000090391
309972058	1000109584
235608862	1000145776
44039298	1000059014
254874192	1000045975
249118404	1000065684
1372501	1000055196
53932733	1000090765
5943162	1000144093
16018937	1000081939
256504045	1000121600
76774950	1000128502
37704473	1000044009
17797990	1000103769
33940986	1000054849
284489957	1000145776
37532342	1000109584
169610198	1000042699
309366491	1000044009
16373526	1000141396
77059348	1000095407
24231531	1000086370
414334713	1000081939
8402352	1000020406
62483650	1000044009
356541836	1000045975
108489590	1000098034
262952447	1000026535
14413075	1000152189
25446919	1000075653
49636316	1000142861
20880546	1000098939
110481357	1000052454
317652921	1000067578
269427088	1000075653
15091003	1000075653
243847008	1000067646
242366566	1000103769
318544614	1000060410
339542479	1000109584
28322146	1000081939
55071065	1000007596
16593859	1000142861
45753733	1000145776
26153445	1000078909
219152459	1000118511
306483793	1000069158
461410856	1000082298
27670481	1000075653
339542479	1000152692
313370618	1000116655
112590661	1000022639
46973152	1000094984
29912873	1000001044
96070676	1000044009
51573	1000135055
26257166	1000081132
19509627	1000100398
48564118	1000094386
64880749	1000043789
7899292	1000001044
416534303	1000024083
17221819	1000081939
391079535	1000092386
16688125	1000146095
523594195	1000094984
27387044	1000095407
194703864	1000001044
254118225	1000045975
131976246	1000126446
19803702	1000101861
206989802	1000043789
191467300	1000143359
71640497	1000109584
125159561	1000090765
89207310	1000081939
55719945	1000073037
21464046	1000099569
261001122	1000126437
19689143	1000099614
21095858	1000103769
14220606	1000113204
18989685	1000031312
319695297	1000067578
293836859	1000098034
39354595	1000098854
159995010	1000121600
368794023	1000109584
262033524	1000059014
18598585	1000134397
24187145	1000145462
22407513	1000098939
52863597	1000116668
20163916	1000145776
132249368	1000092955
143356688	1000109584
393290895	1000082298
15596487	1000058456
14850356	1000118743
70551097	1000126469
61714814	1000060103
175590261	1000144238
62149656	1000009965
20155760	1000001044
31531849	1000052454
29774506	1000151287
234018448	1000060410
445021851	1000082298
18359862	1000113204
527938842	1000039322
77404713	1000134397
47077714	1000001044
10416	1000131349
138787319	1000103769
20424865	1000044009
94164585	1000073893
58120509	1000150132
193336046	1000061911
158179658	1000044009
145403839	1000098749
13092982	1000033145
12591	1000113204
15861746	1000060618
287564504	1000045975
62589395	1000080485
16815431	1000123932
54274523	1000023885
46699399	1000075653
92409018	1000080485
387928178	1000044009
376242600	1000044009
26799554	1000059014
318653596	1000034243
16577804	1000052454
22645010	1000103769
18776605	1000134369
21158707	1000031312
16705661	1000138358
10436072	1000024274
15896854	1000131349
193861311	1000073893
25448938	1000065684
69623723	1000067731
48802020	1000075653
17050737	1000122287
108811740	1000001044
48485771	1000098939
45176933	1000075653
27961877	1000038500
486829194	1000121600
19709033	1000073893
2565	1000118743
12938	1000113204
52796949	1000017862
20594903	1000056901
17200400	1000078909
33782218	1000075653
14378048	1000001044
30313925	1000031210
418351996	1000018344
26351904	1000109584
83069345	1000058206
174059247	1000095193
25577874	1000044009
15640349	1000095303
33235771	1000103769
110315478	1000109584
22714674	1000072479
19603091	1000058206
21659297	1000083569
114455798	1000103769
81218727	1000124214
14722311	1000089918
192969516	1000106994
18637695	1000151287
33641840	1000083569
80942253	1000105903
331279940	1000118511
18913179	1000090391
21678052	1000109584
270622617	1000116155
19156228	1000081132
644603	1000049682
180881713	1000091414
28521141	1000118511
440341213	1000082298
8904302	1000039878
87016990	1000086721
488563252	1000053910
498213642	1000080485
167506363	1000121329
15603370	1000058456
97439893	1000103769
51211899	1000122192
24680000	1000113073
16003580	1000102979
303096322	1000024470
355823615	1000119143
25562113	1000043287
151306416	1000022210
179800773	1000030744
34923403	1000110950
56814021	1000134397
273276031	1000038500
13790282	1000094984
294190748	1000109584
110895893	1000045975
161418822	1000109584
12702822	1000001044
16479286	1000018418
13	1000077589
55251945	1000090391
15692925	1000044009
387230056	1000082083
337742544	1000031210
159523955	1000103769
54555320	1000069858
15705782	1000001044
281051529	1000052454
5691392	1000083569
173427578	1000109584
91606918	1000121600
17391539	1000078909
5659662	1000001044
240740059	1000109584
339845637	1000043287
115597898	1000081132
60968363	1000087825
159281345	1000044009
12235562	1000142365
94414805	1000122847
41509142	1000081132
55406401	1000002807
17837652	1000016371
16677622	1000075653
53472795	1000126597
42741462	1000074734
407387443	1000081988
15884908	1000038500
84473837	1000152692
228198725	1000121600
252509338	1000109584
1065921	1000004240
31572616	1000044009
28740832	1000035974
15346177	1000044009
96653670	1000116918
210554874	1000032256
55488516	1000024470
29698128	1000059014
16246471	1000001044
40498522	1000067578
43578737	1000073893
19998190	1000081939
755068	1000067578
36711995	1000098034
14154640	1000081939
23235056	1000071847
21224587	1000059014
52455437	1000058206
73707412	1000098939
24604037	1000122192
35169299	1000103769
12741	1000113204
50958367	1000103443
14756822	1000113204
204447380	1000024083
245380454	1000032256
8835652	1000001044
8527032	1000001044
159294262	1000121600
169569042	1000073893
213088974	1000073242
31949053	1000087825
286639617	1000045975
6792882	1000075653
217949209	1000024470
141021153	1000109584
22652938	1000073893
795244	1000122392
168771252	1000125081
138536779	1000075653
10273252	1000150928
106470768	1000044009
16105122	1000095572
357647590	1000076938
253610849	1000017862
35566561	1000042699
87343366	1000030744
21044572	1000075653
309366491	1000067578
260161202	1000044009
108617405	1000095193
15018214	1000039878
20193243	1000058206
90834314	1000104039
39680464	1000143359
22591657	1000098939
68164927	1000022210
22839501	1000098939
14334870	1000002881
91400788	1000109584
284715436	1000041016
102278432	1000023565
457014532	1000060410
244009541	1000116655
427944439	1000112128
194391047	1000116668
498306782	1000080485
47480137	1000023565
415643219	1000097014
55649679	1000078751
255209309	1000069422
2627491	1000141623
812804	1000024274
21755787	1000001044
399157601	1000131262
49173385	1000108268
287519521	1000152692
267720334	1000044009
151060603	1000045975
113501859	1000024470
106198153	1000096194
342279134	1000098034
38097767	1000081939
477094958	1000147398
806133	1000039878
208645319	1000044009
16334824	1000098939
86708203	1000073893
223247584	1000052454
16271952	1000134397
328223616	1000110879
22858576	1000095303
220807411	1000018668
288888229	1000082298
258955239	1000121600
25007427	1000097466
20039889	1000103769
43037004	1000095407
152388029	1000082298
19220724	1000101861
211716446	1000123932
43909630	1000051907
14229141	1000044009
389153	1000079069
72206188	1000030744
15165493	1000001044
306016297	1000044009
42951128	1000113204
452025214	1000024470
19505302	1000004240
16789978	1000103769
21695356	1000043789
131411085	1000024470
25535662	1000094984
9486542	1000067646
266182056	1000045975
18327902	1000067646
113420831	1000031210
414334713	1000022027
274151347	1000102552
155266313	1000121600
118921133	1000095407
360184444	1000038500
18769325	1000073893
16023	1000118743
149300045	1000030811
145329562	1000044009
261171156	1000044009
15555394	1000071208
72842277	1000094386
14529929	1000029681
386204281	1000082298
12806822	1000079069
270673659	1000006009
274826711	1000017140
306128912	1000075653
84369537	1000081939
145710418	1000069694
243051640	1000074298
58489734	1000001044
39857735	1000095407
107149881	1000081939
390911091	1000032225
15519274	1000075653
371952162	1000121600
204140367	1000157437
225900302	1000112467
82521206	1000087486
22032817	1000001044
14857437	1000070249
229240968	1000092955
16660451	1000123932
158862966	1000097256
108811740	1000037055
303060652	1000109584
8903102	1000109584
188775184	1000121600
226251361	1000116155
19649770	1000126446
476551294	1000067578
16116572	1000150928
350250040	1000096006
15430687	1000083569
356606395	1000024470
121063287	1000024470
17483463	1000129157
56357458	1000001059
328047805	1000121600
178696627	1000019349
60037975	1000092045
15426099	1000145776
21895513	1000126446
385587514	1000103523
205609317	1000152933
16145175	1000104945
249252048	1000084540
60682317	1000111110
167375916	1000101861
103865085	1000001044
69460437	1000106503
27870530	1000088705
14960451	1000038500
16857707	1000075653
16674308	1000131349
21982720	1000099051
308324295	1000052454
22739224	1000098939
414186024	1000037055
816954	1000113204
178526634	1000075653
23868599	1000109424
17712373	1000083569
242366566	1000039878
20436059	1000081993
463723508	1000002815
224811526	1000081939
90175945	1000092955
17602045	1000069422
276724450	1000044009
425310960	1000103769
106418338	1000032028
123702913	1000044577
284227887	1000078909
19014279	1000098939
222689902	1000145776
15832861	1000074298
26150404	1000147398
203987912	1000092955
15435136	1000147398
27939337	1000116334
284971975	1000045975
104193161	1000023565
149276260	1000045975
31345277	1000001044
257236842	1000121600
31443503	1000094386
2565	1000067646
242155735	1000094386
204967633	1000064866
14555893	1000075653
132543607	1000082298
197600651	1000044009
58937467	1000001044
259074185	1000098939
32148035	1000034932
89024581	1000043789
28434434	1000075653
47263945	1000113204
309122206	1000020797
315490964	1000017862
238201669	1000105149
3627601	1000143879
153812978	1000009329
99541020	1000073893
45005008	1000130133
17240190	1000051375
17344937	1000034986
151719987	1000121600
88923808	1000123932
175166989	1000078909
214620546	1000038500
13322182	1000144819
5870022	1000001044
8452342	1000152189
189111957	1000054307
249950079	1000146999
7305532	1000108898
89545649	1000094828
264316849	1000087825
2552891	1000038500
131144091	1000031210
215823690	1000030260
77645932	1000071847
360298048	1000152692
15292446	1000075653
15690382	1000075653
12032502	1000143879
87087536	1000095407
37704473	1000128502
21069472	1000059014
13729082	1000070249
94083901	1000085108
48785884	1000009965
14288741	1000095572
44017220	1000045951
285287229	1000096006
123715869	1000103523
14981622	1000095193
29552069	1000074461
14892073	1000001044
198317541	1000074298
31067157	1000039322
15092914	1000141153
94623001	1000126597
24479656	1000083569
761975	1000135055
17809581	1000058206
15296610	1000035351
2241411	1000032434
19206177	1000035237
28244766	1000038500
19206711	1000131349
7772042	1000113204
16055648	1000092379
58562140	1000144588
313245134	1000024083
17866414	1000068965
86572842	1000038762
5868402	1000081939
15972419	1000075653
25020827	1000080485
25609804	1000143359
27708496	1000060103
324649672	1000136099
78034746	1000044009
20309234	1000097256
18440972	1000028412
175378976	1000087486
418351996	1000098939
7098702	1000122192
182481395	1000073037
22048152	1000094984
190111044	1000136695
298038575	1000090765
82479240	1000020094
114083175	1000024470
14550264	1000101861
72515134	1000142370
171356175	1000094984
182360370	1000103769
13862162	1000070249
14693823	1000001044
36683668	1000092045
72410358	1000110869
11818	1000113204
79253197	1000157437
25053716	1000156678
17786623	1000039878
23979480	1000017345
138355329	1000075653
16116572	1000122392
18975375	1000156678
18236230	1000060103
6083342	1000079735
17819770	1000058442
50486776	1000134397
114669796	1000146095
20543890	1000069858
372230255	1000121600
261619553	1000024470
15207627	1000092379
77404713	1000062999
147646942	1000044009
21283935	1000088514
439140825	1000121600
19911491	1000083569
12771872	1000100398
273617441	1000067578
22845770	1000102552
16410525	1000126446
14677117	1000038500
236354795	1000109584
145361151	1000121600
199026937	1000082298
31583155	1000086721
141705597	1000094828
38679514	1000098854
217762415	1000113073
208469691	1000103769
22288097	1000045555
432964727	1000058759
173523733	1000002054
2366121	1000075653
127039075	1000019349
72023	1000141210
95820486	1000052454
279025588	1000082083
135663008	1000099374
30107977	1000077660
6320592	1000110794
234064468	1000076915
82206607	1000104314
33602654	1000075653
93673775	1000116005
118825977	1000067731
135895585	1000039420
444419728	1000116918
395395198	1000067578
14911155	1000098034
14154640	1000079069
64605345	1000133424
24285686	1000094984
186540310	1000103769
102214285	1000099374
97271294	1000081132
40125351	1000001044
57426978	1000151121
16267101	1000028029
288058292	1000045975
192576354	1000082298
158024959	1000075653
15387707	1000114814
201170181	1000024470
22121627	1000126446
15018214	1000067646
510946185	1000082298
34543	1000110794
32995184	1000099051
66582428	1000145776
36103261	1000083569
393170964	1000024470
49064943	1000094984
17521244	1000110950
189158296	1000016371
22121627	1000105220
25101996	1000008083
19614067	1000022639
36711411	1000058456
38394030	1000090391
91418218	1000032434
17011485	1000052454
799640	1000145462
374129770	1000131349
44473103	1000060103
281506640	1000082298
316683535	1000045975
143412135	1000075653
75873304	1000121600
25547701	1000154203
15615152	1000118511
127997108	1000001044
243762766	1000016371
19789439	1000075653
11148342	1000101861
25451979	1000123932
14456198	1000045216
239466198	1000103769
19802879	1000075653
261447035	1000065684
24280870	1000130540
16690802	1000110567
207794337	1000058206
18127502	1000117240
21420959	1000073893
158804228	1000121600
237802711	1000102552
48335027	1000092045
193336046	1000001044
128422938	1000144588
159389185	1000098939
7054612	1000075653
25008217	1000023132
237423538	1000109584
88868166	1000044009
16063672	1000125083
19844987	1000126446
224285242	1000038500
19149421	1000129157
212886066	1000024470
18022068	1000113204
348851602	1000120582
209075830	1000076938
316327930	1000094386
256889809	1000075653
18509900	1000074461
16247469	1000098939
459673268	1000103523
84432479	1000071847
94170306	1000075653
16896485	1000038500
22883550	1000067578
204115190	1000157437
38389325	1000089918
14120151	1000043287
28221296	1000059014
468668796	1000121600
70675828	1000151214
18355761	1000088786
425336303	1000098034
143786262	1000032028
290929161	1000081993
348056057	1000023085
74758837	1000131349
36836939	1000011897
19323424	1000042699
196308470	1000120582
92081729	1000097042
19767193	1000094386
23061725	1000098034
166845078	1000094386
12152172	1000061513
78445609	1000136392
317076339	1000082298
314585181	1000075653
165849510	1000151121
424597783	1000092108
11222	1000144093
281929850	1000024470
165097267	1000116155
821110	1000056753
16252002	1000098939
118279350	1000115431
153459499	1000125081
44697004	1000081993
16929108	1000033386
233063827	1000044009
14154272	1000039878
41494136	1000128502
204337132	1000075653
195475105	1000082298
65375829	1000032256
22246029	1000019349
20734751	1000045975
15327996	1000031210
140970624	1000081939
21768618	1000075653
20745130	1000001044
259379883	1000094984
63161923	1000075653
194381116	1000134397
40672070	1000051962
23629630	1000134397
19734817	1000013063
45038024	1000093315
283536837	1000134397
296047166	1000116655
171681366	1000074298
14375110	1000055226
16830370	1000071847
313245134	1000058206
18329546	1000143021
17225199	1000095407
29871296	1000118511
258382950	1000009965
14667884	1000081939
14353392	1000032022
122364666	1000151214
37634294	1000052454
48742856	1000081939
18361967	1000058456
16243030	1000078751
292030309	1000006009
135723832	1000030744
466830475	1000024470
37338814	1000060103
359749285	1000035974
14506505	1000034932
22798591	1000107471
196583226	1000078703
177678004	1000002054
10168082	1000067629
282656610	1000121600
144076256	1000131349
223292877	1000118511
14944532	1000001044
168759944	1000074298
24841705	1000083569
3020571	1000110845
10621792	1000101861
15447115	1000121600
15577562	1000010050
30817647	1000078909
48428535	1000108268
102400865	1000095407
27935501	1000110950
87189905	1000083569
50597693	1000113204
456782842	1000077750
14296542	1000034932
172845432	1000109584
16677622	1000001044
86597957	1000115669
19434247	1000143879
146525713	1000113204
141255819	1000096006
7714502	1000113204
103238721	1000001044
366322025	1000125081
54319516	1000128502
293938268	1000044009
24479656	1000070023
108882147	1000103769
15644019	1000104909
84421229	1000087825
109055708	1000021975
69641958	1000121600
152741998	1000074298
364083931	1000045975
259176717	1000120582
69592091	1000082298
14836690	1000102878
30835585	1000103769
222167136	1000121600
15031577	1000098854
196341171	1000078751
8106302	1000024274
1919231	1000113204
19162458	1000075653
302847930	1000082298
14327683	1000097384
387353569	1000109584
51484278	1000103523
62759402	1000112467
20818625	1000047877
45483889	1000060618
451764388	1000151214
217796457	1000082298
249677516	1000092045
6243142	1000078909
70160230	1000073893
298768740	1000030744
23127272	1000044009
71412956	1000093508
13180092	1000083569
199291831	1000039420
114866624	1000118641
19524173	1000081939
261047860	1000082298
34046322	1000081939
231763005	1000152885
12203692	1000042699
309366491	1000098034
24187106	1000081939
17758502	1000029723
21787042	1000013063
18869521	1000051198
437806648	1000001044
287906361	1000081993
8852072	1000032028
59057631	1000098034
101802390	1000141153
17930661	1000108898
16020723	1000104909
18253695	1000153202
44682832	1000134397
14108564	1000083569
450287234	1000109584
80359451	1000142365
101530408	1000044009
398496984	1000001044
238345831	1000002054
77867358	1000125056
3301091	1000071911
14435488	1000081939
338564727	1000062036
14331688	1000150132
255748876	1000121842
16143507	1000131349
110140821	1000121600
178095983	1000061911
430182387	1000082298
126946623	1000108268
147665130	1000121600
20737911	1000024470
15367053	1000018006
15324553	1000018418
472533325	1000005395
267090165	1000011010
238988833	1000120582
125033	1000088705
18884627	1000150928
107830991	1000121600
218742198	1000059014
293721457	1000147398
178874748	1000116918
8111912	1000115717
202114894	1000065684
65537597	1000098034
232206987	1000044009
446541494	1000041650
39511166	1000076938
11461532	1000078990
117809922	1000075653
24430097	1000010710
20567578	1000092955
566076355	1000082298
11364932	1000044009
107135929	1000001465
403755157	1000036193
288932529	1000065584
19399719	1000134397
29561751	1000069422
88456842	1000011010
85561166	1000024470
27311044	1000150132
351671009	1000131013
9423662	1000141623
14487085	1000100398
65986842	1000123932
337839135	1000120582
17827133	1000136695
8820652	1000101861
6929302	1000067629
14192988	1000128502
117848769	1000094984
17941825	1000023945
239019284	1000120582
99185252	1000045216
22891211	1000144093
28515565	1000027591
5768872	1000111110
215785630	1000103523
34576550	1000007908
14587578	1000064866
140108433	1000136132
15647676	1000013543
23559552	1000118511
384761809	1000001044
185498905	1000044009
244009541	1000116918
5841	1000027519
201526384	1000099374
55101908	1000147398
107830991	1000082298
11640472	1000042699
25347394	1000081939
36045367	1000001044
18740669	1000044577
33009177	1000044009
381451618	1000034243
17079223	1000044009
61933836	1000109584
44134466	1000075653
255749517	1000120582
140970624	1000079069
127026358	1000082298
74088400	1000001044
1282781	1000098391
191467300	1000037734
273495492	1000151287
52498113	1000086130
182360370	1000092045
29145184	1000044009
8032822	1000045951
373060257	1000026535
93228003	1000067646
17491316	1000074298
356190582	1000082298
265801560	1000109584
792907	1000111110
65589378	1000101861
19107667	1000075653
103598216	1000082298
288970773	1000109584
21134190	1000081132
10054742	1000059014
69679166	1000004240
76511839	1000075653
15656040	1000083569
380871196	1000090765
82739746	1000081939
7378422	1000081939
6929302	1000103769
369246180	1000031210
64954756	1000103769
316600075	1000110950
64444175	1000075653
128522006	1000109584
383797731	1000099374
9740572	1000134397
30073696	1000059014
24989476	1000121842
6018292	1000060515
42096654	1000075653
113058991	1000121600
17868918	1000039988
14312950	1000006577
229091508	1000044009
188991592	1000105317
19084034	1000088786
388411903	1000109659
35726059	1000109584
15361570	1000038500
263352652	1000128502
131281000	1000039420
25242156	1000002853
486366544	1000058759
20571654	1000118511
108205076	1000098939
14159148	1000092045
12437282	1000075653
6601862	1000131349
20251983	1000001044
27934142	1000095363
467753757	1000122164
15113584	1000001044
49887784	1000024470
187744415	1000109584
414448377	1000067578
199172278	1000120956
337952973	1000113066
325937591	1000099374
198370650	1000090391
775622	1000060618
324891222	1000120582
209261985	1000059014
17166447	1000131349
87397353	1000073893
1199081	1000027519
43318595	1000067578
6183972	1000113204
78701122	1000073893
156366500	1000054307
15165502	1000081988
125540746	1000118511
119392401	1000090765
27724771	1000075653
60201129	1000145776
111210694	1000109584
15088904	1000136695
4265731	1000144093
25032712	1000134738
24763	1000032028
170922633	1000121600
174819367	1000074298
77483	1000113204
58937467	1000061911
205796659	1000098034
176824927	1000084537
15173147	1000075653
10774712	1000098854
3627601	1000075653
14296723	1000081939
169825544	1000098034
45082357	1000108520
467753757	1000146999
444547355	1000082298
80597462	1000106061
14220510	1000067578
15085196	1000019941
20442312	1000075653
102327669	1000083569
461736934	1000017862
131369976	1000121600
257456190	1000118511
789071	1000061513
376819015	1000075653
16337119	1000108898
128637403	1000105166
27884654	1000059014
8768832	1000067646
793830	1000079069
27062951	1000085108
273531261	1000059014
494583213	1000042699
178858632	1000095407
402845152	1000051455
35908473	1000116668
835261	1000100161
32548772	1000097384
18729020	1000090236
486816912	1000081939
370846045	1000018344
34005961	1000120956
234966314	1000119644
14615871	1000010710
15488968	1000126446
29964546	1000069858
5408852	1000001044
464326190	1000099374
23145316	1000134397
14232363	1000098939
87415678	1000045975
110830315	1000098034
425404298	1000075653
58497291	1000044009
292598082	1000082298
414334713	1000044009
18337283	1000150928
22089103	1000133424
7806462	1000109584
91105535	1000126437
13462442	1000001044
21224647	1000075653
14628988	1000150928
247838537	1000121600
111400999	1000086382
19729451	1000081939
17346623	1000150928
100338161	1000072807
69204937	1000035507
105918870	1000099051
147981721	1000042699
371466354	1000033133
43626328	1000098034
23487693	1000049682
29510278	1000055551
15420650	1000098034
34970516	1000143879
823234	1000067646
34182036	1000098939
14997105	1000001044
6202002	1000075653
15039741	1000001044
24353066	1000058759
260712908	1000050046
286474054	1000120582
18194020	1000144462
204781394	1000016371
266912770	1000082298
16509245	1000006577
399769234	1000103523
27527745	1000116155
10668202	1000043287
107867162	1000081132
37407089	1000119143
14467104	1000094386
124424508	1000044009
58019852	1000144238
310993440	1000147398
14680381	1000134397
161045789	1000116155
110994277	1000065684
43937306	1000055196
242533687	1000071471
37211517	1000001044
21848018	1000095303
637373	1000032028
347541167	1000067578
88782469	1000121600
16966162	1000104750
46922849	1000099374
15225578	1000038500
138520677	1000007908
2803191	1000081939
462363316	1000121600
15823784	1000067646
15411517	1000131013
54875437	1000075653
67818595	1000098939
26929220	1000082298
15085459	1000014419
35563383	1000157437
37730316	1000075653
258972713	1000153595
360748466	1000034932
428333	1000103769
11980942	1000061124
118933631	1000095407
211223471	1000108268
87821661	1000134397
17057271	1000028029
358358315	1000116918
304509004	1000044009
62050341	1000052454
1025311	1000056753
32325049	1000109584
14290835	1000108898
78391198	1000157283
124389931	1000071847
84133924	1000146095
232294292	1000130540
14288822	1000134397
15403485	1000014474
19720714	1000127431
168216747	1000105149
17928329	1000106994
45533536	1000157444
178095983	1000075653
51211899	1000035974
52361963	1000109584
538578076	1000044009
546242720	1000098034
29246002	1000062048
146159608	1000106503
22728255	1000134397
23430454	1000144238
40016838	1000134397
280885197	1000063969
81409072	1000129157
78096491	1000105149
15375188	1000067578
16098603	1000098939
28846498	1000094386
9109712	1000023973
253215128	1000080485
352937448	1000034243
292527401	1000152692
149214014	1000094127
150972646	1000124231
14848513	1000075653
13201312	1000141153
128137773	1000058206
16109878	1000081939
16060397	1000078990
58431280	1000078703
238345831	1000026535
311840368	1000146999
318035107	1000152692
58697439	1000116918
18825961	1000060103
29822849	1000140353
103394477	1000099374
65761858	1000121600
16421419	1000126446
14566674	1000101861
311742646	1000109584
76929038	1000034932
14994418	1000078909
130684893	1000042699
16813989	1000134397
43117170	1000001044
238988833	1000023085
255675597	1000060618
18943617	1000044009
17872874	1000126446
115581791	1000075653
84637862	1000045768
24244836	1000001044
120296068	1000090391
58844407	1000107382
34105349	1000104314
282843710	1000024470
25346740	1000109584
369232105	1000023973
20800581	1000123932
43313280	1000110106
128688675	1000075653
15488968	1000107667
360389862	1000024470
260846408	1000045975
320640112	1000109584
14714825	1000115717
18023140	1000081993
204759632	1000113204
16325249	1000114310
167113443	1000105681
17561785	1000126446
72814599	1000103769
14670722	1000090765
394653242	1000034243
31447081	1000081132
648523	1000088705
291	1000077589
14927276	1000143021
24827451	1000054404
20486520	1000045350
119317928	1000145776
355963028	1000092108
343918825	1000024470
324305626	1000024470
450967347	1000121600
102269946	1000057598
22613907	1000038762
513509126	1000121600
75496180	1000067865
15936421	1000044009
45507218	1000098034
2727051	1000113204
33933259	1000103769
39607844	1000001044
271359139	1000024470
114946677	1000067578
15818301	1000154539
31600334	1000007908
146556805	1000031533
202195505	1000121600
27530905	1000020094
385591690	1000113066
339527983	1000024470
14728168	1000067629
15681129	1000087486
178978113	1000113073
25071725	1000128502
498184465	1000080485
16656631	1000001044
8207832	1000150928
107845146	1000098034
27008424	1000113204
123323498	1000079735
322550039	1000121600
17736965	1000136132
200295658	1000121600
19535228	1000013063
178890944	1000020094
137508423	1000001044
14405995	1000009965
195981712	1000116918
136450598	1000058206
348071871	1000109584
345475302	1000022924
54384394	1000106186
5107561	1000073624
19664397	1000103769
379740054	1000121600
14289945	1000108898
14603011	1000034932
18426309	1000001044
119506746	1000017345
16098642	1000147398
136103238	1000045975
150256656	1000052454
322830966	1000147398
21987288	1000002853
18926736	1000068048
230880104	1000082298
19434247	1000075653
103238721	1000075653
73731253	1000095407
187766401	1000120582
21417710	1000093315
22053641	1000075653
50667527	1000075653
4620451	1000001044
487008423	1000090391
43448738	1000105505
367710463	1000110950
14822322	1000001912
42047882	1000098939
23225996	1000075653
32058990	1000052454
27724771	1000001044
124528830	1000121600
191301892	1000148411
14269152	1000067646
24278900	1000104750
180505807	1000073624
114870265	1000029681
246403992	1000044009
72272759	1000011010
134940306	1000121600
284888700	1000109584
19334276	1000078909
24593424	1000121600
127997108	1000075653
21148293	1000094984
522731421	1000024470
5631612	1000125056
307908399	1000044009
538592913	1000067578
57389596	1000009965
248726194	1000045975
557535900	1000024470
75254621	1000052454
333635486	1000094449
78313417	1000145776
23082430	1000113204
19209208	1000102920
28384755	1000134397
16809036	1000075653
33807812	1000007908
2039761	1000113204
296387378	1000033133
15976697	1000067629
171967220	1000078909
79503498	1000121780
353860484	1000081939
15608761	1000079069
146329851	1000030744
36493532	1000136695
300465643	1000146999
313370959	1000116655
223230791	1000103523
213023673	1000109584
441246432	1000108621
45436498	1000151214
191471322	1000082298
316994994	1000103769
59785628	1000024470
16848203	1000118511
15249171	1000059014
259379883	1000113295
280686960	1000044009
104598979	1000001044
4113261	1000107667
14203895	1000037637
42316573	1000024470
104615636	1000078703
5749162	1000067646
14796922	1000081939
29558838	1000152388
370284436	1000110950
425207385	1000078909
73446048	1000092108
180865390	1000121600
143129592	1000134397
378217210	1000014419
15859033	1000094386
2308191	1000090391
4350581	1000129157
209059219	1000016371
17844854	1000134397
124538838	1000039420
272085393	1000143879
440963134	1000082298
72998217	1000079069
70814014	1000081939
175335370	1000044009
25103967	1000102552
410344566	1000121600
342806740	1000045975
12649792	1000094386
325583724	1000045951
16874875	1000126446
83669923	1000098034
536769223	1000096660
23373674	1000130133
351952711	1000001044
16744984	1000134397
69135509	1000110950
421683	1000144093
348278208	1000067578
15921684	1000075653
139990251	1000109584
136018565	1000081876
82017157	1000083569
19732725	1000004240
25774777	1000017921
280028950	1000074298
18278524	1000090435
50033018	1000123932
171154131	1000042699
21415375	1000081993
54381214	1000096493
246938903	1000016371
282861631	1000067578
129939890	1000059014
257145854	1000044009
3427041	1000092379
483247985	1000073893
259452094	1000099374
250314706	1000082298
169937713	1000098309
186227073	1000016371
359799323	1000045975
263859050	1000121600
26697947	1000001044
305432574	1000067578
44794171	1000120582
231553897	1000044009
228837973	1000103523
33408821	1000056413
114610867	1000139940
166078443	1000086886
155968229	1000002069
475355912	1000035507
20187156	1000116918
18428353	1000075653
235297248	1000121600
49126146	1000097886
340616432	1000157437
79563865	1000152933
238197721	1000103769
54178513	1000095407
433375144	1000082298
62579071	1000081132
19401690	1000102552
16560623	1000124214
16681595	1000101861
82838063	1000044009
19358562	1000039988
20676730	1000106061
214039986	1000039878
42303168	1000051455
36452050	1000042699
25177098	1000045768
140541581	1000090391
23734241	1000047877
30120541	1000001044
27987646	1000131349
30639801	1000121780
46444397	1000095572
43041675	1000024470
14117843	1000043287
20601123	1000034932
17422867	1000035237
20221829	1000086370
388556323	1000103523
14170999	1000081939
143363196	1000024470
256254749	1000121600
278777228	1000044009
380847759	1000024708
283732062	1000004860
387210978	1000016371
39511166	1000092045
151360659	1000052454
338139843	1000116918
89483328	1000052454
388485013	1000045975
247018076	1000009904
9741082	1000061911
143068013	1000043287
41329897	1000122392
104209445	1000087825
18753000	1000098034
18742918	1000113204
372499406	1000024708
411858512	1000095363
15140319	1000131349
157829215	1000121600
128496483	1000024470
210195377	1000098939
14207863	1000080817
191280595	1000121600
206836975	1000120582
14467793	1000001044
237519934	1000098034
345702169	1000121600
50206183	1000141458
155953331	1000105166
4833	1000035351
273186916	1000024470
556167733	1000044009
117948376	1000151121
15165502	1000075653
257372581	1000045975
166993835	1000141458
360169494	1000077660
6143852	1000078703
20583452	1000081939
367946968	1000146999
804268	1000098034
83900804	1000081939
25227537	1000024470
32309662	1000103769
43955724	1000047127
22332114	1000031312
132250094	1000086468
18393773	1000083569
303047664	1000051198
19674502	1000103769
7136542	1000024274
18609003	1000145776
330512139	1000003201
29278831	1000063969
14876672	1000098939
19329393	1000094984
479902771	1000096660
40671703	1000155093
14204102	1000114310
139188510	1000083569
181589093	1000069036
20115243	1000032256
390658067	1000103769
28856675	1000081876
170746832	1000108520
14990062	1000102552
8004732	1000098939
64418022	1000082298
15242391	1000004240
16652840	1000043789
336644583	1000144819
18164420	1000075653
253296737	1000109584
22103126	1000052454
141848611	1000134044
18610936	1000051455
18217117	1000106437
273737280	1000095407
24189159	1000105505
6165372	1000067902
29429694	1000075653
67199581	1000044009
20649962	1000102979
14220624	1000014474
16264063	1000092955
76662895	1000037481
12605122	1000080972
14500681	1000078909
55019615	1000098034
209059219	1000148411
371743964	1000103523
165411431	1000045975
387114774	1000099374
356188780	1000143878
63194681	1000067578
30979533	1000136695
23256633	1000017345
74262901	1000114427
162705856	1000120641
388118957	1000039988
82769625	1000121600
128156853	1000019349
40071081	1000134397
243801649	1000069422
457080107	1000062036
519281688	1000108579
317568415	1000044009
73273051	1000075901
15180686	1000001044
40137006	1000081939
350700702	1000020094
82719178	1000043287
37729461	1000095407
810583	1000110845
18060648	1000120582
14333974	1000061911
294106552	1000044009
14850356	1000071208
27907782	1000134397
389528105	1000155308
451250774	1000082298
16311693	1000075653
45753733	1000051762
40071926	1000092379
13540312	1000080485
278311152	1000067578
27315988	1000090236
286078489	1000045975
200998590	1000002054
131041217	1000098034
15957560	1000001044
15953404	1000001044
11317392	1000094386
158061687	1000139940
33324015	1000083569
36441588	1000081939
14703882	1000037672
7718462	1000060618
50765776	1000083569
16101545	1000081939
20106337	1000044009
433375144	1000157437
277344342	1000044009
479854996	1000121600
15670515	1000043287
102264848	1000075653
34575169	1000008402
15833768	1000060618
18714842	1000103769
280092171	1000082298
14257869	1000113204
142347266	1000062048
158455991	1000030260
50483553	1000134397
244627772	1000001044
216483749	1000088786
241397934	1000090765
117530918	1000109584
369879211	1000095572
457204988	1000121600
140644567	1000119865
31112327	1000083569
27732409	1000148411
16089734	1000014419
114864985	1000101861
80906054	1000101861
58170602	1000145776
77900389	1000112128
194391047	1000061911
72998217	1000081939
15591032	1000126446
58447555	1000109584
41436687	1000109584
235636925	1000034932
52489224	1000037481
186227073	1000074298
40992381	1000119865
22705686	1000109584
203272976	1000082298
387305169	1000121600
459737164	1000121600
36951467	1000037734
142723179	1000016371
240253031	1000078703
13753642	1000142370
113719681	1000055196
94147192	1000075653
322885672	1000068965
30324434	1000081939
14498549	1000009965
5867322	1000131349
21166244	1000067578
57490887	1000109659
46809129	1000118511
17106295	1000055551
16344329	1000078909
42144260	1000131262
126835185	1000109584
286337967	1000110950
20470888	1000044009
22024874	1000112188
351660038	1000042699
86295646	1000022210
15367053	1000108898
77890950	1000134397
25495625	1000052454
12266272	1000113204
225125248	1000081939
10323582	1000034932
34015638	1000060139
23996980	1000041016
282862692	1000045975
334482880	1000109584
126530399	1000134044
789068	1000058442
238260874	1000074734
34316411	1000083569
20405185	1000083569
5980142	1000118511
5521182	1000151214
463952369	1000082298
14238165	1000094386
3217101	1000039878
207936757	1000092955
22784458	1000064866
16955141	1000060103
24732168	1000081939
23497396	1000019349
176328340	1000072807
556237742	1000152189
13693032	1000094386
8362812	1000001044
37212984	1000134397
158775364	1000023805
148340537	1000109584
18149078	1000065684
128292609	1000094386
6104	1000144093
107742853	1000035974
147599229	1000039988
17116707	1000082298
363382373	1000116918
218652920	1000067578
235179432	1000001044
18919970	1000142365
87573218	1000075653
355883683	1000023132
5848302	1000019349
27942213	1000121600
429223554	1000083569
20029472	1000083569
23406617	1000075653
63601684	1000094961
156069753	1000123932
7335912	1000044009
20360524	1000045975
94608074	1000075653
274080287	1000121600
20399209	1000073893
3551171	1000058442
80597462	1000054849
14852981	1000113204
821958	1000122392
95164862	1000098034
31142666	1000059014
20447194	1000022027
184907407	1000126240
378351941	1000031972
60924217	1000109584
149660084	1000067578
172752127	1000082298
86422357	1000067578
254280897	1000080485
14220205	1000114814
74255297	1000022934
26250517	1000098939
26214290	1000097466
15997605	1000060544
19299660	1000038762
222886569	1000012693
278142159	1000082298
217472199	1000019349
21761662	1000075653
140395153	1000143021
313899143	1000125379
212815868	1000109584
152741998	1000016371
23734241	1000044009
309754474	1000120582
229237555	1000079069
94015906	1000075653
16252002	1000152189
28420827	1000094984
69426451	1000067646
19347370	1000083569
14414452	1000145776
38762773	1000094386
55481000	1000098939
188472745	1000099374
22915745	1000144093
3646911	1000009965
17303789	1000090435
14855064	1000108898
15648491	1000001044
426182072	1000024470
46209291	1000082298
111728171	1000138358
347465740	1000045975
146681733	1000086130
164824745	1000145776
21548362	1000024470
8103982	1000081939
153208824	1000001044
11794312	1000113204
83533045	1000040154
18950402	1000080485
25140900	1000059014
139593849	1000120582
49661271	1000010710
42848976	1000103394
165786567	1000059014
18633696	1000081939
359749285	1000145776
19417850	1000067646
135621595	1000121600
141628169	1000001044
46154707	1000083569
271662759	1000045975
15262820	1000092379
476009762	1000147398
21158690	1000052454
233945881	1000001044
14079749	1000088705
28234516	1000081939
257268592	1000044009
41402463	1000110950
3943871	1000039878
29458079	1000042699
18677569	1000120090
64349812	1000078751
110566971	1000030744
537841939	1000103769
3713811	1000118743
92837266	1000078703
17712373	1000024274
182429469	1000001465
18496986	1000098034
17076095	1000111125
157292303	1000073893
3133251	1000155093
15370553	1000055196
35787014	1000110950
14299859	1000059014
30107977	1000110950
276494428	1000078909
175051095	1000060410
43725128	1000099374
39218033	1000104039
15764644	1000002833
281378540	1000128502
410583454	1000065684
38466098	1000085108
248224845	1000121600
734903	1000150928
15764644	1000099051
21627660	1000134397
113470669	1000001059
36670025	1000103769
56280411	1000116918
92123276	1000109584
14680797	1000075653
23951197	1000107610
25686485	1000060139
214246889	1000127297
566386538	1000082298
15220473	1000151831
71294756	1000023945
134704868	1000092108
514550692	1000109584
41183891	1000098034
296218728	1000003201
68352132	1000045756
399527237	1000146999
18880638	1000084537
43292851	1000044009
15164195	1000020406
220670350	1000103523
43333520	1000047877
159971257	1000128660
186540310	1000002807
33718831	1000007908
92359619	1000052454
271901957	1000121600
199704685	1000002054
9889292	1000055226
19981142	1000009965
121995182	1000044009
254442689	1000045975
16863983	1000126446
176601825	1000018668
13721662	1000102134
98997127	1000134397
14677117	1000060139
266189194	1000130540
36451558	1000134397
104066691	1000020094
308120216	1000040154
18128603	1000152692
9083302	1000100398
272309879	1000109584
67231834	1000071471
40328729	1000081939
244441120	1000120582
82730256	1000131349
88501703	1000118511
158116443	1000109584
90720074	1000134397
16878507	1000020401
19782803	1000075653
206004138	1000065684
370518593	1000045975
459642583	1000002054
215197583	1000109584
149680765	1000121600
34013606	1000145776
6929302	1000017921
169825544	1000024470
49186263	1000116005
278142809	1000044009
182022503	1000016371
362691320	1000044009
56517028	1000105317
77849445	1000121600
407440512	1000044009
106044009	1000121329
41213511	1000103769
313370618	1000116918
297256499	1000098034
25118264	1000010050
37122570	1000109584
300385517	1000146999
24766630	1000131349
254118225	1000044009
24476165	1000024470
204115202	1000113204
18301678	1000071208
782571	1000044009
211636366	1000109584
27157089	1000134397
51244417	1000009311
148914977	1000109584
469047977	1000030744
95342270	1000098034
531775806	1000086886
18558094	1000001044
117800618	1000103769
15040500	1000101861
41584175	1000000590
51352986	1000087486
7573752	1000081939
461486616	1000121600
7305682	1000150928
498182878	1000080485
101960905	1000021975
472442403	1000081132
20950208	1000092955
38630618	1000103769
122145950	1000109584
331433529	1000109584
257668899	1000044009
263610393	1000098939
14619878	1000090391
23191837	1000052454
73273051	1000124214
114870265	1000031312
95409471	1000142365
14840869	1000080485
400107451	1000157437
11856762	1000067578
258218804	1000087825
22060084	1000045216
260505256	1000023885
14609434	1000150928
18625021	1000131349
116888317	1000035351
20893862	1000019941
84179743	1000121600
106759256	1000109589
61133	1000075653
17840969	1000102979
10788872	1000113204
56413858	1000038500
64474358	1000073893
78131837	1000036193
37744202	1000001044
23293367	1000081939
71181708	1000068965
43662855	1000044009
189158296	1000074298
212293329	1000026535
233182045	1000103523
316674215	1000120582
14529929	1000103769
512620911	1000122164
16127669	1000101861
822382	1000081939
22843068	1000058206
32323398	1000074298
480466408	1000067629
20542737	1000094386
281217359	1000118511
292767542	1000030744
9624742	1000092045
94015906	1000001044
105895893	1000092010
15402973	1000041650
55705971	1000121600
36525774	1000033145
430289891	1000098034
45827478	1000009329
262865290	1000090391
288895617	1000110950
303581662	1000080485
243762766	1000074298
169332285	1000118511
238289569	1000109584
15519274	1000034932
467658266	1000052454
12343392	1000144002
22230126	1000043789
328726293	1000157283
54300251	1000075653
16591188	1000113204
15237935	1000094386
24992454	1000075653
20266076	1000037734
231975020	1000138336
17900339	1000113204
65774480	1000002815
272085393	1000075653
476241657	1000002054
42137874	1000152692
48714968	1000081939
18462653	1000134397
231921253	1000121600
25381076	1000098939
259467045	1000082298
176020792	1000148411
193929402	1000144836
15419530	1000095363
21405387	1000017862
100687501	1000131349
31267919	1000067646
9741082	1000075653
14708814	1000143878
21288589	1000144462
132195390	1000103769
64605345	1000022639
316006713	1000026535
25467081	1000118511
126835185	1000152692
449012609	1000121600
37397428	1000103769
197594920	1000032434
85867670	1000069186
86415245	1000001044
14227559	1000101861
260417055	1000110950
34109686	1000110879
44551825	1000126446
28059707	1000044009
34713716	1000062999
59951125	1000095572
681333	1000113204
253860702	1000004860
529285233	1000001465
316797838	1000152692
243079375	1000152692
14287774	1000110794
320140485	1000108579
210916584	1000021280
97796253	1000140353
144835481	1000075653
101841500	1000075901
169477894	1000058206
69671186	1000060618
805311	1000147398
207623187	1000082298
196844918	1000120728
100292146	1000030811
16686076	1000136132
86029229	1000103769
1671811	1000079069
8838742	1000098939
53557418	1000098034
78089625	1000081939
11819092	1000034986
423793007	1000044009
549914200	1000090765
66841215	1000109584
7305682	1000144093
134246842	1000074734
21761662	1000102552
316683535	1000044009
29492701	1000151831
19849160	1000044009
345475302	1000092108
344776361	1000016371
380616097	1000045975
19040580	1000044009
64674727	1000001044
91905327	1000098034
391995022	1000155308
8501792	1000113204
375080088	1000151214
355264744	1000152692
158895928	1000134397
30544925	1000120956
276706356	1000119143
366698639	1000098034
16687014	1000044009
197341208	1000060139
36999171	1000044009
19789439	1000143879
60763264	1000098034
136615027	1000119143
14539153	1000044009
19904856	1000001912
27751751	1000144623
255790981	1000045975
42354756	1000060103
356541836	1000044009
418529394	1000009311
28755851	1000024470
69140067	1000131349
271658840	1000108579
26358639	1000086497
218897943	1000118511
260429996	1000109584
23946231	1000000590
528794879	1000017345
14335880	1000042699
11696732	1000078703
342362815	1000045975
145288760	1000089187
352405916	1000121600
120276532	1000099374
11489	1000101861
251870736	1000098939
346729702	1000044009
52758395	1000075653
117639473	1000099614
258203336	1000126437
204870137	1000146095
33772390	1000060544
18327788	1000103769
16894839	1000118511
16103613	1000001912
14392192	1000081939
307058731	1000121600
10273252	1000144093
25920053	1000095407
381899648	1000151810
16129920	1000094984
156579684	1000081939
382828273	1000120090
200127090	1000018344
62827345	1000109584
233619562	1000109584
272938743	1000076915
19976791	1000044009
15018214	1000142365
368444160	1000020094
7004382	1000031210
149538028	1000039988
34428380	1000157437
45067533	1000119644
298736852	1000109584
145910123	1000146999
44783853	1000031210
25912403	1000149993
50982971	1000014329
44666348	1000031972
20698268	1000143359
14882684	1000113204
25565646	1000075653
16999591	1000051375
48358776	1000134397
267897389	1000121600
486816912	1000043287
157480188	1000121600
96194704	1000044009
14775707	1000081939
152136861	1000065584
92609578	1000044009
285762606	1000121600
268405507	1000080972
14888707	1000098034
77762155	1000119143
37095671	1000059014
129716643	1000123932
507288463	1000099374
198224160	1000048539
35933502	1000101861
566054928	1000024470
14266637	1000153015
414569910	1000023805
183820509	1000016371
7423512	1000141623
266046161	1000078703
18236230	1000029217
31545838	1000074734
59622351	1000077750
513540148	1000103523
17569292	1000085309
295394742	1000121600
20163916	1000035974
13560892	1000083569
238268257	1000080485
790205	1000079735
637373	1000113204
20220400	1000001044
38070776	1000109584
110866528	1000030828
105150583	1000098939
381762085	1000103523
90957062	1000045975
244667271	1000116655
319987685	1000067578
132498548	1000073893
4708351	1000012693
7348632	1000151214
15727738	1000051375
261434167	1000121600
108617810	1000109964
47279525	1000153595
17564647	1000089129
60437369	1000080832
55309264	1000078909
374363985	1000145776
85474886	1000134738
176374846	1000103769
290223760	1000144836
229039814	1000082298
96848570	1000045975
316797838	1000109584
204441039	1000037055
395504108	1000082298
243458307	1000096006
88535224	1000075653
15338937	1000125056
181269704	1000151831
204317520	1000065684
19192238	1000023805
384867342	1000050046
280657342	1000082298
8937792	1000150928
74541441	1000107382
71354375	1000013543
