159002621	1000018612
15668684	1000057788
461765268	1000057788
267112027	1000057788
177562126	1000103661
33121494	1000057788
353510711	1000057788
47195875	1000095723
64662082	1000057788
284805543	1000079249
16729099	1000103661
15079199	1000057788
28611918	1000139310
24117694	1000018310
87306848	1000020401
49724623	1000135619
220839386	1000057788
467909899	1000057788
73019162	1000057788
415558326	1000110077
37394018	1000045359
14862942	1000057788
16103067	1000034932
14334870	1000057788
91905327	1000001574
221639929	1000088514
30026729	1000079439
8131122	1000057788
246064878	1000057788
22883199	1000057788
69792378	1000103661
25340409	1000139310
74267236	1000086282
819268	1000117240
23156671	1000057788
314227065	1000103661
305130836	1000057788
23102522	1000040818
15668633	1000068722
24479150	1000110077
14987728	1000046694
235608862	1000057788
37848814	1000069655
20984259	1000104230
33464639	1000057788
180902535	1000071508
47285504	1000040818
260769396	1000026535
17973915	1000079439
79857721	1000018310
17411748	1000095723
280664424	1000057788
20571373	1000020236
268245745	1000130540
6738842	1000053328
60962349	1000034932
376453781	1000057788
43970337	1000057788
5541152	1000057788
108489590	1000001574
211194146	1000024067
16119772	1000091226
17200373	1000057788
18893423	1000057788
23250947	1000057788
33368187	1000057788
23730438	1000057788
20121672	1000057788
176412453	1000142365
184986169	1000018310
64074768	1000099569
98919641	1000057788
21689936	1000112934
85717979	1000110077
288952607	1000001574
12353092	1000142365
56964483	1000057788
16909832	1000057788
439977486	1000110077
86664924	1000053328
47530681	1000057788
332796514	1000057788
16334139	1000102878
417517419	1000018310
15091379	1000144563
379629261	1000057788
37853481	1000057788
374007416	1000057788
339845637	1000057788
84692450	1000144563
257090043	1000057788
40352809	1000106186
19044055	1000057788
184789111	1000057788
51246108	1000057788
55570400	1000049618
19879313	1000139310
22626365	1000057788
93020343	1000057788
17313445	1000057788
17473973	1000102134
78944566	1000076211
17592235	1000144834
15368773	1000057788
40076725	1000110077
16543331	1000125056
17990996	1000057788
26155411	1000057788
291970023	1000071508
16381663	1000103661
43230677	1000001574
14306648	1000095661
42828152	1000057788
164589959	1000001574
17798588	1000057788
21787600	1000057788
19858006	1000139264
47337071	1000057788
158406207	1000138645
15300027	1000057788
242546067	1000057788
358553967	1000057788
200291506	1000057788
218742198	1000057788
29286661	1000073037
51887885	1000009890
47314880	1000142365
15195576	1000057788
281091713	1000057788
21131904	1000057788
14769496	1000057788
29634164	1000057788
26693355	1000057788
111083690	1000110077
56423330	1000044509
88626951	1000057788
25321643	1000057788
16452939	1000122038
3498911	1000057788
414188706	1000057788
14123154	1000057788
31093615	1000057788
83945786	1000057788
253322962	1000007708
372372131	1000057788
14260886	1000057788
42164542	1000057788
31539561	1000057788
117078952	1000057788
143177731	1000079439
7860942	1000057788
43039340	1000092379
379027001	1000057788
93479887	1000079439
383842993	1000057788
418247013	1000057788
46322933	1000018310
233945881	1000018612
13056942	1000057788
21409208	1000086282
23250198	1000057788
332667437	1000057788
152821342	1000057788
382897912	1000110077
211070230	1000018310
59279823	1000057788
415643219	1000057788
21851226	1000034932
176412453	1000057788
290051627	1000043077
365784920	1000018310
15599308	1000057788
60470066	1000057788
222497459	1000057788
14734870	1000076011
15151711	1000034932
25473689	1000001574
121230689	1000057788
14680747	1000117240
49517278	1000057788
21505330	1000057788
164354823	1000079439
21451849	1000103661
182420475	1000057788
821643	1000057788
41322090	1000057788
144723989	1000001574
9893782	1000137358
32453930	1000133603
88399343	1000057788
36695656	1000104230
16526462	1000109261
191979837	1000138645
15576272	1000057788
17756596	1000034932
66949019	1000057788
623623	1000057788
12911972	1000057788
16817648	1000057788
5444392	1000095661
24285686	1000110077
17665608	1000057788
20591334	1000053328
16626224	1000057788
198299180	1000001574
159251773	1000157444
21771720	1000095723
24503607	1000057788
14550221	1000135619
166153909	1000026535
26953583	1000034932
19683409	1000057788
8918012	1000057788
72894591	1000051198
19558297	1000057788
105932849	1000117240
130360992	1000057788
137833592	1000057788
33448597	1000057788
19210424	1000057788
424582518	1000001574
18815604	1000018612
14680043	1000057788
25726710	1000057788
18768730	1000103661
57152094	1000018310
15384450	1000057788
62193662	1000069694
243463543	1000057788
36532246	1000057788
188595338	1000057788
33324015	1000057788
21724128	1000057788
232349888	1000110077
195316132	1000001574
18978727	1000152714
19746268	1000103661
427156873	1000001574
14270396	1000057788
19674129	1000045359
16495829	1000092379
222517014	1000057788
175830245	1000071508
41861421	1000057788
7305532	1000137358
29698864	1000057788
26315189	1000079439
112758378	1000057788
97310846	1000057788
123658238	1000057277
109796570	1000001574
18114008	1000057788
386356694	1000057788
20455445	1000057788
411075988	1000069655
18465629	1000057788
26196838	1000095837
23277307	1000020401
199806376	1000135619
97102414	1000057788
67691573	1000001574
546580120	1000086282
21740428	1000018310
44143936	1000057788
107936403	1000079372
41436687	1000018310
272032415	1000026535
251906890	1000057788
52525377	1000002807
95342270	1000001574
44433659	1000001574
5650332	1000091414
259611070	1000057788
16541185	1000057788
10394522	1000108898
38678127	1000074746
22870676	1000001574
19458216	1000001574
213001559	1000095837
14263368	1000020236
29397027	1000057788
41478100	1000057788
17089636	1000018612
14149723	1000057788
380018773	1000026535
804416	1000057788
39051054	1000057788
14448205	1000057788
114877458	1000057788
24989174	1000106186
18636599	1000076211
28496589	1000103661
14636367	1000057788
81030409	1000109261
353464837	1000071508
247200654	1000078703
9100832	1000057788
82775046	1000057788
22613907	1000134369
207287772	1000026535
186078896	1000057788
223545537	1000026535
11864262	1000088693
20040253	1000057788
508128621	1000057788
49926295	1000057788
18825668	1000100161
80317145	1000057788
174574659	1000057788
215343979	1000018310
2354291	1000057788
14824210	1000103661
17994536	1000144563
34528592	1000057788
54460126	1000018310
19688275	1000144563
23421193	1000139310
135607250	1000091414
348352704	1000078703
29170120	1000139310
204967286	1000112934
420424397	1000151136
23785875	1000074746
20801235	1000103661
41135782	1000103443
480102482	1000057788
20594903	1000144834
50679126	1000001574
6898832	1000057788
16287001	1000088671
21694937	1000103661
134704868	1000018310
19087813	1000152714
273511576	1000057788
15448293	1000079372
240941560	1000057788
25649234	1000057788
22000528	1000057788
49022240	1000049618
18191231	1000057788
103394487	1000029217
14952953	1000057788
264925735	1000057788
17351972	1000137110
192318105	1000057788
46014227	1000057788
305540497	1000151136
125272901	1000044509
16897620	1000103661
134614637	1000110077
21525310	1000057788
262952447	1000026535
425336303	1000001574
27977845	1000057788
49046862	1000144834
41331160	1000057788
34757760	1000057788
132834166	1000057788
241272963	1000057788
43626328	1000001574
238195671	1000001574
15250698	1000057788
40414427	1000057788
103673070	1000057788
55719945	1000073037
21464046	1000099569
143491086	1000018612
232291091	1000057788
25982428	1000001574
325236758	1000001574
77309590	1000057788
17473864	1000045359
16899981	1000057788
24246359	1000057788
89199922	1000018612
16469338	1000144834
82164121	1000071508
82139087	1000057788
18776605	1000134369
15851057	1000144834
19576151	1000057788
15972563	1000057788
28617554	1000139310
8821412	1000057788
37514167	1000110077
53487967	1000057788
350072433	1000057788
149320887	1000057788
64931560	1000057788
180881713	1000091414
166006883	1000057788
91661023	1000091226
15784586	1000057788
203708277	1000018310
18087961	1000057788
361994003	1000025142
18704459	1000057788
12235562	1000142365
55406401	1000002807
16648875	1000103661
18701960	1000057788
18797345	1000057788
22175551	1000137110
83295731	1000057788
14150874	1000057788
234005489	1000057788
6253982	1000057788
20572411	1000069655
156550354	1000088671
50958367	1000103443
22520839	1000057788
16560905	1000057788
39462935	1000024067
65195619	1000057788
49191819	1000071508
28215110	1000135619
24629618	1000071508
14500711	1000057788
61029887	1000079439
178526634	1000018612
17316879	1000138645
16450029	1000071508
16533079	1000009890
59019078	1000079439
658643	1000110904
314199860	1000057788
266043405	1000057788
27299067	1000032858
51535397	1000057788
16948288	1000057788
22796966	1000057788
78486037	1000057788
145710418	1000069694
26280712	1000029916
467876635	1000057788
23284913	1000057788
26649958	1000057788
147386402	1000057788
132809440	1000142661
17495434	1000152714
282388693	1000057788
24386534	1000109261
126253219	1000001574
14816607	1000057788
26495041	1000057788
18069824	1000079439
267611336	1000018310
101530408	1000057788
172343327	1000110077
375432180	1000018612
14336287	1000057788
14858363	1000057788
26355729	1000057788
82455829	1000057788
23711472	1000057788
104956793	1000034775
1962961	1000110904
32148035	1000034932
19351604	1000057788
134286721	1000110077
20718696	1000001574
481453	1000057788
74270805	1000057788
201650737	1000057788
7305532	1000108898
129748637	1000057788
38522371	1000057788
388471887	1000057788
14090859	1000057788
236144360	1000092964
131320106	1000057788
355741893	1000057788
15693493	1000139310
346960969	1000057788
13100872	1000057788
16055648	1000092379
15450695	1000057788
300418156	1000018612
182481395	1000073037
124496369	1000018612
19579205	1000057788
14174776	1000034775
210923753	1000057788
362055950	1000057788
182844027	1000057788
16513332	1000110519
119506746	1000079439
15207627	1000092379
321193218	1000057788
21283935	1000088514
38119824	1000057788
29755430	1000018310
102433240	1000138645
50564459	1000057788
67669267	1000079439
22985647	1000071508
60444249	1000079372
4072401	1000079439
5525	1000057788
32431432	1000057788
299926425	1000057788
194348353	1000045359
16358091	1000110519
171649753	1000018310
26073527	1000103661
16882697	1000057788
18320546	1000091226
125825736	1000057788
14363438	1000088671
15319941	1000057788
14193719	1000139310
104249727	1000110077
21212730	1000057788
16913834	1000018612
236698395	1000057788
18614443	1000138329
24280870	1000130540
14662955	1000057788
18127502	1000117240
16726878	1000057788
21095472	1000069655
24560836	1000057788
250447400	1000018310
152821342	1000138329
205848662	1000057788
103080181	1000103661
450385603	1000079439
14140619	1000057788
19031643	1000057788
141528278	1000071508
31013971	1000057788
128285020	1000144834
821110	1000056753
15143562	1000057788
257025848	1000076011
16110819	1000018612
150132291	1000057788
149171343	1000025142
11336	1000057788
1198071	1000057788
10165232	1000088693
14111698	1000057788
54791004	1000057788
813645	1000057788
53512422	1000091226
14506505	1000034932
11884772	1000035327
196583226	1000078703
991211	1000057788
16800717	1000057788
43372745	1000103661
18923866	1000057788
37772594	1000057788
487201961	1000057788
96324159	1000068722
168537920	1000018612
124165341	1000018612
14296542	1000034932
344930023	1000025142
16290348	1000057788
37344658	1000057788
321644371	1000018310
14836690	1000102878
40193258	1000057788
231701483	1000018310
130778968	1000043077
263224927	1000053217
8095662	1000057788
383471789	1000018310
140448388	1000057788
18869521	1000051198
32143	1000057788
53488710	1000001574
17930661	1000108898
316291240	1000001574
46217688	1000133603
80359451	1000142365
77867358	1000125056
15619821	1000018612
46967246	1000091226
20004398	1000057788
210162496	1000018310
80782683	1000057788
274852501	1000079439
107845146	1000001574
668793	1000057788
200959768	1000057788
17306745	1000057277
85982464	1000057788
52796949	1000074746
18250750	1000069655
117298664	1000110077
15127502	1000057788
18113531	1000057788
24424030	1000057788
61194080	1000057788
14783047	1000057788
373060257	1000026535
17391516	1000018612
19383808	1000057788
10625	1000013960
82856093	1000095723
14755300	1000057788
192836730	1000057788
17174484	1000020236
42943455	1000057788
14310583	1000035327
20118310	1000071508
36928168	1000057788
57258722	1000057788
14515597	1000001574
23111060	1000057788
296401162	1000057788
188991592	1000091226
40271007	1000057788
64015950	1000001574
220241948	1000057788
18940840	1000057788
17930661	1000020236
782329	1000057788
21351912	1000057788
238260874	1000057788
19658936	1000103661
260556074	1000057788
20437975	1000103811
14521075	1000057788
90118996	1000001574
29521940	1000057788
384761809	1000017052
136035911	1000057788
222750553	1000095837
16337119	1000108898
117394273	1000001574
804268	1000001574
17912817	1000018612
20002123	1000057788
79811836	1000001574
16075408	1000057788
835261	1000100161
23371095	1000057788
469024995	1000088671
31055716	1000071508
252700195	1000018310
234768740	1000057788
18830117	1000057788
20562193	1000057788
350411166	1000018310
191972076	1000138645
397599930	1000057788
293836859	1000001574
218615574	1000001574
70194980	1000018310
26060336	1000057788
1401881	1000037924
15697207	1000057788
46460640	1000057788
96029439	1000057788
143733448	1000029916
18818789	1000144563
19688387	1000057788
431933491	1000057788
113239457	1000079249
104598979	1000057788
52416395	1000057788
51757505	1000144834
360748466	1000034932
11322372	1000110904
1025311	1000056753
14290835	1000108898
208779125	1000057788
232294292	1000130540
297166458	1000018310
357821267	1000057788
17071169	1000057788
45533536	1000157444
362173209	1000057788
15914915	1000057788
65121425	1000057788
221892875	1000057788
22316002	1000057788
19434247	1000018612
58431280	1000078703
238345831	1000026535
127003249	1000053217
76929038	1000034932
8634422	1000057788
31454479	1000001574
14573389	1000057788
72370237	1000057788
349054621	1000110077
47438746	1000071508
18583083	1000057788
387765185	1000110077
455008255	1000071508
43426222	1000057788
249996933	1000057788
14595552	1000057788
18297910	1000057788
127590478	1000103661
14135468	1000057788
184637153	1000018310
383698997	1000088671
15002416	1000088671
65460017	1000057788
54384394	1000106186
14289945	1000108898
14603011	1000034932
23478672	1000057788
22931627	1000001574
18486243	1000103661
62931017	1000057788
249062561	1000057788
196824569	1000095837
21097133	1000109261
36041817	1000057788
70694567	1000018612
5631612	1000125056
38934368	1000139310
15518558	1000060186
29552069	1000057788
15826099	1000144834
215033470	1000057788
161894535	1000057788
332653457	1000095837
10241	1000057788
14506075	1000057788
31626721	1000057788
17436712	1000108391
15489348	1000001574
405353833	1000057788
14546414	1000139310
369316479	1000057788
104615636	1000078703
93714983	1000017052
42057383	1000088671
27839573	1000057788
33998183	1000018612
15642495	1000057788
23430454	1000110077
108804921	1000057788
16788263	1000069655
224304689	1000057788
3427041	1000092379
20710449	1000057788
9374102	1000013960
14822122	1000057788
265021248	1000018310
208943268	1000011697
351788847	1000025142
110181583	1000110077
310468102	1000053217
108558650	1000144834
387172034	1000057788
63118140	1000057788
8882	1000057788
20601123	1000034932
14630490	1000057788
35554964	1000057788
14319981	1000142661
271359139	1000057788
28444033	1000122038
61558088	1000110904
20610232	1000018612
193998015	1000057788
507359651	1000103661
33209708	1000057788
182242089	1000057788
15456687	1000057788
6143852	1000078703
21984066	1000154906
15141620	1000001574
303047664	1000051198
79294040	1000057277
31188700	1000057788
99838316	1000057788
236445685	1000018612
18119683	1000057788
23225996	1000018612
300313876	1000076833
284592580	1000057788
75387243	1000110077
17008726	1000057788
105207660	1000057788
23331682	1000109261
31530624	1000057788
67574905	1000091226
40071926	1000092379
150370214	1000079439
21358633	1000057788
115220819	1000071508
3551781	1000057788
125502784	1000057788
55019615	1000001574
14120948	1000057788
53513002	1000154906
84155547	1000018612
812681	1000057788
27081004	1000011697
311878268	1000110077
20758393	1000057788
193033157	1000110077
235636925	1000034932
259304458	1000018310
18026676	1000139310
168231881	1000095837
240253031	1000078703
22970486	1000057788
36711995	1000001574
19575977	1000069655
15367053	1000108898
73036360	1000108391
10323582	1000034932
33801944	1000057788
13287952	1000057788
198069240	1000057788
76093054	1000057788
17133173	1000139310
21660602	1000057788
311659496	1000071508
16055648	1000057788
32785198	1000057788
77027449	1000057788
237519934	1000001574
681813	1000135619
18919970	1000142365
16224299	1000088671
332565007	1000057788
228923665	1000071508
67060417	1000144834
97261425	1000041517
205796659	1000001574
47173960	1000057788
518228021	1000057788
222090651	1000110077
91667678	1000018310
81475578	1000018310
251720749	1000057788
77341438	1000001574
115180571	1000057788
371092579	1000018310
14855064	1000108898
446776794	1000071508
158719111	1000103661
447289547	1000057788
5244631	1000035327
15917762	1000057788
161540088	1000057788
155817885	1000057788
482272749	1000057788
20685260	1000057788
15262820	1000092379
19090806	1000057788
20780157	1000057788
820281	1000088671
92837266	1000078703
30856198	1000057788
185902260	1000057788
7111412	1000139264
15939057	1000057788
83295602	1000057788
197577781	1000057788
795649	1000037924
226770889	1000018310
31721390	1000110077
128522006	1000057788
38270929	1000079439
15857157	1000088671
220627116	1000057788
128311437	1000103661
186540310	1000002807
208469691	1000018612
22575703	1000057788
13721662	1000102134
66524046	1000001574
17204717	1000057788
266189194	1000130540
14085473	1000018612
96877871	1000001574
120550846	1000057788
44918425	1000001574
268955200	1000057788
16878507	1000020401
31465207	1000139310
20688961	1000020236
56517028	1000091226
15895373	1000095723
18976324	1000032858
26024010	1000046694
318877787	1000071508
186031577	1000057788
14161531	1000057788
15577830	1000057788
292004117	1000057788
95409471	1000142365
37982910	1000060186
634163	1000110904
212293329	1000026535
105190642	1000057788
15814574	1000057788
15519274	1000034932
127245277	1000057788
64931592	1000079439
261331299	1000144834
24130617	1000057788
48630156	1000001574
16786966	1000018612
22363892	1000057788
5913782	1000057788
21185720	1000057788
6003302	1000057788
13385712	1000057788
203917798	1000057788
58355927	1000057788
316006713	1000026535
76587180	1000018310
14662955	1000144834
2911651	1000057788
95128793	1000057788
25945211	1000057788
35992925	1000103661
811213	1000057788
92769735	1000007708
175964136	1000092964
237071168	1000057788
7964382	1000057788
189253902	1000017052
18434100	1000071508
18557657	1000076833
9534622	1000074746
11696732	1000078703
321204868	1000057788
22104535	1000057788
112523938	1000151136
89080257	1000057788
7078732	1000088671
281849654	1000091226
2230871	1000057788
14101250	1000057788
13126382	1000057788
15018214	1000142365
21555789	1000057788
224423919	1000057788
34543018	1000057788
324663507	1000001574
255911653	1000057788
392438665	1000057788
49710326	1000057788
262077808	1000001574
197272283	1000001574
352580950	1000018612
139482163	1000110077
13494882	1000057788
7296332	1000018612
16739593	1000057788
266046161	1000078703
56783491	1000110077
18236230	1000029217
32289713	1000071508
17451816	1000041517
322688807	1000057788
44244590	1000057788
72357328	1000103811
221966395	1000018310
37723441	1000079439
394830005	1000069655
351429370	1000018310
148058483	1000001574
12736222	1000057788
353875935	1000001574
72626096	1000057788
20649962	1000139310
15338937	1000125056
