89820928	1000010186
19370748	1000058874
19927012	1000111580
3466081	1000041995
284102001	1000087268
40977575	1000039213
15280084	1000011159
127809307	1000087268
106436533	1000087268
16311693	1000103247
15648137	1000039213
11504382	1000039213
10054742	1000058874
30226826	1000111580
26235248	1000111580
41335446	1000091915
36413955	1000080361
5471	1000059230
14227559	1000082888
68795677	1000146952
69960885	1000032955
11347122	1000146952
20303544	1000087268
7212562	1000123389
1249631	1000018018
15939644	1000043359
22999841	1000123389
22062165	1000046809
17131649	1000119845
223467843	1000087268
10225972	1000111580
30938926	1000066063
4119021	1000122665
86852711	1000058874
16628964	1000123389
18999830	1000046564
15621290	1000041995
14824385	1000009231
484299228	1000111877
15535730	1000039213
18854250	1000088862
12384312	1000092329
14220233	1000123389
2008761	1000123389
17637228	1000043771
10068722	1000072429
108338186	1000111972
25446919	1000111580
11253262	1000039213
247507183	1000043771
15535730	1000123389
16463326	1000119845
819284	1000119845
54555320	1000087268
86204900	1000089693
14467793	1000111580
20206940	1000032955
8525402	1000122665
4044361	1000023440
816532	1000059230
73291288	1000039213
204957452	1000148522
24816848	1000010186
7612022	1000091915
123937751	1000010186
16172991	1000010186
29964546	1000087268
96770819	1000087268
21341221	1000006549
123054759	1000111580
59514972	1000041760
15417293	1000038408
245220581	1000010186
23146988	1000139226
15430929	1000117468
17539739	1000006549
193355706	1000095468
5374	1000058874
15923226	1000146952
108394665	1000123389
113187333	1000139226
322903190	1000060049
14234493	1000039213
158848407	1000146952
792907	1000039213
14231891	1000082888
10260682	1000058874
15648491	1000111580
767396	1000009231
255392715	1000107708
2467791	1000010186
767396	1000082888
20880197	1000043359
14603011	1000082888
9395252	1000034118
1966141	1000039213
17834456	1000080361
21350891	1000111580
291987010	1000046273
28676476	1000126120
15845496	1000138113
8881	1000107708
102894573	1000011159
16195212	1000018018
14940354	1000010186
14503316	1000039213
21603325	1000085822
51063	1000014158
16995354	1000087268
15675138	1000146952
1966141	1000082888
15822191	1000014158
66182591	1000111877
110588832	1000114283
60961634	1000123389
15378805	1000092329
19802879	1000111580
255232484	1000043359
82208992	1000021963
28165910	1000138113
12999452	1000111580
131244360	1000103247
166900117	1000087268
14220233	1000070006
22039314	1000095468
11132462	1000043512
2158461	1000018018
14120456	1000070006
21672825	1000039213
14046322	1000111580
60962349	1000039213
20543890	1000087268
14483262	1000070006
131928173	1000123389
15693930	1000111580
22127274	1000043359
3271771	1000111972
41272328	1000010186
26376078	1000111580
14728168	1000010186
70947756	1000087268
16402947	1000014158
17316885	1000010186
15861559	1000044216
15820660	1000103247
8835652	1000111580
22467679	1000139226
13451802	1000006549
185795915	1000013952
767396	1000039213
21672825	1000123389
153812978	1000045114
14695514	1000004399
72644483	1000146952
74427281	1000087268
6480252	1000039213
49330996	1000043359
164453793	1000046273
41814686	1000043359
28377162	1000044216
33735023	1000082888
7613282	1000010186
471963	1000039213
17733320	1000148522
62737652	1000087268
157092782	1000138113
36998859	1000119845
382277650	1000041760
15010658	1000111580
10297	1000037790
27935056	1000006549
128292609	1000111877
16012759	1000037790
18462243	1000117468
5654722	1000009231
134363864	1000039213
35777372	1000126120
10915842	1000083529
29013076	1000046809
239320624	1000087268
16097061	1000123389
14467789	1000037790
18392144	1000078084
57249277	1000066063
19518360	1000070006
51263711	1000039213
44364349	1000087268
14528221	1000010186
79250767	1000043771
267350635	1000103247
108811740	1000111580
28262849	1000046564
254646743	1000004399
14368300	1000072429
249252048	1000078084
19534886	1000034118
17087370	1000082888
20342875	1000111877
343797833	1000018018
10035342	1000070006
28495407	1000139226
608853	1000044216
15648137	1000123389
49164309	1000111877
96498631	1000139226
130914103	1000083529
10427562	1000138113
130155510	1000058874
27907984	1000043771
14406208	1000072429
22946999	1000119845
65950594	1000038408
471963	1000082888
89318473	1000023440
63004503	1000010186
215660724	1000087268
20827153	1000111580
45827478	1000045114
14210641	1000018018
33158877	1000085822
17652777	1000014158
189239468	1000021963
783675	1000043512
14503316	1000082888
97739866	1000146952
153784150	1000111580
241998938	1000087268
29631095	1000088862
266233802	1000089693
11504382	1000082888
18569484	1000111877
14227559	1000138113
120879699	1000060049
12038842	1000018018
10441	1000058874
14115587	1000009231
21123853	1000037790
10035342	1000123389
135577953	1000146952
84142850	1000114283
145281097	1000087268
40521832	1000157579
479608593	1000157579
375432180	1000111580
39429652	1000139226
33735023	1000119845
132163166	1000087268
1232601	1000013952
