255810948	1000139285
56558855	1000003241
102255218	1000014230
22926862	1000037727
24497277	1000104247
258955239	1000088482
272124345	1000088482
212293329	1000088482
112816891	1000067162
6166042	1000037727
18252740	1000104247
270412208	1000037727
17652777	1000027087
106031916	1000127718
184637613	1000111939
151577455	1000107759
137029829	1000033855
255658871	1000088482
256078101	1000088482
348281617	1000139285
29501058	1000116487
454348166	1000127718
79024978	1000037727
25797592	1000127718
212247905	1000088482
16125363	1000061261
99686909	1000099365
283342994	1000042322
24936537	1000056613
165887540	1000088482
375860518	1000035243
29132977	1000064773
125041882	1000139285
229741646	1000088482
364385168	1000088482
38119824	1000042322
131294912	1000088482
361625234	1000088482
386699190	1000127718
59675631	1000100013
56773228	1000107759
157198755	1000127718
190143588	1000088482
325075680	1000088482
262340283	1000088482
27400144	1000138144
153150671	1000056613
211933541	1000088482
15720396	1000116487
119180923	1000088482
292632231	1000088482
208645319	1000127718
92409018	1000064773
293202469	1000127718
93329426	1000112239
38172444	1000097048
36823	1000067646
36711995	1000042322
5047361	1000139285
23007446	1000104247
21806473	1000138144
235297248	1000088482
19953283	1000104247
274101424	1000050418
113569880	1000127718
64728673	1000027087
46423291	1000111939
44930735	1000056613
505037123	1000127718
14922225	1000086680
15489348	1000042322
5424862	1000127718
94643346	1000127718
79677215	1000104247
17034634	1000134688
274170701	1000067162
20574410	1000104247
15486823	1000128253
271709253	1000128253
103080181	1000056613
109646364	1000107759
435877791	1000088482
36617968	1000031696
302883217	1000031696
78131837	1000099980
313020652	1000088482
18297754	1000094428
58431280	1000037727
222868205	1000088482
314096520	1000027333
308810030	1000088482
15864197	1000027333
409584473	1000033650
29592491	1000100013
297256499	1000042322
109371322	1000056613
74324155	1000088482
14539153	1000127718
171591674	1000104247
81631697	1000088482
237779616	1000088482
194403468	1000088482
26444473	1000112239
163203962	1000088482
42419359	1000127718
83839005	1000037727
105715305	1000107759
28215110	1000067646
9151842	1000067646
79721137	1000037727
16800717	1000127718
175383671	1000037727
41160647	1000117003
275003449	1000127718
35450530	1000074128
68022739	1000073524
134569487	1000088482
320784065	1000073524
15881468	1000097048
307058731	1000088482
187653177	1000088482
22743223	1000127718
150070308	1000088482
24093713	1000127718
308770445	1000088482
183657870	1000088482
7340722	1000127718
225302763	1000088482
166358938	1000088482
4087691	1000067646
215785630	1000088482
15518450	1000073524
45134201	1000042322
255159787	1000030717
437986179	1000042322
288448212	1000088482
14051047	1000037727
38048560	1000117003
16409781	1000134688
232349888	1000035243
18858188	1000127718
132513730	1000130567
112825848	1000042322
13180092	1000031696
109636940	1000116487
112833778	1000027333
423616113	1000127718
243847008	1000067646
334133960	1000050418
36777024	1000127718
325113355	1000097048
290731863	1000088482
42454435	1000088482
128947143	1000061765
183662591	1000023275
804268	1000042322
44697004	1000056613
229951380	1000088482
293830596	1000127718
204446054	1000088482
71706534	1000014230
50082015	1000100013
159285358	1000061765
71753808	1000127718
43228529	1000139285
327562695	1000127718
41358714	1000037727
245993716	1000088482
227655627	1000027087
113714296	1000030803
106789371	1000007730
336712153	1000127718
404940031	1000088482
187744415	1000111939
553121769	1000086680
234021246	1000107759
345702169	1000088482
259445393	1000088482
368411864	1000127718
14824990	1000116487
16803196	1000104247
79997785	1000037727
9486542	1000067646
18327902	1000067646
320798884	1000127718
301366849	1000111939
11319282	1000023275
370708942	1000127718
202387543	1000088482
199026937	1000088482
24550707	1000037727
96007770	1000030803
2565	1000067646
93069445	1000088482
29756339	1000107759
18980276	1000037727
174445280	1000030803
35095418	1000139285
234233254	1000088482
208549187	1000088482
50499213	1000042322
61382814	1000042322
475355912	1000090121
290216175	1000056613
311582506	1000127718
158804228	1000088482
24841710	1000127718
68442880	1000088482
462087022	1000127718
15018214	1000067646
16489432	1000116487
46404902	1000088482
22548403	1000128253
77341438	1000042322
189310097	1000088482
70200041	1000007730
178184972	1000088482
216037548	1000088482
106592799	1000007730
18985501	1000037727
91731354	1000042322
49163182	1000088482
88130368	1000031696
33364234	1000127718
75370828	1000127718
26143624	1000056613
23204326	1000056613
19578471	1000099847
30001178	1000027333
83669923	1000042322
360245938	1000088482
225542313	1000088482
112275643	1000061261
287564504	1000127718
194385873	1000088482
19041765	1000125293
113519714	1000056613
123740283	1000139285
314904998	1000088482
93228003	1000067646
219754104	1000127718
107845146	1000042322
55045856	1000056613
152425052	1000088482
119212062	1000088482
69147333	1000007730
198224160	1000088482
257236842	1000088482
59057631	1000042322
8768832	1000067646
41284429	1000074128
25371220	1000056613
471465699	1000088482
823234	1000067646
31572616	1000127718
139550054	1000030803
30718477	1000037727
353875935	1000042322
39234189	1000037727
125404532	1000056613
15823784	1000067646
451135171	1000127718
127572682	1000056613
164949886	1000139285
327789562	1000127718
109668822	1000127718
67751089	1000042322
95887503	1000088482
370513358	1000127718
16854206	1000056613
36848025	1000088482
10742132	1000056613
46450482	1000127718
61199499	1000056613
15711863	1000127718
23491365	1000127718
21231796	1000056613
14269152	1000067646
48888718	1000033650
257536805	1000088482
141313671	1000056613
5749162	1000067646
23002445	1000127718
33884596	1000127718
111246248	1000042322
390400256	1000088482
15936421	1000042322
291265752	1000139285
15321506	1000007730
43567124	1000127718
15518450	1000042322
21721401	1000099365
19339490	1000037727
348708329	1000138602
917131	1000116487
356909751	1000007730
181701688	1000088482
22593651	1000127718
329600057	1000037727
216019484	1000030717
284674172	1000088482
313305828	1000088482
153538346	1000088482
189691043	1000088482
26462975	1000042322
60571908	1000107759
143381041	1000050418
58975906	1000033855
142063335	1000088482
339426758	1000139285
1984701	1000127718
72646886	1000064773
311878268	1000035243
205373478	1000088482
384837779	1000037727
91373517	1000037727
202195505	1000088482
14261617	1000056613
169977743	1000088482
497305234	1000088482
117394273	1000042322
181369136	1000088482
294037090	1000037727
138142525	1000110128
19471361	1000099847
36408451	1000050418
20222070	1000116487
151719987	1000088482
165131834	1000088482
7846	1000138602
72685710	1000100013
103451925	1000139285
51336482	1000110128
46584786	1000127718
14060856	1000116487
74860418	1000088482
18993601	1000014230
372300760	1000130567
141021153	1000111939
69426451	1000067646
19417850	1000067646
102988534	1000088482
28960709	1000042322
756977	1000127718
17915692	1000127718
167443754	1000139285
155951259	1000088482
18942977	1000116487
64674727	1000037727
316717044	1000088482
449012609	1000088482
99427459	1000127718
14735742	1000042322
450952913	1000088482
24530836	1000127718
96848570	1000127718
437163259	1000130567
9946842	1000003241
22937213	1000134688
36617968	1000104247
229834197	1000088482
18967409	1000107759
362691320	1000127718
110146442	1000088482
107830035	1000088482
186909156	1000088482
30933386	1000090121
19498557	1000127718
18297736	1000094428
21576334	1000037727
225412476	1000088482
20495653	1000127718
236949898	1000088482
40759527	1000127718
31267919	1000067646
69204937	1000090121
257668899	1000127718
454047262	1000088482
3287051	1000127718
240473191	1000088482
204812484	1000127718
88130368	1000104247
78944566	1000012113
57791589	1000012113
243181897	1000056613
16710946	1000125293
24121791	1000104247
24479150	1000035243
28735548	1000127718
82067206	1000037727
136500621	1000088482
313232208	1000127718
259024819	1000088482
234470418	1000088482
17088729	1000031696
419315922	1000127718
125928987	1000127718
403755157	1000099980
