27492791	1000000214
20167953	1000031537
17979066	1000116415
21772005	1000148948
290876018	1000028557
20950137	1000110358
452385699	1000150284
22386126	1000124149
191982243	1000053847
22605665	1000148457
179340633	1000148991
353887098	1000083018
13018112	1000031537
21353197	1000148457
17156203	1000148991
12002172	1000047767
9670952	1000148457
2869531	1000123558
22843068	1000045116
14827979	1000098486
16669691	1000095689
25932753	1000121870
26969163	1000025158
14311150	1000071193
14220163	1000031537
41865979	1000129244
42162472	1000031537
6738842	1000053847
7744592	1000031537
72985473	1000151990
419356073	1000015987
211185339	1000114057
118203271	1000047677
38601171	1000125795
16631597	1000031537
415726075	1000047677
325260518	1000031537
18026346	1000148991
44050341	1000109424
74759560	1000073881
14843424	1000019634
194397899	1000010657
86146072	1000073881
50760071	1000031537
20893127	1000031537
20578176	1000143966
23989491	1000025941
109684818	1000099540
6519522	1000031537
54415804	1000123162
17813433	1000031848
16683090	1000025158
304814889	1000028557
40829802	1000148457
243283086	1000082066
17876034	1000089285
139479827	1000053847
339875129	1000073881
15111838	1000120037
24180370	1000146199
213670984	1000148991
3040621	1000032442
6738842	1000141521
18462729	1000148615
21625307	1000032442
201535098	1000114057
20193243	1000145868
31583155	1000031537
16263407	1000106373
6376212	1000148457
51643837	1000045116
22831657	1000148457
104548229	1000006268
23730438	1000019634
32736004	1000080740
87697628	1000047677
33571670	1000024395
186330242	1000148457
66021490	1000028507
17689692	1000047677
107129460	1000009414
652293	1000034152
6765892	1000146199
96915603	1000031537
25326140	1000034394
86163538	1000031262
24481739	1000116415
100301510	1000098486
19928703	1000073881
109684818	1000059804
23490670	1000104143
262230710	1000031537
54092452	1000031537
339875129	1000119524
140093395	1000031537
46787681	1000031537
19732725	1000148457
49943475	1000128953
39576002	1000031537
18181487	1000032442
115676348	1000028640
344914507	1000116415
17689692	1000073881
17526132	1000032442
16379018	1000031537
28620933	1000095689
23622564	1000031537
70983731	1000105609
123004655	1000148457
15311039	1000031262
18181487	1000148457
46479217	1000085962
72985473	1000123123
41141618	1000003467
291782180	1000114057
22141633	1000148457
336680499	1000047677
64840773	1000053210
258387742	1000031537
234906656	1000028350
16901887	1000148457
89478035	1000031537
25534013	1000152112
21139132	1000085962
62922402	1000036348
28351670	1000025158
18982840	1000091135
24886570	1000031537
17996177	1000116415
28215110	1000031537
15247902	1000040239
25127315	1000000214
106837463	1000068770
77222430	1000047677
56733951	1000135348
19933146	1000031537
8914942	1000069813
45828719	1000031537
113509194	1000114057
15130854	1000085962
16513135	1000032442
18252775	1000095689
18364847	1000031537
3530911	1000116415
3042321	1000148457
172959279	1000098486
24581361	1000099540
15655027	1000152112
132912535	1000031262
22923478	1000148434
15070495	1000114057
237868194	1000031537
39800030	1000025158
224879926	1000015987
28621496	1000125574
15152552	1000069813
94367426	1000031537
143140700	1000050128
62886136	1000091634
433375144	1000150284
38077338	1000028507
195785338	1000097182
72814599	1000071295
26811248	1000091135
237851779	1000152112
73206956	1000045116
18884601	1000021161
19848777	1000042005
56733951	1000124149
30614676	1000031537
17856208	1000073881
30594807	1000120281
385606113	1000092574
852301	1000148457
11739942	1000138457
14506809	1000148457
30531905	1000031537
17689692	1000114057
322885672	1000104143
137447314	1000125795
83069345	1000126029
95495913	1000015987
19994279	1000031537
30459621	1000042151
153842256	1000138961
15175368	1000031537
108338186	1000044402
38403025	1000065422
71181708	1000028350
40544293	1000154219
19460714	1000031537
20052728	1000028507
7440462	1000050235
15930000	1000095689
49943475	1000095689
141632956	1000085962
15707258	1000050235
24724101	1000034152
29877307	1000071542
17809581	1000031537
18272435	1000045122
15660556	1000116415
285185591	1000116415
21772005	1000025158
30938926	1000148615
271044958	1000050235
17641412	1000098486
58937467	1000028557
70007761	1000148457
17689692	1000042151
5650332	1000148457
23518723	1000114057
15235288	1000031537
41294878	1000148457
67819221	1000028507
286337967	1000093221
77222430	1000042151
301577843	1000028350
70803325	1000148457
62613968	1000021161
17809581	1000095689
346600687	1000120313
339875129	1000099540
259379883	1000031537
211213004	1000041552
67707077	1000116415
14506253	1000031537
23518723	1000099540
99211591	1000065422
19402839	1000053847
18277655	1000031537
7885972	1000031537
2463721	1000031537
293850289	1000085962
377389059	1000047677
27422462	1000045116
18145695	1000114057
207794337	1000031537
38077338	1000114057
22737560	1000031537
18612414	1000126029
31183437	1000045116
22648737	1000068770
14783047	1000032442
32536123	1000025158
31766093	1000042275
234966314	1000011695
33827435	1000031537
104107967	1000031537
126048747	1000148457
27688305	1000047677
32128783	1000031537
22900797	1000148457
31308828	1000118905
24581397	1000138457
15430929	1000117468
14372700	1000028557
155800643	1000138457
172221767	1000144243
190254801	1000080740
24578634	1000078817
37151839	1000104143
124944912	1000148457
26227385	1000031537
22342406	1000009414
15863915	1000031537
14783047	1000148457
19514039	1000070114
96865911	1000143966
282679871	1000031537
339776223	1000047677
28439828	1000028507
283128507	1000120281
24581397	1000073881
20109973	1000031537
27644378	1000025941
11628	1000086274
14343185	1000116415
99763451	1000053847
18227062	1000113377
106618405	1000028033
26281970	1000148457
121218827	1000031537
456287954	1000068770
418985576	1000031537
14947499	1000116415
17334672	1000031537
234515531	1000071542
714383	1000034152
94568228	1000073881
14997974	1000032442
13871102	1000025158
482437150	1000048894
166966363	1000073881
1045521	1000148457
7082092	1000032442
34231471	1000073881
69186606	1000031537
96498631	1000116415
41343046	1000073881
23098582	1000053210
480930665	1000031537
15594928	1000097182
5515802	1000097182
15421558	1000015164
12298182	1000148457
755756	1000031537
71181708	1000028507
56446865	1000019634
255617445	1000050235
381680760	1000031537
22211521	1000011145
190929713	1000042151
19939261	1000090658
19289396	1000003467
96174685	1000116826
15332302	1000071542
3440721	1000148457
258447233	1000031262
54389440	1000078610
136450598	1000023779
94454911	1000148457
18393753	1000075826
83710425	1000011145
256554165	1000073881
15659821	1000137047
45067533	1000123162
61588416	1000031537
18324686	1000031537
17222954	1000038439
14336365	1000031537
8978672	1000069273
172443193	1000031537
42906429	1000031537
71862367	1000148457
17120610	1000148457
409628807	1000114057
14119916	1000036067
21255118	1000106912
315983143	1000113377
50656879	1000031537
1065921	1000148457
107236336	1000116415
137447314	1000138457
16582350	1000031537
28663514	1000025158
17876034	1000152232
20624600	1000148457
204472178	1000003467
89617904	1000028557
444012689	1000047677
49110693	1000031537
27940326	1000031537
15959795	1000148457
59166951	1000031537
54991635	1000099540
148496087	1000078817
35759968	1000053847
50555558	1000152076
17866414	1000047677
18364847	1000028557
48428535	1000016651
10191272	1000116415
13894102	1000148457
26369893	1000031537
17498493	1000031537
52070270	1000031537
130808369	1000021161
90703732	1000031537
14709855	1000148457
28648043	1000031537
25119726	1000031537
25534013	1000045116
36719281	1000031537
256554165	1000126029
291782180	1000067788
25565646	1000028557
38077338	1000073881
17905715	1000025158
14559570	1000148457
22227611	1000025941
30662150	1000031537
20536307	1000028640
14999606	1000148457
339875129	1000114057
25007344	1000028557
119405380	1000068770
21910137	1000031537
109684818	1000042151
28435943	1000148457
42906429	1000025250
8207832	1000053297
94568228	1000023779
39245500	1000031537
9464372	1000148457
201526993	1000028557
242724793	1000028557
234966314	1000123162
139479827	1000048894
49990840	1000031537
11739662	1000138457
97555698	1000085962
166200173	1000025941
14962080	1000116415
34447694	1000073881
88263492	1000095689
414998937	1000031537
19628775	1000038439
37744202	1000065038
21386236	1000148155
19078387	1000031537
16366923	1000032442
137447314	1000129244
15518558	1000041014
105220344	1000071295
104568653	1000031537
26235236	1000120313
17658282	1000116826
143534405	1000011695
3985381	1000070114
18859819	1000148457
8001572	1000032442
19566101	1000031537
14893314	1000011695
10144972	1000021161
24232984	1000148457
23518723	1000095689
19664647	1000135348
169477894	1000051497
15682352	1000045208
67819221	1000085962
19777424	1000148457
14168488	1000148457
269042188	1000080740
3040621	1000148457
29628889	1000148434
47481061	1000011699
18574885	1000019634
342072272	1000031537
23868599	1000109424
16734382	1000071542
105200095	1000120313
27091468	1000031537
57244828	1000148457
104148298	1000082066
20020647	1000148991
289311236	1000047677
226344798	1000146199
7753772	1000065422
281944010	1000080740
269427088	1000028557
11739942	1000042151
148453694	1000036067
12891562	1000011695
25938326	1000138961
35759968	1000120037
20578176	1000120281
17689692	1000024395
14333974	1000028557
15498185	1000116826
17941825	1000028557
82206607	1000144243
15174798	1000031537
37774411	1000025158
18967559	1000073881
19289396	1000126029
21139132	1000003467
725213	1000011695
24933315	1000031537
81162072	1000031848
22183923	1000038439
17777603	1000053847
3824401	1000148457
256554165	1000023779
86146072	1000028507
58599146	1000073881
16876667	1000028557
7872262	1000148457
27911944	1000031537
129939387	1000031537
39800888	1000025158
7123452	1000028557
32933712	1000118502
34642919	1000031537
102865507	1000028557
13482222	1000031537
16852367	1000059804
4356351	1000148457
6165372	1000148991
7082092	1000148457
20289145	1000116415
16366923	1000148457
57769060	1000011699
303506810	1000018263
17750917	1000143782
26516402	1000031537
22638962	1000137047
117187783	1000148457
22641532	1000121870
16605276	1000031537
969441	1000116415
2331211	1000148457
161372707	1000028507
326175038	1000031537
12946892	1000114057
30855079	1000100099
33692766	1000031537
37501155	1000065038
111057593	1000038803
104203516	1000106912
27422462	1000073881
6104	1000086274
125835042	1000031537
38077338	1000085962
16624430	1000071542
14145413	1000021161
201425087	1000047677
2718241	1000148457
30662150	1000003467
1269251	1000097182
3062761	1000148457
234906656	1000085962
17431236	1000028557
14416334	1000148457
21915666	1000085962
15245470	1000031537
72245548	1000092574
46696817	1000090658
15693261	1000015987
23038043	1000019634
33575373	1000120313
17457839	1000047677
48436234	1000143782
71181708	1000047677
62518650	1000012746
34961993	1000031537
55892508	1000080740
190900921	1000073881
16209537	1000114057
65108529	1000031537
18943752	1000068770
12738892	1000031537
34170312	1000098486
35546775	1000031537
28363255	1000080740
71245177	1000038439
816214	1000143782
201711826	1000087253
16690802	1000090658
3163591	1000034152
22462180	1000150284
94209915	1000042275
14498064	1000119524
24864115	1000031537
54282139	1000028557
97730775	1000031537
14245378	1000031537
46715620	1000031537
79378658	1000082066
14458660	1000028557
17850456	1000118502
17114316	1000031537
325830217	1000031537
16060342	1000031537
37982910	1000041014
31766093	1000025158
105595534	1000116826
23018333	1000031537
15104219	1000148457
17850456	1000070114
43973209	1000126029
17431046	1000148457
18697941	1000031537
348968125	1000028557
26829539	1000028507
17024790	1000040239
119405380	1000146199
38366272	1000071542
120879699	1000028557
88752791	1000047677
501794095	1000031537
36249985	1000012746
34447694	1000114057
86664924	1000124149
6165372	1000100099
546938582	1000031537
29390293	1000031537
19102458	1000021161
14168062	1000034152
186284229	1000053847
18228075	1000095689
289311236	1000118905
54997681	1000047677
17365270	1000073881
39485994	1000073881
6666312	1000009523
284353592	1000032442
19674129	1000047767
6089182	1000032442
35759968	1000020773
27492791	1000047677
41243039	1000031537
279135992	1000031537
14245659	1000123123
18624269	1000093221
81107658	1000051497
3296721	1000148457
51352986	1000148457
65460017	1000148457
40944758	1000070114
14086744	1000116415
266187076	1000031537
16908562	1000025158
83952542	1000148155
7420772	1000148457
16004778	1000083303
81891054	1000116415
7860742	1000148457
16243938	1000031537
21139132	1000128602
100063647	1000148457
26235236	1000126029
37151839	1000045208
15445811	1000031537
172913997	1000148457
36681267	1000031537
86328927	1000081572
14181239	1000116415
18462243	1000117468
19246302	1000073881
86626845	1000028507
14673330	1000032442
38711721	1000073881
19402839	1000141521
15642031	1000148457
14784831	1000009414
83069345	1000024395
158100913	1000031537
87697628	1000028507
339686130	1000021161
22432714	1000031537
134093841	1000154219
282345114	1000015164
985401	1000031537
21681809	1000031537
24589645	1000080740
142356330	1000113377
41259253	1000031537
360468443	1000092574
20118601	1000071542
18399652	1000031537
46278988	1000031537
12701412	1000031537
18486881	1000031537
25170188	1000072021
83367556	1000114057
16428683	1000110358
16298462	1000031537
24718246	1000148948
51091919	1000041552
34514558	1000118502
60094114	1000031537
15332302	1000073881
373573313	1000116415
97469184	1000024395
27963524	1000120281
16406096	1000031537
117359940	1000148457
80676273	1000031537
274091885	1000031537
9353422	1000124149
49943475	1000145868
204472178	1000129244
186284229	1000073881
19338101	1000071542
26534772	1000031537
24021805	1000031537
38601171	1000095771
21156523	1000151990
322885672	1000047677
19396923	1000028507
115216851	1000021161
67385109	1000031537
14412605	1000021161
342872584	1000031537
3824401	1000032442
28129848	1000019634
83710425	1000051497
20397258	1000148457
19370748	1000038439
42588508	1000016651
45743806	1000080740
126775196	1000150284
49943475	1000051497
47306483	1000028557
21660348	1000068770
28851282	1000126029
1271901	1000053297
11461102	1000032442
17909306	1000031537
8054392	1000148457
27001193	1000137047
278776000	1000113377
27943005	1000003467
1116721	1000097182
65493023	1000031537
52488565	1000031537
21012872	1000146199
17470801	1000031537
94203832	1000031537
20475670	1000080740
119405380	1000073881
24783836	1000031537
301577843	1000095771
74175429	1000083303
24180370	1000045116
43973209	1000067788
16004778	1000129244
16129920	1000031537
30459621	1000071542
6086752	1000148457
14819061	1000028557
44820773	1000087253
34406638	1000031537
14245253	1000116415
26436019	1000031537
14708049	1000073881
204472178	1000128602
336648016	1000047677
22889424	1000146199
14235180	1000011695
30926148	1000116415
155303400	1000031537
17028306	1000031537
28609947	1000042275
18453792	1000123123
16739174	1000031537
49943475	1000119524
14704192	1000009414
3985381	1000080740
96865911	1000042151
108517476	1000010657
334735103	1000028557
104148298	1000031537
4997041	1000009523
18228075	1000081572
35664799	1000120313
28823239	1000028557
24626969	1000123558
22222000	1000050608
1431781	1000114057
28395347	1000031537
30298209	1000070114
82681495	1000034394
174541760	1000148457
22595031	1000045122
92339418	1000082066
15234679	1000148457
130536950	1000031537
16871528	1000028557
22721166	1000072021
1114911	1000044402
16356344	1000028557
16588095	1000099540
14959843	1000075826
31183437	1000073881
41704107	1000073881
96865911	1000025250
82681495	1000129244
12250252	1000015987
337886919	1000028557
54415804	1000011695
15144542	1000028557
114012727	1000011695
260523318	1000031537
18252775	1000128953
16004778	1000038803
409628807	1000047677
16588095	1000119524
47090580	1000031537
132250094	1000047677
26813101	1000025941
126146818	1000023779
53858029	1000028557
15837189	1000019634
14515799	1000031537
199389614	1000038439
17200287	1000143782
28452658	1000025158
149743164	1000150284
16190898	1000031537
38601171	1000073881
35383950	1000031537
55009164	1000031537
58472938	1000105609
24180370	1000042151
14890490	1000031537
97319539	1000092574
339776223	1000042151
64780470	1000031537
15801052	1000050608
162272513	1000036348
54991635	1000059291
45082357	1000050608
83710425	1000047677
20591334	1000053847
6376212	1000032442
14997974	1000148457
22334025	1000042151
41099665	1000031537
22721166	1000146199
50919221	1000091634
9655472	1000031537
33511585	1000025158
20193243	1000073881
21273459	1000031537
22126763	1000018263
7446452	1000148457
11739942	1000095689
13348	1000069273
86734680	1000006268
15520149	1000137047
37291805	1000095689
15359658	1000098486
30459621	1000073881
18745350	1000031537
136380084	1000031537
91270218	1000028350
80380339	1000113377
16239185	1000106373
26051676	1000031537
18440972	1000038439
107128390	1000031537
47417462	1000144243
30459621	1000028350
25756519	1000095689
42104649	1000031537
19034523	1000137047
119320258	1000028033
15368773	1000083018
14858704	1000031537
54300251	1000031537
25550323	1000031537
30459621	1000059291
29877307	1000114057
25953115	1000095689
28609947	1000011699
467259963	1000028557
809226	1000071542
4339911	1000053847
14959843	1000116826
43124446	1000152076
5774432	1000032442
22811404	1000152112
15566901	1000031537
201831678	1000072021
20193243	1000095689
409628807	1000143966
18813482	1000025158
122194011	1000053847
180066380	1000078610
339875129	1000059804
19928703	1000146199
101894071	1000148457
7094112	1000031262
15332302	1000028350
281944010	1000042275
29785854	1000085962
32132732	1000071193
20106479	1000146199
112565354	1000050128
16190278	1000145868
19928703	1000072021
1117341	1000097182
137483278	1000092574
29061876	1000090658
20020647	1000025158
20064482	1000114057
95646665	1000047677
19542638	1000031537
163374693	1000098486
518019843	1000099540
205045456	1000125574
8113702	1000034152
2841151	1000148457
3266961	1000148457
33657625	1000152232
56359115	1000031537
16231701	1000148457
24180370	1000120281
76420529	1000089285
18701960	1000148457
38565406	1000116826
161476795	1000146199
16096907	1000006268
30970351	1000032442
138516061	1000138961
44809441	1000025158
16079941	1000148457
7764332	1000031537
20740042	1000073881
11379362	1000031537
79238164	1000031537
42964481	1000003467
279135992	1000073881
14741804	1000106373
1118781	1000097182
26235236	1000114057
114947295	1000031537
30905120	1000042005
22029249	1000020773
24886025	1000031537
