17210612	1000099476
13567	1000056530
13770862	1000006687
17633960	1000054237
8852072	1000155094
14763	1000022783
17090569	1000130357
644463	1000172554
10224132	1000065501
15633825	1000057435
14280313	1000155108
14392183	1000040511
11628	1000115427
10983152	1000022783
6994542	1000067625
39777636	1000057435
250049301	1000026022
7372912	1000127379
174108566	1000026022
9789492	1000034640
4833	1000022783
10336822	1000072931
36253	1000055662
12047992	1000065501
48903	1000049934
19547038	1000065501
84534359	1000070347
383362636	1000026022
4708351	1000137321
25993	1000072931
861201	1000022783
14456948	1000127379
11255982	1000065501
50035439	1000065501
7400342	1000065501
8791662	1000125537
13600352	1000065501
14112756	1000067625
3325171	1000070347
752673	1000065501
10682202	1000070347
140108433	1000025656
24974216	1000055662
11320942	1000022783
15508834	1000172554
21179744	1000040511
2223571	1000127379
8207832	1000025656
14955456	1000056530
15442781	1000002448
17090569	1000042958
14108346	1000065501
1295001	1000034640
19384641	1000057435
117536030	1000057435
19648476	1000042958
6053842	1000022783
14760567	1000070347
8438932	1000025656
16144669	1000117761
14955456	1000065501
17556773	1000072931
9453872	1000042958
20609086	1000099476
2873271	1000041380
14417969	1000121815
22481212	1000017687
10865472	1000023769
15790802	1000065501
14246143	1000022783
14629115	1000072931
6320592	1000058073
14233500	1000002448
58063	1000072931
17346623	1000023769
18122642	1000099476
12741	1000038315
24974216	1000022783
11231232	1000163378
5259111	1000080086
6320592	1000022783
639013	1000163378
12534	1000072931
11818	1000065501
20452293	1000127379
13721662	1000055662
14061863	1000070347
14538913	1000065501
16716904	1000022783
16002470	1000040511
7400342	1000070347
755859	1000072931
127624680	1000072931
949521	1000080086
58063	1000125537
14756822	1000070347
17673	1000067315
12830	1000033372
663463	1000048534
50035439	1000117966
14176588	1000117761
1540191	1000127379
16601823	1000038315
714033	1000055662
14544190	1000040511
1447851	1000023769
16655768	1000034640
47348140	1000006687
17090569	1000056530
13811562	1000072931
877421	1000065501
31631020	1000065501
11353102	1000026022
15411800	1000006687
8752622	1000065501
14217937	1000065501
50373	1000070347
10732962	1000065501
10682202	1000065501
24765829	1000026022
13600352	1000025656
7772042	1000080086
17505622	1000022783
15865172	1000115954
774280	1000065501
27008424	1000072931
14334873	1000079554
243041690	1000058088
45803348	1000072931
4664501	1000038315
19380307	1000039987
20437031	1000155094
5827	1000022783
11818	1000076445
793830	1000079554
409823	1000055662
14952378	1000131790
15442781	1000065501
53792610	1000081990
14609434	1000025656
656673	1000072931
15899917	1000057435
14892191	1000034640
6320592	1000000402
1523501	1000023769
3279901	1000163796
8852072	1000017687
14904652	1000081990
16389359	1000026022
16105217	1000163796
15899917	1000137273
3286871	1000026022
15345111	1000095419
48903	1000072931
48903	1000117966
14849487	1000072931
18705914	1000117761
19610339	1000040511
12819682	1000115427
21220972	1000115954
14108346	1000117966
525619415	1000115427
8752622	1000033372
19550535	1000131790
14220606	1000022783
15153	1000067315
668253	1000038315
5841	1000025656
861201	1000023769
2060631	1000055662
182644865	1000072931
302173	1000065501
15629200	1000019499
14503	1000056530
14305907	1000057435
15442781	1000022783
9796452	1000065501
15508191	1000172554
12715	1000034640
714033	1000034640
16832672	1000019499
14112756	1000042531
14132011	1000022783
29039876	1000080086
19081905	1000057435
17673	1000040511
453734871	1000057435
666073	1000034640
15643073	1000155094
392534510	1000041380
21999591	1000026022
86144506	1000000402
15192631	1000025656
15643073	1000072931
1511081	1000006687
17090569	1000026022
18118645	1000163796
956501	1000022783
15153	1000040511
169899130	1000040511
816954	1000022783
18166611	1000172554
14402753	1000117761
15608761	1000042958
145821990	1000072931
14892610	1000149206
791124	1000023769
14405995	1000172554
2727051	1000048534
16396215	1000026022
18742918	1000091996
8308622	1000055662
348664405	1000056530
12938	1000065501
15567042	1000080086
15403	1000065501
646533	1000072931
17648193	1000127379
24765829	1000070347
17599585	1000115427
793830	1000026022
51573	1000025656
11320942	1000115427
17556773	1000095419
8791662	1000130357
18214171	1000072931
14943627	1000163993
109864747	1000163796
18940999	1000163993
24974216	1000065501
15351100	1000034640
14237099	1000115427
4708351	1000065501
13889622	1000023769
17346623	1000025656
787864	1000163378
5553152	1000022783
639013	1000022783
1584511	1000128905
31631020	1000026022
465024108	1000065501
40930287	1000023769
7400342	1000072931
20963773	1000115954
15351100	1000038315
9796452	1000042531
15629200	1000026022
6183972	1000022783
14186262	1000072931
14108346	1000049934
8207832	1000065501
36253	1000065501
12069912	1000065501
348664405	1000072931
11222	1000034640
1295001	1000055662
8678512	1000026022
14089309	1000163796
23962769	1000026022
135201019	1000072931
23545207	1000057435
12520552	1000025656
152035207	1000072931
17473973	1000055662
13721662	1000038315
407403	1000065501
15820160	1000042958
50321599	1000128905
24974216	1000128905
25791837	1000070347
92388296	1000072931
10682202	1000002448
6320592	1000065501
14538913	1000002448
409823	1000056530
36253	1000034640
11963132	1000127379
99843	1000056530
794069	1000127379
14220606	1000055662
13341	1000023769
34163	1000056530
34543	1000065501
14624209	1000026022
8308622	1000034640
5870082	1000034640
36156834	1000025656
781730	1000000402
58291529	1000137273
765548	1000048534
128620610	1000025656
11133442	1000065501
14971237	1000072931
648873	1000042958
82433	1000022783
27179490	1000057435
12528	1000023769
816954	1000163378
5868362	1000055662
14554309	1000065501
12158	1000056530
12678392	1000026022
877421	1000127379
1765921	1000065501
383362636	1000072931
12161	1000115427
16866701	1000040511
143786262	1000026022
15736190	1000076445
793830	1000022783
11322372	1000022783
8852072	1000042958
14518625	1000022783
19814562	1000163796
34762066	1000057435
10877	1000034640
656673	1000038315
7400342	1000117966
6994542	1000055662
11133442	1000038315
14928404	1000065501
176668123	1000039987
57284417	1000040511
32270541	1000072931
14849130	1000072931
10273252	1000025656
15881468	1000163993
644463	1000056530
33363	1000127379
6490602	1000042958
74523	1000127379
20437031	1000026022
15153	1000070347
20469167	1000038315
765	1000115427
12534	1000065501
2365831	1000033372
14207200	1000099476
15335058	1000065501
14849487	1000117761
13085502	1000155094
2059301	1000034640
638323	1000115427
14503	1000026022
12591	1000117966
31393	1000025656
60463	1000042531
8852072	1000056530
84692450	1000057435
5943162	1000025656
10732962	1000056530
61133	1000056530
15030908	1000056530
7552082	1000120436
14763	1000080086
2703041	1000080086
14637048	1000088777
12633712	1000072931
26861141	1000149206
11794312	1000070347
17688601	1000155094
6798592	1000054237
12806822	1000106380
12591	1000026022
31808570	1000002448
15349708	1000080086
14637048	1000081990
7372912	1000065501
25993	1000127379
15281463	1000058088
14306648	1000022783
34543	1000022783
32823	1000058073
18214171	1000091996
9655342	1000072931
855741	1000115427
21633	1000137321
634163	1000163378
12528	1000034640
12806822	1000163378
58291529	1000057435
16623244	1000065501
14176588	1000065501
198410517	1000115427
15813218	1000019676
15777123	1000055674
370024566	1000172554
77483	1000034640
3325171	1000026022
58802066	1000058073
22481212	1000056530
6503412	1000034640
23433394	1000117761
2727051	1000072931
16847294	1000130357
37709713	1000072931
3302	1000034640
2334221	1000072931
24765829	1000056530
182644865	1000100864
12069912	1000072931
14538913	1000127379
82433	1000055674
30855843	1000072931
202571491	1000042958
176668123	1000072931
14475298	1000115954
14187249	1000025656
1523501	1000025656
3286871	1000088777
15878470	1000095419
15813218	1000100864
3286871	1000099476
12591	1000056530
9980812	1000022783
7695342	1000056530
14453798	1000131790
19315899	1000025656
15403	1000023769
178246193	1000095419
18389670	1000038315
784290	1000065501
18389670	1000055662
15629200	1000022783
11718	1000065501
12534	1000155108
36253	1000038315
14220606	1000034640
787864	1000106380
3286871	1000070347
648873	1000072931
15030908	1000055662
16116572	1000025656
1315011	1000115427
15454228	1000056530
668253	1000055662
12069912	1000127379
15735952	1000033372
20452293	1000072931
15396961	1000065501
10336822	1000055662
15629200	1000065501
24765829	1000065501
220045059	1000070347
82433	1000002448
14544190	1000042958
7772042	1000065501
5827	1000072931
799212	1000065501
10224132	1000034640
19218552	1000002448
13811562	1000120436
32445507	1000121815
16882660	1000056530
14437310	1000152458
14538601	1000080898
1671811	1000080898
7459092	1000115427
48903	1000065501
17558555	1000070347
127624680	1000095419
17630515	1000019676
84158139	1000076445
70096167	1000099476
16144669	1000000402
17090569	1000072931
18742918	1000067625
11961352	1000152458
