19273960	1000138622
45753733	1000042248
18022068	1000017713
385621090	1000084267
14366992	1000153874
20526223	1000041150
22161438	1000102162
298757008	1000162698
6217542	1000111555
120356530	1000138622
385078582	1000057065
43412421	1000138622
17093148	1000107120
5815272	1000121005
119813269	1000111555
24788299	1000111555
58296748	1000066686
378291801	1000084267
257542789	1000121005
11222	1000175615
18128603	1000162698
15101375	1000084045
3253121	1000059886
346869279	1000162698
356447837	1000162698
20091908	1000052106
824157	1000111555
341603426	1000162698
70736039	1000121790
37668875	1000109843
21345893	1000050124
22977954	1000124337
7598542	1000059886
21913907	1000162698
21053653	1000052106
14687984	1000008226
23575194	1000051855
9460662	1000111555
23695888	1000099089
5827	1000111510
49756585	1000037232
26176694	1000162698
7772042	1000017713
19788368	1000059886
93112126	1000076640
5936272	1000111555
35623	1000111555
287411130	1000162698
522583084	1000107120
14411907	1000017713
20576585	1000042248
71429309	1000076640
1054621	1000079035
12938	1000017713
31554743	1000162698
15420011	1000050124
14981505	1000041150
3452911	1000175615
74134553	1000076640
27122407	1000109478
19471190	1000057206
14253068	1000168352
87044829	1000162698
21102601	1000051353
19362297	1000111555
27076650	1000138622
9527392	1000138622
28631509	1000016821
52581492	1000076640
21075893	1000162698
40305346	1000080940
29034979	1000162698
23871118	1000083091
2022341	1000160298
15777123	1000017713
18497302	1000111555
480982242	1000162698
15518558	1000096574
16312316	1000102162
21102601	1000160298
108341871	1000050124
109159277	1000162698
17073902	1000159775
30267128	1000162698
12685742	1000016821
17372274	1000111555
23910879	1000046506
442034337	1000162698
20011071	1000068808
14163141	1000111555
17564647	1000162698
35520084	1000118235
14643449	1000083091
25325913	1000050124
12412572	1000150415
105895378	1000162698
88758412	1000118235
15295809	1000121790
234966314	1000016167
33224364	1000083091
346869279	1000084267
17593847	1000057065
21132431	1000138622
8552602	1000111555
14248719	1000079035
9480732	1000111555
14375110	1000168352
14364626	1000057065
822284	1000111555
26123649	1000111555
26176694	1000084267
23695888	1000109478
106333951	1000080672
10135132	1000039182
95064358	1000051855
206765836	1000162698
309325161	1000084267
7552082	1000111510
325106566	1000162698
16582191	1000105199
4915091	1000051353
12543	1000111555
322822476	1000162698
8937792	1000175615
18454912	1000104673
16004778	1000169770
210731960	1000162698
211614808	1000162698
250441643	1000162698
26033281	1000054205
120957738	1000057065
15642401	1000084045
210629559	1000153874
14143533	1000059886
82681495	1000169770
48459300	1000054690
36301775	1000076640
375898136	1000111555
527831741	1000138622
40329238	1000162698
816532	1000111555
245394117	1000084267
46828073	1000037232
110730064	1000111555
14235180	1000016167
49781679	1000084267
543373651	1000162698
15948448	1000051855
1305941	1000111555
15567576	1000077612
19628775	1000050124
195564709	1000107120
3475	1000160298
10051022	1000111555
16560905	1000121790
281159810	1000162698
24176502	1000138622
28713040	1000051353
39342935	1000046057
264474635	1000118235
238308325	1000162698
160008685	1000162698
528	1000111555
72184290	1000159775
19315899	1000111555
60033	1000111555
8438932	1000175615
46114108	1000054205
58245520	1000162698
636923	1000111555
425539746	1000107120
15070932	1000162698
7180132	1000080672
255562173	1000107120
213032194	1000162698
287411130	1000084267
6339822	1000104673
793830	1000111510
35707603	1000066686
7921292	1000138622
19045458	1000039182
10350412	1000046506
246297626	1000162698
18704392	1000083091
12251322	1000168352
26087034	1000138622
24695991	1000099089
63189694	1000078200
48459300	1000050124
15838770	1000109478
106927162	1000054690
8501792	1000111510
39548993	1000118235
14402018	1000046057
39340894	1000162698
16461070	1000159775
22472008	1000105199
115313263	1000084267
14847279	1000077612
9070452	1000168352
20872592	1000080940
399793617	1000083917
491431687	1000162698
182013328	1000104673
6022652	1000125679
791124	1000159775
38895958	1000111555
20329977	1000053143
675623	1000125679
47410486	1000124337
210731960	1000084267
14522630	1000083917
156657374	1000168352
392937007	1000107120
24290627	1000059886
3163591	1000111555
6438	1000160298
65207511	1000105199
657863	1000159775
1103	1000159775
5637652	1000111555
15838770	1000080940
440282483	1000124337
165795009	1000162698
5660222	1000111555
15361570	1000051353
385621090	1000162698
795244	1000175615
18034357	1000168352
15955862	1000111555
115313263	1000162698
548631386	1000162698
96884064	1000057065
240063501	1000162698
7813142	1000105199
783682	1000111555
21174708	1000102162
24583	1000009948
785347	1000111555
40676159	1000008226
25892360	1000076640
607063	1000160298
2146141	1000051855
61541963	1000118235
792537	1000051855
32462148	1000076640
16905553	1000079035
548539370	1000162698
9254272	1000102162
652193	1000111555
756242	1000051855
2182641	1000111555
14512216	1000053143
297683673	1000162698
15860392	1000076640
242323333	1000102162
14537203	1000059886
74759560	1000096574
22697165	1000111555
185306056	1000068808
247031120	1000084267
144286235	1000057206
26423000	1000162698
46746458	1000118235
252887163	1000162698
14300557	1000078200
124450322	1000109843
277299883	1000107120
96828017	1000083091
690083	1000111555
24695991	1000109478
2232241	1000059886
14306904	1000105199
31388042	1000138622
86908540	1000138622
339943969	1000162698
130917777	1000162698
76975124	1000042248
24839271	1000057065
294241845	1000109478
23215572	1000162698
250441643	1000084267
11458102	1000168352
11463762	1000051855
26303689	1000084045
82488357	1000009948
43672886	1000076640
28459102	1000105199
49781679	1000162698
15773439	1000057065
15853490	1000150415
