126819958	1000002176
17386985	1000097260
61558088	1000091375
255802087	1000138314
15751301	1000017394
504749831	1000150295
17769620	1000138314
15860867	1000002176
17853760	1000005136
92065425	1000002176
38395010	1000004602
201459056	1000081878
63516292	1000122408
806720	1000079926
18776131	1000023734
40930287	1000039412
18247541	1000154918
9156442	1000100006
1768351	1000053572
49086693	1000072107
16415588	1000114005
2060631	1000138691
17803303	1000157154
770545	1000150295
755756	1000022026
164024096	1000097896
46965517	1000002176
11463762	1000097260
61336370	1000067300
5152401	1000002176
17970452	1000072947
6321322	1000138583
14453798	1000097896
150505377	1000140380
19970709	1000117172
51303	1000085297
338539802	1000002176
15062340	1000110646
41374504	1000091392
64498671	1000015171
14335661	1000023734
16655768	1000138569
14703882	1000091375
11677	1000026376
243466486	1000154918
13265572	1000053572
12555	1000052490
20091908	1000116907
15410099	1000097896
29842036	1000078815
14856864	1000002156
19885400	1000047109
19390810	1000136644
20229241	1000079926
10877	1000132212
21182763	1000078925
405954273	1000097896
12196	1000132212
17736965	1000081235
253955065	1000001776
9243482	1000150295
153069336	1000080068
16591188	1000150295
144463558	1000146515
11922692	1000010802
81501774	1000117547
130262012	1000010116
5340042	1000139731
25388164	1000002176
46045669	1000097896
656673	1000138691
55676177	1000085297
15396961	1000086517
7111512	1000022026
21782626	1000031090
174904516	1000053534
14575846	1000002176
15790496	1000073256
451044230	1000002176
5569522	1000080665
14704316	1000114092
720843	1000146408
3339331	1000053572
22442001	1000117547
406550646	1000002176
9509482	1000073256
79184073	1000007194
10778152	1000138314
14351575	1000091375
31941155	1000002176
3325171	1000108439
24553095	1000152837
15290899	1000140380
23457085	1000150343
15839551	1000002176
31664653	1000083751
38459087	1000100006
124474025	1000154985
19685693	1000044093
7921582	1000149150
12491	1000129263
36253	1000036604
494538543	1000010116
101841500	1000028977
14113479	1000150295
5511	1000153435
225491959	1000152837
20114488	1000131585
19119804	1000127416
45145944	1000114092
7860352	1000132212
18755518	1000081878
125996244	1000076065
77175478	1000093422
14437310	1000033135
17783026	1000094274
1828811	1000002176
50551957	1000002176
15728083	1000140380
2060631	1000151922
39796783	1000034018
87771546	1000018572
255836353	1000097268
15905088	1000112374
11407672	1000110646
8274792	1000073256
18621318	1000063260
5609462	1000043761
849101	1000105534
10135132	1000124807
18621318	1000140380
18957239	1000013016
20263382	1000114630
2852911	1000022026
31941155	1000140380
3325171	1000065860
132672405	1000043313
18646010	1000138314
15396961	1000068739
14472428	1000022026
341827533	1000052490
7772042	1000068739
115523535	1000081560
19151489	1000075286
232733395	1000140380
16097061	1000146408
145271868	1000066439
36417354	1000150295
9463382	1000138569
24026819	1000039412
17619106	1000043313
13809612	1000073256
43365692	1000075286
122221870	1000117547
18740669	1000001776
24644909	1000105056
292102750	1000140380
14973520	1000149793
402845152	1000020894
57043046	1000002176
238392144	1000129520
12244502	1000066439
7400342	1000018390
20607165	1000023734
43883192	1000094274
308280360	1000002176
12835572	1000043313
26155411	1000043313
14153283	1000139540
15675252	1000065924
29287875	1000079926
14849130	1000108439
16909832	1000002176
10224132	1000138569
9779032	1000150295
329518010	1000072947
8151822	1000048337
24202701	1000043375
251785109	1000042726
129579529	1000157629
94881967	1000100006
15988433	1000132186
634163	1000138569
13265572	1000033135
9085252	1000091375
16665419	1000115272
348664405	1000030600
6840332	1000083751
136023366	1000050874
7738402	1000131767
21992459	1000043313
16866701	1000150295
78855722	1000130724
14676716	1000146408
226011346	1000017394
104598979	1000086369
14063949	1000002176
15643073	1000115311
105189289	1000015171
116407905	1000153435
12555	1000097260
193257525	1000100006
10813822	1000002176
22882670	1000093422
13420	1000068739
635523	1000126488
14270878	1000002176
18024103	1000078925
14849487	1000070566
227024319	1000002176
23137012	1000044285
14712874	1000111733
14248719	1000112357
536493529	1000081560
14337403	1000059208
29293260	1000067300
11541192	1000039412
17228988	1000146515
40888730	1000072947
31665210	1000097896
47530681	1000115272
120222891	1000002176
179524189	1000157154
520031877	1000081878
25068332	1000080290
3325171	1000115311
20483440	1000043932
14166219	1000140380
8792232	1000042187
794186	1000002176
42332035	1000002176
135201019	1000030600
133882331	1000073028
11837232	1000035609
13721662	1000020149
458121216	1000147135
364083931	1000007735
81501774	1000053534
20114488	1000138691
18623616	1000049360
113497030	1000081560
85514383	1000138569
64121269	1000147366
90849125	1000065924
15777123	1000138583
48358776	1000015171
23664028	1000119240
15477714	1000081878
85114893	1000059208
121607917	1000043313
8867702	1000113335
15591032	1000002176
14101862	1000002176
48845524	1000141104
16352615	1000070566
341697578	1000140380
260075117	1000007735
5478442	1000052490
10545772	1000017394
67372632	1000001776
14849130	1000126920
41213572	1000081560
156204515	1000079662
14498387	1000097896
28966878	1000150295
51843293	1000123306
15524228	1000100006
17139227	1000002176
15637825	1000086517
10877	1000051533
90849125	1000083026
20703666	1000002176
114284807	1000093422
16660451	1000098345
45765141	1000140380
211230952	1000138314
233048634	1000114944
10312392	1000129797
10951232	1000023734
55735813	1000024530
75691167	1000081878
14176588	1000010802
12916	1000146408
8266102	1000081878
15680097	1000146408
89262754	1000097268
313671709	1000081560
20458823	1000078925
16072024	1000091375
117283284	1000002176
270652177	1000081560
414	1000053220
14173608	1000097896
11463762	1000091627
18630326	1000136150
24795863	1000048337
70218519	1000002176
11255982	1000138569
5520332	1000105534
15399444	1000132186
2727051	1000097260
14362294	1000043761
14166886	1000150295
145877218	1000123495
14696525	1000063260
28933226	1000157154
13096852	1000129520
1321791	1000110646
15861559	1000112357
112593696	1000074152
16263407	1000090535
22901296	1000097896
153069336	1000122522
7860352	1000035609
21556678	1000154821
54468739	1000002176
216871973	1000043313
14109797	1000091375
15899917	1000031554
16847294	1000010116
15640161	1000002176
15106982	1000100006
36325964	1000090952
18709570	1000097896
14372143	1000139540
14257226	1000002176
25581869	1000080290
79518156	1000081560
1090141	1000110646
14220606	1000138691
14619661	1000136644
54858527	1000145112
14830184	1000151221
782912	1000115311
58802066	1000023734
14456948	1000014767
50321599	1000150295
325196338	1000008344
29571960	1000122522
5647742	1000076065
63189694	1000140581
221892875	1000047583
15554080	1000022026
4664501	1000053572
204759632	1000047583
61133	1000097260
639013	1000138691
14050073	1000002176
15030908	1000108439
479882621	1000005136
692513	1000002176
18389670	1000020149
30704824	1000043375
16905553	1000112357
15629200	1000150295
7738402	1000129263
1305941	1000008133
280162778	1000140380
131594600	1000073028
799212	1000023734
16999210	1000090952
83880850	1000147135
4833	1000108439
616253	1000049360
6531772	1000085297
108675409	1000136372
341697578	1000002176
82553416	1000097268
20953935	1000138314
1729441	1000150295
13459652	1000065924
181449033	1000157154
14237677	1000081878
11677062	1000154918
81501774	1000020894
20643889	1000036604
759290	1000002176
119908470	1000045275
12741	1000023734
31354853	1000140380
9796452	1000131767
1966	1000022026
61133	1000138583
258217323	1000104011
19597106	1000002176
72353677	1000140380
18742918	1000083026
8308622	1000155160
291361629	1000069819
1199081	1000085297
11681802	1000024017
2695901	1000061437
18233897	1000097268
1233821	1000053572
149660084	1000140380
39254008	1000084432
8308622	1000138569
34244280	1000157154
81501774	1000033280
646533	1000108439
14610206	1000002176
91292413	1000043761
17872874	1000112357
13088162	1000123495
42092597	1000002176
668253	1000011016
38437420	1000105965
73113327	1000107443
14946893	1000100006
311268617	1000097896
14805097	1000138583
17948572	1000047109
22997147	1000063260
13721662	1000109383
7044992	1000090535
15665127	1000144470
82225833	1000002176
19960690	1000117547
62359006	1000097268
646533	1000124807
15410758	1000063260
771712	1000072416
723463	1000023734
18692078	1000145112
17912337	1000073256
27595997	1000054915
14558385	1000154821
656673	1000039412
68003	1000150295
85618686	1000010802
58063	1000018390
25729606	1000044285
35741532	1000040652
25124549	1000020894
17124747	1000002176
25464811	1000100006
35821839	1000086517
24422716	1000081878
16930113	1000002176
269546223	1000002156
2565	1000022026
26714057	1000063260
47263945	1000070566
60273	1000039412
14477161	1000023734
8479062	1000022026
18433412	1000076065
15938093	1000112357
482569040	1000157154
72339761	1000059564
245470685	1000145112
72644483	1000043375
85114893	1000154821
23044006	1000097896
17122048	1000072947
158636490	1000043313
14110750	1000070566
27013261	1000140380
210944652	1000072947
23468302	1000110646
33402909	1000130724
319036126	1000141104
64423563	1000010802
386209891	1000143591
19257180	1000079662
956501	1000085297
143786262	1000094702
117620953	1000002176
22024874	1000002976
15488968	1000002176
57562509	1000108842
18898232	1000139731
280919733	1000043313
3302	1000139540
18928583	1000081878
19610339	1000133811
17346623	1000097260
16892481	1000005136
19750276	1000072947
7144882	1000049245
144735154	1000143217
18206161	1000022026
348429830	1000091375
18443018	1000023734
11922692	1000070763
37709713	1000023734
83839005	1000142668
477247603	1000123306
81696307	1000140380
12602932	1000053220
6442312	1000017394
20466609	1000111733
8004732	1000097896
14280313	1000138583
19086603	1000043313
28635233	1000106211
16740348	1000129263
248007541	1000002176
31525143	1000053534
7400342	1000108439
14176588	1000113133
7044992	1000075286
14180345	1000066439
631503	1000066439
17648193	1000053220
357268791	1000008344
16336800	1000023734
16830572	1000045021
241214783	1000081878
417622555	1000157154
15758036	1000002176
21053653	1000092575
35066483	1000081878
24026819	1000133979
15865260	1000152702
16865781	1000108439
19730211	1000018572
188196198	1000081878
60033	1000038271
2475171	1000153435
9515832	1000129797
21166244	1000140380
19809876	1000145112
25211780	1000033135
19679882	1000020894
82283114	1000143591
84094747	1000133812
20643889	1000001776
105880821	1000002176
22273667	1000097260
26322751	1000157154
17630515	1000072416
15153	1000150295
338105950	1000002176
5340042	1000078216
19930345	1000133812
32823	1000093422
146269168	1000002176
10155272	1000140380
87273337	1000105056
277402513	1000097896
98942778	1000136644
409823	1000108439
40930287	1000070763
19028099	1000033135
6666312	1000153435
32138488	1000015171
14087328	1000002176
4833	1000070763
2735631	1000139540
21709230	1000002176
670843	1000053572
21208444	1000130724
6545732	1000023734
33753936	1000024530
191467300	1000144470
32381348	1000002176
922	1000085297
203309516	1000122408
16552794	1000146408
2039761	1000029619
107986139	1000145112
40318230	1000130152
318182652	1000147135
18898232	1000072027
32209346	1000123077
17674378	1000072027
27674040	1000110646
258741967	1000043379
11661	1000150295
615813	1000086517
89572877	1000097896
793830	1000108439
11133442	1000150295
14558385	1000044285
81501774	1000098345
2426	1000053220
58961325	1000151062
14437310	1000131767
635523	1000091375
22697165	1000066439
15877164	1000017394
10951232	1000131767
113576014	1000157154
1753061	1000150295
14885496	1000001776
266393764	1000113574
17375110	1000073256
47429047	1000002176
21683202	1000015171
11000562	1000068739
87729173	1000138314
12158	1000150295
14351575	1000116907
41553	1000023734
15764490	1000086517
49086693	1000078216
27998627	1000043313
520809979	1000002176
17501629	1000100006
14237677	1000002176
14173190	1000051533
19415126	1000002176
10266522	1000108842
17980497	1000075286
861201	1000022614
19752962	1000114092
38389963	1000097896
28755851	1000002176
14397546	1000005774
15345111	1000079926
20477352	1000079926
281910155	1000144470
875511	1000080665
813637	1000059396
243058696	1000008344
9742462	1000066439
49698116	1000073456
16115022	1000080812
88259214	1000081878
809010	1000073256
99571358	1000078925
15947348	1000065924
10732962	1000150295
5413042	1000002176
15640161	1000140380
5379992	1000043761
11740382	1000002176
21076998	1000154821
14476063	1000002176
14300025	1000097896
88259214	1000002176
19499808	1000002176
18638800	1000022026
14402753	1000114944
14852981	1000053572
644463	1000060247
36325964	1000105965
349566230	1000140380
102197466	1000147258
14477161	1000068739
11447852	1000017394
2039761	1000022026
14420887	1000024451
10266522	1000140380
19924261	1000100006
16883526	1000114630
20768844	1000154595
16865781	1000150295
25123683	1000043313
11856762	1000140380
6183972	1000040943
22629242	1000002176
20327122	1000002176
14333742	1000072947
16542981	1000042040
20888597	1000138314
6814192	1000029619
656673	1000138569
14069559	1000145112
83368027	1000002176
19267390	1000005207
75691167	1000084432
14830184	1000086517
19148708	1000074152
3452911	1000110646
128620610	1000097260
17864230	1000043313
275838517	1000157629
14584466	1000002176
767396	1000068487
39680464	1000144470
34378367	1000052973
97743746	1000054486
14240103	1000010802
18940844	1000002176
64253854	1000157060
63961782	1000086681
19073491	1000002176
441285263	1000010802
15686692	1000079926
75965366	1000097896
467966761	1000140380
14185988	1000150295
14467421	1000155364
202571491	1000138583
785555	1000043313
196735589	1000149793
376502190	1000084432
16657098	1000105056
84298716	1000105056
10221882	1000078925
643653	1000097178
14659051	1000080068
730593	1000126488
19791741	1000146515
62359006	1000043313
14220606	1000109383
15247773	1000117547
14753987	1000117547
14692093	1000136644
18825668	1000062456
336982110	1000140380
20662440	1000069095
7410792	1000002176
18389670	1000018390
14584644	1000084432
14207199	1000002176
14108157	1000157060
1249881	1000110646
9632752	1000097260
24609163	1000108439
38395010	1000146515
48463781	1000076065
14477161	1000053572
16089052	1000097896
4833	1000138569
58063	1000150295
14179545	1000097896
103709540	1000108459
6281792	1000043761
16669932	1000133812
12741	1000033135
70587360	1000112357
84193657	1000123077
35676929	1000080068
174904516	1000154985
23457085	1000002976
5611152	1000147258
179340633	1000130724
106198153	1000121927
1979391	1000002176
18740669	1000138314
15030908	1000150295
164255174	1000152837
15736190	1000000522
12497	1000065924
24854021	1000117547
14882684	1000033135
528	1000022026
17466108	1000112357
67459016	1000002176
14065010	1000131767
57685105	1000145112
13460312	1000040943
9632752	1000033135
81709828	1000002176
714033	1000138569
14174144	1000072947
14437310	1000108439
454342950	1000140380
23769493	1000138569
14984003	1000002176
15865172	1000002176
18359862	1000033135
15464883	1000053534
20796121	1000152660
64595968	1000133812
14069559	1000127322
441285263	1000032348
8852072	1000115311
17623957	1000005207
28597237	1000097896
33191389	1000002176
218742198	1000097896
31354853	1000048337
11250	1000108439
6735	1000085297
17058403	1000011532
23095837	1000070763
89931378	1000072107
332232530	1000011016
13041272	1000120409
41291873	1000097896
5827	1000108439
7738402	1000115311
17654287	1000149793
19750255	1000145112
287891105	1000081560
35827447	1000002176
24057172	1000140380
788250	1000105965
12576702	1000024017
40318230	1000108372
30863	1000132212
18812025	1000138314
16542981	1000145112
15120464	1000017394
14544190	1000151922
220045059	1000024031
134935099	1000091375
163556820	1000002176
615813	1000023734
19402664	1000002156
21146523	1000100006
25007375	1000136644
18024103	1000059208
20649406	1000097268
17462502	1000065924
6740642	1000011532
8231962	1000053220
15921464	1000002176
7646402	1000039844
24297552	1000140380
111114287	1000005136
83963371	1000002176
756242	1000069095
45784061	1000002176
40646766	1000097268
11224342	1000043761
14951992	1000079926
120296068	1000002176
14153283	1000150295
4523471	1000129797
35908173	1000097268
16521996	1000081235
989	1000091375
20018109	1000066439
11250	1000113574
2060631	1000117368
359749285	1000132593
95295833	1000002176
49533	1000076784
14227559	1000146408
24582572	1000097896
10696062	1000100006
39254008	1000002176
15454228	1000108439
17902089	1000067300
187323360	1000117547
146525713	1000091375
363236099	1000084432
68549971	1000004842
68796392	1000002176
102285885	1000002176
35164139	1000117547
15268048	1000067614
14477161	1000033135
70423999	1000002176
108669535	1000130724
78993414	1000108842
43929488	1000002176
29047058	1000043313
20437031	1000018390
1311951	1000108372
135201019	1000053572
16690802	1000028977
15351100	1000060247
18898232	1000094274
117620953	1000097896
9019482	1000110646
24907197	1000044884
23429965	1000063260
58063	1000108439
11255982	1000068739
38741006	1000050874
9463382	1000070763
37478021	1000007735
17549729	1000028977
16362450	1000097268
194529984	1000136150
46716477	1000073028
26155776	1000048337
18695316	1000151221
15619589	1000078925
134968136	1000149793
14944855	1000044285
39445335	1000010802
132831866	1000031090
17521796	1000144470
6376212	1000067614
300674363	1000002176
11775382	1000017394
14586891	1000086681
177564924	1000002176
14351575	1000092575
16336800	1000151922
22024874	1000013016
106198153	1000001776
15159694	1000132466
17783779	1000020894
18898232	1000078216
709063	1000112357
356474209	1000002176
1295001	1000137077
15078306	1000002176
15743570	1000010802
229725732	1000140380
332803989	1000078925
511121728	1000081878
153069336	1000005774
35857983	1000081560
187323360	1000136150
11250	1000035609
49533	1000094274
5471892	1000140380
294430454	1000002176
20163916	1000132593
19332295	1000153435
1523501	1000097260
6545732	1000131767
289578422	1000007735
38508404	1000144470
19809876	1000111733
13811562	1000011016
18274715	1000143591
14377387	1000045275
107412282	1000140380
318202015	1000081560
4833	1000115311
92525197	1000131585
119908470	1000036604
15281076	1000097178
12782472	1000005774
86052970	1000002176
161290361	1000147135
98942778	1000130724
33797153	1000117547
50035439	1000023734
5259111	1000097260
6385432	1000105534
16272448	1000073256
217931270	1000139308
14670548	1000022026
18301663	1000097896
7714502	1000059396
2141321	1000100006
13276422	1000131767
23962769	1000047583
13420	1000011532
19232121	1000140380
81201609	1000117547
26714057	1000097896
21220972	1000002176
14233500	1000150295
39126269	1000002176
19730211	1000111802
14500028	1000002176
9533042	1000065924
498479021	1000002176
78535955	1000002156
113463725	1000138314
14731905	1000070566
16540829	1000011386
14601788	1000053572
27837808	1000002176
43883192	1000043757
24404523	1000024017
167380894	1000152837
162388572	1000053220
9796452	1000032044
7331992	1000147135
18832064	1000002176
233048634	1000032348
46716477	1000023734
90849125	1000131767
64333425	1000075286
11420652	1000147135
31567254	1000140380
24974216	1000108439
348664405	1000108439
23064821	1000072947
14348419	1000079926
375524989	1000145112
14110750	1000131585
153559103	1000069819
18898232	1000152837
358553967	1000140380
156701544	1000029789
65139172	1000112374
14371740	1000100006
12998242	1000113335
17912684	1000002176
54806215	1000111733
14791162	1000136644
11394362	1000004842
5984072	1000085297
25837866	1000097178
13600352	1000097260
17090569	1000047583
34373923	1000074152
43952326	1000136644
11353102	1000065924
8978022	1000031090
18443018	1000097260
37878753	1000147135
14712874	1000022026
35623	1000085297
255802087	1000036604
63032799	1000086517
88996186	1000068739
14220606	1000151922
11231232	1000033135
274318725	1000049245
63485337	1000002176
24989711	1000002176
616843	1000072947
229969377	1000130724
433771509	1000002176
1374411	1000022026
337724718	1000002176
16411697	1000023734
14622694	1000114005
29592491	1000078815
949521	1000132212
14334873	1000126920
215458899	1000043313
13212522	1000039412
76385990	1000022026
114563370	1000002176
14892191	1000036604
217931270	1000078925
48903	1000070763
138353711	1000138691
21613977	1000138314
15484541	1000147366
24136528	1000002156
15677204	1000002176
14839862	1000093422
123066394	1000063260
15040500	1000146408
14181054	1000043375
20681651	1000143591
19960690	1000122522
61483289	1000048337
19750255	1000146515
13282032	1000081878
21574742	1000062456
23480093	1000017394
1295001	1000023734
91105876	1000140380
20657703	1000067300
38437420	1000136150
81894512	1000146515
79594977	1000112357
7772042	1000052490
10131762	1000153435
124474025	1000122522
89593035	1000031090
39164896	1000073259
5943422	1000022026
129140802	1000007735
498549038	1000002176
323059236	1000140380
21247776	1000100006
16396215	1000070566
17769620	1000001776
2140521	1000008133
77175478	1000080665
90849125	1000023734
86204900	1000024530
22712217	1000081560
12782472	1000127322
949521	1000150295
12830	1000126920
40039015	1000129988
16493728	1000106635
14471133	1000081878
20988841	1000000173
14749755	1000114092
19507251	1000107443
205207199	1000081878
16665419	1000143217
28756240	1000111802
20114488	1000113133
24577300	1000027434
2022341	1000105534
81501774	1000107443
45036374	1000084197
26877932	1000136644
308551554	1000108439
261740700	1000002176
37665322	1000086369
13134712	1000002176
16080721	1000134124
7233772	1000108372
6898832	1000002176
13400992	1000031090
110830315	1000002176
376363	1000043932
14377387	1000083751
648873	1000108439
193553877	1000100006
19347576	1000121927
9789492	1000138569
14690944	1000114092
18923866	1000123077
59877557	1000002176
34373923	1000106211
7305682	1000010802
17648193	1000065924
84646933	1000002176
21941391	1000043313
123066394	1000140380
18928583	1000002176
9179362	1000117368
7104532	1000032348
17064600	1000002176
20637608	1000002176
96824115	1000015171
19396256	1000145112
129699446	1000072947
14652452	1000079926
53870594	1000010802
81501774	1000127415
14738194	1000065924
18389670	1000024451
45229371	1000048337
3828311	1000084432
22447077	1000133435
19623170	1000123495
166601166	1000150295
31949053	1000097896
29061876	1000028977
6156942	1000002176
14179496	1000151922
53474481	1000097896
164569984	1000002176
115491854	1000091375
122193273	1000129520
125996244	1000078925
25476249	1000154821
279055096	1000094274
14112756	1000150295
5569522	1000053220
7351892	1000036604
262174528	1000002176
17208406	1000139731
38437420	1000000173
14402753	1000032348
43273	1000138569
261730700	1000043313
277809327	1000140380
6471312	1000000173
88109378	1000097896
23588746	1000001776
3820911	1000100006
283536837	1000015171
56352678	1000129797
19390810	1000130724
15062954	1000024031
17090569	1000108439
24955088	1000002176
28596709	1000117547
20391646	1000076918
58462957	1000136644
19081905	1000050874
14415835	1000129520
88259214	1000144470
2324551	1000049138
242923569	1000070289
12782472	1000105965
7098022	1000002176
153069336	1000138692
9243482	1000108439
7256262	1000115311
184594566	1000043313
124179300	1000002176
765285	1000113574
14046943	1000022026
15139049	1000154595
138733132	1000043313
6503782	1000138569
16573718	1000070566
16197538	1000073256
3302	1000105534
813637	1000068739
18201401	1000002176
50321599	1000129797
17771860	1000130724
14433905	1000002176
16987303	1000020894
935221	1000132212
26882352	1000043313
221436856	1000073456
15832331	1000140380
62178132	1000144470
8346982	1000002176
11774412	1000004842
75691167	1000144470
112628165	1000097896
128620610	1000052490
424436905	1000140380
44652237	1000112357
84298716	1000146515
396278480	1000144470
26360899	1000138314
44144016	1000146515
60668729	1000138314
6819062	1000048337
218601115	1000072947
520809979	1000008344
12623772	1000051148
13165	1000050438
160899791	1000010802
200212364	1000157154
19668592	1000114005
87985887	1000002176
43929488	1000144470
17758229	1000129797
9395832	1000139540
14805097	1000033135
23991290	1000045004
38395010	1000107443
14540067	1000002176
20187852	1000140380
11000562	1000086517
81801765	1000105056
19600970	1000073256
7620312	1000066439
17386985	1000117368
9632752	1000138569
18920834	1000002176
57615926	1000145112
13459652	1000108439
18298167	1000002176
1692881	1000110646
199726254	1000043313
15410099	1000063260
18247813	1000149793
33923	1000023734
14791162	1000015171
38395010	1000100148
18940840	1000034018
58802066	1000108439
14263324	1000114005
21993653	1000029789
18359862	1000091375
55773559	1000081560
38492717	1000157154
176950658	1000031090
14601788	1000097260
14756754	1000018390
82283114	1000105056
182163783	1000002176
1442101	1000043761
14142965	1000002176
300599613	1000002176
51912787	1000002176
21208444	1000136644
5915332	1000002176
767334	1000081878
9085252	1000070566
14254504	1000142358
14962670	1000154821
18895806	1000070763
27837808	1000140380
39560403	1000011386
9270192	1000002176
308324295	1000002176
217949209	1000147135
1919231	1000085297
755346	1000150295
20177423	1000136644
50383512	1000144470
20466609	1000105056
12506	1000116179
71317882	1000117547
19647878	1000078925
28918026	1000002176
14595552	1000091375
2727051	1000138583
8308622	1000036604
188878817	1000152660
16882660	1000091375
14110750	1000155160
21053475	1000043375
24407244	1000130724
24020949	1000097260
64121269	1000002176
15665127	1000140380
63118140	1000073256
2109381	1000084197
8359152	1000073256
166946028	1000108459
42629821	1000140380
389465565	1000123077
112001635	1000002176
5803082	1000022026
31631020	1000150295
60463	1000108439
28798148	1000040652
16979946	1000133812
62221256	1000002176
107868698	1000002176
796605	1000085297
2060631	1000020149
19507251	1000033280
18378213	1000078216
15396961	1000138569
18866772	1000048337
27884585	1000023734
8552602	1000085297
184096187	1000020894
151258846	1000007735
56831057	1000065924
26155776	1000140380
13197822	1000100006
14335160	1000132212
16326742	1000152837
44080327	1000150295
26841335	1000002176
266043601	1000073256
24489125	1000140380
13801142	1000150295
10237	1000022026
11779882	1000066439
43353080	1000140380
16493728	1000090535
9632752	1000139540
21950067	1000108842
130360032	1000140380
7044992	1000100148
12552852	1000068487
19151489	1000107443
245369690	1000091375
16944995	1000100006
108353251	1000138314
15466056	1000128987
14830184	1000079926
114908092	1000002176
196518052	1000140380
47103804	1000131585
19546942	1000136644
16813989	1000130724
16644152	1000084197
73113327	1000087752
11041	1000022026
648	1000022026
124474025	1000087752
12741	1000131767
169760495	1000002176
17386985	1000053220
69608119	1000070763
43899109	1000150295
1154511	1000066439
46002379	1000002176
32270541	1000053220
39599022	1000058904
17583532	1000129520
28037700	1000097896
99567847	1000002176
182263423	1000008344
14909968	1000136644
356474209	1000140380
17099387	1000157154
1584511	1000023734
204870137	1000002156
287864860	1000157154
15396961	1000053572
21664207	1000129797
60699802	1000146515
164722405	1000100006
11758542	1000033135
799212	1000039412
16753853	1000097896
118279350	1000048337
15745394	1000108372
50597693	1000070566
18895806	1000070566
14300557	1000140581
23705423	1000130724
949521	1000108439
14696525	1000140380
14703499	1000002176
746	1000085297
315338495	1000002176
14155850	1000105534
15752932	1000091375
33508350	1000024031
19624071	1000146515
16440181	1000139308
14763	1000033135
414095341	1000039412
3286871	1000091375
261468800	1000023734
19081905	1000130152
12534	1000108439
12069912	1000010116
33923	1000032348
44671378	1000112357
16337631	1000068739
25887274	1000002176
3286871	1000150295
23128967	1000002176
26025129	1000144470
83665015	1000007194
78453	1000005207
88974169	1000080068
14628954	1000002176
80278027	1000150343
17596468	1000097896
6076432	1000097896
15888886	1000072947
20469167	1000039412
14248719	1000113574
115708758	1000100006
43883192	1000013016
61558088	1000033135
18898232	1000146515
14402753	1000033135
730593	1000138569
14789630	1000017394
18923866	1000002176
453734871	1000031554
9015112	1000127416
644463	1000150295
20039230	1000117172
190752867	1000063260
21411794	1000076065
57249277	1000130724
110839495	1000043313
152062126	1000140380
276750856	1000002156
4981271	1000051533
33402909	1000015171
153087224	1000100006
14159087	1000031090
13265572	1000131585
267187200	1000091375
1405071	1000002176
15292070	1000104011
99330079	1000107443
317358163	1000017394
823129	1000068739
19996594	1000050438
13889622	1000126488
387923418	1000044884
13460312	1000152912
14275130	1000091375
58802066	1000000522
8946022	1000070289
23670349	1000002176
8285392	1000110646
56352678	1000022026
13408722	1000031090
32855657	1000138314
51338737	1000140380
14705287	1000005136
41777652	1000140380
22476806	1000089469
16832672	1000080665
14021902	1000022852
6015962	1000066439
22997147	1000097896
62050341	1000008344
110520327	1000110646
666073	1000051533
16535484	1000073256
14195122	1000155364
15839249	1000081560
19507251	1000117547
17637228	1000059564
24282580	1000058904
15609136	1000100006
8308622	1000097260
75965366	1000063260
13600352	1000110646
14477161	1000026376
220045059	1000113133
11133442	1000039412
42697261	1000147135
6438	1000105534
16002470	1000133811
755165	1000064122
14415105	1000048337
793830	1000053220
799929	1000127947
396278480	1000157154
87620061	1000081878
211105430	1000002176
16002470	1000150295
236665159	1000043313
209169572	1000002176
43909874	1000002176
9243482	1000065924
14176588	1000131585
19809876	1000044285
14852981	1000023734
14887698	1000108842
14147163	1000097178
21215111	1000073256
15446126	1000052973
6280302	1000097896
18433412	1000139308
14417969	1000079926
83749658	1000114092
126061257	1000073256
123607075	1000075286
13764992	1000109860
153069336	1000042040
15028405	1000044884
61684853	1000100006
383291526	1000140380
218032277	1000043313
17029186	1000045021
71956658	1000130724
11922692	1000131585
26871300	1000043313
15903746	1000022026
30520303	1000107443
12707	1000138569
19923765	1000002176
246412630	1000107443
16865781	1000115311
11963132	1000126488
13265572	1000151221
7209642	1000151062
16265412	1000063260
16799897	1000002176
41551249	1000072947
10951232	1000097260
20988841	1000072027
17019871	1000079926
1966	1000091375
14361071	1000023734
203261300	1000157154
68529131	1000064122
14377387	1000138314
12376	1000129797
7753922	1000002176
1501	1000111733
23137012	1000154821
23641687	1000002176
41721520	1000129797
77483	1000091627
14335347	1000084197
138034438	1000065924
19185916	1000097896
14281905	1000100006
74262901	1000072947
20703666	1000081878
18389670	1000065860
19190218	1000002176
21144530	1000002176
5723862	1000153435
7104532	1000033135
10266522	1000002176
281890919	1000149150
14474034	1000151922
12555	1000150295
21709889	1000091375
60591163	1000117272
39680464	1000002176
20091908	1000105056
18362008	1000002176
9632752	1000091375
99330079	1000111267
44475539	1000002176
644463	1000108439
32901365	1000136372
949521	1000097260
41402578	1000072567
73113327	1000117547
365797572	1000081878
169780164	1000002176
192969516	1000072947
14231756	1000154821
14413535	1000119240
26112027	1000079662
18562064	1000001776
20607165	1000053572
15706062	1000070566
24763	1000133811
64069241	1000072947
11539042	1000049138
3828311	1000002176
16660451	1000020894
7727382	1000051148
142690048	1000015171
16737023	1000142668
30289889	1000114092
17282340	1000024017
14805097	1000138569
14544162	1000012328
299926425	1000097896
3713811	1000061437
730593	1000052490
82932549	1000072947
102269946	1000081560
163136908	1000100006
7738402	1000150295
13837042	1000033135
58219780	1000005774
14839862	1000053220
793830	1000117368
69615397	1000130724
14139081	1000072947
4833	1000150295
12091452	1000085297
21401466	1000015171
152062126	1000063260
217949209	1000002176
62481902	1000108459
19923765	1000067300
14600465	1000146408
24422716	1000002176
124560973	1000143217
38395010	1000053534
93694557	1000151221
64619842	1000144470
18438362	1000072947
2006261	1000085297
80349019	1000129520
50035439	1000108439
160839015	1000029789
14477161	1000097260
14669232	1000073256
77345438	1000043313
17771860	1000074152
59554328	1000072947
5871202	1000033135
14234493	1000146408
115997877	1000146515
3272731	1000117547
58760292	1000146515
74903868	1000072947
11724412	1000153435
15698507	1000011532
14204335	1000100006
2727051	1000138569
18021714	1000097896
77941959	1000094702
189234283	1000002176
10877	1000138569
14989781	1000078815
18673920	1000127416
10669942	1000093422
14815732	1000054915
11539042	1000024031
82507674	1000100006
1233111	1000022026
174904516	1000122522
17673	1000150295
21179744	1000050159
656673	1000097260
14474034	1000020149
73113327	1000154985
14526865	1000133435
118279350	1000140380
8113702	1000154918
32421348	1000139308
11682	1000115311
28049508	1000007735
15039065	1000072947
5905672	1000068739
148415637	1000072947
14165162	1000100006
21039860	1000147135
17464070	1000105056
44409315	1000002176
14536491	1000029789
9151842	1000022026
243514133	1000002176
681333	1000150295
18166611	1000150295
5478442	1000092575
15454228	1000150295
84646933	1000084432
18895806	1000091375
47530681	1000076343
14257869	1000023734
21211908	1000154595
5870082	1000022026
53789489	1000081878
50680206	1000074152
20587510	1000133812
14137525	1000127947
1692881	1000097260
199479894	1000091392
155844378	1000002176
14601788	1000039412
15639110	1000111267
366187749	1000072947
35926608	1000097896
10111462	1000017394
81774685	1000002176
57249277	1000136644
21861033	1000065924
5848412	1000022026
62956260	1000072947
27661959	1000034018
42110634	1000140380
9379662	1000045004
402394026	1000140380
21415400	1000002176
38508404	1000067300
42003019	1000078925
23238377	1000072947
315338495	1000140380
14240103	1000012328
36435171	1000024530
2044751	1000076918
18638800	1000133979
28459102	1000139540
193208607	1000079662
27832575	1000022614
162442852	1000100006
40318230	1000039412
14351575	1000053572
117776588	1000094274
15757788	1000097896
16562715	1000095098
115289655	1000002176
58063	1000115311
8033482	1000113574
33868543	1000072947
87294312	1000065924
5340042	1000136150
128620610	1000068739
15628682	1000097896
15736190	1000065924
14805097	1000097260
24763	1000150295
7079062	1000140380
19949262	1000090535
17205884	1000043313
629463	1000071839
16913151	1000053220
12284582	1000002176
223264020	1000049245
15078306	1000112357
16987303	1000043313
23435890	1000027434
20643889	1000105056
19610339	1000113574
9789492	1000092575
311582506	1000007735
17228988	1000145112
11969	1000022026
24942585	1000157154
794069	1000014767
16061378	1000128987
5478442	1000138569
14158766	1000097896
240606817	1000130724
23694473	1000017394
205754331	1000022026
10682202	1000108439
7738402	1000047583
454342950	1000002176
383909557	1000150295
10336822	1000020149
784912	1000017394
18875718	1000097896
124184944	1000002176
39919140	1000002176
16002470	1000117368
54310421	1000081560
32445507	1000120409
68033	1000032348
20644954	1000080812
21728134	1000094274
468693	1000026376
58401280	1000048337
283536837	1000136644
7044992	1000106635
21531222	1000073256
16660451	1000117547
119155683	1000002176
24854021	1000122522
8852072	1000018390
14368459	1000059208
32746632	1000002176
18646010	1000001776
30520303	1000122522
783374	1000002176
11718	1000091627
7617502	1000072947
6503412	1000085297
40039015	1000018390
16535484	1000114092
18822863	1000067300
334370433	1000081560
15351100	1000032044
152435436	1000157154
16815619	1000140380
41522105	1000097896
18064234	1000147135
17487729	1000002176
5871202	1000053572
262689819	1000146515
10336822	1000108439
1399231	1000068487
28966878	1000133811
153069336	1000152837
14928404	1000138569
375898136	1000002176
19424888	1000049245
564882983	1000140380
17903702	1000050438
14261086	1000086517
55197128	1000000173
1530531	1000110646
26884913	1000081878
10668	1000105534
19151489	1000122522
14176588	1000023734
14595552	1000033135
14050213	1000122522
174904516	1000007194
395395198	1000140380
24229513	1000050438
14130030	1000073256
62816508	1000097896
14308857	1000133812
16601823	1000023734
21811029	1000152912
15619526	1000043313
10694562	1000086517
8852072	1000108439
15173685	1000002176
14849487	1000050874
38515515	1000002176
14337403	1000014037
24297552	1000002176
280162778	1000002176
8266102	1000002176
15927857	1000093803
774280	1000070566
21179744	1000047583
615813	1000053572
5868362	1000039844
19399719	1000130724
187144700	1000157154
43273	1000068739
11794312	1000053220
12514	1000132212
50356964	1000073256
30289889	1000073256
22436433	1000147135
14565565	1000097268
304649218	1000015171
652293	1000154918
14311802	1000002176
639013	1000036604
90720074	1000106211
13931982	1000132466
111658937	1000010802
401350043	1000140380
63032799	1000023734
15619589	1000076065
11682	1000108439
153069336	1000094274
15629200	1000108439
26037881	1000122408
407403	1000091375
16847294	1000108439
15947897	1000150295
17913814	1000073256
12534	1000053220
60879007	1000145112
949521	1000105534
16661207	1000020894
31045542	1000079926
71254586	1000065924
24731849	1000140380
20098260	1000034018
22901296	1000063260
73113327	1000053534
15665127	1000002176
314797752	1000002176
15805171	1000117547
43761789	1000081560
6790312	1000085297
6166932	1000116179
19623170	1000142198
10266522	1000147135
24974216	1000132212
12028	1000108439
17612764	1000017394
14860584	1000002176
14220606	1000036604
15629200	1000039844
7256262	1000068739
19962319	1000076065
2115091	1000022852
15276289	1000011532
18022068	1000039412
7079062	1000002176
18653265	1000002176
166295530	1000140380
12602932	1000115311
34543	1000093422
6223132	1000039412
9747492	1000002176
17746168	1000147772
1066011	1000139540
20212580	1000097896
210629704	1000091375
13461662	1000002176
19414296	1000002176
14223705	1000033135
20297371	1000043761
12069912	1000039844
48966037	1000002176
19623170	1000076784
8266102	1000140380
31631020	1000086517
144810832	1000081560
68003	1000113574
62050341	1000140380
166601166	1000050159
241214783	1000002176
26841335	1000147135
162334554	1000042726
73113327	1000122522
24562115	1000070566
185766390	1000108459
7860352	1000097260
14112756	1000108439
16494857	1000049245
239981211	1000095098
14552063	1000023734
14572884	1000145112
1979921	1000105534
43365692	1000117547
13265572	1000072416
16865781	1000133811
25154418	1000002176
128496483	1000002176
14213544	1000111802
75691167	1000002176
53474481	1000063260
1540191	1000033135
19178814	1000063260
193059216	1000002176
11153082	1000153435
163556820	1000081878
55676177	1000080665
5870082	1000033135
656673	1000070566
38652222	1000144470
15494342	1000002176
7161172	1000096554
2083821	1000129797
455045092	1000002176
90456985	1000072567
19315899	1000097260
15643073	1000018390
8308622	1000138691
20458491	1000147772
370215382	1000073143
13212522	1000053220
18812947	1000072947
6604002	1000072947
117891523	1000134124
14709855	1000002176
146232404	1000048337
14397546	1000146515
309846438	1000002156
16097743	1000097896
39460101	1000139534
190233732	1000031090
106418338	1000115311
15666380	1000147258
3713811	1000022026
227455120	1000146515
8525402	1000110646
27065737	1000043313
51671312	1000097896
17864230	1000085297
5871202	1000011532
45673	1000150295
15539347	1000075286
19347576	1000111267
11208382	1000129797
117776588	1000138692
776623	1000109860
30863	1000138569
24020949	1000150295
16866701	1000133811
19507251	1000146515
12069912	1000108439
21215111	1000114092
198941747	1000100006
14153283	1000024451
71317882	1000122522
18214171	1000053220
196251283	1000073256
20114488	1000033135
1233111	1000002176
14933478	1000010802
11963132	1000150295
38895958	1000110646
86422357	1000140380
18917281	1000154821
16115549	1000043761
17191474	1000092575
14756754	1000038271
185504488	1000097268
36231321	1000044093
14287774	1000108439
239981211	1000154595
237781557	1000043313
318487295	1000150295
16044551	1000051148
13809612	1000114092
2391	1000132212
14217937	1000073028
14110750	1000053572
14703882	1000033135
17544805	1000079926
795244	1000051148
302947882	1000097896
14849130	1000070763
19315899	1000110646
925161	1000140380
42663679	1000122522
43273	1000026376
8791662	1000108439
5530472	1000115311
28536332	1000140380
31664653	1000036604
18024109	1000002176
1242511	1000068487
19507251	1000122522
6392872	1000129988
77320158	1000140380
97743746	1000154821
2148071	1000105534
6531772	1000139540
13276422	1000108439
23731803	1000140380
223604439	1000067300
2727051	1000032044
19382657	1000081878
6545732	1000024031
104694228	1000044285
307044653	1000002176
16652792	1000022026
187428929	1000043375
33923	1000150295
14720416	1000100006
34696022	1000002176
82816461	1000002176
14098398	1000023734
24560836	1000002176
14517478	1000049360
17769620	1000143591
45040038	1000078815
238965032	1000047583
11661	1000115311
21208444	1000015171
145765483	1000002176
8867702	1000090535
13811562	1000047583
43883192	1000080068
20714235	1000060837
101929468	1000002176
2060631	1000036604
21329199	1000060837
15414399	1000065924
16832672	1000053220
269624052	1000002176
17959695	1000114092
15112961	1000157154
15841275	1000073256
1692881	1000010802
16489427	1000024451
9789492	1000068739
14474034	1000047583
22020453	1000143591
15221950	1000100006
14257869	1000032044
74480870	1000145112
7331992	1000081878
13196662	1000002176
51259108	1000049245
26057085	1000081560
15771854	1000007735
24788261	1000044884
14791232	1000010802
290879947	1000048337
3286871	1000142358
11222	1000132212
249262601	1000002176
25071725	1000002176
15407619	1000054486
128620610	1000053220
39993731	1000081560
77175478	1000138691
23962769	1000024031
119813269	1000023734
33402909	1000136644
2039761	1000105534
82424936	1000002176
3451281	1000002176
153069336	1000043757
17275604	1000042040
12158	1000108439
4159571	1000002176
19368459	1000129263
25791837	1000047583
78993414	1000002176
12606852	1000010802
4833	1000086517
28202547	1000002176
5640632	1000138691
81501774	1000004602
18274715	1000146515
130897520	1000002176
61133	1000108439
80351444	1000108439
17630515	1000070763
18199347	1000002176
185433686	1000073256
12707	1000052490
20923753	1000100006
4838281	1000002176
11947382	1000002176
124067653	1000063260
17473973	1000137077
220045059	1000138583
14214977	1000108439
20466609	1000083751
14475298	1000002176
69728569	1000073143
14955456	1000150295
45803348	1000108439
16262275	1000146408
20941681	1000022026
782912	1000018390
2529971	1000022026
14946695	1000114005
3954801	1000140380
14334873	1000068739
20863936	1000106211
783032	1000053572
8881	1000022852
9085252	1000033135
51154947	1000070763
16429626	1000024017
14335661	1000108439
14691533	1000017394
20098260	1000094274
4664501	1000039412
18976948	1000133812
161705745	1000034018
14544190	1000065924
2727051	1000068739
49560239	1000002176
16595296	1000114092
9268772	1000071839
17816738	1000093803
13504092	1000081878
8291	1000110646
16979946	1000094274
21589783	1000108459
129781444	1000146515
12567072	1000105056
6408382	1000034018
21274678	1000142198
360060570	1000072947
20091908	1000045275
98513781	1000078925
19903	1000060247
24889529	1000014037
18572379	1000105534
14575846	1000081878
36325964	1000044285
44080327	1000050874
125996244	1000054486
194202453	1000073456
19610339	1000150295
14791232	1000089469
1405071	1000081878
4833	1000023734
10876852	1000096554
30520303	1000053534
9208562	1000002176
20437031	1000115311
357268791	1000002176
50551957	1000140380
49086693	1000072027
162388572	1000150295
235312180	1000072947
12740542	1000085297
17909243	1000031090
22273667	1000110646
14319981	1000011532
13265572	1000023734
244297517	1000002176
666073	1000022614
14731905	1000091375
15899917	1000062705
5478442	1000039412
21251034	1000114630
94813511	1000153435
51526616	1000138691
17453598	1000091375
93694557	1000068739
58291529	1000062705
32831936	1000147135
68003	1000097260
36964520	1000042040
64423563	1000086517
16977640	1000138569
4829901	1000105534
290879947	1000002176
92140064	1000081878
1837051	1000139534
14681621	1000068739
17275604	1000117547
19802312	1000140380
22329199	1000157154
15493368	1000080665
12350092	1000018390
524420412	1000042187
11541192	1000113574
19962319	1000139308
949521	1000053220
123607075	1000117547
21409455	1000085297
9632752	1000138691
31380207	1000002176
32831936	1000140380
36253	1000097260
62050341	1000002176
16002470	1000035609
1295001	1000097260
19673448	1000002156
15178133	1000091375
166295530	1000002176
18110921	1000010802
15805171	1000122522
22222000	1000053534
57973034	1000073259
1501	1000152660
18433412	1000078925
730593	1000108439
22083151	1000002176
11922692	1000086517
21497096	1000114092
18819743	1000140380
9500942	1000097178
153069336	1000072027
375828881	1000007735
83533045	1000002176
19322981	1000029789
17948572	1000076343
1303431	1000105534
7098022	1000140380
19812671	1000111733
80468971	1000097896
15747590	1000034018
7552082	1000070763
6008962	1000023734
1617891	1000112357
17426710	1000002176
12730882	1000083751
19786876	1000002176
42900952	1000111267
14501084	1000024031
177965708	1000043379
3440721	1000097896
9655342	1000117272
15801052	1000053534
44558204	1000097896
132809440	1000011532
6840332	1000045275
8046872	1000154918
26823762	1000154821
19949262	1000127415
17912684	1000081878
155976326	1000157154
10694562	1000010802
365014160	1000008344
14237677	1000063260
144735154	1000076343
15387415	1000048337
19151489	1000117547
12602932	1000108439
42303168	1000020894
99642334	1000063260
18895806	1000033135
2303441	1000114005
43662236	1000002176
10924902	1000078815
85923804	1000079926
14892168	1000071839
117891523	1000002176
127245277	1000152702
