14662955	1000069669
75662577	1000022625
265000997	1000009879
14936377	1000027406
16959285	1000009879
15489348	1000009879
126253219	1000009879
38278278	1000017219
33449028	1000109150
181711579	1000112710
105106802	1000134018
17742902	1000026676
16299627	1000065343
108489590	1000098093
193031474	1000106875
23707750	1000000230
31263739	1000080607
36711995	1000098093
239172505	1000134018
107512718	1000089694
17941825	1000056919
17939204	1000009879
124538838	1000040484
9460662	1000076565
16417612	1000009879
18949642	1000026676
22548403	1000035453
381386049	1000098093
13085462	1000055956
36640820	1000007676
261001122	1000141058
18166178	1000009879
150545199	1000098093
41635500	1000009879
68022739	1000098093
20216084	1000080607
14332288	1000009879
294660973	1000049480
19571835	1000096570
89318473	1000053091
142563319	1000080607
23772272	1000083373
21437656	1000080607
309366491	1000131044
16799897	1000026676
435580051	1000085816
11027262	1000009879
20928893	1000096570
44966048	1000015428
361061233	1000054034
14267616	1000080607
23792942	1000026676
16897620	1000157300
28142143	1000133916
142773600	1000084926
15420650	1000009879
190917979	1000066214
20007461	1000134018
14671614	1000017219
18718580	1000009879
17218144	1000026676
28142143	1000144328
236560399	1000080607
81277268	1000053091
62459583	1000042927
717313	1000080607
203236572	1000062274
20851642	1000083373
150846769	1000035453
38256058	1000026676
372876529	1000026676
13594872	1000007676
4826261	1000080607
312105296	1000014980
35171531	1000009879
31292265	1000096570
19538782	1000080607
50965086	1000135703
204370454	1000096570
20123620	1000050938
8330832	1000080607
15048204	1000009879
14917050	1000009879
22601929	1000042570
99727844	1000026676
15451233	1000009879
237469646	1000123773
50393960	1000053091
83587621	1000144114
90746809	1000065343
16356344	1000056919
14084454	1000059495
96877871	1000098093
351092905	1000112605
20297371	1000007676
386994844	1000096570
345072809	1000009879
6339822	1000080607
342279134	1000098093
82853372	1000056919
15438005	1000076565
7182562	1000080607
21756999	1000020035
19919551	1000080607
210157467	1000026676
155709334	1000065343
164589959	1000098093
181379962	1000080607
4921861	1000009879
14440358	1000062274
225600818	1000080607
351429370	1000112710
329542303	1000112605
7966682	1000055165
20322929	1000083373
236605044	1000112710
424688583	1000056501
204845670	1000080607
82766665	1000133815
90717763	1000112710
75717584	1000080607
14688086	1000050938
251777640	1000066214
22132283	1000098093
17938468	1000009879
116904515	1000123773
20562193	1000080607
26283	1000080607
14430816	1000134018
40837929	1000134018
59916407	1000112710
15275108	1000009673
42697261	1000109150
106323452	1000109150
183418668	1000056501
14406208	1000130630
3371581	1000009879
16060342	1000092967
16334139	1000065343
42053731	1000098093
52060996	1000098093
67669057	1000080607
95291297	1000149248
153142558	1000111568
44123487	1000055956
230338297	1000111568
421342897	1000141310
19425175	1000080607
1065921	1000050938
14118878	1000080607
19623009	1000109150
40974224	1000089694
91841745	1000080607
82067206	1000019100
24745414	1000026676
249313026	1000080607
9231202	1000026676
16930986	1000080607
82932942	1000123773
282050390	1000096570
58270617	1000014801
221530304	1000112710
17346342	1000098093
10935622	1000007676
28947545	1000053091
188196198	1000080607
50004938	1000049480
101838355	1000141310
197154656	1000066214
15015110	1000069669
14361155	1000085520
121568065	1000066214
313659037	1000112710
25774471	1000026676
15886626	1000009879
159002621	1000135703
37103386	1000152182
100119089	1000040484
18852278	1000076565
306274486	1000086565
221966395	1000112710
7773282	1000123564
7860742	1000050938
22692549	1000010196
2729061	1000080607
203506081	1000066214
82553416	1000080607
3025261	1000006503
104268834	1000026676
6941642	1000080607
299243917	1000041370
135895585	1000040484
22678424	1000080607
436144123	1000100115
15128731	1000126244
127354805	1000080607
131305826	1000138477
22139698	1000027406
157475200	1000106875
3558801	1000076565
16624756	1000009879
9283312	1000080607
434433610	1000080607
298849448	1000014801
177342115	1000110990
231175831	1000123773
148363935	1000044251
15027362	1000080607
70214546	1000080607
14610391	1000050938
276843589	1000067303
259763895	1000141578
126030998	1000080607
61382814	1000098093
21851226	1000080607
43626328	1000098093
15363706	1000055956
334691732	1000112605
20551430	1000146965
32704267	1000075154
235469773	1000066214
15595832	1000080607
14305343	1000059495
24741685	1000053091
517689596	1000056919
64015950	1000098093
36637295	1000007676
16338664	1000076565
225886905	1000144328
365986257	1000096570
309772472	1000061367
17382107	1000026676
187960702	1000096570
92064149	1000134018
106893515	1000009879
9549022	1000026676
217435419	1000067303
71706534	1000056587
79608810	1000066214
284681556	1000041370
334133960	1000096570
86295646	1000080607
220220703	1000098093
64763510	1000074777
155232459	1000061489
10498942	1000080607
84653539	1000120995
282519460	1000019100
325727410	1000141578
60763264	1000098093
49827798	1000009879
11584452	1000096570
86227873	1000098093
216557293	1000074777
320784065	1000098093
5709442	1000080607
16432034	1000026676
42584178	1000141310
15341415	1000055956
31278370	1000026676
103018203	1000140332
242119386	1000074777
9624742	1000085520
15821823	1000080607
143412135	1000056919
15130498	1000009879
14203936	1000009879
410266350	1000080607
45083481	1000020035
97768878	1000133815
38939069	1000009879
14476063	1000109150
2569261	1000056919
296387378	1000146965
39547342	1000010971
17995580	1000080607
35598437	1000062274
14396204	1000008145
23180819	1000055956
17840969	1000026676
14744489	1000055956
16587023	1000052435
32675894	1000009879
138805593	1000080607
170846671	1000009729
17826187	1000053091
13674992	1000080607
15399070	1000009879
23546586	1000056587
350426730	1000061367
18788297	1000080607
15171447	1000080607
58401873	1000014317
14887051	1000026676
14438306	1000000230
223408561	1000019100
19182978	1000067309
370404328	1000141578
90118996	1000098093
267345235	1000066214
50679126	1000131044
20918020	1000130630
130334231	1000111568
364415811	1000046867
15750667	1000065343
21848018	1000026676
182263423	1000080607
54875437	1000096570
86338519	1000140332
22217929	1000009879
14341577	1000080607
14327577	1000052435
82451567	1000111568
31380207	1000050938
255177586	1000080607
66713854	1000080607
15553912	1000080607
15202239	1000080607
14575107	1000075406
61313724	1000026676
1027701	1000009879
794436	1000006503
28225992	1000045316
103927038	1000080607
30598599	1000100115
486816912	1000069773
102255218	1000056587
16120216	1000009879
15195224	1000026676
15392053	1000065343
18064234	1000026676
12307282	1000076565
344830949	1000061367
7101692	1000009673
67649834	1000009879
267009091	1000010971
10266522	1000109150
29173529	1000009879
271697994	1000112710
86560711	1000066214
16197036	1000052435
10956212	1000009879
106823281	1000144352
14891801	1000080607
281639286	1000015428
325236758	1000098093
988911	1000044251
19092024	1000080607
67728650	1000026676
24775410	1000120353
164542425	1000123773
314585181	1000056919
143750890	1000045316
474589602	1000098093
146262918	1000096570
117278501	1000080607
17168633	1000080607
14237677	1000109150
96635073	1000152182
59019078	1000146965
98980596	1000065343
13639582	1000020035
222822892	1000141310
19131178	1000080607
25008217	1000083556
64880749	1000026676
14829533	1000067303
137365854	1000053091
27765255	1000106875
160839015	1000080607
14806505	1000009673
15849055	1000009879
175442173	1000049480
193545258	1000110990
71122285	1000080607
245669237	1000112710
39890326	1000087413
16083576	1000065343
249361546	1000066214
4257571	1000026676
16895140	1000098093
66465856	1000123128
6144362	1000026676
29739700	1000022625
833571	1000042570
268390903	1000134018
80523	1000072547
73479926	1000112710
375080088	1000067309
746323	1000056919
19986659	1000146965
123193555	1000069773
319424488	1000080607
107375795	1000096570
145428661	1000084926
238163556	1000042927
15420650	1000098093
43081138	1000099270
61822290	1000111568
90724176	1000020035
15186185	1000009879
86336234	1000056919
18714842	1000085520
8162312	1000009673
242542278	1000061367
73874988	1000085816
5387212	1000072547
435395478	1000127798
38987508	1000026676
14516492	1000059495
178388060	1000061367
36045367	1000056919
415801474	1000141058
15144539	1000080607
214493403	1000066214
15174406	1000080607
14051156	1000080607
69660246	1000112710
311840239	1000112710
60699157	1000066214
15104473	1000026676
72536935	1000096570
96057567	1000026676
425553421	1000026676
41183891	1000098093
400964556	1000009729
62827345	1000061367
18919970	1000055956
785555	1000026676
442439947	1000046867
95342270	1000098093
1124531	1000050938
41906364	1000134018
44716016	1000096570
30719594	1000009673
46023	1000080607
15736732	1000076565
14099834	1000099270
24422716	1000109150
15116934	1000067303
82157642	1000056501
185606252	1000080607
320894277	1000112605
66465856	1000112605
31184726	1000080607
153208824	1000080607
363665353	1000061367
14818936	1000080607
38364706	1000118403
178978113	1000135703
6025712	1000009879
63525184	1000134018
31292265	1000120995
21128662	1000055956
21595411	1000080607
104991493	1000134018
299342862	1000096570
15279452	1000026676
281639286	1000118403
24989711	1000109150
167796962	1000096570
16521328	1000009879
6666312	1000008145
174741544	1000045316
16469809	1000080607
54271342	1000080607
22150098	1000009729
21627411	1000157300
69343575	1000067303
338068011	1000112605
86280347	1000056919
405714281	1000092967
86241188	1000026676
311175862	1000066214
134206307	1000062940
27379776	1000075154
1031121	1000080607
21526685	1000062940
92005051	1000126244
15489348	1000098093
6053842	1000080607
90460131	1000134018
16252606	1000009879
302762512	1000111568
14439959	1000080607
215785243	1000118665
62483650	1000098093
12046252	1000080607
8876232	1000056919
177310174	1000056919
20315513	1000098093
41533669	1000009879
281635993	1000134018
45323315	1000026676
24920395	1000065343
164438382	1000134018
131294912	1000089694
50600062	1000062940
128601403	1000086565
78489442	1000135703
16115022	1000080607
196680870	1000096570
143928271	1000109203
273452154	1000041370
211308151	1000112710
347501598	1000026676
621713	1000080607
87969276	1000134018
104868307	1000118665
141632956	1000087413
111631085	1000026676
18298663	1000123773
57413551	1000035453
25473689	1000098093
28370738	1000049480
165908478	1000106875
67838407	1000134018
231964313	1000112710
249359476	1000080607
249747970	1000066214
6281792	1000007676
269235059	1000074777
22747624	1000120353
14386517	1000080607
256251813	1000138477
21724128	1000009879
351092905	1000123128
5714522	1000009879
131281000	1000040484
153886406	1000080607
13535762	1000076565
15828148	1000080607
16789978	1000085520
30678185	1000009879
374659799	1000112605
76016010	1000133916
126418609	1000062940
46947488	1000096570
19994118	1000146965
103009843	1000144352
14081084	1000053091
55984911	1000014980
111246248	1000098093
12552852	1000080607
43640070	1000098093
101915429	1000080607
297256499	1000098093
24793429	1000026676
14355920	1000080607
44395637	1000096570
28932980	1000009879
18836036	1000080607
111517935	1000146965
11336782	1000076565
90098789	1000062940
15068719	1000009879
104901536	1000098093
175194322	1000061489
20968877	1000009879
195855944	1000066214
294037090	1000096570
2779821	1000026676
73138704	1000111568
96354656	1000085520
84599235	1000098093
22272053	1000096570
471323	1000080607
291403100	1000112605
18233168	1000026676
976521	1000006503
755959	1000080607
283176087	1000112605
15462317	1000026676
55051514	1000014317
14230524	1000152182
246084423	1000010971
41141618	1000075406
262689819	1000009673
52012019	1000054034
174965007	1000123564
15042670	1000009879
16892481	1000099270
17462723	1000080607
243379858	1000127798
381815268	1000111568
15004311	1000056919
17065327	1000020035
198670600	1000080607
41676731	1000089694
297584228	1000080607
252882791	1000109203
18274149	1000009879
262077808	1000098093
16457010	1000120353
371087884	1000112710
21697900	1000112710
17446277	1000092967
130360992	1000131044
131041217	1000098093
35066483	1000109150
16624991	1000076565
13434622	1000009879
19996594	1000080607
116375449	1000098093
14999867	1000080607
185154825	1000009879
281217359	1000009729
126013958	1000085816
15832293	1000072547
54586992	1000066214
14946695	1000017219
313401329	1000112605
14139811	1000080607
89500938	1000050938
23421193	1000026676
230375776	1000098093
14836690	1000065343
289456806	1000149248
34719255	1000067303
117633060	1000083556
96047226	1000009879
93479887	1000146965
14683764	1000080607
252159156	1000026676
163449492	1000080607
24209275	1000010196
28933226	1000055165
13955432	1000026676
19084174	1000009879
332924881	1000138477
270111468	1000061489
15757080	1000131044
106419866	1000055956
3752691	1000080607
22025634	1000135703
15810838	1000120995
40022380	1000098093
74580436	1000049480
445659911	1000127798
16275037	1000055956
275370651	1000065343
249907258	1000144114
263770260	1000080607
23845031	1000098093
