22404415	1000063822
411820218	1000016784
11924722	1000006080
462559272	1000067545
87884337	1000008008
80468100	1000046729
344050966	1000086812
9779032	1000132264
7400342	1000132264
14456948	1000134689
46239813	1000126956
43170475	1000067545
272164322	1000054424
175535957	1000133907
30310904	1000093995
18488495	1000067545
18445879	1000067545
15097566	1000117388
98473008	1000008008
170791701	1000152623
11661	1000132264
22596730	1000037755
14406208	1000069902
19401690	1000095593
16930113	1000067545
270968678	1000058242
647473	1000004524
116366025	1000008008
16144669	1000004524
4071981	1000006080
183400787	1000086812
16864224	1000147804
198661893	1000110670
17673	1000132264
110517297	1000046637
291840011	1000067545
109715718	1000046637
6374602	1000146536
16391766	1000067545
16405372	1000095593
156261079	1000045732
106366555	1000086812
313245134	1000054424
107464121	1000086812
42069990	1000046729
200965355	1000116323
47451765	1000067545
173134540	1000086812
101362168	1000008008
770545	1000132264
77712736	1000069902
467610247	1000153261
16909832	1000067545
14609321	1000067545
23433394	1000004524
59265046	1000147804
33060717	1000046637
38851803	1000058242
82368762	1000110670
1972761	1000067545
38679514	1000110670
36417354	1000132264
40308864	1000133907
17875219	1000110670
19612870	1000147804
4155261	1000067545
5947722	1000021920
15865260	1000152702
187852705	1000049359
7565302	1000067545
9500062	1000070582
30216040	1000149976
19047002	1000067545
42861755	1000045732
18047870	1000054424
16865781	1000132264
17539739	1000126956
10101462	1000147804
117793928	1000058512
330690616	1000069902
88076471	1000086812
15327996	1000131537
24763	1000132264
16265412	1000067545
40059553	1000045732
19329443	1000045732
203634811	1000008008
14889964	1000067545
195934431	1000067545
18151212	1000067545
105398724	1000008008
129941015	1000147804
16908562	1000138454
257905617	1000138454
12496	1000132264
792690	1000004524
318544614	1000086812
1937751	1000021920
1269251	1000048468
201753600	1000152623
19716497	1000058242
43909630	1000119839
18849368	1000067545
41213572	1000024496
13311252	1000082928
15860392	1000098976
165142748	1000086812
15112248	1000119839
39318718	1000138454
187617325	1000086812
22035674	1000147804
17508177	1000082928
16521996	1000004524
33195214	1000021007
3020571	1000067545
15941063	1000039950
123100479	1000054424
794069	1000134689
98898028	1000008008
110575285	1000037755
62215356	1000147804
26364322	1000067545
5444392	1000110670
41945050	1000046637
176320780	1000046637
17451816	1000014190
395477244	1000045732
200627988	1000086812
5908232	1000149976
45435999	1000058512
113436175	1000131537
443178876	1000004524
37564255	1000095593
76369773	1000093995
7867072	1000147804
15153	1000132264
124443269	1000045732
83952542	1000147804
13039722	1000004524
13485172	1000110670
263514193	1000135965
68140532	1000140123
9890492	1000147804
122040755	1000045732
7409232	1000021920
260180382	1000147804
35206976	1000139447
22521914	1000146536
223648848	1000067545
18179447	1000004524
12324582	1000067545
15762463	1000039950
15030908	1000132264
135921522	1000086812
123432861	1000151022
120356530	1000058242
140136223	1000095593
20875991	1000151022
9451052	1000067545
789071	1000045732
16866701	1000132264
119276733	1000151022
30485880	1000048136
467870547	1000136499
86697288	1000119839
14090859	1000067545
227286098	1000045732
59709745	1000033866
13451802	1000126956
224832743	1000086812
36253	1000132264
330669583	1000086812
46409572	1000058242
11133442	1000132264
19678610	1000139447
55773559	1000024496
88692036	1000086812
15192631	1000004524
66190348	1000086812
15989423	1000004524
11320942	1000110670
309741161	1000086812
161372707	1000093995
18173721	1000046637
31313454	1000067545
228002268	1000024496
123324789	1000058242
83755122	1000086812
26094039	1000086812
4791	1000149976
229237555	1000004524
247002646	1000086812
13229902	1000067545
381090926	1000016784
221573745	1000152746
86626845	1000093995
171735092	1000093995
4071981	1000021920
17514171	1000138454
12661	1000110670
15433693	1000126956
14112756	1000132264
22915745	1000004524
83443129	1000086812
55868276	1000147804
28966878	1000132264
15089489	1000048136
389153	1000004524
63673278	1000082928
236775246	1000049359
381899648	1000136499
100378864	1000008008
25087685	1000119839
74411076	1000147804
364130075	1000153261
10813822	1000067545
473014087	1000133907
22055109	1000140123
540209407	1000147804
28609947	1000138454
55269821	1000067545
107883061	1000086812
70829786	1000086812
7378572	1000004524
18884627	1000004524
67231834	1000135965
7921582	1000110670
94350514	1000033866
98567547	1000008008
100383683	1000008008
4467271	1000149976
9275742	1000067545
9533042	1000004524
16830897	1000063822
1047451	1000048468
96921347	1000147804
17736965	1000004524
14202104	1000045732
19029544	1000067545
97261425	1000014190
61589891	1000086812
140108433	1000004524
19610339	1000132264
403383741	1000045732
63253045	1000098976
13332922	1000048468
116379446	1000008008
19100811	1000138454
9313362	1000070582
189775115	1000136499
17346623	1000004524
167872022	1000086812
47702863	1000086812
9984332	1000021920
18123297	1000021007
17854366	1000149976
26071129	1000067545
53878981	1000008008
18324678	1000117388
194318599	1000086812
115818447	1000139447
146971893	1000086812
25612070	1000067545
5774432	1000021920
6801772	1000147804
8207832	1000004524
210188819	1000136499
124451036	1000021920
41821178	1000086812
59507002	1000095593
28212129	1000067545
57727375	1000095593
14982291	1000116323
40813518	1000067545
98980596	1000133907
1049981	1000048468
533426485	1000152746
14160974	1000067545
54964162	1000139447
127245277	1000152702
