97743746	1000127035
80100872	1000064521
21497096	1000048921
19638855	1000152573
65555479	1000089026
52530194	1000044306
19178827	1000156904
82435291	1000031133
28823239	1000102929
16168089	1000127035
20200882	1000098111
26057085	1000044306
33456706	1000001276
19655985	1000132374
21411327	1000004004
492681262	1000004004
39145680	1000031133
236545207	1000104149
923811	1000099542
18614747	1000098111
15581992	1000123593
113497030	1000044306
10386662	1000104149
236545207	1000132937
44652237	1000082951
62533012	1000155182
72369506	1000152645
42003019	1000095895
116970668	1000083702
355044643	1000113840
801057	1000095895
34527622	1000095895
16910524	1000113096
313671709	1000044306
40913222	1000072316
144556500	1000026072
23649104	1000132937
140880366	1000142382
104019971	1000152573
9145492	1000102929
8464692	1000140522
25846006	1000156904
16042396	1000072316
26162265	1000026072
18523512	1000038457
17574181	1000108249
158862966	1000099542
232899218	1000004004
12133382	1000045428
105008365	1000038457
18010713	1000119916
253669752	1000004004
334370433	1000044306
265784810	1000119916
216393832	1000004004
449349346	1000108921
240555189	1000108921
64823914	1000102772
245194221	1000128664
15643073	1000007997
14835652	1000102772
16990308	1000152645
48463781	1000095895
201972487	1000038457
18703699	1000113840
17571169	1000098111
5388852	1000102772
28042983	1000098111
171159684	1000132937
13809612	1000048921
20690398	1000035965
188429557	1000038457
16791717	1000099542
432758345	1000144657
36302234	1000138609
8131122	1000044306
100614511	1000001276
78902002	1000128664
20576633	1000095895
789286	1000102929
52330027	1000147861
46650115	1000132937
12853322	1000065123
149995716	1000082951
7093352	1000072316
137256412	1000004004
16475731	1000155182
12860392	1000132937
19788368	1000065123
19251458	1000092232
15626814	1000123593
22979513	1000007118
223941231	1000127035
20662440	1000069095
15088253	1000102929
48619711	1000125321
154007505	1000128664
14334082	1000113096
388515869	1000083702
116595789	1000102772
23359853	1000065012
633483	1000098111
18270268	1000048921
74693487	1000038457
22188446	1000131566
330507195	1000004004
20727483	1000101443
18614747	1000104149
756242	1000069095
9631832	1000102929
776434	1000065123
49561518	1000048921
23649104	1000127035
70796019	1000128108
97743746	1000095895
21531222	1000048921
89617904	1000102929
63008732	1000083702
82471662	1000035965
15845481	1000046611
17941825	1000102929
7296332	1000102929
171159684	1000098111
36876401	1000095895
179275489	1000038457
63108261	1000155182
41861421	1000004004
14669232	1000048921
14333974	1000102929
15870043	1000127035
57729132	1000123593
28628055	1000131566
22050626	1000131566
224869267	1000113840
15839249	1000044306
321620987	1000128108
68732646	1000065012
29518331	1000007118
7396542	1000101443
40252336	1000009357
15010721	1000102929
45145944	1000048921
342265754	1000065911
79518156	1000044306
108989831	1000026072
67013898	1000099542
14353392	1000004004
17675836	1000045542
20437031	1000007997
140141773	1000083702
21597318	1000026072
18755970	1000131566
28989277	1000077417
329518010	1000076995
14513842	1000108249
50564459	1000044306
106853060	1000113840
70900318	1000142382
360060570	1000086010
81909428	1000113840
15402623	1000102929
70900318	1000108249
14986811	1000113840
46650115	1000104149
8464692	1000127035
56408416	1000095895
80102911	1000064521
66576548	1000104149
31158933	1000108249
22191432	1000004004
157818542	1000038457
9829852	1000102929
3253121	1000127035
37112942	1000038457
16365216	1000044306
23649104	1000104149
8471852	1000095895
470355877	1000065911
23105968	1000104149
17951995	1000004004
15454228	1000007997
34960648	1000132374
32249715	1000127035
360838772	1000004004
25948843	1000119916
21334008	1000144657
3325171	1000007997
7123452	1000102929
24550057	1000156904
31158933	1000140522
219365298	1000086010
22712217	1000044306
202839283	1000044306
17372256	1000035460
57729132	1000098111
18402199	1000127035
46184114	1000128664
601283	1000044470
15465602	1000077417
313421583	1000004004
23649104	1000123593
22889424	1000004004
40580577	1000044306
270652177	1000044306
7718082	1000102929
18949311	1000119916
17786601	1000128664
21067991	1000044470
372917532	1000038457
250590425	1000123278
46650115	1000108249
279490402	1000026072
16789847	1000001954
19125668	1000045542
14861876	1000127035
342665429	1000004004
24290627	1000065123
14413715	1000046611
184191651	1000089026
70900318	1000078505
57851967	1000098111
153245741	1000038457
57851967	1000142382
18210222	1000048921
19554706	1000102772
32213158	1000009357
29625327	1000083702
14368459	1000127035
24482886	1000113840
75713796	1000102772
325113355	1000123278
15400885	1000065123
15626814	1000098111
131615009	1000102929
43529972	1000102929
184637039	1000077417
418143730	1000147861
17870415	1000040697
177932251	1000035460
366187749	1000076995
21608783	1000077417
58937467	1000102929
10915142	1000045428
105932849	1000138609
216520299	1000104149
7738402	1000007997
213670984	1000004004
295263112	1000123278
67464471	1000092232
43761789	1000044306
421763123	1000086010
31158933	1000078505
862481	1000040697
674873	1000099542
25796104	1000131566
116081221	1000083702
26279617	1000044306
78343144	1000035460
19010233	1000048921
633523	1000098111
31493647	1000125321
12277182	1000007997
43234348	1000077417
15272784	1000035460
50835878	1000001954
318202015	1000044306
