15813531	1000103735
23707750	1000123310
45145944	1000019856
23649104	1000142774
22222761	1000043887
171883639	1000068555
13753532	1000132412
33153054	1000131089
74759560	1000015834
14513842	1000018016
18768305	1000057633
529285233	1000064711
16883084	1000119305
24275509	1000073310
2576401	1000036321
15089729	1000041589
57729132	1000047059
6095832	1000018774
15478462	1000149471
16069548	1000084204
15620292	1000041815
172959279	1000122973
20561154	1000073310
41767182	1000107254
9406452	1000060516
20187852	1000058911
215273337	1000059476
16957842	1000122973
16755150	1000046583
18430758	1000136101
16251528	1000034193
391079535	1000124637
23105968	1000116012
407608241	1000038240
41562592	1000122023
24848057	1000057633
24948812	1000038240
25787134	1000085100
21614669	1000071879
91285471	1000131700
93816184	1000036641
22979513	1000139511
9026642	1000034193
779715	1000123310
2898611	1000136101
30817647	1000036408
171159684	1000105465
198672699	1000026926
131950733	1000151102
91285471	1000029201
21411327	1000004004
492681262	1000004004
15620292	1000148537
15465602	1000003833
15829144	1000043887
236545207	1000104149
194397899	1000029296
57729132	1000080270
52599138	1000029296
8914942	1000119305
29844579	1000070119
221859696	1000038240
124510372	1000036272
19144764	1000146370
16574570	1000025031
57851967	1000019856
126444583	1000149471
131299605	1000079225
78449827	1000016207
15813531	1000073310
30535561	1000057633
469735331	1000034193
20012819	1000003833
23649104	1000047059
10386662	1000104149
34843334	1000085100
7581972	1000017770
8845902	1000140779
8914942	1000103735
16243471	1000119305
32954376	1000132412
15252736	1000119305
60057701	1000038240
46650115	1000142774
18614747	1000019856
781568	1000085149
88793811	1000122023
58287188	1000041815
190846012	1000038240
20022725	1000063782
251448412	1000042320
15677204	1000018774
190693662	1000042312
16936406	1000041815
217141519	1000038240
67013898	1000058911
26743	1000131089
44800494	1000122023
17767841	1000057633
15657647	1000103735
7900182	1000016207
14134908	1000123310
120943272	1000128011
778446	1000085100
15626814	1000111544
19413393	1000038240
30207757	1000038240
12595712	1000038240
15416739	1000085713
91434240	1000151027
22199156	1000136101
20660609	1000050847
17161990	1000123396
27816957	1000043887
66576548	1000018016
10450	1000085149
196413641	1000131089
8464692	1000140522
14483832	1000073310
14314746	1000085100
20872762	1000070119
601283	1000148537
66561957	1000043887
56044426	1000070119
15583454	1000085100
14824385	1000036321
5341442	1000135678
15200682	1000073310
14372190	1000140779
19322981	1000038240
3820911	1000057633
15461526	1000042312
232899218	1000004004
18010713	1000119916
121795598	1000119305
23105968	1000029201
37300008	1000029105
3230521	1000079225
17870415	1000084204
253669752	1000004004
45297071	1000136101
3253671	1000135678
14513842	1000029201
263428573	1000123310
37219422	1000079225
14438407	1000119482
488021513	1000070524
41385286	1000085100
8692972	1000043887
265784810	1000119916
39584643	1000032065
143750890	1000038240
12365262	1000123310
81030409	1000038240
14337403	1000063782
216393832	1000004004
449349346	1000108921
11422352	1000120902
20440287	1000151027
298910273	1000132412
131601987	1000149471
20024172	1000038240
11232732	1000068036
240555189	1000108921
128997414	1000019856
47337365	1000032293
45383905	1000084204
204426745	1000025031
143669316	1000036641
18229878	1000148537
184637039	1000003833
10191	1000143027
15045318	1000025031
440433860	1000084204
117783948	1000038240
7581972	1000094906
21452168	1000016207
31236655	1000082039
124592937	1000038240
7900182	1000070119
36302234	1000082242
19760380	1000097706
217911721	1000103735
346389710	1000038240
1769191	1000036321
633523	1000019856
674873	1000058911
805066	1000063782
38347814	1000032065
70900318	1000029201
173965448	1000043887
23649104	1000019856
5747872	1000151102
192967572	1000091549
18361967	1000058420
28891324	1000063006
184637039	1000029296
36302234	1000138609
15533823	1000070119
15111389	1000132412
47786218	1000038240
14428964	1000085100
57729132	1000054185
15324310	1000151102
39918963	1000068555
161396346	1000131089
57729132	1000056874
152028614	1000003833
9275742	1000017770
199141219	1000003833
17682521	1000131089
192969516	1000018774
25464811	1000057633
14573745	1000038240
25845428	1000087476
12853322	1000065123
123081702	1000025031
13539002	1000057633
64590892	1000032293
15652377	1000148537
70379729	1000038240
24604797	1000063782
14857002	1000140779
5107561	1000108413
22839501	1000073310
137256412	1000004004
90203791	1000014304
259034639	1000151027
12798822	1000036321
380795101	1000058911
109002519	1000082242
40732410	1000085100
3720411	1000070524
18123064	1000014304
2800521	1000031336
19788368	1000065123
7861622	1000148537
14368459	1000058911
46650115	1000019856
16338290	1000085100
18647609	1000038240
118466222	1000131089
22979513	1000007118
633483	1000063782
19920585	1000070119
113241406	1000038240
54083315	1000060516
43234348	1000041815
294884925	1000073310
18460854	1000050847
23919657	1000094906
18291786	1000038240
358325671	1000059476
9026642	1000071879
307584946	1000073310
49821834	1000070119
37475578	1000123396
131950733	1000131089
23045297	1000018774
117536030	1000029393
31366138	1000003833
83561649	1000003833
767	1000143027
19694850	1000066454
82030021	1000073310
14888578	1000073310
53513002	1000123310
17886764	1000099025
29132977	1000070119
307126343	1000063386
779715	1000131089
145852539	1000099025
45730018	1000132412
14337403	1000058911
23910879	1000083665
145852539	1000062914
284824353	1000042312
13919072	1000036321
16900217	1000088008
43933723	1000132412
69401682	1000003833
7865512	1000131089
125553717	1000073310
330507195	1000004004
20727483	1000101443
138859804	1000053225
18614747	1000104149
26604904	1000043887
69186606	1000091549
32765534	1000075092
776434	1000065123
481453	1000084204
10386662	1000019856
132233272	1000007596
21452168	1000003833
31420574	1000038240
26034181	1000136101
923811	1000050864
39918963	1000079225
16326814	1000041815
44551825	1000038240
2605681	1000017770
16296704	1000085100
35569745	1000018774
50137282	1000131089
9549722	1000005056
19793752	1000043887
91285471	1000105465
14521330	1000038240
39998413	1000084204
177360312	1000068555
39614123	1000091818
440433860	1000034193
55071065	1000007596
15465602	1000071879
39918963	1000036321
339259699	1000043887
216126534	1000041815
21934530	1000097706
10792712	1000041815
14911211	1000122973
15615152	1000041815
16526462	1000038240
15310917	1000060516
19738805	1000070524
80127034	1000104762
118932885	1000057633
21067991	1000148537
15385754	1000018774
818647	1000003746
231576588	1000057633
81909428	1000070119
796135	1000048896
18387712	1000019856
173892783	1000029296
48523332	1000114923
50360181	1000043887
11253982	1000083665
43920492	1000038240
22682192	1000079060
46254908	1000057633
9406452	1000041815
41861421	1000004004
58287188	1000060516
17530819	1000123310
23105968	1000111544
14849487	1000029393
39918963	1000151102
66576548	1000063782
15362015	1000085100
19549883	1000038240
169780164	1000136270
633483	1000148537
20738570	1000070524
16069548	1000131089
47374533	1000085100
49763071	1000020131
8269322	1000085100
65525881	1000019093
15435220	1000085100
16150457	1000041815
20031674	1000073310
171883639	1000057633
112344837	1000148537
45445539	1000151102
236545207	1000116012
17562014	1000070119
17534350	1000038240
180477318	1000082039
14982804	1000025031
29518331	1000007118
105223	1000070524
7396542	1000101443
15581992	1000063782
5947722	1000038240
89481728	1000046536
142356013	1000038240
22872233	1000005056
1652731	1000119482
214200358	1000085100
9719882	1000135678
41999758	1000038240
14513842	1000058911
342265754	1000065911
3230521	1000048725
223688574	1000038240
14052258	1000063386
16320428	1000084204
21984066	1000123310
25447548	1000103735
194397899	1000151102
15252359	1000071879
232676888	1000120902
72842277	1000036321
14998587	1000037724
205991562	1000003833
14353392	1000004004
123045979	1000088008
286923412	1000043887
177474975	1000068555
67013898	1000050864
15465602	1000029296
3230521	1000041815
25755158	1000038240
15581992	1000058911
14497789	1000057225
33281526	1000016207
48523332	1000041815
14677116	1000057633
24459692	1000073310
18879230	1000018774
55699429	1000095174
16060735	1000085100
276991796	1000064711
21795208	1000018774
17571169	1000108413
403518639	1000057633
14168488	1000038240
47374533	1000103735
39856010	1000038240
21452168	1000041815
16732620	1000122973
58714972	1000018774
15111389	1000070119
197473452	1000018774
36711411	1000058420
20012819	1000071879
53189336	1000041815
112889666	1000085756
17456255	1000070119
14388022	1000085100
53166522	1000038240
28989277	1000077417
101065292	1000038240
6632012	1000140779
15252359	1000003833
16400360	1000026700
14263538	1000085149
14188390	1000140779
811350	1000020131
57577882	1000071652
48485771	1000018774
184637039	1000041815
58287188	1000114923
14166346	1000073310
14632458	1000057633
329663272	1000038240
48210436	1000016207
17073902	1000057633
259034639	1000002164
118360338	1000050864
22408167	1000042320
112867490	1000057633
5747872	1000131089
9274702	1000038826
20012819	1000079225
15033467	1000036408
786981	1000103735
166374073	1000016207
1020961	1000097570
14675928	1000146695
111777598	1000057633
37358508	1000132412
21452168	1000071879
12857542	1000025031
12853322	1000057633
45494365	1000053225
110527005	1000038240
37744442	1000057633
31513494	1000060516
21636682	1000060516
19934758	1000057633
87276768	1000038240
13790282	1000073310
73485731	1000057633
180719473	1000029201
7900182	1000074208
46650115	1000104149
15680562	1000131089
15381612	1000038240
108095136	1000071652
217911721	1000085100
14707086	1000057225
360999401	1000085100
15718164	1000057633
15252736	1000103735
262927986	1000110643
18501214	1000038240
17929653	1000094906
66576548	1000104149
25785053	1000071879
46195370	1000088008
14513842	1000063782
10422602	1000019856
171159684	1000029201
107575731	1000063386
120943272	1000075092
1797531	1000060516
141332097	1000103735
22191432	1000004004
14457787	1000116572
127099086	1000085100
14513842	1000055783
22305732	1000016207
52599138	1000003833
14368459	1000091818
20838371	1000104762
59579725	1000136101
16251528	1000151102
186273374	1000119305
3230521	1000071879
14536491	1000038240
17661605	1000003833
27583994	1000087476
15993038	1000046583
320527944	1000057472
755756	1000123310
19768193	1000043887
23649104	1000104149
141451056	1000103735
66576548	1000080270
16168089	1000047059
15171664	1000088008
21247776	1000057633
470355877	1000065911
23105968	1000104149
15026162	1000041815
17951995	1000004004
177075927	1000068555
46751725	1000016207
29246583	1000155237
73716850	1000025031
17427526	1000085713
16908436	1000085100
110669356	1000070524
17205152	1000025031
360838772	1000004004
30180038	1000070119
25948843	1000119916
72418997	1000037724
356674116	1000151102
177360312	1000057633
5161281	1000131089
36761298	1000018774
295368995	1000042320
86626528	1000036459
57851967	1000047059
78449827	1000070119
19042219	1000136270
756975	1000148537
8156402	1000038240
21452168	1000029296
31158933	1000140522
175166989	1000036408
23501044	1000007722
50557241	1000029105
12137412	1000131089
29518331	1000041815
25461274	1000046536
195305346	1000026926
364598207	1000073310
39941049	1000132412
91285471	1000019856
18420291	1000038240
472341748	1000073310
17886764	1000062914
14513842	1000007101
712763	1000019856
212986176	1000029296
24434105	1000073310
16430625	1000019856
32546627	1000043887
191790175	1000070524
440433860	1000041815
15633	1000048896
15045318	1000088008
173818637	1000097706
7369882	1000036321
20200882	1000054185
26451647	1000085100
163136908	1000057633
2156951	1000071879
57729132	1000063782
374932653	1000038240
14085070	1000036321
321537941	1000151102
15465602	1000077417
39830661	1000038240
7908272	1000063782
322834956	1000073310
160032830	1000016207
313421583	1000004004
30891969	1000079060
19954842	1000085100
164722405	1000057633
25199993	1000085100
10010852	1000103735
57729132	1000116572
212986176	1000003833
22889424	1000004004
14424667	1000036459
41081280	1000019856
14729099	1000066454
19010065	1000079060
16430625	1000047059
89989652	1000029296
7908272	1000058911
12649792	1000036321
18949311	1000119916
86117573	1000085100
13809612	1000108413
469735331	1000041815
15938936	1000119305
26743	1000063782
37457933	1000043887
16077548	1000016207
18614747	1000047059
46195370	1000128011
24189116	1000017770
89195144	1000146370
42427518	1000038240
19785988	1000038240
16243471	1000103735
19873252	1000085100
377760382	1000057472
15515303	1000124637
20200882	1000019856
16168089	1000029201
107570509	1000043887
15605249	1000058420
53977189	1000095174
94881967	1000057633
224532224	1000002164
251448412	1000057633
43900648	1000019856
140880366	1000131700
15993648	1000042312
23027237	1000043887
140880366	1000019856
238319766	1000088008
18177126	1000088008
34011551	1000139511
48010250	1000142644
20068249	1000018774
342665429	1000004004
14130107	1000031336
116670843	1000003746
24290627	1000065123
16939148	1000115823
197899215	1000016207
1439931	1000068799
15518558	1000015834
46195370	1000075092
92618763	1000054185
14142813	1000123310
22986148	1000025031
18614747	1000131700
15598493	1000038240
5378272	1000025031
85365794	1000070119
24604797	1000019856
153686456	1000025031
88626415	1000085100
194397899	1000003833
141451056	1000119305
79386459	1000003833
98466289	1000119305
133315738	1000034193
22449601	1000149471
17868918	1000073310
16168089	1000019856
249477817	1000073310
17571169	1000019856
47247680	1000119305
57729132	1000019856
18976948	1000063782
177471152	1000057633
72646886	1000070119
171159684	1000019856
339790727	1000063006
92409018	1000070119
239542695	1000085100
45516390	1000036321
48523332	1000084204
28302257	1000038240
15657647	1000119305
30000912	1000025031
119735328	1000142644
18497302	1000037724
28521141	1000085100
48523332	1000060516
15400885	1000065123
26451647	1000135678
20029472	1000155237
778446	1000123310
14876672	1000073310
17853760	1000043887
18518084	1000140779
70900318	1000063782
17682521	1000084204
633523	1000148537
56352243	1000041815
133315738	1000060516
15324310	1000131089
16150457	1000063386
15252736	1000148537
25591573	1000057472
9026642	1000074208
177075927	1000057633
19595287	1000038240
10386662	1000029201
85822297	1000073663
104885581	1000066454
83353811	1000036272
27740741	1000149471
149585089	1000149471
184637039	1000077417
17562014	1000071879
18614747	1000116012
17298249	1000132412
14368459	1000063782
205991562	1000071879
10010852	1000073310
63786611	1000019093
5538252	1000042320
365590762	1000038240
12413922	1000123310
16599158	1000018774
102465061	1000038240
21608783	1000077417
965091	1000140779
15908942	1000057633
56352243	1000060516
26190261	1000085100
16251528	1000038826
16710946	1000068036
36897043	1000003833
17243913	1000115823
18474300	1000085100
57577882	1000025031
97127775	1000114923
105932849	1000138609
378494343	1000149471
216520299	1000104149
58287188	1000148537
14080429	1000084204
16168089	1000131700
177360312	1000042320
108686216	1000016207
121795598	1000085100
27803827	1000057633
37808752	1000122973
12860392	1000019856
130247458	1000085100
31158933	1000029201
29518331	1000048725
91037749	1000114923
171159684	1000047059
18592004	1000103735
213670984	1000004004
34011551	1000016207
23105968	1000019856
108686216	1000110643
14438306	1000057633
9572502	1000068799
157471276	1000038240
263428573	1000135678
9989862	1000149471
12616	1000041589
84295614	1000038240
18374320	1000085149
14513842	1000080270
14876672	1000085100
24848057	1000042320
45487007	1000070524
3552991	1000018774
45445539	1000016207
91285471	1000055783
10221882	1000063782
24189116	1000094906
2230871	1000097570
23105968	1000080270
154701532	1000003833
96994187	1000057225
14314315	1000058911
216520299	1000019856
633483	1000019856
10386662	1000056874
79386459	1000041815
14585318	1000140779
168848970	1000085100
89989652	1000071879
43234348	1000077417
28989277	1000003833
126210634	1000146695
9274702	1000034193
16715096	1000038240
82694047	1000032293
43234348	1000029296
245436439	1000057633
17574181	1000108413
169921002	1000085756
263315511	1000083665
8464692	1000063782
19405609	1000007722
862681	1000097570
59236851	1000070119
14252975	1000007101
15435220	1000041815
10241	1000131089
21166240	1000073663
15813531	1000119305
7377812	1000038240
140436892	1000026700
17871025	1000002164
75200580	1000107254
18941809	1000038240
