522485164	1000137292
69776562	1000139522
58748818	1000038505
315338495	1000125867
14641347	1000000917
16072676	1000066997
182108867	1000142223
15595551	1000139522
158769098	1000066997
19400611	1000066997
22179571	1000038505
108558650	1000142223
18701960	1000139522
25220741	1000066997
192537546	1000139522
78308028	1000104882
222542888	1000038505
199010047	1000104882
8200352	1000040133
87016517	1000127977
263147920	1000137292
2557521	1000092510
23502791	1000083262
70760998	1000018080
280923528	1000120550
145403839	1000060410
55892508	1000083262
18262659	1000096379
20351608	1000139522
225547124	1000104882
21378183	1000139522
32118836	1000100039
2182641	1000049093
27934142	1000029284
56413858	1000066997
62513269	1000083262
80220039	1000140333
783705	1000085565
16371223	1000139522
417355091	1000022293
325196338	1000125867
15384271	1000122241
14663414	1000142950
234521957	1000092510
53358442	1000096379
15342811	1000142223
20905358	1000018080
75533	1000049093
18158817	1000142223
16139105	1000126928
24785621	1000139522
15680097	1000040133
65403323	1000139522
20323999	1000008568
356474209	1000125867
297090165	1000139522
117891523	1000139522
34712510	1000037149
68198046	1000066997
17827133	1000001248
230522388	1000120550
27531390	1000139522
21907355	1000140333
241214783	1000139522
371087884	1000003784
42135344	1000066997
349968484	1000139522
28700450	1000139522
248929163	1000135326
71294756	1000126928
169537164	1000044172
26603447	1000018080
18794888	1000139522
43790864	1000139522
283860956	1000008568
113962639	1000149328
223970563	1000066997
104380083	1000139522
33633631	1000092510
31941155	1000125867
346568514	1000104882
19292495	1000142988
124258711	1000083262
123066394	1000139522
46501291	1000029284
43914057	1000047443
278606956	1000092510
61583213	1000120550
8343112	1000139522
90720074	1000142950
426667123	1000044172
21123806	1000029284
31354853	1000139522
71349174	1000126928
7753922	1000139522
16262275	1000085565
14101250	1000139522
8950222	1000113860
463983123	1000044172
4548601	1000096379
23148232	1000092510
321589480	1000092510
1758271	1000113860
64543	1000049093
95431448	1000030970
81757807	1000142223
30310904	1000056619
272708699	1000139522
14063949	1000139522
178805277	1000120550
78453	1000049093
318544614	1000060410
265021248	1000003784
300957608	1000090961
15944708	1000139522
311251375	1000142764
66908633	1000040125
234018448	1000060410
216881337	1000066997
29206754	1000139522
61166489	1000139522
312167534	1000137292
69623723	1000067731
9379662	1000139522
20091323	1000139522
23039989	1000102057
22033999	1000142950
17521796	1000139522
261226521	1000022293
14602259	1000030970
287413569	1000066997
337724718	1000125867
17689692	1000135766
38495037	1000143695
7079062	1000125867
182455769	1000006590
15078266	1000139522
41044990	1000038505
169203819	1000066997
14660933	1000142310
23546586	1000038505
457014532	1000060410
189017711	1000066997
163986386	1000040125
13134712	1000139522
142001754	1000139522
248007541	1000139522
18382692	1000139522
22017602	1000066997
170862218	1000038505
5471892	1000125867
117620953	1000139522
423495542	1000142310
36089423	1000047443
107510689	1000139522
153474021	1000142950
15955862	1000139522
411701525	1000006590
17576144	1000142223
498549038	1000125867
118825977	1000067731
50640633	1000135326
80151592	1000142223
19745863	1000142223
25154418	1000139522
40054423	1000126928
14667942	1000140333
23457239	1000008568
21391704	1000139522
36751532	1000021255
223299859	1000069588
25101996	1000066997
177968664	1000092510
120943272	1000092510
87101553	1000100039
14427338	1000088602
281506640	1000120550
51967452	1000039563
112939321	1000120550
47766490	1000102057
143540685	1000104882
39303435	1000113690
520809979	1000125867
20637608	1000125867
15877164	1000096379
144040563	1000140333
119392401	1000037149
16714359	1000047443
18382692	1000125867
14883401	1000066997
124849996	1000127977
201668475	1000090961
19560673	1000139522
50556884	1000142764
181299506	1000104882
18277655	1000066997
96865911	1000135766
40305346	1000142310
166685650	1000149328
196518052	1000139522
398476865	1000122241
31540671	1000066997
3359851	1000139522
17823630	1000142223
37297803	1000066997
300520640	1000048005
214895944	1000142764
14887698	1000139522
807122	1000000917
131546062	1000066997
262949403	1000038505
1372501	1000038505
15218212	1000139522
56542246	1000100039
308280360	1000125867
27430245	1000142310
307044653	1000125867
24005657	1000139522
5657162	1000139522
158849832	1000100993
4432431	1000048005
18072308	1000001248
21414413	1000013692
83432029	1000139522
467966761	1000125867
15187067	1000139522
420528023	1000120550
32746632	1000139522
3985381	1000083262
36419618	1000100039
14507115	1000127977
193726581	1000056619
130604350	1000142223
260871757	1000039563
29993931	1000142988
61400295	1000139522
164731122	1000142223
39509025	1000120550
66347717	1000143695
281691477	1000002411
18720686	1000142988
372076284	1000002411
14628954	1000125867
323354926	1000137292
16250230	1000127977
303756594	1000008568
13169322	1000088602
35023093	1000113690
44507340	1000003784
4751331	1000038505
67818595	1000008568
19003859	1000139522
112283476	1000066997
195877797	1000066997
16753976	1000139522
59682940	1000142223
18608514	1000066997
145724592	1000126928
14392347	1000049093
64557947	1000092510
54900089	1000066997
13196662	1000139522
19208825	1000066997
175051095	1000060410
14575306	1000139522
16393963	1000040133
8346982	1000139522
260556074	1000120550
216765454	1000029284
14839147	1000066997
58301808	1000038505
14095706	1000047443
15186910	1000139522
112001635	1000139522
125078450	1000038505
5357812	1000066997
523317676	1000127977
169610198	1000066997
28187205	1000021255
248438929	1000069588
153120757	1000047443
161565550	1000139522
1367531	1000066997
37997708	1000013692
17872874	1000100993
4488	1000049093
418315536	1000002411
14912587	1000096379
88788576	1000037149
29216764	1000066997
14838107	1000038505
31139700	1000139522
18729482	1000139522
20927666	1000126928
17300093	1000139522
7745472	1000127977
14984003	1000139522
261333504	1000142223
