99642334	1000159217
243514133	1000105177
187671148	1000105177
21378183	1000105177
10148602	1000073099
21524045	1000150282
6825792	1000105177
16741826	1000037231
362730502	1000024721
44660311	1000105177
19563357	1000052776
52247264	1000056065
20205561	1000166994
145812001	1000166994
18191231	1000105177
86801849	1000174508
23491995	1000105177
22477692	1000174508
18242857	1000118646
14550962	1000104216
15955862	1000020361
22025910	1000105177
18141963	1000124406
29206754	1000105177
124801593	1000105177
3296721	1000173174
120093083	1000105177
14779707	1000125439
225189964	1000019920
71254586	1000073323
296112467	1000161532
94367969	1000105177
41725979	1000105177
67013898	1000115282
36902042	1000109037
326337346	1000105177
19238557	1000039551
225600818	1000150282
453344643	1000105177
76642236	1000068779
37372319	1000059034
271759013	1000000445
169922568	1000105177
92140064	1000081170
15577411	1000112159
19549403	1000105177
15618111	1000056065
241214783	1000105177
48463781	1000008241
16220934	1000105177
21834006	1000073323
47997156	1000105177
21122937	1000105177
45717231	1000105177
6727802	1000037231
22363892	1000047865
71739325	1000105177
13134712	1000087027
20809506	1000105177
24166202	1000105177
8978022	1000112159
16938503	1000105177
15220205	1000059034
18648265	1000101633
2064501	1000105177
38135106	1000105177
18866772	1000009363
26151657	1000105177
77351627	1000013327
16311277	1000154688
84179009	1000009363
13134712	1000020361
64455099	1000124406
279490402	1000104216
15895115	1000037231
14183255	1000015159
244297517	1000015159
14164970	1000112159
275069760	1000105177
28490557	1000174508
16809036	1000105177
469024995	1000105177
202604677	1000105177
8254252	1000105177
17511527	1000105177
19185916	1000019920
150999442	1000154688
24673002	1000047865
14139971	1000059034
243370113	1000082938
79833897	1000022431
77315890	1000125439
15771445	1000163085
84167270	1000028483
43065900	1000059034
25143948	1000105177
133317553	1000015159
188035912	1000028483
47165507	1000056065
367944032	1000059034
192386281	1000155005
96869096	1000073099
61684853	1000105177
14229096	1000059034
54591914	1000019920
33868543	1000073099
44433659	1000105177
7693632	1000105177
11845912	1000059034
23057107	1000047865
108928516	1000105177
19245182	1000105177
82694047	1000126782
24673002	1000174508
166392006	1000052776
32418480	1000112159
16741826	1000056065
419522236	1000105177
453501086	1000170839
41540760	1000105177
199122609	1000105177
17787312	1000105177
29479373	1000054740
357509021	1000105177
73754751	1000125957
2747211	1000105177
15176366	1000056065
96243452	1000105177
14609321	1000105177
316696918	1000073099
23429965	1000019920
62221256	1000105177
66020299	1000047865
7710472	1000019920
216343061	1000105177
225036525	1000105177
23819371	1000105177
18897157	1000155005
16391766	1000105177
22536940	1000105177
268376042	1000015241
50145896	1000097738
17400667	1000006364
363236099	1000166994
23292594	1000174508
13400202	1000122983
451044230	1000037231
146071420	1000105177
14476063	1000155487
132834166	1000097738
86938734	1000105177
18593319	1000111545
23292594	1000147617
198876913	1000105177
16512902	1000105177
120437212	1000020361
86801849	1000047865
180211806	1000105177
30369538	1000105177
166295530	1000041010
15112961	1000124406
149995716	1000107481
75194904	1000105177
15430929	1000173174
237711785	1000109225
278915768	1000029060
14231756	1000008241
204145356	1000105177
15090928	1000029060
122424390	1000123144
32381348	1000028483
149182381	1000105177
22556717	1000135011
46160155	1000019920
63485337	1000105177
59099794	1000105177
48912717	1000105177
14531269	1000167331
18731347	1000104216
244297517	1000056065
27906506	1000022431
32418480	1000054740
16536180	1000105177
216590574	1000059034
103421652	1000105177
20187852	1000122072
107917371	1000105177
377809800	1000105177
37561615	1000059034
19698923	1000105177
66443242	1000174508
19178827	1000174508
7573752	1000019920
18648265	1000105177
8878882	1000073099
64619842	1000105177
486366544	1000029467
38770171	1000105177
42161632	1000105177
17576144	1000105177
14573389	1000105177
29125497	1000016338
121995182	1000105177
19382657	1000081170
183568258	1000105177
96649366	1000019920
243439460	1000081170
18681592	1000105177
14195214	1000105177
225189964	1000174508
14159087	1000122983
14286753	1000019920
207241175	1000016338
114908092	1000037737
13504092	1000081170
369130833	1000052776
20642498	1000112159
7861312	1000073099
14887650	1000105177
15300838	1000105177
117891523	1000105177
181379962	1000105177
10178852	1000105177
15797184	1000161532
15728083	1000019920
74262901	1000154100
214934385	1000105177
44404758	1000174508
64590892	1000059079
198361049	1000105177
18553965	1000059034
14498968	1000105177
50081949	1000105177
15410758	1000115623
36041817	1000047865
133317553	1000105177
34068984	1000028483
15410099	1000020361
124179300	1000019920
19677696	1000083740
46855908	1000009363
35422993	1000105177
54591914	1000174508
143018561	1000105177
7724212	1000019920
19596174	1000028483
979061	1000105177
3752691	1000105177
207358031	1000105177
482526151	1000105177
24560836	1000105177
90175945	1000019920
91008721	1000014952
15115942	1000037231
19772827	1000105177
16268173	1000105177
296112467	1000024721
113112076	1000105177
320293570	1000105177
5657162	1000020361
118933631	1000135011
39614123	1000105177
353510711	1000105177
73754751	1000056065
27958687	1000174508
123355272	1000137742
33959844	1000105177
38515515	1000122072
17289723	1000024721
19677696	1000109123
16687014	1000105177
189338381	1000105177
17409832	1000019920
15218212	1000015159
423892453	1000105177
93961987	1000054740
43909874	1000013327
130894193	1000157534
4812381	1000166994
84179009	1000047865
338539802	1000041010
61432094	1000174508
14867989	1000105177
52247264	1000016288
75569523	1000105177
14828112	1000017966
342036488	1000105177
42242199	1000174508
15747614	1000056065
15747614	1000031877
18322660	1000077049
20266076	1000028483
20152005	1000174508
19828067	1000081170
43894087	1000024721
199230475	1000105177
132831866	1000112159
44652237	1000136611
316155198	1000059034
12570812	1000056065
7568282	1000019920
111961058	1000006364
39870387	1000028483
13196662	1000105177
28678443	1000105177
113124784	1000105177
20906991	1000019920
11845912	1000105177
48648511	1000052776
118360338	1000115282
23057107	1000155005
75849468	1000019920
122881876	1000056065
50710294	1000047865
41130821	1000105177
23057950	1000007354
196246148	1000105177
154446350	1000105177
243293725	1000019920
108110016	1000105177
261641706	1000105177
43894087	1000161532
14433905	1000105177
17745675	1000105177
130269789	1000020361
228448689	1000052776
37478021	1000059034
14093238	1000105177
255694820	1000105177
15413624	1000105177
93969417	1000105177
121825928	1000059034
17409832	1000072919
70923	1000105177
21834006	1000088536
14796922	1000069854
248044499	1000073099
22052855	1000105177
18599061	1000174508
15591032	1000105177
9943672	1000154100
341465533	1000105177
392361011	1000017734
15839551	1000087027
19626145	1000105177
410951904	1000105177
20351608	1000013327
61943379	1000105177
20642498	1000173174
15197542	1000105177
250736056	1000105177
20562193	1000105177
17846006	1000159217
14047459	1000059034
7573752	1000147617
43028134	1000166994
51016800	1000016338
15230887	1000105177
51533511	1000105177
52594536	1000166994
102391194	1000174508
357414777	1000105177
14159087	1000010632
128704224	1000105177
332803989	1000105177
277402513	1000136327
15902958	1000105177
38347814	1000068779
44024932	1000105827
188888207	1000033188
20883980	1000105177
129080258	1000059034
62050341	1000019920
59680036	1000154100
16965815	1000105177
107383619	1000073099
242897817	1000124406
279728843	1000105177
65646134	1000174508
102531824	1000105177
97565120	1000105177
25491442	1000105177
242897817	1000067427
15771445	1000112139
15870918	1000105177
50000478	1000022431
344530529	1000041010
19920926	1000159217
41907222	1000105177
273588297	1000159217
77690219	1000056065
90504919	1000105177
48311519	1000000445
248411093	1000090650
9115762	1000123144
243293725	1000105177
35012277	1000136327
290879947	1000155487
23878044	1000047865
7710472	1000155005
327623069	1000029060
15860867	1000105177
7668362	1000105177
257979647	1000105177
14145413	1000019920
14433905	1000073099
20659225	1000073099
47337365	1000126782
115335924	1000115282
14718085	1000105177
47429047	1000105177
19240388	1000144778
12447212	1000105177
113434348	1000150282
181327780	1000019920
199771301	1000112159
14538254	1000016338
21411794	1000008241
71122285	1000122983
18059500	1000135011
14512216	1000105177
19287097	1000101633
18735152	1000056065
7646402	1000150282
23742038	1000150282
19564412	1000150282
9660212	1000105177
370024566	1000105177
171617612	1000174508
83955385	1000056065
189178986	1000059034
121483821	1000105177
33136368	1000105177
278625473	1000161532
119696692	1000105177
360964430	1000037231
26727250	1000059034
280055561	1000105177
17158189	1000105177
121597373	1000105177
27159398	1000056065
5423502	1000155005
21144530	1000109037
18322660	1000054740
292733652	1000052776
42568105	1000105177
109344609	1000105177
2735631	1000154100
13134712	1000105177
297064190	1000072919
47837613	1000105177
20979133	1000105177
16144125	1000047865
40503144	1000105177
18032579	1000005596
266011413	1000040736
15129912	1000016338
118921133	1000105177
83932449	1000174508
232455661	1000105177
100314530	1000019920
19695915	1000031877
37957402	1000068779
20863627	1000009363
39394680	1000105177
15002416	1000105177
14486283	1000105177
126050637	1000059034
31949053	1000163085
11167502	1000105177
65294835	1000008241
21849785	1000047865
30172755	1000174508
38913239	1000105177
29479373	1000039551
23911853	1000105177
95356132	1000105177
102577104	1000105177
22909117	1000105177
14536491	1000124406
117506844	1000115282
399680056	1000105177
38318973	1000073099
30508248	1000105177
1405071	1000105177
223581250	1000105177
104991493	1000105177
379790408	1000105177
42739048	1000061801
115395977	1000058185
22412376	1000105177
14805828	1000105177
20057044	1000105177
19645671	1000105177
32335905	1000105177
6153752	1000166994
5576542	1000155487
190233732	1000173174
19362297	1000009363
20057044	1000150282
20541138	1000140570
90982638	1000015159
96869096	1000029060
23487429	1000056065
11698162	1000057927
208697506	1000105177
14848426	1000124406
8789452	1000105177
156550354	1000105177
164862474	1000105177
813491	1000104216
218601115	1000072340
84972030	1000125439
373561303	1000105177
22556717	1000037231
19492215	1000174508
241324615	1000105177
48370736	1000028483
372084834	1000105177
23429965	1000170839
295263112	1000028483
1070541	1000174508
16679692	1000105177
150999442	1000112159
94414805	1000097738
15534317	1000059034
184146952	1000037737
46682302	1000174508
13096002	1000015159
139634187	1000105177
108993961	1000057927
20495756	1000006364
24593	1000105177
16364081	1000105177
120296068	1000028483
22835308	1000066755
28294611	1000105177
127099086	1000105177
247110120	1000123144
14165300	1000037231
39680464	1000105177
20979133	1000019920
377705569	1000105177
8488242	1000105177
196518052	1000105177
22901296	1000020361
103015376	1000010632
39254008	1000028483
35827447	1000144778
19582372	1000037231
25846006	1000155005
822382	1000069854
127247117	1000105177
20747847	1000124406
286139806	1000105177
64619842	1000013327
7668362	1000104216
10796902	1000105177
12047992	1000056065
279490402	1000105177
15477714	1000033188
27531390	1000105177
83589610	1000105177
38339409	1000105177
156579684	1000069854
785766	1000104216
385591690	1000105177
287341235	1000105177
107336879	1000019920
4838281	1000155487
15861559	1000019920
66185595	1000105177
14584644	1000028483
5843542	1000081170
21524045	1000007354
65624125	1000105177
12733122	1000125957
281357881	1000105177
121164049	1000125957
365422143	1000105177
34406723	1000105177
108931405	1000105177
9085062	1000105177
16694706	1000174508
107336879	1000105177
24636631	1000039459
23057950	1000005596
31313454	1000002695
12712332	1000013327
193113192	1000059079
191790175	1000105827
105001524	1000105177
375019221	1000076811
34898503	1000105177
16020401	1000174508
26204177	1000105177
21444458	1000105177
17909243	1000109225
14173608	1000087027
16716312	1000105177
20360524	1000059034
29414439	1000059034
49280659	1000097738
52934175	1000029060
113587153	1000069854
29762558	1000135011
31473912	1000028483
14512216	1000009363
155969606	1000105177
82195937	1000105177
188037964	1000105177
277809327	1000019920
75849468	1000170839
80302411	1000019920
5774552	1000056065
467916589	1000073099
212880848	1000105177
17022544	1000105177
375898136	1000013327
7065942	1000125957
18928583	1000029060
67989828	1000105177
22465479	1000047865
16831715	1000057927
18059500	1000040736
177965708	1000170839
282070327	1000105177
16831715	1000019920
16020401	1000056065
5506012	1000105177
244297517	1000105177
14379148	1000105177
218622534	1000105177
72998217	1000069854
394237180	1000105177
126253219	1000105177
347541167	1000105177
323626238	1000059079
140968008	1000125957
121689493	1000105177
155688134	1000105177
14357850	1000105177
111961058	1000174508
95403192	1000105177
182883839	1000114839
268876919	1000105177
114667863	1000105177
91073307	1000174508
32387419	1000058185
45416789	1000028483
14656109	1000041010
132831866	1000154688
14865455	1000105177
21106726	1000105177
168760253	1000105177
54341995	1000174508
18548738	1000105177
224940694	1000009363
21720472	1000019920
14077911	1000037231
117891523	1000020361
45175180	1000105177
22477692	1000022431
37625221	1000150282
145370520	1000105177
756145	1000015159
1979391	1000059079
68269624	1000105177
31032196	1000105177
265000997	1000105177
14531269	1000166994
77059348	1000105177
87100827	1000105177
11420652	1000033188
64676119	1000105177
33030256	1000037231
184572889	1000105177
28700450	1000019920
76574844	1000105177
37538435	1000105177
261387085	1000105177
15410758	1000170839
14631433	1000105827
75783213	1000105177
38094287	1000105177
114023805	1000105177
14575076	1000167331
31610343	1000052776
11794902	1000073323
316643326	1000105177
19041496	1000105177
152520891	1000105177
122259612	1000105177
14848426	1000028483
4219131	1000082938
277356805	1000037231
64446738	1000009363
95988456	1000054740
64446738	1000174508
382110320	1000105177
18159266	1000016288
122881876	1000019183
158664249	1000174508
241214783	1000020361
87985887	1000125957
19705149	1000054740
114043408	1000105177
15006539	1000105177
40438408	1000105177
31536491	1000020361
20611320	1000013327
14869988	1000028483
47429047	1000047865
14796299	1000105177
255906517	1000058185
87515348	1000028483
198370650	1000105177
6066602	1000037231
166006883	1000105177
18908032	1000105177
22464647	1000047865
7434902	1000105177
18733901	1000105177
14500711	1000020361
14935647	1000124406
267720334	1000105177
20804649	1000028483
452631923	1000105177
238795636	1000105177
13408722	1000105177
91008721	1000174508
51506108	1000105177
176950658	1000054740
14807835	1000105177
43933796	1000047865
27611506	1000105177
7888452	1000105177
23592412	1000054740
193055570	1000105177
7065942	1000015159
49644939	1000105177
266369226	1000105177
12195002	1000081170
184552678	1000105177
239578776	1000105177
249585652	1000109225
115769498	1000028483
55061637	1000174508
39680464	1000073099
64619842	1000020361
14372674	1000105177
219076100	1000105177
258741967	1000105177
129267848	1000015241
13400202	1000154688
108704423	1000162053
304424055	1000157534
389380307	1000105177
329732549	1000052776
82507674	1000105177
76789667	1000105177
38542252	1000052776
243293725	1000174508
129699446	1000105177
280490190	1000105177
41522105	1000087027
237711785	1000105177
57545605	1000056065
29815936	1000125957
19382657	1000037231
15582769	1000161532
19144764	1000105177
194746913	1000105177
14677116	1000105177
140970624	1000069854
11845912	1000028483
1072591	1000105177
13400202	1000057927
30043463	1000105177
29293260	1000037231
15135874	1000150282
90077108	1000105177
480774733	1000105177
19793454	1000105177
43028134	1000105177
14173608	1000163085
16134428	1000161532
31067157	1000009363
68618051	1000059034
23056311	1000047865
40498522	1000105177
5868402	1000069854
18734016	1000052776
324583691	1000156189
124179300	1000009363
255906517	1000150282
126736457	1000105177
202740020	1000105177
12570812	1000016288
401780956	1000105177
17426710	1000028483
51477206	1000105177
325583724	1000105177
46160155	1000007354
19189968	1000105177
33890876	1000047865
19607767	1000105177
281079128	1000061801
226799456	1000105177
127973392	1000059034
19623009	1000037231
10680802	1000105177
344530529	1000047865
158664249	1000047865
251785109	1000105177
9270192	1000148720
205848662	1000105177
100314530	1000174508
525268196	1000109123
29479373	1000122983
18938381	1000159217
245564182	1000105177
23004150	1000105177
16393255	1000105177
243293725	1000013327
32487499	1000105177
52451265	1000016288
33676781	1000059079
15292070	1000113002
87985887	1000015159
175181917	1000029060
74758837	1000105177
21524045	1000077049
52451265	1000001266
23704116	1000016288
111920546	1000105177
20134640	1000105177
339149742	1000122072
331434583	1000105177
100863943	1000105177
76759789	1000105177
15944708	1000016288
87568396	1000105177
339996257	1000105177
211105430	1000105177
87985887	1000159217
34722951	1000105177
14236056	1000105177
20119483	1000154100
104482152	1000174508
14173608	1000174508
47273526	1000155487
14917050	1000105177
65403323	1000174508
105355094	1000105177
20264425	1000105177
794186	1000009363
24585498	1000105177
48485771	1000166994
16057067	1000105177
17995419	1000016288
5963542	1000039551
218629564	1000105177
105924719	1000150282
27678332	1000076811
148099075	1000161532
22189471	1000105177
6015962	1000105177
160344565	1000105177
64298571	1000105177
244769691	1000124406
212018296	1000019920
13134712	1000163085
15978658	1000072919
24422716	1000088536
79291414	1000019920
17064600	1000105177
270067269	1000105177
21920573	1000170839
20576633	1000068779
53789489	1000037231
46179487	1000059079
494396769	1000105177
304239150	1000105177
113184866	1000059034
115555556	1000105177
20123620	1000124406
107076934	1000105177
41421889	1000160786
778518	1000037231
53474481	1000020361
15446372	1000174508
73754751	1000123144
92405424	1000018639
23592412	1000112159
22519059	1000072919
186510649	1000105177
277402513	1000115623
3359851	1000105177
66020299	1000174508
15491994	1000105177
311776211	1000064599
14649689	1000105177
128704224	1000150282
285296446	1000105177
15862493	1000105177
79833897	1000019920
41494136	1000174508
20765126	1000156189
20407984	1000105177
100314530	1000147617
318826335	1000105177
95987069	1000105177
20415144	1000020361
18159266	1000019183
315338495	1000041010
242897817	1000002695
144308393	1000028483
180853211	1000174508
4113261	1000114839
214970887	1000097738
26376975	1000105177
251998803	1000105177
24731072	1000059034
92724978	1000037231
96653670	1000059034
20327122	1000013327
23331266	1000056065
20470888	1000059034
14480405	1000105177
3443591	1000105177
16926230	1000105177
169222878	1000115282
365033490	1000105177
21556678	1000068779
101311210	1000105177
201455147	1000174508
92070088	1000040736
177336885	1000073099
46855908	1000019920
14183255	1000055417
79291414	1000009363
14887698	1000105177
97374601	1000137742
89962095	1000105177
19208450	1000019920
14998879	1000105177
39126269	1000020361
71557397	1000137742
152062126	1000105177
177336302	1000105177
503534701	1000105177
14817347	1000105177
61168238	1000105177
105043054	1000013327
181327780	1000105177
551669320	1000105177
15862493	1000056065
21517874	1000029060
365070711	1000105177
95881243	1000105177
123153760	1000016288
15487708	1000059034
123674756	1000105177
140968008	1000009363
5867722	1000105177
19621745	1000028483
16938503	1000126782
633523	1000003097
225189964	1000009363
265359098	1000005596
264109921	1000105177
16831715	1000112159
26778893	1000094680
18092810	1000039459
16917852	1000105177
82877782	1000105177
113254439	1000040736
52651072	1000052776
14209507	1000097738
25846006	1000105177
118921133	1000009363
118279350	1000115623
16049997	1000105177
156666261	1000105177
18382692	1000174508
813491	1000105177
19760709	1000105177
14159087	1000056065
108993961	1000054740
14130860	1000105177
344895078	1000105177
14069827	1000174508
94840614	1000105177
378644447	1000076811
24948569	1000105177
60402167	1000150282
148727717	1000105177
14291563	1000105177
43342490	1000105177
14260655	1000105177
756379	1000047865
17495686	1000150282
87759396	1000072340
19102458	1000037231
17047105	1000166994
38515515	1000019920
21505330	1000009363
123083228	1000153828
14293780	1000105177
45371275	1000113002
8207832	1000056065
8919772	1000105177
14296723	1000069854
318294041	1000047865
14531149	1000105177
42242199	1000019920
203868162	1000125957
175391423	1000105177
125433817	1000105177
64656259	1000105177
18940844	1000019920
6693252	1000105177
16808822	1000069854
22662672	1000104216
103092442	1000105177
45718320	1000059034
19126688	1000105177
16578299	1000123144
19735121	1000056065
254656336	1000105177
13400202	1000054740
19649303	1000009363
15608978	1000105177
15430929	1000054740
14405995	1000125957
60852550	1000009363
106470768	1000059034
117891523	1000013327
85982464	1000105177
19613784	1000016288
19746351	1000112139
9102092	1000016338
223483131	1000105177
175996375	1000059034
15970247	1000105177
257145854	1000059034
16020401	1000009363
22103126	1000064599
3860	1000105177
122186614	1000114839
13588012	1000150282
216025903	1000136611
66020299	1000019920
393719606	1000114839
304949161	1000009363
14267616	1000105177
14512216	1000159217
53789489	1000073099
216755058	1000105177
323626238	1000105177
19945554	1000073099
14249811	1000105177
43672586	1000105177
207779106	1000105177
132831866	1000054740
14631433	1000040736
32143	1000105177
246477892	1000105177
385080494	1000105177
1310331	1000056065
24427682	1000150282
55259071	1000056065
167144274	1000016338
123439064	1000019920
50478950	1000105177
303146057	1000105177
26000424	1000059034
226735409	1000161532
96649366	1000174508
44522731	1000174508
6898832	1000105177
14681192	1000105177
219515314	1000105177
56397733	1000124406
27938549	1000037231
20465412	1000028483
19785988	1000105177
19223919	1000105177
20703666	1000081170
8919982	1000105177
20906991	1000155005
6310522	1000105177
5538482	1000105177
13169322	1000051087
52451265	1000056065
15747614	1000125230
212880848	1000019920
175855283	1000059034
258217323	1000105177
305052471	1000105177
103190000	1000105177
16020401	1000014952
11097752	1000105177
15787709	1000105177
14399435	1000105177
151667946	1000009363
16020401	1000006364
86998735	1000105177
322069904	1000105177
17025041	1000111545
10940912	1000105177
292102750	1000105177
14671967	1000028483
21076998	1000008241
10335822	1000105177
375019221	1000039134
31626721	1000105177
22662672	1000105177
45718320	1000097738
57895546	1000105177
80856510	1000020652
15857157	1000166994
20950208	1000082938
108993961	1000112159
14083627	1000069854
19672461	1000105177
207936757	1000082938
378186136	1000174508
17400667	1000020361
20765126	1000068779
87985887	1000150282
237513458	1000174508
26585249	1000105177
22213896	1000105177
23331266	1000125230
16900930	1000105177
202604677	1000015159
14911155	1000072919
13274152	1000105177
14637113	1000105177
72343437	1000166994
169760495	1000173174
58428854	1000105177
19364937	1000105177
31067157	1000125957
15622372	1000105177
49280659	1000059034
130808369	1000105177
92019983	1000105177
99642334	1000020361
34038820	1000019920
546810343	1000105177
137389488	1000105177
44641505	1000174508
10938882	1000056065
47483615	1000007354
20587987	1000015159
227021584	1000105177
19677696	1000160786
207922942	1000154688
289216498	1000029060
15852140	1000159217
125996244	1000008241
344530529	1000105177
16926230	1000087027
19193315	1000105177
45138927	1000105177
33777251	1000017966
230844990	1000019920
15602984	1000105177
28154689	1000166994
485197487	1000105177
11641832	1000056065
14887698	1000013327
20586677	1000105177
18362008	1000122072
118852593	1000105177
108989831	1000105177
71190158	1000072919
11965442	1000105177
19998190	1000069854
15285444	1000073099
22464647	1000174508
61400295	1000159217
101653958	1000105177
17296523	1000105177
16902354	1000105177
83582344	1000047865
27906506	1000047865
14324319	1000147617
12476362	1000118646
379377021	1000105177
18101685	1000060322
18093468	1000136327
258237492	1000122072
18666844	1000166994
146269168	1000056065
14379148	1000056065
282348945	1000105177
158862966	1000004096
98213813	1000105177
16721808	1000174508
18059500	1000105177
18923866	1000019920
14337677	1000033188
79886398	1000109037
11698162	1000105177
1074431	1000047865
29328133	1000059034
304939940	1000105177
10938882	1000001266
32391233	1000105177
37729461	1000039551
11880142	1000105177
14154640	1000069854
26504875	1000174508
25732138	1000056065
29479373	1000173174
19208450	1000174508
157155118	1000105177
62613968	1000101633
10117562	1000056065
16311277	1000054740
148731444	1000073099
103015376	1000112159
128231224	1000019920
191790175	1000037231
22509603	1000037231
213685111	1000105177
5576542	1000105177
104075684	1000105177
327037969	1000105177
14643059	1000105177
5471892	1000174508
22427026	1000105177
17420846	1000105177
20863627	1000019920
119276733	1000073099
20567578	1000082938
14475021	1000105177
43872362	1000037231
47305516	1000105177
148264208	1000105177
14244383	1000105177
261874517	1000125957
92405424	1000017734
15665968	1000059034
459178549	1000059034
19330360	1000040736
16013055	1000068779
18940844	1000105177
217931270	1000115282
11698162	1000054740
24955088	1000166994
162252030	1000105177
123153760	1000056065
57545963	1000105177
39856357	1000059079
37350168	1000140570
24948569	1000047865
66615554	1000105177
99642334	1000033188
16743138	1000068779
482583348	1000105177
19240388	1000154100
73019162	1000028483
66020299	1000105177
13134712	1000006364
306232814	1000105177
290075064	1000162053
428428152	1000019920
82694047	1000016288
104482152	1000019920
19705819	1000105177
19802312	1000073099
177564924	1000105177
22465479	1000174508
15595354	1000105177
5905672	1000154100
57903424	1000039459
5938412	1000105177
47374533	1000105177
29944153	1000105177
7964382	1000105177
242876057	1000105177
333882024	1000057694
20134640	1000150282
58788838	1000161532
339601420	1000054740
62410079	1000105177
366689013	1000059034
229064949	1000068779
52922310	1000105177
6156942	1000019920
18581017	1000150282
45138635	1000105177
37253056	1000105177
44557504	1000105177
83932449	1000047865
24422716	1000105177
478078032	1000072919
7753922	1000105177
96653670	1000028483
234616792	1000105177
77309590	1000105177
16226911	1000097738
7852172	1000105177
162334554	1000105177
14116619	1000052776
35541868	1000105177
18731347	1000105177
108704423	1000105177
7710472	1000105177
97477051	1000105177
25719962	1000105177
17225199	1000101633
424280804	1000105177
124233813	1000013327
15002367	1000105177
167099490	1000005596
237513458	1000019920
74482188	1000051087
31197133	1000019920
150999442	1000005596
464798382	1000059034
21524045	1000105177
14272991	1000006364
217422891	1000105177
25649234	1000173174
15595903	1000069854
161394746	1000072919
155689319	1000118646
91339533	1000105177
35806396	1000105177
52343800	1000123144
112075585	1000017966
7608352	1000065847
100331389	1000017966
243514133	1000009363
19362297	1000019920
28474996	1000105177
25115934	1000059079
19661710	1000052776
24948569	1000174508
15757788	1000105177
1764571	1000041010
15387870	1000105177
92985689	1000174508
10671602	1000114839
84179009	1000147617
28700450	1000056065
14504673	1000105177
10447872	1000105177
14467421	1000105177
14101812	1000122072
16336652	1000105177
16578299	1000007354
116292493	1000105177
8151822	1000105177
153481786	1000105177
24135382	1000073099
129656992	1000040736
77690219	1000009363
38347814	1000083740
97743746	1000115282
96461927	1000069854
5813712	1000105177
149995716	1000112159
40434241	1000022431
31377059	1000059034
85450354	1000006364
43944554	1000105177
17687495	1000105177
14114985	1000105177
25488031	1000105177
8266102	1000155487
52451265	1000125230
363236099	1000105177
18242857	1000093797
119341643	1000150282
273608978	1000105177
17547990	1000097738
28490110	1000105177
61483289	1000105177
15747614	1000016288
44134863	1000135011
73514272	1000059079
27938549	1000059079
19705149	1000125957
122424390	1000105177
61483289	1000056065
15747614	1000144778
95476615	1000105177
283147505	1000105177
138308031	1000105177
265206212	1000105177
50850314	1000039551
16660064	1000166994
5473642	1000105177
92724978	1000055417
14803740	1000105177
13096002	1000150282
12127832	1000105177
96649366	1000009363
15430929	1000010632
294430454	1000041010
22207071	1000105177
479024488	1000105177
12592522	1000058185
52422840	1000105177
62613968	1000073323
306232814	1000003097
19729451	1000069854
380948814	1000105177
21756999	1000059079
4191161	1000105177
79291414	1000174508
22835308	1000136327
19663597	1000052776
29703891	1000105177
14344677	1000105177
78993414	1000081170
18940844	1000009363
170113817	1000097738
30324434	1000069854
15484502	1000105177
5963542	1000144778
250590425	1000143752
307829666	1000105177
12244502	1000105177
244297517	1000150282
19772827	1000150282
15192772	1000155487
18553965	1000028483
351968046	1000109037
15192772	1000037231
77351627	1000122072
312417114	1000059034
19759597	1000073099
28700450	1000053999
176950658	1000154688
41413470	1000029060
18093468	1000066755
37625221	1000136611
17743907	1000105177
19362297	1000174508
20863627	1000057694
188888207	1000019920
295368995	1000105177
15876654	1000105177
19807222	1000105177
381687293	1000170839
13408722	1000154688
212867528	1000105177
230844990	1000009363
18680799	1000016288
31354853	1000037231
75835217	1000059034
15577411	1000054740
14693692	1000150282
4159571	1000064599
69639019	1000105177
210944652	1000105177
297768208	1000105177
77270979	1000163085
24595743	1000105177
57043046	1000155487
94860638	1000006364
13400992	1000010632
22464647	1000022431
113763153	1000059034
13894102	1000105177
19178827	1000047865
47667972	1000057927
44114848	1000009363
14237677	1000155487
239320624	1000020652
20436922	1000105177
106719889	1000069854
27421232	1000013327
114908092	1000033188
21199489	1000068779
785766	1000105177
112717297	1000019920
40885168	1000105177
378644447	1000039134
370478443	1000105177
16226911	1000059034
70977930	1000069854
243062415	1000167331
25957136	1000174508
18928583	1000173174
15696517	1000073099
295817535	1000170839
31067157	1000033188
60784126	1000041010
29293260	1000105827
193059216	1000072340
27938549	1000155487
6076432	1000105177
17177336	1000105177
43016307	1000174508
19702846	1000148720
21861033	1000016288
57929922	1000105177
38318973	1000105177
135146957	1000041010
27906506	1000174508
489464235	1000105177
144556500	1000105177
50710294	1000019920
16502292	1000105177
92985689	1000019920
64696441	1000017734
18812947	1000056065
5657162	1000122072
91004913	1000000445
39584643	1000115282
8978022	1000053999
14848426	1000059034
18362008	1000013327
386697756	1000037231
14047459	1000028483
19750276	1000073099
60814115	1000105177
25105135	1000059079
21782626	1000053999
26947525	1000004096
100314530	1000087027
15176914	1000105177
37992666	1000105177
18820747	1000024721
309846435	1000105177
226735409	1000024721
16514761	1000114839
47207321	1000040736
35843751	1000105177
6990562	1000005596
18963070	1000105177
527938842	1000170839
15707258	1000105177
16020401	1000125957
7065942	1000159217
64676119	1000037231
183967095	1000105177
58396487	1000154100
92824574	1000105177
38515515	1000105177
376463873	1000059034
34038820	1000047865
14696525	1000115623
20586208	1000174508
156760198	1000037231
196518052	1000174508
115216851	1000073099
21709230	1000020361
392361011	1000018639
19102458	1000073099
189260968	1000022431
16079245	1000029467
19923765	1000037231
18945363	1000105177
71254586	1000150282
18262175	1000135011
50710294	1000123144
15300027	1000105177
170510175	1000105177
14229141	1000059034
57545605	1000016288
27025232	1000105177
130307055	1000105177
26527783	1000056065
73100160	1000028483
123051486	1000105177
10144972	1000039551
20329977	1000017734
15707545	1000105177
27280073	1000105177
163232626	1000105177
20075644	1000166994
45371275	1000037231
47568499	1000105177
350426730	1000105177
5906322	1000039459
6819062	1000105177
17309951	1000105177
15177790	1000105177
33514154	1000105177
21782626	1000112159
8032822	1000105177
84179009	1000019920
229278271	1000105177
14519984	1000039551
5668172	1000105177
21411794	1000068779
14327389	1000105177
273420631	1000105177
97723429	1000105177
94454911	1000039459
487080666	1000041010
451044230	1000020361
15239720	1000105177
14422399	1000054740
32831936	1000174508
13400992	1000054740
106822776	1000041010
820281	1000105177
105068489	1000105177
324305626	1000105177
378659319	1000105177
128231224	1000174508
233384907	1000159217
301845820	1000105177
765285	1000105177
13674992	1000105177
50710294	1000174508
171649753	1000028483
19330360	1000170839
137833592	1000105177
282704498	1000113002
47905520	1000105177
37625221	1000123144
18599061	1000155005
14339287	1000041010
12595712	1000015241
400505785	1000028483
6471312	1000136611
14063949	1000105177
13920072	1000105177
22083151	1000067427
658353	1000056065
17937047	1000105177
16264063	1000082938
16051404	1000174508
26641462	1000161532
42856821	1000022431
46160155	1000123144
31354853	1000105827
14437359	1000016338
25133745	1000105177
8321062	1000105177
30201958	1000105177
15419775	1000073099
293935499	1000019920
19582372	1000105177
123083228	1000020361
377862490	1000013327
15797184	1000024721
24297586	1000105177
15944708	1000105177
25732138	1000016288
21782626	1000054740
18148724	1000126782
20291791	1000059034
19980698	1000174508
17027460	1000059034
191790175	1000039551
196518052	1000006364
22419546	1000161532
15947348	1000039459
19764050	1000057927
282044136	1000105177
266043405	1000159217
12109952	1000065847
31067157	1000124406
43016307	1000019920
243483285	1000013327
290879947	1000105177
20405932	1000056065
1979391	1000105177
91008721	1000009363
37538435	1000072340
14602681	1000013327
24955088	1000019920
18262175	1000040736
8978022	1000007354
19657422	1000105177
20160153	1000105177
18715225	1000037231
18159266	1000056065
104169476	1000007354
216590574	1000028483
14283326	1000150282
7378422	1000069854
17547990	1000059034
17064600	1000105827
263907906	1000125439
18904698	1000174508
54341995	1000155005
343485895	1000059034
23487429	1000039551
52922310	1000144778
46855908	1000123144
17104005	1000047865
71882809	1000174508
30387071	1000105177
351968046	1000000445
123083228	1000013327
4838281	1000037231
182558685	1000105177
37755305	1000105177
13460312	1000105177
25732138	1000058185
26340979	1000059034
123439064	1000174508
5868662	1000105177
368258248	1000105177
23159826	1000056065
60402167	1000056065
44024932	1000059079
131906870	1000015159
7710472	1000047865
126030998	1000105177
142634662	1000105177
232206987	1000059034
3550301	1000039459
7410792	1000013327
16536734	1000105177
13311722	1000059034
239110599	1000105177
15043851	1000105177
190233732	1000105177
29762558	1000040736
30837214	1000015159
45406850	1000105177
194120226	1000105177
18890465	1000029060
33868543	1000105177
169760495	1000010632
271827739	1000105177
18797345	1000105177
144369436	1000105177
84179009	1000174508
25382450	1000166994
14324319	1000105177
14448199	1000174508
114908092	1000020361
14168488	1000024721
192150334	1000105177
14168488	1000105177
16104418	1000105177
24278682	1000069854
199072435	1000105177
44578351	1000105177
380614137	1000000445
123439064	1000105177
217472199	1000105177
187312218	1000105177
262865290	1000028483
336671024	1000039459
34038820	1000105177
177965708	1000115623
14500711	1000013327
161035197	1000105177
23991290	1000105177
41803369	1000105177
85529001	1000105177
44404758	1000014952
309898133	1000052776
341198567	1000105177
114908092	1000019920
14780571	1000105177
14573965	1000105177
17775805	1000105177
43359019	1000105177
11674912	1000009363
14386517	1000104216
27958687	1000105177
18925386	1000019920
113193628	1000105177
14520151	1000105177
301233814	1000105177
100133245	1000066755
14129601	1000105177
4114811	1000105177
16103613	1000105177
96624471	1000105177
60728586	1000105177
97011333	1000047865
225140058	1000105177
66020299	1000123144
24427682	1000105177
18666623	1000166994
222965713	1000105177
15410758	1000105177
55822030	1000105177
296112467	1000136611
14386517	1000105177
193330103	1000105177
13400992	1000154688
38339409	1000113002
14183255	1000150282
20906991	1000105177
29698864	1000059034
17084155	1000105177
19738805	1000016338
64696441	1000018639
53543036	1000105177
265650538	1000039459
362730502	1000161532
31354853	1000155487
20488611	1000028483
16350866	1000069854
87620061	1000105177
57082636	1000059079
29185446	1000105177
343543836	1000105177
18959161	1000105177
16311277	1000122983
21133904	1000105177
11674912	1000037737
73754751	1000105177
102045582	1000105177
18940844	1000159217
17915692	1000028483
85459800	1000124406
45229371	1000153828
111270663	1000105177
147646942	1000039459
24955088	1000167331
411273721	1000105177
19185916	1000087027
103927038	1000069854
271958076	1000105177
26115919	1000028483
284476407	1000013327
10211502	1000105177
120222891	1000009363
155844378	1000113002
167099490	1000007354
80302411	1000174508
28202547	1000150282
224940694	1000020361
36711411	1000105177
15797184	1000136611
21039860	1000118646
357268791	1000105177
155688134	1000113002
20424865	1000059034
130808369	1000126782
22519059	1000019920
6990562	1000007354
13275142	1000105177
20657703	1000105177
14065010	1000150282
132834166	1000059034
15119691	1000105177
304419033	1000105177
24403452	1000105177
39642535	1000105177
108704423	1000056065
313024367	1000174508
163711859	1000000445
229064949	1000013327
20594903	1000090650
39584643	1000068779
38508404	1000105177
14441897	1000105177
16127088	1000007354
175181917	1000105177
25061884	1000007354
399404516	1000028483
20515383	1000153828
15430929	1000112159
379031414	1000105177
155844378	1000039551
143068013	1000059034
274286885	1000105177
31572616	1000059034
18755518	1000073099
47305516	1000150282
25846006	1000174508
97877749	1000105177
314797752	1000105177
15771445	1000087027
18599061	1000019920
184655354	1000105177
13408722	1000112159
61400295	1000009363
18811254	1000073099
11701882	1000161532
50710294	1000009363
186220855	1000105177
18735152	1000093797
14229096	1000028483
16792453	1000061801
48463781	1000004096
248007541	1000020361
17795930	1000105177
155844378	1000105177
5913782	1000105177
11794902	1000105177
21093055	1000105177
18199347	1000105177
49666201	1000052776
38318973	1000056065
15531582	1000020361
23211010	1000105177
69785365	1000105177
325113355	1000143752
60402167	1000016288
426967417	1000105177
1265091	1000105177
21338096	1000105177
94414805	1000059034
55636737	1000167331
22022795	1000073323
20999409	1000157534
66988729	1000016288
95403192	1000174508
94860638	1000174508
117283284	1000166994
48648511	1000105177
6153752	1000073099
62610201	1000105177
267400351	1000104216
24550057	1000022431
80552291	1000016288
9379662	1000105177
31502974	1000105177
5963542	1000016288
20703666	1000093797
279488223	1000105177
22477692	1000047865
95403192	1000047865
127591486	1000105177
3828311	1000020361
138547747	1000150282
126467468	1000105177
5603992	1000056065
315301328	1000105177
43016307	1000147617
70133674	1000076811
91008721	1000006364
23889102	1000105177
607193	1000069854
205207199	1000020361
338649115	1000105177
81407491	1000016338
18147022	1000105177
16265412	1000166994
14631433	1000037231
52411993	1000101633
88501703	1000039459
132815155	1000105177
258237492	1000105177
317363815	1000105177
181790473	1000105177
50000478	1000174508
353528348	1000105177
53825477	1000105177
107608604	1000105177
34805698	1000041010
116754270	1000105177
103650790	1000174508
71122285	1000112159
123439064	1000159217
186325424	1000105177
64696441	1000159217
15410099	1000072919
138547747	1000109225
43672586	1000059079
44091902	1000105177
14172562	1000105177
29521940	1000073099
22602433	1000123144
360381383	1000105177
36841423	1000059034
214928563	1000073099
8978022	1000154688
98795912	1000104216
29815936	1000009363
5963542	1000154100
137929515	1000105177
15491182	1000105177
317465990	1000019920
14371740	1000105177
17782068	1000105177
71884737	1000105177
26000424	1000097738
146178244	1000174508
469590968	1000174508
26585249	1000019920
262007527	1000105177
14139971	1000097738
19911708	1000039459
14422399	1000112159
110669356	1000105177
56927820	1000056065
14160974	1000029060
256558456	1000059034
42606150	1000105177
100133245	1000136327
18571832	1000094680
31197133	1000166994
8978022	1000010632
18817130	1000105177
6066602	1000109123
10367702	1000028483
17902089	1000174508
219365298	1000005596
27163503	1000105177
35066483	1000073099
295263112	1000143752
23917224	1000109123
323939337	1000105177
16694706	1000047865
174768030	1000105177
22536940	1000174508
13400202	1000112159
44652237	1000107481
25119521	1000105177
18820747	1000161532
28918026	1000028483
809512	1000111545
13408722	1000029060
17728989	1000105177
196518052	1000009363
286735262	1000105177
16831715	1000122983
31952073	1000163085
14795731	1000105177
89593035	1000150282
164862474	1000073099
288019271	1000105177
485197487	1000039459
437814890	1000028483
344334227	1000041010
89751135	1000019920
35541868	1000020361
449268454	1000105177
41494136	1000082938
1828811	1000073099
30050228	1000105177
15839551	1000019920
223604439	1000105177
187261930	1000174508
8156402	1000105177
23742038	1000058185
15484541	1000105177
53926789	1000105177
16952295	1000105177
820025	1000105177
17037176	1000105177
98919641	1000105177
339941518	1000105177
1074431	1000155005
14631433	1000039551
128206482	1000105177
633483	1000105177
35258257	1000028483
46179487	1000105177
18797038	1000055417
38932799	1000105177
60725654	1000105177
303424311	1000029060
14337677	1000056065
119195682	1000105177
18680799	1000056065
1053221	1000056065
42584178	1000060322
178296119	1000104216
16791717	1000008241
25123356	1000105177
375898136	1000174508
16578299	1000125957
15832331	1000105177
13356642	1000105177
17400667	1000105177
22970486	1000105177
37625221	1000007354
5723862	1000105177
13400202	1000173174
15865172	1000081170
17064600	1000039459
26893307	1000105177
16226911	1000105177
18803853	1000105177
115395977	1000150282
190617923	1000122072
12284582	1000029060
25732138	1000015159
