42329014	1000075366
3715	1000016148
22901296	1000037001
29246002	1000090525
39826516	1000157344
9389142	1000074697
18640683	1000074697
84358766	1000023143
14220688	1000142755
18718647	1000129557
85489560	1000075366
18954398	1000090525
18545675	1000086929
234356169	1000145387
259521523	1000145387
19647125	1000129608
17144482	1000142478
16926996	1000129608
281390508	1000074697
15151510	1000002185
16930323	1000074697
63769966	1000129557
214895944	1000145387
129684862	1000090364
31005481	1000074697
441788343	1000145387
69818419	1000091319
222727360	1000148145
106638964	1000129608
300047416	1000006774
17481984	1000074697
13455472	1000124157
45029862	1000107252
204214385	1000148145
107986139	1000129557
330582192	1000074697
199188250	1000145387
24220911	1000074697
45332531	1000013328
16110819	1000091319
31808762	1000086929
15363706	1000129608
1338871	1000074697
81757807	1000030767
17111442	1000129557
23992613	1000143544
11752272	1000124157
23109436	1000143544
172634213	1000145387
23126128	1000126798
23243559	1000107252
131257475	1000142478
17226403	1000051068
389089976	1000145387
15565871	1000126798
3828311	1000037001
158862966	1000097141
14618523	1000002185
291199456	1000074697
176678433	1000090364
225171788	1000099947
272496022	1000145387
31536491	1000037001
28291139	1000090525
16791717	1000097141
13557972	1000074697
23161696	1000074697
53474481	1000037001
58427526	1000145387
225290113	1000148145
266553242	1000143544
75122101	1000142755
451044230	1000037001
20817223	1000021451
23702397	1000086929
430486680	1000145387
124242102	1000090525
104615636	1000016670
111270663	1000030767
61821846	1000063536
27947069	1000157344
22162854	1000074697
15410099	1000037001
14124059	1000148513
8768832	1000074697
11029372	1000086929
84251789	1000074697
22248738	1000129608
99642334	1000037001
16222737	1000120486
14836915	1000121341
11954462	1000074697
9589662	1000107252
20415144	1000037001
29304278	1000143544
113779876	1000090525
39870987	1000129557
30752163	1000074697
15153	1000129608
19658936	1000091319
131996281	1000129608
98394664	1000090525
16112634	1000142478
283747772	1000145387
14783570	1000129608
17505622	1000120486
18692078	1000129557
283762107	1000143544
11468242	1000002185
15955862	1000037001
22141633	1000148513
75362374	1000063536
119102465	1000142478
11207682	1000074697
59380788	1000128553
3679651	1000108652
2703041	1000120486
276843589	1000067303
35598437	1000129608
14500711	1000037001
21076998	1000097141
17883882	1000124157
81816495	1000142478
19890521	1000002185
13134712	1000037001
39126269	1000037001
209258381	1000074697
109976753	1000023027
44402429	1000033837
15869453	1000033837
64619842	1000037001
217435419	1000067303
60384652	1000113863
26112027	1000129557
35502708	1000086929
95048311	1000023027
376085309	1000121341
16644152	1000002185
18799695	1000091319
131657519	1000074697
2276201	1000129608
33227550	1000090525
6077902	1000074697
68294790	1000074697
120437212	1000037001
17400667	1000037001
255675597	1000108652
82553416	1000129557
298910273	1000074697
139750288	1000148513
19596081	1000129608
235513913	1000145387
156860038	1000086929
18927441	1000143544
22205493	1000097141
15222332	1000074697
80188000	1000075366
22528524	1000074697
204317520	1000148145
84818454	1000145387
97576151	1000074697
250903260	1000148145
18889063	1000016148
482591312	1000145387
150423176	1000074697
15291335	1000030317
19257180	1000129557
35388404	1000086929
42841010	1000145387
21259011	1000129557
19145653	1000051068
120020655	1000145387
28384755	1000096449
118360338	1000097141
11736562	1000074697
5657162	1000037001
39813162	1000002185
7621482	1000074697
90203412	1000142478
15861559	1000129557
377291934	1000148145
15531582	1000037001
73987740	1000074697
205207199	1000037001
18746498	1000074697
76757744	1000090364
19898632	1000086929
323518423	1000021451
13773232	1000129557
314273466	1000121341
23270710	1000148145
36618690	1000074697
20077017	1000033837
263527613	1000145387
19779667	1000129557
15600527	1000075539
14829533	1000067303
15757788	1000074697
9929452	1000120486
305216911	1000075539
14270396	1000002185
305056517	1000084549
118253507	1000121341
123028422	1000121341
95339302	1000014940
43196837	1000144100
32695475	1000142755
104148298	1000086929
14306648	1000120486
18701680	1000129608
56834816	1000142755
28302257	1000074697
52122777	1000129557
237874491	1000129557
114908092	1000037001
25984418	1000016670
18732887	1000074697
20953935	1000129557
923811	1000097141
145131913	1000129608
17873693	1000075539
2034901	1000148513
165436089	1000099947
342594918	1000145387
54202611	1000144100
133880286	1000075539
35541868	1000037001
93752624	1000126798
90941969	1000074697
254280897	1000030317
28587570	1000131651
45830213	1000013328
249118404	1000148145
276575319	1000142478
153069336	1000129557
16312486	1000074697
43036229	1000113863
31665210	1000074697
448546543	1000145387
14069559	1000129557
300787407	1000145387
117891523	1000037001
8531732	1000002185
17690747	1000074697
195820818	1000099947
18274961	1000074697
15116934	1000067303
8854222	1000107252
121296475	1000129557
18858188	1000143544
231687530	1000145387
64046315	1000097141
14363390	1000074697
10453902	1000120486
248007541	1000037001
32232965	1000002185
22863638	1000074697
84624486	1000074697
236749048	1000145387
21709230	1000037001
69343575	1000067303
22632065	1000074697
182000140	1000075539
330017427	1000006774
478238190	1000142478
6015962	1000086929
16559570	1000074697
38679514	1000120486
91889723	1000129557
15912884	1000074697
5493662	1000120486
22476806	1000049785
33402909	1000096449
403770451	1000109419
59877557	1000086929
15466056	1000074697
26565946	1000042784
6463842	1000002185
130269789	1000037001
6081362	1000002185
21310171	1000142478
224940694	1000037001
25126502	1000074697
29039876	1000120486
16927085	1000148943
15637825	1000049785
123083228	1000037001
14572884	1000129557
112115650	1000148145
36900298	1000074697
264580502	1000145387
29705724	1000142478
16889060	1000074697
212155430	1000108652
81909950	1000074697
24128501	1000145387
158814637	1000074697
65986842	1000090525
41868310	1000074697
46241569	1000086929
402957663	1000074697
12730882	1000129557
61659469	1000086929
211588974	1000075539
14672552	1000143544
85454701	1000063536
15881026	1000129557
241214783	1000037001
15150836	1000074125
15485441	1000042784
14202246	1000074697
32177742	1000129557
455575073	1000148145
1175221	1000016148
15779389	1000084549
111739537	1000126798
61288679	1000131651
559072078	1000145387
25110374	1000023143
225140058	1000086929
7921582	1000120486
73244642	1000074697
4099171	1000074697
6540712	1000014940
159065451	1000074697
19619167	1000074125
399147540	1000109419
173992307	1000148943
34719255	1000067303
243283086	1000086929
19486659	1000030767
17464070	1000129557
285884240	1000002185
20521178	1000086929
497716915	1000128553
14718897	1000074697
17875219	1000120486
6416652	1000121341
272085393	1000033837
159944448	1000148145
