25686485	1000018907
18679467	1000127407
106443610	1000127407
28823239	1000062904
11348282	1000062904
30704824	1000110757
78489442	1000018907
67030961	1000127407
23082352	1000127407
375432180	1000127407
91409081	1000127407
9829852	1000127407
15096859	1000127407
191533637	1000105082
17158189	1000127407
20658373	1000127407
82282572	1000018907
16018516	1000110757
19041765	1000127407
16246471	1000127407
334842514	1000108541
353115093	1000127407
34176567	1000012952
50986270	1000110757
40054423	1000127407
1688741	1000127407
10712072	1000062904
16012783	1000110757
231744293	1000018907
14085473	1000127407
69091913	1000018907
199732904	1000127407
91046596	1000110757
108738277	1000018907
43529972	1000127407
118245120	1000018907
52818466	1000105082
16637549	1000127407
161329769	1000025979
23116280	1000127407
16723958	1000142707
35617996	1000127407
61562609	1000154184
21595505	1000127407
19434247	1000127407
265249485	1000127407
6210762	1000127407
13490452	1000127407
13691782	1000127407
53486730	1000127407
14819061	1000127407
422168320	1000110757
33265219	1000127407
494252911	1000018907
208469691	1000127407
59897838	1000127407
431669343	1000127407
18889063	1000100410
18949742	1000127407
13685122	1000127407
43166813	1000127407
9411482	1000062904
11819542	1000110757
14818936	1000018823
15378805	1000127407
7262292	1000127407
63161923	1000062904
194885076	1000127407
135200435	1000127407
101504521	1000110757
337694536	1000127407
76511839	1000127407
423618162	1000127407
190900848	1000127407
69281027	1000038455
34172033	1000127407
15649433	1000018907
18941080	1000105082
135200435	1000062904
127590478	1000115467
15705782	1000127407
66185823	1000149368
19253485	1000127407
24788299	1000127407
21769593	1000127407
50667527	1000103338
153784150	1000062904
314273466	1000127407
71070614	1000127407
799645	1000127407
5870022	1000127407
36480504	1000018907
27163774	1000090606
72814599	1000127407
170145286	1000127407
69860260	1000110757
17001435	1000127407
192957076	1000098950
14224719	1000037122
17529119	1000127407
15018214	1000127407
148733376	1000018907
115646474	1000127407
33602654	1000127407
6120952	1000127407
15869453	1000127407
44134466	1000127407
47206525	1000127407
24930840	1000127407
14208982	1000127407
16344793	1000082210
19418459	1000105082
11278912	1000038455
15382901	1000127407
18487428	1000069923
2354291	1000127407
17451816	1000018907
16689224	1000127407
6450322	1000154184
188046098	1000127407
242892689	1000127407
77444951	1000127407
14153020	1000110757
18815604	1000061563
18487694	1000115467
322903190	1000127407
14856951	1000018907
12321512	1000062904
78619534	1000127407
14249811	1000127407
27620472	1000142304
94367426	1000018907
16677622	1000127407
124614664	1000127407
696453	1000127407
44196397	1000127407
14077024	1000127407
818340	1000142304
14069956	1000127407
108811740	1000127407
6033232	1000127407
16935292	1000026139
17451816	1000127407
15957560	1000127407
41147062	1000127407
16566825	1000018907
95205463	1000127407
26208862	1000062904
58937467	1000127407
46422814	1000127407
109615563	1000105082
23833837	1000127407
78450167	1000154184
25226477	1000061563
1175221	1000120759
15358350	1000114843
16723958	1000061563
475210759	1000018907
123635567	1000063360
14413540	1000127407
26785608	1000062904
5747502	1000127407
150732943	1000062904
33158877	1000127407
14246001	1000110757
15386611	1000110757
15449147	1000127407
294176651	1000127407
1175221	1000021825
120879699	1000127407
374019904	1000154184
30989098	1000127407
140192557	1000100757
21122578	1000018907
88535224	1000127407
43920155	1000105082
348393652	1000127407
42848976	1000127407
9740572	1000127407
14109485	1000127407
308233424	1000110757
9013562	1000018907
437300342	1000127407
16012222	1000110757
44309594	1000018907
115581791	1000127407
11097752	1000127407
56679995	1000127407
34903365	1000127407
55014158	1000127407
92526226	1000127407
25101996	1000110757
390455433	1000127407
277375017	1000127407
29038088	1000127407
23959074	1000127407
117809922	1000127407
325830217	1000018907
15507297	1000127407
36584174	1000127407
36683668	1000038455
486112679	1000127407
17451816	1000061563
271970590	1000110757
15102849	1000127407
33669915	1000018907
183814521	1000127407
17197344	1000127407
22418925	1000127407
115460525	1000127407
8082302	1000149368
15000527	1000142707
19981036	1000018907
146449017	1000110757
282735852	1000110757
115151772	1000127407
8572352	1000127407
348968125	1000127407
15493368	1000142304
151106990	1000110757
481519707	1000018907
138530516	1000154184
15000527	1000041961
38630618	1000005068
30005513	1000127407
113436175	1000110757
64954756	1000110757
86597957	1000127407
15004311	1000127407
17539739	1000018907
277124730	1000127407
24511456	1000063360
239660783	1000039835
16697527	1000026596
26376078	1000127407
314764043	1000105082
210294296	1000127407
168753203	1000018907
17021844	1000035696
183672041	1000127407
169394390	1000018907
15851640	1000127407
41533816	1000038455
419063222	1000127407
16958346	1000127407
90778418	1000127407
197176358	1000127407
19737483	1000018823
21436960	1000062904
14295896	1000018907
81855775	1000127407
85891683	1000127407
16133674	1000100373
16580226	1000127407
24231531	1000099518
15117459	1000127407
93870620	1000127407
19589717	1000018907
372215383	1000127407
60499882	1000127407
15438914	1000127407
251633354	1000127407
17899109	1000037122
15047955	1000021825
232193350	1000037122
6243662	1000127407
28472103	1000110757
83880850	1000127407
369246180	1000127407
16933490	1000018823
33602654	1000062904
16679681	1000110757
17024395	1000127407
14217740	1000127407
143540009	1000062904
111053392	1000127407
63161923	1000127407
272837601	1000127407
44597453	1000018907
78792100	1000065491
135297032	1000105082
15108101	1000127407
41583318	1000062904
50965086	1000018907
45391155	1000127407
21979738	1000154184
25686485	1000035000
15108101	1000110757
43996908	1000110757
15113565	1000127407
20183126	1000061563
42380766	1000127407
23503181	1000127407
26003862	1000127407
14629948	1000142304
24430097	1000062904
84114313	1000038455
15913	1000127407
28434434	1000127407
10400902	1000082210
24405149	1000127407
15368404	1000018907
96354656	1000018907
103238721	1000127407
45993937	1000127407
26051676	1000127407
8550312	1000127407
156692136	1000127407
81848686	1000114843
54522485	1000127407
19082650	1000127407
6456482	1000062904
18050996	1000127407
10400902	1000061563
14051466	1000127407
492253390	1000062904
43196650	1000127407
189246487	1000127407
189725408	1000127407
167092395	1000066079
40913222	1000127407
18212352	1000018907
15753937	1000127407
9446502	1000127407
16066283	1000127407
234826866	1000110757
39764029	1000018907
15139281	1000127407
15633395	1000127407
218443914	1000018907
23951197	1000110757
108811740	1000062904
44161500	1000103338
123324789	1000127407
413223602	1000110757
15693930	1000127407
16710946	1000127407
20642310	1000127407
17658786	1000018907
153784150	1000127407
106448460	1000038455
28305267	1000018907
11504382	1000127407
14712695	1000127407
187524389	1000062904
11229292	1000127407
17292623	1000018907
194347664	1000127407
211547273	1000127407
17877850	1000127407
18719228	1000018907
9624742	1000018907
22025634	1000018907
1008591	1000127407
486776304	1000127407
41533816	1000018907
77951180	1000018907
86415245	1000127407
16978136	1000127407
153674470	1000127407
49276934	1000018907
108506682	1000037061
29426700	1000037122
150511677	1000127407
42912024	1000014616
126061182	1000131621
21292523	1000127407
15215771	1000142304
15169176	1000127407
17060265	1000127407
50965086	1000127407
25843787	1000127407
30042375	1000127407
65691824	1000110757
271808605	1000038455
17377475	1000127407
78701122	1000127407
29739700	1000127407
15658051	1000127407
18487179	1000115467
39832918	1000127407
16876667	1000127407
516982665	1000127407
16630062	1000095360
9741082	1000127407
37778274	1000127407
104201057	1000127407
36074927	1000110757
12836562	1000127407
14493261	1000062904
255503837	1000127407
61162525	1000018907
37211517	1000127407
11207682	1000127407
120245365	1000127407
351952711	1000127407
76057704	1000031432
107589725	1000127407
22032817	1000127407
50393960	1000037122
34274380	1000127407
66468822	1000127407
41146726	1000037061
242585830	1000018907
97261425	1000018907
11278912	1000105082
15358350	1000061563
18231352	1000127407
19737483	1000027452
22891420	1000127407
129630519	1000127407
21127620	1000127407
18804081	1000127407
6792882	1000127407
87711945	1000110757
106039696	1000138827
261324356	1000127407
94015906	1000127407
334989877	1000018907
160946337	1000105082
238197721	1000018907
88956373	1000110757
22089455	1000127407
19782803	1000127407
398069463	1000127407
20928893	1000127407
84114313	1000110757
245420850	1000110757
226890675	1000127407
18642669	1000105082
21224647	1000062904
13176312	1000062904
86697288	1000154184
52768208	1000127407
128262467	1000127407
310006225	1000127407
24290627	1000127407
70983731	1000014616
12133382	1000127407
17001435	1000035696
17391516	1000127407
227828856	1000127407
15263852	1000127407
1034621	1000127407
134138907	1000018907
10295842	1000142304
21761662	1000127407
14647570	1000127407
19664718	1000038455
349757265	1000127407
18364847	1000127407
25053716	1000127407
260382292	1000127407
150669405	1000127407
15378805	1000006672
90412433	1000127407
19766517	1000127407
20698435	1000127407
17813899	1000018907
48302912	1000127407
12384312	1000006672
5490392	1000127407
14458660	1000127407
14533116	1000037515
111949935	1000127407
36098088	1000127407
158369556	1000018907
19737483	1000006672
12999452	1000062904
24511456	1000018907
304460084	1000127407
82649553	1000105082
258972713	1000018907
58963156	1000127407
198767270	1000127407
15690382	1000127407
108740292	1000127407
55433240	1000127407
30475681	1000127407
15647676	1000127407
283368301	1000127407
337886919	1000127407
17818461	1000110757
11211372	1000127407
133769083	1000018907
24578444	1000127407
2248211	1000127407
14355964	1000127407
18746273	1000127407
21645304	1000018907
18451200	1000110757
138820859	1000127407
108158951	1000014616
376085309	1000127407
37487345	1000012952
6385432	1000018907
8402352	1000021825
16231417	1000127407
97190495	1000018907
257126470	1000127407
36749860	1000065491
21909890	1000061563
15362595	1000127407
289049839	1000127407
7713202	1000110757
148733376	1000110757
16286240	1000127407
277510682	1000127407
19816660	1000127407
5497162	1000142304
252528549	1000062904
15507297	1000114843
62740714	1000127407
86029229	1000018907
8768832	1000127407
21724904	1000127407
72889783	1000127407
91056925	1000127407
127997108	1000127407
3715	1000015254
197341208	1000018907
19802879	1000127407
5493662	1000142304
18917203	1000021825
18943752	1000110757
58489734	1000127407
16028241	1000115467
13130412	1000142304
137454693	1000018907
44935627	1000018907
168498034	1000127407
263440459	1000127407
71884737	1000127407
44385724	1000142304
484299228	1000127407
44161500	1000127407
35617996	1000018907
16739711	1000127407
7123452	1000062904
21768618	1000127407
18467383	1000127407
49186263	1000095588
25565646	1000127407
6210762	1000062904
33998183	1000127407
26853548	1000127407
95320733	1000099518
408037622	1000127407
407387443	1000127407
95320733	1000154184
281043289	1000127407
97261425	1000127407
61473257	1000127407
19469924	1000127407
238437239	1000127407
108508328	1000127407
23225996	1000127407
67489691	1000115467
430947942	1000127407
17595958	1000127407
24129206	1000127407
17939037	1000127407
3627601	1000127407
22845770	1000127407
433848788	1000062904
15000527	1000018907
108508328	1000110757
5410072	1000127407
39607844	1000127407
46319532	1000078083
36875829	1000102884
18428353	1000127407
11837232	1000142304
22117687	1000127407
7429892	1000127407
21478442	1000127407
6633692	1000127407
135275592	1000127407
5680622	1000109564
20220400	1000127407
18815604	1000127407
355628898	1000127407
136733323	1000127407
26442123	1000127407
19840539	1000127407
43966169	1000127407
36683668	1000018907
19355826	1000127407
143156249	1000127407
30313925	1000105082
42869411	1000127407
9109712	1000038455
274101424	1000127407
19515424	1000127407
38443653	1000115467
22053641	1000127407
92291383	1000063360
234014087	1000127407
16029857	1000127407
92291383	1000018907
16246471	1000062904
172779883	1000018907
11197712	1000041961
6450322	1000149368
326175038	1000127407
45565185	1000110757
27860702	1000038455
340152975	1000127407
19939139	1000110757
72396505	1000097172
15895115	1000127407
7259302	1000110757
62531110	1000127407
14503316	1000018907
53518563	1000127407
168537920	1000062904
203118737	1000127407
10000472	1000127407
15463610	1000127407
208469691	1000018907
1294231	1000127407
454304530	1000127407
14244247	1000018823
19667766	1000018907
119897041	1000018907
5387212	1000127407
403550586	1000127407
13176312	1000127407
369107986	1000037061
151974449	1000127407
21316821	1000012952
211303345	1000127407
25552666	1000154184
62595437	1000105082
14514411	1000127407
11197712	1000062904
22712077	1000127407
302784387	1000127407
14174309	1000127407
299873174	1000127407
166273518	1000127407
15612654	1000127407
22655135	1000105082
61762853	1000105082
20097713	1000127407
80934588	1000062904
18506868	1000108541
735983	1000127407
22709659	1000138827
76091295	1000131621
18168629	1000127407
18914321	1000127407
352534407	1000018907
76420529	1000149368
46170816	1000115467
14615871	1000127407
15000527	1000061563
91046596	1000018907
143381041	1000127407
14870476	1000127407
17142160	1000083800
107377990	1000062904
17819033	1000026889
137454693	1000061563
130933196	1000127407
84155547	1000018907
274325818	1000127407
29475771	1000105082
16009851	1000127407
443818797	1000062904
47279525	1000018907
178095983	1000127407
376819015	1000127407
159002621	1000127407
58743813	1000110757
231490540	1000127407
22706841	1000127407
127108489	1000127407
123635567	1000018907
48802020	1000127407
273583665	1000131621
68172913	1000127407
60620992	1000127407
19589717	1000035696
353370148	1000018907
11232892	1000127407
74880095	1000127407
277834034	1000150437
113362772	1000127407
16028241	1000127407
50555558	1000110757
152137231	1000127407
6120952	1000062904
36761621	1000018907
97272576	1000127407
18164420	1000127407
14606079	1000142304
15021845	1000127407
54300251	1000127407
43909630	1000066079
15648491	1000127407
57929922	1000127407
251633354	1000018907
15764644	1000056532
18335940	1000127407
6941842	1000127407
73723362	1000127407
285738406	1000127407
18889063	1000061563
15904698	1000127407
138787319	1000018907
27935056	1000038455
71349174	1000127407
102842906	1000127407
44615672	1000018907
16463326	1000100410
31112324	1000127407
30366131	1000127407
17118843	1000127407
467259963	1000127407
48148030	1000018907
24752484	1000127407
267314405	1000127407
15013234	1000127407
36765490	1000127407
17069288	1000127407
18487054	1000115467
557177242	1000018907
16158930	1000127407
9411482	1000127407
21979738	1000066079
15461733	1000127407
24020586	1000127407
34743251	1000127407
17998609	1000127407
26208862	1000127407
20456198	1000115467
353665909	1000127407
52052011	1000046053
242585830	1000037122
59947068	1000110757
26300193	1000149368
15954337	1000127407
7718082	1000127407
40286839	1000006901
17131649	1000018823
14933405	1000127407
14963150	1000127407
25371730	1000127407
20183126	1000110757
360838772	1000127407
303558739	1000127407
50242847	1000127407
159588456	1000127407
425153490	1000127407
21044572	1000127407
92306628	1000127407
27696993	1000127407
19737483	1000114843
12095912	1000142707
176310143	1000127407
236308488	1000127407
84155547	1000127407
107669395	1000127407
23799349	1000127407
22632065	1000110757
29247839	1000127407
14515799	1000110757
370343849	1000127407
16405372	1000110757
48150931	1000127407
16723958	1000114843
16460393	1000005068
219070649	1000127407
5281191	1000127407
16817883	1000127407
46699399	1000127407
14372700	1000127407
258927438	1000127407
254222842	1000018907
189246487	1000062904
398249223	1000127407
50898430	1000154184
15292252	1000127407
15662569	1000127407
13378422	1000142304
274663230	1000127407
126302054	1000127407
266894776	1000110757
19534433	1000127407
216548653	1000127407
1701921	1000127407
128594349	1000018907
19664718	1000035696
33235771	1000018907
36109143	1000127407
143568410	1000018907
42912024	1000149368
46220856	1000127407
16739711	1000061563
15832293	1000127407
11348282	1000127407
326175038	1000062904
27955403	1000127407
33933259	1000037122
16895274	1000127407
14292458	1000026139
152866991	1000038455
24180922	1000018907
258953546	1000127407
48788647	1000018907
380614137	1000150437
125731464	1000110757
18714842	1000127407
16344793	1000021825
38824382	1000127407
52101385	1000127407
14687523	1000127407
158369556	1000037122
74673	1000127407
102264848	1000127407
16739711	1000018907
14333974	1000127407
14693823	1000037515
93157915	1000127407
12415722	1000127407
13658842	1000127407
96828017	1000127407
16651871	1000100373
8293702	1000127407
31504082	1000018907
15619821	1000062904
484991854	1000127407
108882147	1000018907
16433562	1000015254
432087297	1000110757
9877032	1000127407
12012472	1000127407
26083271	1000127407
117017147	1000127407
2384071	1000142304
194703864	1000127407
9255722	1000006672
23092890	1000127407
8487622	1000018907
23946671	1000018907
19595820	1000061563
15726728	1000127407
17897744	1000062904
18889063	1000075112
15519274	1000127407
5408852	1000127407
352580950	1000127407
14861368	1000110757
19038395	1000018907
78941245	1000110757
258902291	1000127407
11379362	1000038455
7395782	1000127407
129630519	1000018907
18174913	1000127407
69248730	1000127407
119897041	1000127407
66971243	1000127407
267350635	1000062904
16020435	1000127407
202643638	1000127407
78138151	1000018907
77445267	1000018907
113436175	1000018907
17904241	1000115467
14602140	1000110757
73206956	1000110757
22026877	1000127407
219675048	1000127407
19589717	1000110757
270412208	1000138357
41121600	1000127407
128688675	1000127407
91841745	1000127407
258853489	1000127407
437806648	1000127407
716983	1000127407
78489442	1000038455
16063337	1000127407
443818797	1000127407
386161471	1000127407
26646823	1000127407
169394390	1000127407
16403519	1000105082
17656680	1000071262
128100157	1000114843
14091091	1000127407
272085393	1000127407
101782947	1000018907
36408451	1000127407
76420529	1000014616
15568621	1000018907
386640755	1000110757
14485423	1000127407
8025532	1000127407
16739711	1000064900
163910493	1000038455
22981384	1000062904
144835481	1000127407
17391516	1000062904
44992488	1000127407
15113584	1000127407
33597136	1000148697
22025634	1000127407
15976697	1000018907
16739711	1000035000
806946	1000127407
168537920	1000127407
28440032	1000127407
19664718	1000127407
8527032	1000127407
80934588	1000127407
17521689	1000115467
20155760	1000127407
19416225	1000110757
16652792	1000127407
252110572	1000127407
21770611	1000127407
21436960	1000127407
143491086	1000127407
108508328	1000018907
14462724	1000127407
27724771	1000127407
26051404	1000110757
62519254	1000142304
15108101	1000062904
31957731	1000142304
7420552	1000127407
22522824	1000127407
29628889	1000110757
20534308	1000127407
29232503	1000127407
14760624	1000062904
310087940	1000127407
172814396	1000018907
15846682	1000127407
77800503	1000127407
318444623	1000127407
14449903	1000037122
357567964	1000127407
8383592	1000110757
15719304	1000110757
130877595	1000127407
93714983	1000062904
76786777	1000127407
97272576	1000018907
70694567	1000127407
16656631	1000127407
78558366	1000018907
14493261	1000127407
64444175	1000127407
64403845	1000018907
6218162	1000018907
48398586	1000018907
100045322	1000127407
76469604	1000127407
16057067	1000127407
9300262	1000110757
21224647	1000127407
25660512	1000127407
300418156	1000127407
15469043	1000127407
5709442	1000127407
345533279	1000110757
15293735	1000127407
25226477	1000018907
110541296	1000018907
25088527	1000105082
89820928	1000110757
27409596	1000127407
156969952	1000149368
261641706	1000127407
17131649	1000021825
211955846	1000063360
19424888	1000127407
15780750	1000018907
50667527	1000127407
15780750	1000110757
14464766	1000110757
19199673	1000127407
33998183	1000018907
18057537	1000110757
9224902	1000127407
159002621	1000037061
14342564	1000078083
135749583	1000127407
244082406	1000127407
114340234	1000127407
19032079	1000149368
507731256	1000110757
15368404	1000098950
72814599	1000018907
88097712	1000127407
19909393	1000114843
492253390	1000127407
55396121	1000127407
28385936	1000127407
14990062	1000127407
15519544	1000127407
19992012	1000155323
80660928	1000127407
8082302	1000154184
19006707	1000018907
80863669	1000127407
7054612	1000127407
14246001	1000018907
64519379	1000083800
18020120	1000149368
7429892	1000111907
24005962	1000127407
10069612	1000110757
11232902	1000127407
67292982	1000127407
15021794	1000127407
127539363	1000018907
17148973	1000110757
14718555	1000041961
89421672	1000018907
274663230	1000062904
369107986	1000018907
36191823	1000018907
140136223	1000127407
175113947	1000127407
337945864	1000127407
43318621	1000018907
15292446	1000127407
470127779	1000127407
17131503	1000127407
17296792	1000127407
16406096	1000037122
234014087	1000062904
75662577	1000127407
18291500	1000115467
44134466	1000062904
337742544	1000018907
17451816	1000006672
14774858	1000127407
14819061	1000062904
28737365	1000127407
216367403	1000127407
15321133	1000127407
14921620	1000127407
209081337	1000127407
14533116	1000061563
47393360	1000062904
15821830	1000127407
94147192	1000127407
15004390	1000127407
18212352	1000038455
369505837	1000105082
35096740	1000065491
22981384	1000127407
15051439	1000083800
77404713	1000065491
23946671	1000035696
137471526	1000127407
814304	1000127407
27860702	1000018907
36998859	1000127407
15041845	1000061563
173590805	1000127407
109241118	1000023419
22652938	1000127407
82453323	1000127407
7296332	1000127407
30258963	1000127407
18814517	1000127407
15764644	1000110757
21534164	1000127407
8627372	1000127407
273120131	1000062904
155183410	1000127407
18028703	1000018907
47650331	1000018907
94143715	1000018907
222577411	1000062904
254659730	1000127407
371512682	1000127407
48706233	1000056532
28989277	1000127407
342130924	1000127407
20060293	1000127407
19766517	1000062904
233336165	1000127407
39511166	1000018907
86070159	1000127407
159002621	1000018907
93714345	1000127407
15094659	1000110757
221470391	1000102884
14892073	1000127407
11504382	1000146207
11232732	1000127407
15705782	1000062904
143412135	1000127407
93579404	1000127407
14980792	1000127407
197341208	1000127407
69818419	1000127407
109702885	1000127407
44483406	1000127407
88956373	1000018907
30397013	1000127407
124455872	1000058359
28184452	1000127407
42869411	1000062904
97002407	1000127407
42942168	1000149368
15921684	1000127407
309110839	1000058359
102842906	1000062904
18815604	1000120759
296098324	1000127407
14107459	1000127407
16919321	1000127407
131031879	1000018907
18194898	1000127407
60018995	1000127407
130852792	1000127407
25118264	1000037122
171112947	1000127407
80623140	1000127407
236445685	1000127407
63894959	1000041961
256898543	1000127407
58451369	1000018907
408722148	1000127407
49706919	1000105082
123028422	1000062904
14533116	1000065491
265398605	1000018907
18774477	1000127407
17384099	1000127407
28732674	1000127407
15711781	1000127407
21875890	1000127407
188369646	1000127407
787239	1000127407
16013132	1000038455
10099732	1000127407
8254982	1000127407
25914886	1000155323
501846451	1000127407
14456798	1000127407
316600075	1000127407
138355329	1000127407
14844734	1000127407
14553055	1000018823
15781032	1000021825
32159660	1000099518
127997108	1000062904
50004191	1000127407
14055301	1000018907
11270992	1000046053
38361482	1000127407
15233062	1000127407
15840909	1000127407
1175221	1000142304
15690382	1000062904
80297299	1000127407
1501471	1000127407
497139188	1000127407
262909218	1000025979
84397758	1000149368
16739711	1000075112
44638576	1000005068
97008128	1000018907
29441043	1000146207
21268897	1000110757
163598915	1000110757
19394188	1000110757
82853372	1000127407
19674502	1000105082
39522848	1000115467
439109522	1000127407
374007416	1000018907
126689571	1000127407
14467793	1000127407
17001435	1000018907
17979038	1000127407
15165502	1000127407
136814183	1000100757
297985585	1000127407
14230844	1000127407
358658416	1000138357
42157338	1000105082
7541162	1000127407
67232748	1000037061
14266435	1000127407
329865729	1000127407
16724361	1000127407
433848788	1000127407
29558838	1000127407
35617996	1000037061
18958999	1000110757
174784400	1000127407
142320786	1000039835
14088984	1000127407
12032502	1000127407
52731751	1000127407
27790436	1000127407
133379712	1000018907
198567769	1000105082
36045367	1000127407
9255722	1000018907
15459343	1000127407
382129509	1000018907
158024959	1000127407
369232105	1000038455
22067520	1000127407
229205312	1000127407
16330585	1000127407
14182254	1000110757
204337132	1000127407
4103571	1000021825
121220163	1000050117
65416742	1000154184
282100055	1000110757
91130013	1000071262
19909393	1000127407
17872613	1000110757
378247928	1000127407
15340496	1000109564
65707359	1000127407
9624742	1000037061
15647676	1000115467
17679043	1000127407
12437282	1000127407
18917203	1000127407
48788647	1000035696
49164309	1000132764
15378805	1000021825
229201135	1000127407
236943811	1000127407
85647240	1000069923
222674612	1000115467
18990471	1000127407
98980596	1000110757
13492942	1000127407
29472803	1000127407
14856951	1000127407
5667002	1000110757
45176933	1000127407
20087888	1000105082
16983297	1000127407
44169939	1000110757
19589717	1000127407
19737483	1000061563
19107667	1000127407
15428227	1000110757
306128912	1000127407
25446919	1000062904
37296570	1000041961
104868307	1000127407
288308178	1000127407
27833479	1000127407
167169119	1000142304
27011247	1000110757
55006898	1000127407
79510662	1000127407
21778016	1000075112
113381165	1000127407
16878156	1000078083
127512810	1000018907
14093404	1000026596
24017268	1000127407
45436858	1000127407
14328066	1000110757
143568410	1000127407
103865085	1000127407
14046322	1000062904
123028422	1000127407
269427088	1000062904
99378101	1000110757
70985602	1000127407
59062375	1000018907
87951215	1000018907
249409411	1000018907
20216011	1000127407
57727375	1000127407
203654782	1000127407
61562609	1000050117
1230801	1000097172
16739711	1000041961
15215771	1000138827
102737967	1000110757
425404298	1000127407
126722715	1000110757
15091003	1000127407
48177361	1000099006
19911588	1000127407
176686379	1000062904
858051	1000127407
61426538	1000018907
70989742	1000127407
266008957	1000018907
221770604	1000127407
17845167	1000018907
15169116	1000138827
19789439	1000127407
20155760	1000098950
15309804	1000127407
45332405	1000127407
137821750	1000018823
39234189	1000127407
160946337	1000127407
21095858	1000018907
6149912	1000018907
17022234	1000110757
74365722	1000149368
161760542	1000127407
4432431	1000026889
18285182	1000138357
189253902	1000127407
237802711	1000127407
160946337	1000018907
43909630	1000050117
21752600	1000127407
62964627	1000127407
225411266	1000062904
20217658	1000127407
30433454	1000127407
15290966	1000127407
140487021	1000127407
14791994	1000127407
20774852	1000127407
178978113	1000018907
141947171	1000127407
82081908	1000018907
78489442	1000127407
15003091	1000127407
21778016	1000127407
31383146	1000127407
114280167	1000138827
102421832	1000127407
17941825	1000127407
71658533	1000127407
204370454	1000138357
17876003	1000127407
77951180	1000037061
163910493	1000018907
57695187	1000127407
10449602	1000099006
185294100	1000127407
71258913	1000105082
178978113	1000037061
3657081	1000127407
17843236	1000037515
107377990	1000127407
204468541	1000127407
15010721	1000127407
28823239	1000127407
208469691	1000038455
177553367	1000018907
16431371	1000127407
17658786	1000098950
149217510	1000127407
225096128	1000127407
82128258	1000127407
350785617	1000127407
163910493	1000110757
33840144	1000127407
27830610	1000037122
18243284	1000127407
42096654	1000127407
25115549	1000127407
127958577	1000127407
10225972	1000127407
43124446	1000110757
14555893	1000127407
143568410	1000038455
19052248	1000114843
5131231	1000127407
30226826	1000127407
17432702	1000127407
16311693	1000127407
205848662	1000142304
222368253	1000127407
19668026	1000127407
14997105	1000127407
95713333	1000110757
331658004	1000018907
113897988	1000127407
15507297	1000061563
14728168	1000110757
163848561	1000127407
101782947	1000037122
22792195	1000127407
42826039	1000127407
102865507	1000127407
78133467	1000127407
112863451	1000127407
67232748	1000018907
18028703	1000110757
15139989	1000127407
19664718	1000063360
6229562	1000114843
14199378	1000127407
6374602	1000127407
86336234	1000127407
3715	1000041961
123937751	1000110757
64403845	1000110757
16739711	1000114866
254064752	1000127407
43196650	1000062904
12032332	1000127407
201870414	1000127407
14079471	1000142304
14944532	1000127407
28123862	1000127407
124165341	1000127407
15000527	1000114843
69281027	1000018907
258814290	1000127407
14224719	1000005068
59062375	1000127407
20174197	1000138827
255528673	1000023419
15088253	1000127407
17021844	1000018907
20246286	1000149368
119288992	1000127407
123054759	1000127407
16373526	1000055035
18917203	1000041961
15758488	1000062904
37730316	1000127407
18989685	1000110757
315249993	1000127407
14467104	1000039835
98952413	1000127407
14533116	1000055035
15807856	1000110757
791124	1000127407
19807222	1000127407
85370197	1000127407
267350635	1000127407
70731269	1000127407
14464766	1000127407
15358350	1000142707
16809036	1000062904
9340912	1000127407
256889809	1000127407
14278978	1000142304
22822285	1000115467
80638910	1000110757
133067266	1000127407
238285207	1000127407
104517739	1000127407
24930840	1000062904
331484683	1000127407
14281853	1000037122
22542297	1000127407
106597684	1000127407
96195724	1000110757
152866991	1000037122
222953824	1000127407
23406617	1000127407
273329844	1000127407
61442211	1000018907
15199325	1000120759
18212352	1000063360
19737483	1000111907
153832061	1000064252
20861943	1000127407
64969242	1000148697
15662133	1000127407
22821175	1000127407
22826294	1000127407
249677516	1000018907
52863597	1000127407
16857707	1000127407
29727464	1000127407
288748119	1000127407
20434005	1000127407
7430772	1000127407
14618160	1000127407
317313520	1000127407
176686379	1000127407
22949742	1000127407
21909890	1000114843
14791994	1000027452
49186263	1000115467
15231413	1000127407
15117984	1000127407
31078404	1000127407
17384099	1000062904
17897744	1000127407
33998183	1000062904
15081160	1000127407
16692651	1000127407
58743813	1000018907
104446638	1000127407
244627772	1000127407
17432702	1000062904
14711491	1000127407
20827153	1000127407
11197712	1000127407
15764644	1000127407
73395703	1000018907
136288132	1000018907
53858029	1000127407
18104778	1000127407
14046322	1000127407
27695964	1000127407
148433974	1000127407
8835652	1000127407
15096859	1000062904
53280402	1000127407
22076702	1000127407
17663756	1000127407
16588386	1000127407
18528834	1000095360
252528549	1000127407
17131649	1000127407
20031296	1000127407
15753937	1000064900
262317278	1000127407
18791763	1000110757
273410125	1000127407
14503316	1000035696
11504382	1000061563
18426309	1000127407
54533253	1000127407
18889063	1000120759
15473958	1000127407
61190313	1000061563
5548212	1000127407
4566851	1000127407
19589717	1000038455
19799579	1000006901
10400902	1000110757
3860	1000018907
13462442	1000127407
463592621	1000127407
12299242	1000127407
363779585	1000127407
89820928	1000018907
15021775	1000127407
17450044	1000127407
14861701	1000127407
21507738	1000062904
12702822	1000127407
274151347	1000127407
20174197	1000127407
12321512	1000127407
89294862	1000127407
420588509	1000127407
19496411	1000127407
29429694	1000127407
375971107	1000127407
16583577	1000127407
263700207	1000131621
19771577	1000061563
23664866	1000127407
3715	1000111907
15009735	1000127407
85606078	1000110757
24992454	1000127407
44716010	1000127407
85906552	1000018907
15185921	1000127407
54546430	1000018907
17239694	1000021825
20250310	1000127407
11511422	1000127407
22139698	1000127407
42096654	1000062904
18714842	1000018907
52758395	1000127407
15647676	1000035696
67059584	1000127407
196223678	1000127407
215254878	1000127407
57427456	1000127407
113205038	1000127407
382267114	1000127407
340613443	1000018907
61531093	1000078083
384848172	1000127407
7429892	1000062904
73282864	1000127407
30256037	1000062904
18967754	1000127407
161372707	1000110757
34749146	1000090606
14553055	1000111907
14848513	1000127407
43920155	1000127407
460212241	1000132764
22053641	1000110757
64954756	1000035696
34970516	1000127407
337886919	1000062904
109290405	1000099518
16657699	1000127407
249829509	1000127407
86070159	1000062904
18758218	1000127407
22292248	1000110757
19799579	1000064252
25660512	1000031432
221391413	1000058359
188591875	1000018907
14223244	1000127407
16630062	1000063360
11818062	1000127407
44638576	1000018907
19052248	1000114866
132912555	1000018907
119145064	1000110757
14856594	1000127407
14865059	1000127407
89781370	1000095588
11996222	1000127407
15052002	1000127407
37240298	1000127407
21001434	1000127407
89199922	1000127407
180200031	1000127407
273120131	1000127407
11069462	1000142304
556092287	1000018907
295896020	1000127407
66369181	1000018907
137454693	1000127407
26552440	1000127407
14890490	1000127407
18917203	1000142707
352534407	1000127407
187520111	1000127407
53280402	1000062904
183814521	1000062904
35617996	1000035696
1715051	1000127407
18917203	1000120759
14932753	1000127407
299873174	1000062904
88956373	1000127407
13094262	1000127407
57703239	1000127407
17781165	1000127407
37397428	1000127407
64954756	1000018907
22521914	1000127407
271808605	1000018907
20246286	1000014616
14135468	1000127407
15753937	1000110757
15109436	1000127407
178526634	1000127407
