36465626	1000077790
27855773	1000005925
85474886	1000011895
36325964	1000086922
8552602	1000048977
14969901	1000156147
272786285	1000030432
16347561	1000039667
16166237	1000129594
19223919	1000021499
17659577	1000034202
14239472	1000020753
60273	1000059861
9156442	1000100006
14934739	1000021499
14183551	1000062118
7256262	1000071357
76771932	1000000660
20463300	1000020753
20091908	1000116907
5655872	1000107878
15720542	1000086916
18030304	1000018750
14830184	1000058839
32421348	1000157542
12199652	1000120739
18342536	1000015733
368516271	1000010934
35623	1000048977
526403470	1000122572
18898232	1000119942
113250990	1000127172
18895806	1000154458
202779114	1000130068
28856770	1000000660
22346337	1000077992
332803989	1000157542
9567932	1000020753
14334885	1000057827
81801765	1000002287
9395832	1000135804
22126466	1000007419
53870594	1000066658
15393582	1000107878
454484422	1000072351
23457085	1000150343
38459087	1000100006
167380894	1000038272
84298716	1000119942
9243482	1000005925
34783473	1000005925
204759632	1000135585
23868470	1000033694
21076998	1000080140
40276769	1000033995
81432354	1000048781
118360338	1000157542
14756822	1000057827
30817647	1000036408
14830184	1000066658
103862663	1000085697
77881548	1000127172
65505759	1000005925
56217756	1000044485
193208607	1000085921
167884066	1000005925
19619047	1000081230
41521884	1000090946
318760429	1000151666
14424826	1000013457
19144764	1000146370
14306904	1000013682
94881967	1000100006
12034532	1000089039
18957239	1000023857
43253261	1000028999
220212905	1000100922
17066127	1000107878
43472595	1000062349
207828096	1000132594
193257525	1000100006
91279682	1000005925
19615995	1000133350
18368859	1000033995
50597693	1000031201
16648488	1000118413
19624071	1000050211
24896704	1000088698
121296475	1000119942
18623616	1000049360
64962975	1000130068
25818139	1000063825
14976223	1000144471
14498387	1000000660
21240511	1000107878
43207761	1000003731
14563315	1000038268
291374532	1000072351
53792610	1000107878
19038849	1000034358
15524228	1000100006
13894102	1000053458
23457085	1000141464
15080902	1000017813
275695131	1000106428
14083355	1000025039
22168987	1000088698
14193189	1000107878
298942872	1000140394
23095837	1000077790
155718390	1000000660
2087371	1000135804
25793504	1000127172
17783026	1000119942
747863	1000125415
14283433	1000020753
7591562	1000063825
334720386	1000000660
46045669	1000033995
42951128	1000028999
100301510	1000005925
43883192	1000122382
615813	1000123171
123607075	1000005925
187355509	1000106428
6994542	1000097295
6018292	1000021499
81801765	1000119942
14240103	1000140116
253955065	1000061220
18359862	1000057827
15106982	1000100006
27832575	1000033694
30763051	1000067013
13265572	1000005925
18024103	1000120270
16791717	1000157542
1837051	1000005925
64441390	1000153656
93694557	1000154458
616253	1000049360
16790036	1000107878
13626882	1000088698
14949810	1000021499
18875718	1000033995
17384206	1000030432
9555772	1000154458
7195062	1000077992
401942249	1000044485
142791352	1000039667
194677810	1000130068
528764013	1000122572
14110750	1000001120
122221870	1000062118
20898328	1000021499
38437420	1000105965
14946893	1000100006
41605269	1000062349
11922692	1000140116
33456706	1000157542
12681982	1000033121
13857762	1000035934
134363864	1000140116
390101431	1000039667
18110921	1000027984
99330079	1000005925
21053653	1000093934
25464811	1000100006
23561301	1000065561
23457085	1000119942
42951128	1000057827
289091220	1000077992
197185294	1000020753
7780852	1000089039
23006821	1000067567
14275130	1000154458
14531269	1000021499
81501774	1000019637
11661	1000101315
15396961	1000057827
19254264	1000095862
16792453	1000063825
17402697	1000014425
17157774	1000058839
15351100	1000044368
133315738	1000130068
861201	1000033694
14217022	1000085697
253360762	1000005086
15043851	1000021499
20268299	1000077790
20893862	1000032079
14176588	1000107878
9779032	1000153142
136137625	1000077992
18742918	1000095358
28756240	1000156147
18898232	1000110400
18272435	1000045122
102193655	1000107878
5723862	1000077790
93008425	1000118413
15637825	1000025039
19119804	1000107878
25791837	1000048685
15459980	1000048977
15639110	1000005925
15088016	1000133350
24942057	1000031201
54475994	1000077992
26947525	1000157542
60879007	1000086922
3286871	1000058839
154291841	1000033995
12196	1000135804
20958304	1000057141
58441079	1000032079
30156154	1000005925
19949262	1000048781
36770749	1000005925
14351575	1000116907
33136115	1000157542
656673	1000135804
17501629	1000100006
47809249	1000153656
19623170	1000030272
25729606	1000086922
65987807	1000035934
18745350	1000031969
14254927	1000031918
10454562	1000089039
53236250	1000014425
77002320	1000122572
23549240	1000077790
3583951	1000005925
1008591	1000029794
119908470	1000063825
7646402	1000135804
191328116	1000070224
36325964	1000105965
19300461	1000033121
18912472	1000101315
19924261	1000100006
47802716	1000005925
50597693	1000063825
2050831	1000130068
117349852	1000077992
24644909	1000129937
126996478	1000118413
11541192	1000062894
14960451	1000079827
132422304	1000020753
45753733	1000076551
15345111	1000066658
15454228	1000123171
14089309	1000013682
39826516	1000101921
15638249	1000038268
12678392	1000131707
14659051	1000050211
18610961	1000057827
89426863	1000075903
71140400	1000035934
220045059	1000154458
22297984	1000007419
13559692	1000057141
18977619	1000119942
24644909	1000085921
12034532	1000077790
152035207	1000135804
187323360	1000050211
14362294	1000123874
362333431	1000035934
361547167	1000005086
20268553	1000005925
18214171	1000044368
16250607	1000154458
213457239	1000033995
118279350	1000063825
19677696	1000157542
19257180	1000140394
14153283	1000057827
13041272	1000120409
14904652	1000140116
53792610	1000066658
788250	1000105965
6814192	1000143114
166601166	1000135804
97743746	1000157542
21146523	1000100006
20091908	1000029794
173958524	1000077992
18626079	1000020753
43883192	1000050211
131594600	1000152427
17135931	1000071357
22481212	1000097295
60273	1000030532
153069336	1000023857
195621057	1000009095
21409122	1000119942
14850356	1000039667
67418427	1000144471
11980942	1000075690
10696062	1000100006
134165449	1000085921
23006821	1000140116
13773232	1000119942
16637864	1000085840
16853802	1000116616
16970864	1000120739
15268048	1000067614
253955065	1000030703
37992666	1000093879
15435220	1000130068
14213544	1000156147
13600352	1000050869
14499788	1000062118
263209316	1000101921
36964520	1000140394
8308622	1000135804
16674691	1000023857
2475171	1000045120
9771562	1000031551
6376212	1000067614
314062102	1000007419
15349708	1000118413
24567568	1000031201
12998242	1000048781
32445507	1000028772
119908470	1000014425
20091908	1000063825
19132347	1000091742
16682506	1000122382
35082414	1000021499
18934825	1000066658
82164597	1000020753
2141321	1000100006
34222931	1000157542
21411794	1000120270
20091908	1000093934
51211899	1000007419
125996244	1000111024
280348860	1000102943
15445811	1000039667
17573316	1000071357
172751496	1000095358
14595552	1000154458
3551171	1000048977
14371740	1000100006
15637825	1000135804
16233123	1000005925
20466609	1000031201
27008424	1000095209
68189134	1000024892
18812947	1000017813
253955065	1000011775
9789492	1000057827
198340118	1000131260
18879757	1000020753
639013	1000028999
81855775	1000122572
15831762	1000133350
10054742	1000060021
18359862	1000154458
18433412	1000120270
25818139	1000031201
14240103	1000058839
126679725	1000102943
14255783	1000102943
18716004	1000033121
1277041	1000123874
43872362	1000006309
22022795	1000119942
29410181	1000119232
18378213	1000002287
20576585	1000076551
167932497	1000067448
35676929	1000011775
21247776	1000100006
18812947	1000063825
37744202	1000065038
40039015	1000129988
12891562	1000065561
25032712	1000011895
170776198	1000102943
6114492	1000048977
13931982	1000143114
28177543	1000118413
98513781	1000024048
14176588	1000057827
14552063	1000033694
5905672	1000148723
193553877	1000100006
16326742	1000119942
9854542	1000135804
70096167	1000107878
57435204	1000077992
100360503	1000041092
9632752	1000097176
18214171	1000095358
81894512	1000050211
18630326	1000006309
166601166	1000086916
279778316	1000140394
118533460	1000057827
14240103	1000107878
35676929	1000063825
26780558	1000119942
177824859	1000107878
94325602	1000077992
15567042	1000118413
3820911	1000100006
14220606	1000135804
57284417	1000100922
17157774	1000024892
13626882	1000005925
12782472	1000105965
258814154	1000118413
56955361	1000000660
14892191	1000079827
19045458	1000030532
324660438	1000000660
15529747	1000005925
62358930	1000070224
91856309	1000043393
20943534	1000005925
18638800	1000077790
106198153	1000151941
172751496	1000077790
15396961	1000081230
14231891	1000041092
62336571	1000091742
48669511	1000005925
21199489	1000119942
38500106	1000147982
841791	1000005925
12567072	1000063825
11991892	1000005925
15241012	1000140116
80934588	1000128788
187056975	1000077790
14791232	1000091742
14083355	1000107878
14471133	1000063825
15619589	1000024048
7801032	1000021499
370215382	1000031918
39069544	1000091742
19893177	1000035934
23457085	1000002287
39888530	1000116636
81201609	1000005925
88974169	1000023857
168453874	1000062894
6740642	1000028999
84298716	1000085921
43121315	1000125294
9085252	1000154458
55985307	1000015733
25461274	1000031201
19503627	1000075690
23082430	1000097295
61558088	1000097176
18189237	1000147982
37501155	1000065038
15033467	1000036408
15386988	1000118413
153492935	1000066658
34222931	1000120270
69728569	1000031918
386209891	1000138214
19347576	1000014425
13197822	1000100006
222505706	1000129937
14151096	1000140116
31179985	1000014425
15508834	1000020753
453341658	1000007419
20922499	1000129594
139990251	1000035934
20465564	1000075690
19670331	1000033995
16944995	1000100006
102193655	1000135804
152035207	1000086916
25166063	1000102943
39588492	1000116616
18393773	1000005925
21556678	1000120270
45082357	1000005925
262689819	1000014425
14355610	1000053458
20114488	1000057827
14083150	1000020753
18957239	1000119942
12587	1000048977
37992666	1000111024
18638800	1000097295
21411794	1000157542
19622462	1000077992
17918491	1000001120
3286871	1000107878
164722405	1000100006
22020453	1000138214
12735712	1000107878
14240103	1000027984
18057465	1000128395
14538541	1000005925
7738402	1000062894
1714531	1000118413
81894512	1000023857
14069559	1000145848
153158056	1000122572
12369602	1000013457
18957239	1000030272
20296015	1000031551
89041913	1000063825
80278027	1000150343
14303355	1000077790
115708758	1000100006
43273	1000048977
305275103	1000039667
284489957	1000007419
16605276	1000031969
17007447	1000039667
15637825	1000107878
14783047	1000053458
189758276	1000030487
81135904	1000116616
107868698	1000063825
208280030	1000020753
14075571	1000034202
49832748	1000102943
153087224	1000100006
7936062	1000033121
19994634	1000097371
19812671	1000014425
11461532	1000078990
14260840	1000033121
14417969	1000067567
39584643	1000157542
31032196	1000102943
10461262	1000020753
295939052	1000005925
222689902	1000007419
17234024	1000122382
14944855	1000086922
7081402	1000005925
68073207	1000035934
15609136	1000100006
193208607	1000031201
24262849	1000005925
15814666	1000005925
936861	1000066434
61194952	1000003731
336608394	1000005925
332803989	1000095862
61684853	1000100006
14069559	1000085921
58735635	1000035934
806283	1000060021
14499788	1000005845
90984746	1000125294
61558088	1000154458
16060735	1000130068
21409122	1000017462
47637606	1000088698
14281905	1000100006
15351100	1000095358
16542981	1000017462
20988841	1000110400
389171421	1000010934
21053653	1000151941
19732725	1000021499
15839551	1000063825
174741544	1000043393
195628239	1000009095
31477674	1000000660
261227209	1000064259
175166989	1000036408
18024103	1000062349
134165449	1000002287
15620292	1000130068
15752932	1000086916
16601823	1000135804
5380672	1000005925
163136908	1000100006
55963	1000135804
6840332	1000119942
211230952	1000014425
18301663	1000033995
117177522	1000093879
15428643	1000021499
1775861	1000130068
50597693	1000093439
18122642	1000058839
45753733	1000007419
17623957	1000050869
115443377	1000086916
99571358	1000157542
20643889	1000014425
133297907	1000120270
34013606	1000007419
43253261	1000154458
104469678	1000067567
20091908	1000014425
41605269	1000131116
14231756	1000120270
2391	1000050869
18957239	1000017462
10203592	1000066434
15878470	1000057827
20458823	1000120270
14204335	1000100006
19809876	1000038272
15375238	1000033121
46582537	1000005925
16060397	1000078990
82507674	1000100006
214200358	1000130068
17746168	1000033121
36465626	1000015733
203873539	1000132594
198675113	1000030487
21179744	1000050159
5559602	1000005845
36610496	1000116636
14652452	1000140116
18630326	1000014425
14254504	1000057827
14165162	1000100006
63307960	1000005925
104469678	1000091742
338458786	1000088698
12053132	1000013457
24567568	1000014425
44144016	1000145848
6503412	1000028999
264825458	1000067448
30963236	1000005925
15414807	1000050869
27884585	1000027984
20091908	1000047725
18392144	1000078084
141528278	1000005086
20466609	1000014425
20469167	1000135804
17576659	1000118413
52586337	1000102943
17019871	1000107878
20253656	1000097371
53792610	1000027984
40674458	1000154458
21053653	1000014425
162442852	1000100006
9015112	1000107878
19468147	1000099941
14381574	1000033995
684983	1000148723
22162585	1000140116
115444551	1000000660
20254114	1000097371
7495132	1000107878
18024103	1000131116
93694557	1000066658
47841677	1000017813
16682506	1000119942
10221882	1000024048
222640532	1000005086
61598133	1000021499
14282124	1000057827
147386402	1000020753
9523892	1000039667
2869531	1000005925
89195144	1000146370
20466609	1000061220
11794312	1000051985
32445507	1000120409
14092963	1000077790
14413441	1000031969
9085252	1000057827
651033	1000116636
17687495	1000045120
17002699	1000077992
14417969	1000066658
63118140	1000005086
117776588	1000119942
18553324	1000018750
361652822	1000005086
308911400	1000035934
107626582	1000116616
14964767	1000120739
14660976	1000079827
15458602	1000017813
221892875	1000135585
154175423	1000033995
38748784	1000005925
249252048	1000078084
22087738	1000033995
16908938	1000039667
57986173	1000000660
184096187	1000007419
39714128	1000007419
14858086	1000020753
21053653	1000047725
186047332	1000007419
98535426	1000120739
168453874	1000071357
30520303	1000005925
158862966	1000157542
14396204	1000077790
24020949	1000135804
14942713	1000133350
221436856	1000132594
16338290	1000130068
465024108	1000119942
18673920	1000107878
20643889	1000064259
75225711	1000031551
32421348	1000131116
20466609	1000029794
30153287	1000020753
313825894	1000050211
14562714	1000089219
14933478	1000067567
31525143	1000088698
25818139	1000029794
52718358	1000131260
166601166	1000050159
22595031	1000045122
16276471	1000107878
224803883	1000020753
17688601	1000051985
146918923	1000077992
227469430	1000033995
14741804	1000005925
72184290	1000102943
19507251	1000019637
788250	1000119942
167380894	1000141464
24021805	1000039667
15533823	1000130068
87273337	1000014425
7161172	1000096554
15223433	1000005925
15085406	1000015733
11461102	1000053458
5868362	1000135804
36136374	1000151666
15831762	1000095209
14852981	1000057827
388330545	1000118413
39614123	1000157542
739223	1000125415
509096468	1000000660
107742853	1000007419
16882660	1000066658
12313162	1000021499
39488895	1000024048
17130137	1000021499
18105493	1000067013
27618085	1000119942
15820160	1000059861
198941747	1000100006
72903	1000029794
21182763	1000157542
9856232	1000031969
17526132	1000021499
20543729	1000119942
64169231	1000007419
30529238	1000133350
14214977	1000148723
345518040	1000050869
35293	1000048977
72814308	1000122572
15670814	1000005086
20379995	1000031969
6392872	1000129988
193208607	1000119942
189691869	1000000660
19416143	1000135804
29039876	1000118413
50597693	1000135804
53126140	1000005925
14720416	1000100006
153069336	1000085921
208062005	1000031969
13041272	1000028772
14517478	1000049360
18122642	1000066658
15936736	1000119232
19730608	1000020753
60879007	1000119942
16674691	1000122382
12782472	1000050211
23970971	1000062118
15221950	1000100006
20643889	1000047725
51154947	1000058839
6724092	1000021499
44343	1000077790
15345111	1000027984
45561740	1000157542
16984358	1000029794
788245	1000048977
21556678	1000131116
95064358	1000097295
17633660	1000116636
85514383	1000031201
169915131	1000007419
149292003	1000062118
107626582	1000089219
27595997	1000025039
7044992	1000088698
20923753	1000100006
2308191	1000033995
170886090	1000102943
21816442	1000120270
14217937	1000152427
86268045	1000119942
24270610	1000031969
31188700	1000093879
20114488	1000066658
3286871	1000025039
74523	1000048977
14354316	1000016411
14124529	1000062349
39864099	1000153142
42044912	1000016411
33797153	1000088698
53870594	1000091742
68668098	1000077992
14275130	1000057827
86361766	1000099941
19782803	1000128788
10876852	1000096554
10792712	1000130068
64423563	1000107878
125442168	1000090946
13041272	1000131707
92417163	1000075903
14328029	1000020753
125996244	1000157542
19059182	1000070224
17648193	1000119942
10090902	1000030703
494538543	1000041511
172933437	1000128395
15672076	1000005925
15508191	1000020753
66699013	1000085840
15632835	1000041511
31618280	1000021499
27661959	1000119942
91285471	1000116616
45803348	1000135804
15345111	1000107878
78453	1000050869
348429830	1000048685
14763	1000093439
709063	1000063825
261227209	1000050211
76975124	1000076551
251925968	1000000660
28521141	1000130068
30520303	1000019637
9786072	1000033694
115335924	1000080140
373018050	1000130068
20755177	1000048977
24861778	1000119942
53882428	1000132594
739223	1000089039
106198153	1000034358
23082430	1000135804
