81030409	1000114935
351848391	1000085575
208493293	1000134682
153166309	1000053382
208483479	1000040320
174741544	1000114935
16231701	1000053382
22901296	1000037001
112557588	1000053382
965091	1000077616
5265131	1000053382
15381688	1000099539
132276333	1000085575
40628950	1000114724
20061655	1000009636
15085196	1000021263
19638855	1000152573
15639138	1000085575
2331211	1000053382
115313263	1000105010
21464046	1000043587
28199309	1000085575
130262012	1000123070
270449528	1000032200
26053643	1000085575
201526993	1000060754
28165335	1000029796
22565101	1000053382
24542441	1000047433
22719696	1000070365
80352678	1000085575
21625307	1000053382
780459	1000105931
7764332	1000085575
785347	1000077616
37786155	1000043832
27774100	1000118732
49781679	1000105010
214680621	1000085575
20985527	1000062664
22556247	1000053382
16150615	1000001970
73254134	1000085575
17878322	1000043832
17709860	1000021263
18843019	1000096330
9298152	1000085575
146768204	1000039033
131014445	1000085575
41426779	1000085575
15726053	1000055675
7434272	1000085575
33952755	1000114935
200247298	1000053382
16089776	1000085575
862481	1000156210
22591506	1000085575
24807616	1000085575
21056862	1000016494
55171143	1000085575
19186071	1000085575
13479	1000085575
4071981	1000053382
18816738	1000007978
20851642	1000077388
30254855	1000084925
17941967	1000053382
80640411	1000058415
378938407	1000076125
15928789	1000085575
83424185	1000043587
30109507	1000085575
18257270	1000114935
23215572	1000105010
962631	1000033657
15968371	1000069408
21851890	1000053382
786148	1000147885
16519176	1000053382
70923	1000085575
3828311	1000037001
15638249	1000085575
104019971	1000152573
28504906	1000024200
30070014	1000015310
16005389	1000085575
34766576	1000140544
190846012	1000114935
14506809	1000053382
30963798	1000047062
196710000	1000029882
23032196	1000120023
51887885	1000009890
10241	1000156210
17306745	1000043832
16526462	1000114935
30973513	1000070365
148445222	1000053382
18485795	1000085575
1132291	1000021263
13911852	1000085575
14130054	1000053382
14478814	1000076125
817113	1000076125
37112942	1000047062
16247731	1000077616
14351575	1000147078
20221159	1000085575
31536491	1000037001
9227962	1000053382
833571	1000156210
44080327	1000007048
96829836	1000040736
15873841	1000085575
14721354	1000077616
344571268	1000053382
207653556	1000007978
73024519	1000007978
53474481	1000037001
11666142	1000085575
60125871	1000114695
33535451	1000077616
21095472	1000007978
14396204	1000042140
19638855	1000001970
17901984	1000085575
451044230	1000037001
23065354	1000001970
9721232	1000149573
2841151	1000053382
20353964	1000085575
12661	1000085575
25199287	1000109193
51660042	1000077616
18342768	1000053382
24143898	1000029796
12118882	1000076125
199588892	1000134682
9313362	1000053382
9984332	1000053382
62916636	1000014051
14467793	1000060754
199588892	1000067764
172085164	1000104873
45607170	1000085575
782310	1000053382
155972772	1000125711
14047098	1000131947
18719196	1000076125
10454572	1000117521
19028953	1000077388
15410099	1000037001
6086752	1000053382
25799816	1000061052
311227912	1000085575
14880494	1000042140
8941332	1000047248
16465474	1000043832
18493027	1000099539
45887221	1000029796
99642334	1000037001
40572559	1000034914
150802319	1000085575
40826828	1000085575
15426099	1000152836
12089102	1000085575
47963278	1000125711
15962388	1000077388
191328116	1000070224
15485242	1000033657
35507751	1000105931
402466097	1000105010
19175963	1000103311
14470019	1000053382
14166714	1000056642
17859255	1000132646
55443010	1000053382
2100521	1000077616
45753733	1000076551
214603712	1000096330
20415144	1000037001
29861618	1000127498
15978226	1000069408
27791181	1000118732
20567578	1000154885
14922225	1000114724
18408253	1000085575
22068282	1000085575
91178149	1000142505
36960131	1000056642
16465474	1000105931
19595287	1000053382
288178884	1000053382
428881969	1000016494
146841189	1000029882
15955862	1000037001
44779402	1000085575
16470419	1000085575
36823	1000085575
25179560	1000085575
25482984	1000032200
270281442	1000127498
14939981	1000085575
46537966	1000053382
104019971	1000001970
7123452	1000060754
17580153	1000117521
14930659	1000054951
34963998	1000085575
5913782	1000077616
43383705	1000085575
16264063	1000154885
19700051	1000140544
15426099	1000103311
3321441	1000053382
49539854	1000084925
46195370	1000085575
14500711	1000037001
21042324	1000132646
817113	1000117521
18845207	1000029882
32546627	1000085575
72889783	1000060754
18816465	1000007978
13134712	1000037001
21464046	1000009636
39126269	1000037001
14690944	1000077616
24143898	1000085575
130249139	1000085575
18511475	1000085575
3560661	1000053382
33648220	1000098336
18269449	1000070623
141021153	1000105931
64619842	1000037001
57333800	1000105010
17908655	1000085575
45977080	1000062664
466645680	1000105931
208411504	1000085575
146768204	1000040320
34145873	1000105931
289380312	1000114935
16160239	1000111661
14782859	1000077616
21787127	1000032200
42937777	1000001970
20851642	1000111209
16961384	1000001970
546365022	1000085575
94052228	1000026063
1065921	1000053382
278626813	1000077388
24386534	1000026063
6610412	1000053382
14133970	1000085575
45887221	1000047062
19081905	1000007048
20904455	1000105931
255181743	1000026063
15837367	1000053382
120437212	1000037001
17400667	1000037001
60682000	1000040320
48436259	1000140544
15989218	1000085575
89776062	1000131947
5947722	1000053382
17419160	1000077388
15226655	1000054951
168525858	1000047062
755431	1000077616
25953115	1000076125
20576585	1000076551
67728650	1000085575
21999730	1000099539
66503156	1000085575
105314792	1000117521
26332899	1000076125
21097133	1000085575
16533079	1000009890
181269704	1000085575
16504652	1000085575
29009790	1000124244
22733444	1000040736
16371289	1000103311
24807616	1000117521
155972772	1000149989
17986155	1000053382
6834922	1000053382
17991013	1000001970
46533328	1000114724
101888974	1000053382
172161833	1000105010
40320565	1000085575
22385451	1000085575
48930178	1000045757
25020437	1000105931
54460963	1000058203
10350412	1000085929
16969592	1000024200
18525154	1000060754
21095472	1000149989
15383	1000021263
238763290	1000098336
39373412	1000076125
18091925	1000085575
18125335	1000085575
23742847	1000085575
39706174	1000085575
5657162	1000037001
259848814	1000085575
19331456	1000114695
322285980	1000085575
62358930	1000070224
16969592	1000085575
82525569	1000053382
15949610	1000085575
23421193	1000056642
33620111	1000047062
1472021	1000117521
23031054	1000056642
7101692	1000147885
146768204	1000067764
19785988	1000026063
203987912	1000154885
27641634	1000053382
12251322	1000085575
15531582	1000037001
19487826	1000098336
14416124	1000128845
15657398	1000085575
264515814	1000039033
82375443	1000076125
8320242	1000085575
205207199	1000037001
16290772	1000128845
19928703	1000085575
28482819	1000105931
23065354	1000077388
9726292	1000085575
17201890	1000096027
28504906	1000085575
27555164	1000085575
37082371	1000021727
79542101	1000015310
109225997	1000067764
19501545	1000077388
42955561	1000007978
15929318	1000085575
21097133	1000026063
210731960	1000105010
21915666	1000085575
18327944	1000077388
136023366	1000007048
261278737	1000106734
78632937	1000077616
165664501	1000045757
208493293	1000061052
21127172	1000098336
179204910	1000103311
16329990	1000018639
10435012	1000105931
24894426	1000127498
51887885	1000103311
437046863	1000028358
56768257	1000117521
19637579	1000085575
25713189	1000124244
34236703	1000053382
53154874	1000015407
17576442	1000085575
262388975	1000121165
14129874	1000085575
20155760	1000060754
29380085	1000053382
245394117	1000105010
223171812	1000105931
5773532	1000053382
83262511	1000034914
172085164	1000028358
27900704	1000058203
489181359	1000056642
147667523	1000105931
482583348	1000056642
67836807	1000043587
114908092	1000037001
14466383	1000085575
6449392	1000149573
31313343	1000040736
14580197	1000077616
18626783	1000040736
19777398	1000085575
320527944	1000057472
252185621	1000105931
35665146	1000114695
55655811	1000085575
172085164	1000109193
21255194	1000001970
16490974	1000055675
19028980	1000077388
35541868	1000037001
18449036	1000021727
155972772	1000001970
207936757	1000154885
2841151	1000078705
18500777	1000085575
19818912	1000001970
386550222	1000058415
3301091	1000053382
47283664	1000047733
224491023	1000142505
369232105	1000085575
165786567	1000085575
15727103	1000014051
450287234	1000105010
136103238	1000105931
116669630	1000114695
42937777	1000014051
15727419	1000077616
28302257	1000085575
11911082	1000105931
63858347	1000085575
117891523	1000037001
311742646	1000105931
196251283	1000085575
339336382	1000121165
155972772	1000077388
17632072	1000053382
54092452	1000085575
4068821	1000085575
49254593	1000053382
17503591	1000032200
93583821	1000015407
18592004	1000077616
17854972	1000103311
25199287	1000028358
89366493	1000035368
322903307	1000085575
62916636	1000001970
94052228	1000114935
32910267	1000077616
248007541	1000037001
18816465	1000068408
16247850	1000047433
5469072	1000053382
39860984	1000053382
20735177	1000085575
18393601	1000120023
10753362	1000053382
21709230	1000037001
18554818	1000089700
14251225	1000085575
37082371	1000047062
25336406	1000013854
65548946	1000114724
18816738	1000085575
17544699	1000096027
20851642	1000068408
345057249	1000111661
113436175	1000085575
29322917	1000035368
8095662	1000085575
59179219	1000053382
16465474	1000077388
5848412	1000085575
16032446	1000085575
120068116	1000085575
177075927	1000046791
16490974	1000077388
172366206	1000053382
377760382	1000057472
30662150	1000085575
5774432	1000053382
177397957	1000046791
23256633	1000096330
22721166	1000085575
39730630	1000039947
51211899	1000124856
80843684	1000111209
5378272	1000085575
130269789	1000037001
34311069	1000029882
12477472	1000149573
15879629	1000085575
224940694	1000037001
462310261	1000105931
27528134	1000001970
165372857	1000070623
15485441	1000085575
18429711	1000053382
25837899	1000090326
221185711	1000085575
123083228	1000037001
41999758	1000053382
23894637	1000137567
14802692	1000103688
17979066	1000149573
213855080	1000085575
18816465	1000055675
45175547	1000105931
14166235	1000056642
16587023	1000040736
9085252	1000147078
37082371	1000029796
209806777	1000085575
15887110	1000053382
13524182	1000085575
20985527	1000090326
24355095	1000085575
7194892	1000053382
57838875	1000085575
31273819	1000013854
22458821	1000039947
4068821	1000053382
22986148	1000085575
30105662	1000034914
30050923	1000076125
16530463	1000077388
173262065	1000103688
44514597	1000077388
799645	1000021263
14341655	1000117521
47240171	1000077388
6700332	1000053382
362888622	1000104873
16514761	1000053382
25591573	1000057472
29861618	1000067764
241214783	1000037001
40031921	1000034914
14447625	1000053382
15847889	1000069408
9670952	1000053382
34479708	1000076125
14971414	1000077616
90956395	1000028358
1956601	1000076125
15313351	1000103311
18250750	1000149989
50564358	1000140544
124011468	1000085575
15937109	1000103311
41538700	1000152836
29391321	1000085575
24742040	1000029882
54228724	1000137567
231763005	1000067764
446672326	1000149573
11890702	1000078705
19638855	1000077388
10778152	1000085575
18384469	1000123070
42427518	1000026063
48115813	1000140544
14506253	1000085575
14640242	1000053382
52613032	1000085575
62835885	1000077616
223688574	1000026063
25199287	1000104873
11954462	1000085575
22644308	1000007978
82765185	1000085575
19103296	1000085929
16724619	1000085575
23984038	1000085575
5413042	1000053382
15345389	1000060754
25246881	1000085575
18704659	1000085575
18291786	1000114935
60352468	1000106734
16378093	1000076125
19968983	1000085575
20332982	1000001970
18253695	1000007978
216861914	1000077616
60762307	1000053382
22644308	1000077388
20327583	1000053382
35831704	1000076125
9500062	1000053382
18816465	1000001970
14690807	1000040736
246134531	1000047062
15329910	1000053382
300990639	1000045757
66504150	1000085575
35300944	1000114724
54441257	1000047733
19059182	1000070224
36505486	1000029882
14203895	1000047248
13317162	1000053382
211276335	1000089700
19231155	1000085575
289120543	1000053382
91407493	1000096330
76975124	1000076551
17631225	1000085575
34336644	1000077616
18240130	1000124856
242910763	1000053382
97027664	1000053382
117910673	1000018639
23827692	1000085575
7082092	1000053382
71140400	1000114724
