15083606	1000025541
16113719	1000001316
21859458	1000047291
37993909	1000099859
19778239	1000130988
248882821	1000086455
19783066	1000047291
12418482	1000145351
13753532	1000132412
2015141	1000001316
14274711	1000096963
12566522	1000047291
17872114	1000130988
4296301	1000004784
22184320	1000047291
15788309	1000140772
21372910	1000105335
9659992	1000004784
321624667	1000099859
14984096	1000099859
37723441	1000001316
25698875	1000087848
2729061	1000047291
15503224	1000130988
273287754	1000001316
17467023	1000047291
16299346	1000047291
179767040	1000079273
62375698	1000001316
126819958	1000130988
21934530	1000101145
14585679	1000110623
29995782	1000047291
16130403	1000001316
108517476	1000101255
159629146	1000140772
19079595	1000086455
14589330	1000001316
342373546	1000087848
41385286	1000145044
144218227	1000060681
22301259	1000004784
109002519	1000123539
170772716	1000110623
15252359	1000009724
366792682	1000001316
86610846	1000009724
22428644	1000001316
21823296	1000004784
9212052	1000055881
14485579	1000001316
16747288	1000136012
1124531	1000122305
8213742	1000047291
32954376	1000132412
1136351	1000032190
27647185	1000047291
15435220	1000099859
14519984	1000017934
18826638	1000130988
137187477	1000001316
92138521	1000105335
255209309	1000047291
34671605	1000043108
122453762	1000122305
51672093	1000001316
170911869	1000130988
15997605	1000055881
20643742	1000001316
16574981	1000145351
251470126	1000099859
22608619	1000105335
377053611	1000099859
15847644	1000145351
19002473	1000004784
14200145	1000032190
29631105	1000055881
263292498	1000001316
14226581	1000047291
157818542	1000009724
14217624	1000004441
130247458	1000025541
350578795	1000105335
14281905	1000004784
255209309	1000038577
57435204	1000145044
14106930	1000084534
64931560	1000047291
107198898	1000025541
101841500	1000129932
377436335	1000001316
142067083	1000145351
216661825	1000073845
23772561	1000130988
76884790	1000043108
15561776	1000025481
8087742	1000042862
342699431	1000087848
3823591	1000145351
16060735	1000001316
28288336	1000101255
133484950	1000064007
15757568	1000047291
24796319	1000152707
142773600	1000099859
150773437	1000110623
8119302	1000145351
19288213	1000001316
291314617	1000025481
15477120	1000112281
324488901	1000087848
19895630	1000001316
35515862	1000043108
105879533	1000001316
449349346	1000108921
298910273	1000132412
240555189	1000108921
140541581	1000001316
99607756	1000112281
70123665	1000136012
48206167	1000099859
199389524	1000001316
162775226	1000001316
17221189	1000110623
113731564	1000130988
15465602	1000101255
5548212	1000004784
16613670	1000001316
18307251	1000001316
7885972	1000001316
131299605	1000005607
34316411	1000025481
217626610	1000152707
38459087	1000004784
186160494	1000047291
5413042	1000122305
17553095	1000033309
183664272	1000087848
32498545	1000001316
46254908	1000004784
458865584	1000105335
14243427	1000122305
22934884	1000091371
15111389	1000132412
2217251	1000084534
143928271	1000130988
33583028	1000009724
26029878	1000047291
17495434	1000122305
12998242	1000102698
15256739	1000032190
24074169	1000001316
18223439	1000001316
14364819	1000047291
390659661	1000087848
9026642	1000005607
25639035	1000001316
141569475	1000055881
159578514	1000001316
308201248	1000110623
20551430	1000043108
249348650	1000130988
216030263	1000115818
290051454	1000084700
52330027	1000105335
298385420	1000105335
381680760	1000047291
319077221	1000019948
756475	1000115818
15561526	1000047291
26360899	1000033309
7081402	1000001316
21319630	1000001316
243801649	1000038577
20492950	1000047291
5053141	1000009724
290051454	1000008186
18611950	1000001358
161723588	1000155180
32780085	1000110623
151617770	1000004784
18846990	1000047291
82493862	1000012460
260188947	1000001316
67441229	1000001316
130251374	1000038577
416963802	1000001316
43629631	1000047291
24449291	1000130988
15343773	1000004784
18978727	1000122305
202663639	1000047291
14238569	1000032190
194397899	1000101255
5506532	1000001316
45730018	1000132412
90071403	1000012460
179550859	1000047291
14364819	1000152707
15358891	1000001316
43933723	1000132412
296387378	1000001316
48206167	1000025541
131970530	1000047291
1715051	1000048605
32207751	1000101145
6116072	1000047291
195129672	1000001316
14645160	1000004784
20481294	1000047291
14422788	1000122305
450062935	1000019948
321531042	1000110623
33148677	1000004784
14364626	1000152707
20734411	1000001316
344571268	1000105335
890831	1000004784
33845113	1000145044
14534366	1000099859
86517070	1000101145
316544654	1000059648
10278472	1000047291
119551241	1000001316
3025261	1000004784
15217406	1000140772
61061751	1000001316
61029887	1000001316
113923935	1000047291
19548146	1000001316
37371226	1000110623
17602045	1000038577
22334880	1000129932
15430929	1000130988
247554276	1000136012
18957524	1000115818
16067038	1000136012
32954376	1000099859
26029878	1000101145
89829758	1000105335
16102671	1000025481
14848239	1000130988
15393788	1000136012
14160974	1000130988
179767040	1000009724
14594520	1000001316
20332925	1000049907
215060612	1000001316
14382311	1000115818
56431113	1000110623
45730018	1000091624
23216821	1000004784
23378985	1000001316
24772500	1000001316
111777598	1000004784
14687355	1000004441
257438654	1000087848
321620987	1000099859
355091797	1000043108
19522054	1000001316
17278730	1000047291
8025532	1000001316
321531042	1000001316
24427682	1000136012
53513002	1000025541
14220046	1000001316
16629291	1000099859
20555357	1000145351
14364626	1000145351
46694497	1000145044
7166182	1000032190
15796148	1000084700
179275489	1000005607
40845113	1000106041
18012833	1000025481
26349687	1000099859
210989510	1000099859
314291438	1000048605
61665504	1000001316
184637039	1000101255
38688020	1000004784
30242703	1000060681
88340943	1000059648
73925653	1000130988
17583532	1000004441
70686417	1000001316
14200145	1000004784
15187219	1000004784
57422981	1000087848
113923935	1000152707
1044591	1000084534
34783473	1000102698
157818542	1000005607
2011081	1000047291
159578514	1000110623
37214134	1000105335
352641121	1000105335
136764173	1000099859
45730018	1000079273
18262639	1000001316
14238569	1000047291
85054503	1000001358
14022822	1000130988
366792682	1000043108
17972871	1000087848
70796019	1000099859
87114066	1000004784
43170475	1000025541
11145112	1000087848
28650455	1000087848
296387378	1000043108
16561752	1000043108
22330156	1000099859
156349747	1000105335
67427757	1000152707
37358508	1000079273
3096071	1000001316
259984745	1000001316
370958925	1000087848
14104001	1000087848
339503567	1000099859
83602594	1000091371
37358508	1000132412
14982315	1000001316
32952390	1000004784
18396424	1000004441
112814372	1000130988
14426487	1000004784
126088259	1000043108
14342951	1000047291
14318130	1000001316
14226581	1000032190
16400360	1000001316
130247458	1000073534
16714182	1000099859
18501214	1000130988
22279151	1000099859
29625327	1000001316
23378985	1000059648
37358508	1000099859
262927986	1000110643
18583083	1000136012
15362015	1000099859
157521256	1000064007
1048951	1000001316
130247458	1000099859
58903937	1000152707
15435220	1000025541
14364819	1000038577
16799063	1000130988
18384805	1000001316
1715051	1000099859
17037417	1000140772
61475880	1000130988
1476651	1000084534
79309628	1000047291
33845113	1000025541
14984096	1000025541
15029612	1000047291
18977988	1000047291
50890438	1000047291
14200145	1000047291
223373	1000047291
179767040	1000007669
153546664	1000048605
14508426	1000047291
18892183	1000130988
1046661	1000084534
102284131	1000047291
248882821	1000001316
20602182	1000001316
141057586	1000001316
5838682	1000004784
22409200	1000001316
221512549	1000099859
90880254	1000004784
14305343	1000096963
610533	1000004784
110819309	1000073534
59019078	1000001316
20509649	1000049907
237096702	1000023348
16519176	1000130988
11738772	1000099859
22161096	1000049734
13330012	1000048605
39941049	1000132412
16893880	1000001316
8845642	1000130988
20690398	1000001316
14608831	1000049734
9659992	1000032190
43104516	1000001316
194397899	1000123539
91037749	1000101255
9952802	1000084534
87890922	1000030651
223247584	1000047291
7136542	1000004441
22536240	1000025481
34153	1000047291
33845113	1000073534
107868698	1000047291
176310143	1000087848
16894839	1000001316
991221	1000084534
26841335	1000047291
33512163	1000023348
121338495	1000001316
25125130	1000001316
15383021	1000042862
216661825	1000141558
17821932	1000032190
50498805	1000001316
14226581	1000004784
5980142	1000009724
31318115	1000001316
362286999	1000004784
15163190	1000047291
170435554	1000087848
15468834	1000087848
22720855	1000048605
14751849	1000145351
29982501	1000047291
15796148	1000008186
228539107	1000047291
108740062	1000047291
23038043	1000047291
155403330	1000004784
79309628	1000145351
166866094	1000004784
1136351	1000145351
794436	1000004784
38688020	1000047291
90915705	1000047291
107986139	1000155180
796742	1000001316
206631462	1000047291
84133924	1000047291
18554221	1000110623
17179180	1000130988
27929446	1000043108
19994118	1000001316
15111389	1000091624
55803511	1000001316
15970670	1000047291
101430418	1000105335
14538541	1000017934
15242391	1000047291
33845113	1000099859
773003	1000004784
24189116	1000001316
18737808	1000122305
16150457	1000009724
337405519	1000001316
206713609	1000087848
17602045	1000047291
34689980	1000030651
17821932	1000004784
66499322	1000087848
15712097	1000047291
12464302	1000099859
193185958	1000087848
417214991	1000115818
20530770	1000004441
291199456	1000115818
320939752	1000004441
41222853	1000130988
101081687	1000099859
215343979	1000105335
83602594	1000043108
14931576	1000004784
12970892	1000130988
19735466	1000038577
77155969	1000001316
15796148	1000141558
77155969	1000130988
77267637	1000001316
15256739	1000004784
19078594	1000001316
35722372	1000105335
92019983	1000130988
359422327	1000001316
17298249	1000132412
34450688	1000099859
15101146	1000004784
11826672	1000025541
976521	1000032190
1048661	1000084534
130247458	1000145044
17047403	1000136012
17463007	1000001316
16792366	1000101145
13369762	1000004441
20349464	1000106041
290051454	1000073845
113859309	1000087848
19840435	1000099859
13588012	1000136012
15657647	1000145044
116334037	1000047291
18131947	1000001316
166155537	1000101145
15177254	1000001316
220173341	1000025541
1270041	1000001316
45730018	1000007669
49793447	1000001316
30885462	1000130988
207720737	1000060681
18374320	1000001316
7093352	1000004784
13357022	1000004441
27743318	1000136012
285253748	1000105335
199389524	1000110623
108686216	1000110643
337694536	1000101145
16066283	1000047291
18914321	1000004784
24591819	1000001316
15940971	1000004784
14202817	1000145351
20900200	1000047291
53024206	1000001358
487080666	1000087848
25791772	1000004784
221105122	1000047291
787239	1000047291
194397899	1000099859
262190291	1000009724
3025261	1000047291
14984096	1000073534
14133447	1000001316
15819632	1000055881
11174882	1000055881
117246982	1000110623
251448412	1000004784
5969122	1000004441
14333974	1000001316
113975798	1000110623
96614512	1000105335
20817128	1000009724
14268765	1000130988
24074169	1000009724
316544654	1000001316
371466354	1000110623
273287754	1000110623
14206128	1000004784
14238569	1000004784
91469533	1000001316
243801649	1000047291
75945675	1000087848
23116037	1000001316
