284679104	1000096006
110445334	1000109727
81460357	1000148109
280325571	1000009405
80676984	1000109727
70587360	1000073020
119392401	1000005920
158100913	1000109727
340522525	1000148109
158061687	1000108122
91208190	1000148109
239868306	1000017267
22981132	1000148109
20190741	1000126240
89207310	1000109727
14522630	1000109727
241998938	1000017523
82144210	1000109727
35569205	1000109727
73068829	1000148109
174273365	1000148109
266008957	1000109727
32124771	1000009405
153996235	1000063440
21170263	1000133047
107868698	1000109727
36493532	1000148109
113470669	1000109727
57249095	1000119936
549089429	1000063440
436740472	1000121329
363221040	1000009405
20800581	1000120956
67506057	1000109727
69350553	1000109727
245494164	1000109727
182000140	1000109727
153590386	1000148109
384761809	1000034160
122064458	1000155427
208541451	1000005920
18077699	1000148109
248829404	1000074298
14951992	1000028941
234356169	1000145387
118682862	1000048478
259521523	1000145387
80560491	1000109727
9245812	1000109727
33178483	1000106521
272822851	1000017267
53096146	1000148109
47968639	1000109727
73138704	1000156923
19441684	1000068053
384163459	1000086721
26799554	1000148109
204781394	1000074298
277570942	1000103769
55762835	1000065684
251633354	1000109727
17624624	1000148109
198675113	1000107240
22682436	1000147441
63894959	1000109727
16116995	1000042691
52319883	1000063440
328586266	1000096006
17868918	1000063331
18714842	1000109727
17109272	1000070883
148733376	1000152853
311823731	1000048478
119320258	1000109727
403101513	1000005920
23924532	1000109727
475210759	1000103769
19079396	1000109727
35236404	1000136725
214895944	1000145387
19549441	1000005920
143232050	1000107240
342004537	1000017523
1994321	1000142370
21355321	1000152802
324654812	1000148109
10224132	1000100938
295860868	1000103769
441788343	1000145387
20540661	1000109727
18392144	1000084540
19156228	1000148109
183511926	1000005920
204441039	1000055853
38070776	1000107240
255095605	1000063440
31561770	1000055196
16588288	1000109727
59885383	1000133047
129880152	1000133047
51986683	1000063440
262142427	1000109057
264146256	1000068053
11348282	1000055853
277431423	1000109727
15796976	1000109057
30065033	1000017910
138003731	1000034931
36637698	1000103769
36593783	1000109727
54713657	1000148109
166739762	1000048478
216531294	1000108070
16083576	1000109727
20543890	1000017523
18359352	1000122024
242555999	1000109727
53023864	1000082744
18510860	1000109727
388669062	1000148109
171276528	1000108070
112569735	1000109727
199188250	1000145387
106816456	1000109727
58451369	1000152853
17317028	1000103769
14465084	1000062344
30763467	1000148109
36047098	1000109727
57518312	1000107240
21040811	1000148109
155259339	1000148109
18957524	1000065827
16864224	1000147804
322885672	1000056162
378237139	1000155141
72955085	1000077217
2557521	1000148109
36480504	1000109727
199188250	1000124293
500536289	1000107240
92283370	1000109727
73975665	1000109727
339336382	1000055196
16739174	1000148109
52284349	1000063440
26053643	1000013421
249677516	1000109727
74267236	1000063440
289961730	1000148109
22200888	1000041690
27907984	1000084540
14664346	1000079093
25774777	1000109727
188122648	1000011467
23095870	1000103769
24577573	1000119936
380310537	1000045661
531699236	1000144623
1910771	1000156923
18132494	1000109727
53044773	1000154352
14283326	1000144264
176379217	1000009275
19589717	1000103769
29653845	1000086391
102894573	1000103769
346208047	1000009405
226598682	1000005920
172634213	1000145387
428333	1000109727
15091379	1000144563
23325557	1000068053
48293035	1000109727
14622694	1000072905
14824990	1000115102
203931062	1000063440
13130412	1000075083
60571908	1000076450
21534164	1000156807
117429053	1000109727
84692450	1000144563
24027730	1000148109
40352809	1000106186
31693	1000026475
363681923	1000075061
165842017	1000068053
21416276	1000106521
172397400	1000074298
369318938	1000120956
130262989	1000055329
17427526	1000109727
18460854	1000028941
91648430	1000058836
113470669	1000103769
17901282	1000040829
48428535	1000009405
108359568	1000097042
393000195	1000155141
23104302	1000103769
30024710	1000109727
56610211	1000065827
50965086	1000109727
59297690	1000119936
15416739	1000109727
423820852	1000120922
52012019	1000063440
481439919	1000013543
19347576	1000096194
45399148	1000031210
389089976	1000145387
17837652	1000074298
262275490	1000109727
48100887	1000086721
546782778	1000086721
78806632	1000107240
19419870	1000109727
15224867	1000109727
11818	1000081329
16364983	1000057286
233180256	1000103769
252791673	1000148109
33617320	1000055196
478869089	1000072842
16016427	1000109727
232535915	1000063440
259065905	1000048478
28366439	1000109727
14475021	1000031747
35946769	1000109727
16387569	1000009405
41699068	1000086721
46279037	1000062395
24879395	1000029723
34222931	1000059966
3332291	1000094251
23082830	1000061866
8263132	1000108183
106058799	1000127297
19637144	1000013543
231744293	1000109727
70416263	1000109727
364566412	1000075061
248411093	1000056901
23284913	1000094127
190111044	1000148109
126013958	1000133047
23563495	1000113323
39479178	1000035595
193197707	1000109727
346018154	1000148109
499029727	1000107240
37853481	1000148109
24431892	1000109727
57791589	1000108183
1994321	1000103769
378938407	1000109727
17200287	1000127132
205503380	1000068053
139461447	1000035237
14521981	1000010619
473376477	1000031619
822110	1000151617
184659882	1000068053
18849313	1000117332
84155547	1000152853
232349888	1000040867
272496022	1000145387
20461916	1000156678
17348735	1000109727
559132244	1000148109
138787319	1000109727
441951136	1000148109
125656811	1000103769
39097715	1000035456
272275628	1000148109
243291022	1000109727
27860702	1000103769
59265046	1000147804
272170644	1000107240
17979340	1000109727
87951215	1000109727
260438170	1000132968
33264155	1000109727
21645304	1000109727
106637102	1000120956
409584473	1000155141
62979208	1000031477
6218162	1000070883
126952730	1000000141
369232105	1000031210
16666502	1000109727
307259829	1000109727
245278493	1000068053
305784506	1000009405
144591317	1000135926
53439641	1000109727
17641412	1000152230
17048233	1000055196
142877809	1000137852
128989152	1000108621
34115297	1000144264
58427526	1000145387
48806882	1000155427
246209510	1000107240
7920672	1000152802
233094065	1000133047
163981466	1000013421
94623001	1000133047
14997835	1000072905
255657736	1000148109
21436960	1000034160
17469492	1000109727
22127274	1000109727
43223610	1000150968
208469691	1000109727
18080969	1000108969
15532569	1000103769
22055226	1000109727
22340349	1000103769
150810740	1000040829
24783572	1000148109
65748085	1000148109
71515163	1000109727
106496565	1000109727
211848704	1000103769
278073591	1000148109
14856951	1000103769
27939337	1000109727
430486680	1000145387
48988063	1000068053
467966761	1000076698
67818595	1000148109
133133507	1000148109
33689587	1000105689
87358185	1000033062
16274337	1000109727
49492585	1000109727
14446902	1000151617
312173015	1000048478
266008957	1000103769
15292252	1000109727
35056759	1000109727
130933196	1000055853
17004618	1000103769
19612870	1000147804
61312712	1000148109
110315478	1000107240
27840161	1000062395
19199157	1000055282
74427281	1000017523
14159087	1000144264
212320989	1000109727
267350635	1000055853
68935638	1000000951
224284396	1000010242
9213832	1000109057
62410079	1000010619
22645010	1000109727
56081005	1000103769
30349948	1000079000
204690606	1000065684
308330077	1000107240
41651800	1000148109
5525	1000026475
290216175	1000087086
64643056	1000109727
69639019	1000144264
229370656	1000017523
15169907	1000086721
93659369	1000022027
87305010	1000109727
95161315	1000005920
171528238	1000148109
267789756	1000109727
163381338	1000065684
14361155	1000103769
105220344	1000109727
385655413	1000005920
163257434	1000009405
15576272	1000013421
1225461	1000075083
12229172	1000109727
27291235	1000086391
202186639	1000063440
18497606	1000018519
284098324	1000068053
89032548	1000031619
210648778	1000138336
30001178	1000086721
337087163	1000017523
78558366	1000109727
196168350	1000109727
12095912	1000109727
69329527	1000109727
333966373	1000156678
368699637	1000037637
190286462	1000128660
14460241	1000103769
27884654	1000133047
48335027	1000109727
35586563	1000148109
31232539	1000148109
1979391	1000063393
551500452	1000120728
20348431	1000122192
14388022	1000148109
183675164	1000148109
166990746	1000109727
473504413	1000148109
17278579	1000109727
16723633	1000109727
31545838	1000037242
14353202	1000103769
205915163	1000013421
39133880	1000076450
48117116	1000109727
75749026	1000005920
104268834	1000057286
376960659	1000109727
138239352	1000148109
159229382	1000107240
15780750	1000152853
18486038	1000109727
110536872	1000103769
436829918	1000109727
247033019	1000109727
86029229	1000109727
221892875	1000081329
219642104	1000010242
243333479	1000021671
36683668	1000109727
403600036	1000122535
10101462	1000147804
204386512	1000109727
96354656	1000103769
27633075	1000065684
40988818	1000055329
495557857	1000063440
82282572	1000103769
114280167	1000133047
183367295	1000086721
193033119	1000107240
37564255	1000109727
155954125	1000109727
156876473	1000148109
25210144	1000055282
19164186	1000133047
250447400	1000107240
14159148	1000103769
36789856	1000103769
147591839	1000109727
52326555	1000119936
93437557	1000040867
425153490	1000116373
141664648	1000148109
51263592	1000148109
21158690	1000076698
28459102	1000156502
163910493	1000109727
41284429	1000009405
237401538	1000063440
77445267	1000109727
485173961	1000148109
108882147	1000109727
529658284	1000148109
295465484	1000155141
61162525	1000109727
7837182	1000094251
216030263	1000055196
114359122	1000156923
28870086	1000148109
267311982	1000048478
1593581	1000005920
55866884	1000109727
208237070	1000048478
75296425	1000068053
58439079	1000029668
4258591	1000100398
21964694	1000109727
113532278	1000137409
111691454	1000103769
84466455	1000148109
21828103	1000148109
88456842	1000021671
19785801	1000148109
212366734	1000107240
385684663	1000098309
157504724	1000011467
283747772	1000145387
17658786	1000109727
467916589	1000144255
59521437	1000148109
259403099	1000109727
24989174	1000106186
15030908	1000100938
43318595	1000010619
257099046	1000156923
20223635	1000103769
381815268	1000148109
17977714	1000155427
129941015	1000147804
19138916	1000106437
79884610	1000023833
164222343	1000109727
33509142	1000103769
112829129	1000057286
24997470	1000145207
295861838	1000035595
26954466	1000074298
176736129	1000121329
58479193	1000013864
6425412	1000075083
162414477	1000146307
259849221	1000148109
9527392	1000013864
165259056	1000055282
227837742	1000109727
445771146	1000100722
271463916	1000005920
79839110	1000107240
28785486	1000109727
24830236	1000062344
108738277	1000109727
217839981	1000096006
33035872	1000144255
36998859	1000075083
17994536	1000144563
15392053	1000109727
22592364	1000075901
19688275	1000144563
271324176	1000022924
14457120	1000156807
14076231	1000103769
388006347	1000146307
25875012	1000086061
15728161	1000109727
15460081	1000009405
250900294	1000012164
16292864	1000033062
140741639	1000063440
14708814	1000109727
214216144	1000148109
64403845	1000109727
22138356	1000109727
341949259	1000107240
15130614	1000040219
43318621	1000109727
15421558	1000015164
243058696	1000076698
19399719	1000043605
82526796	1000099181
79056710	1000089129
255780224	1000063440
489264841	1000096006
92123276	1000107240
18805644	1000109727
21094279	1000057286
15485844	1000109727
80611468	1000148109
18318018	1000031477
18028703	1000109727
15153	1000081329
191301892	1000074298
88956373	1000109727
23148232	1000148109
182022503	1000074298
124806773	1000063440
40981798	1000075061
206713609	1000061866
197262168	1000074298
103645701	1000148109
18019121	1000109727
191322855	1000148109
6601622	1000124854
168152689	1000126219
336163417	1000147696
13783982	1000103769
63538252	1000148109
26151657	1000003211
19639085	1000133047
108883543	1000113323
68161024	1000121329
17025041	1000026475
268159301	1000109727
26444473	1000148109
29514951	1000107240
120176950	1000109727
282825005	1000096006
7144882	1000109727
173338730	1000148109
249118404	1000065684
15486950	1000040219
15879629	1000069142
1372501	1000055196
38077338	1000056162
17797990	1000103769
43415738	1000107240
22035674	1000147804
85396297	1000109727
190164931	1000038736
9624742	1000109727
19503627	1000100722
248807431	1000107240
127211957	1000005920
15533823	1000119936
114083175	1000010619
127565435	1000040867
20356401	1000023833
242366566	1000103769
143568410	1000109727
79366215	1000109727
15309804	1000055853
28587919	1000109727
189253902	1000116373
112590661	1000022639
85961526	1000148109
13261222	1000148109
48029066	1000109727
16569881	1000005920
18212352	1000109727
19509627	1000100398
17723510	1000048478
361560139	1000133047
18998819	1000132968
249409411	1000109727
523667233	1000148109
92769735	1000109727
374645472	1000156923
37267983	1000109727
21095858	1000103769
86708228	1000010619
16220831	1000148109
209663585	1000035595
194392460	1000063440
16509622	1000065513
375407064	1000018519
18599061	1000144264
1241441	1000145207
15391142	1000013421
214620546	1000109727
19982260	1000109727
138787319	1000103769
74067103	1000148109
62215356	1000147804
15645098	1000055282
44641669	1000109727
57100687	1000148109
17466108	1000073020
22645010	1000103769
17568791	1000109727
25448938	1000065684
458855496	1000000141
69623723	1000067731
340441440	1000109727
48903480	1000109727
137502255	1000109727
214417849	1000005920
45569108	1000063440
264288834	1000048478
266288591	1000148109
107116098	1000133047
39312916	1000155427
108352527	1000109727
20594903	1000056901
169394390	1000109727
30313925	1000031210
34163	1000081329
18646108	1000109727
24479150	1000040867
33235771	1000103769
114455798	1000103769
27934142	1000013421
18818789	1000109727
14883401	1000109727
219510915	1000063440
180014279	1000013421
87016990	1000086721
167506363	1000121329
214684567	1000009405
97439893	1000103769
51211899	1000122192
23664866	1000109727
39967462	1000148109
21668309	1000109727
8215402	1000108142
22222549	1000043547
15781032	1000075083
86241188	1000057286
20642310	1000055853
13	1000077589
337742544	1000031210
146730431	1000063440
159523955	1000103769
22705686	1000107240
19083676	1000109727
388652481	1000105689
17596468	1000023833
16688083	1000077217
20923839	1000109727
37201612	1000009405
30067519	1000109727
298385420	1000155141
13482222	1000109727
371983808	1000151617
36511031	1000109727
78788693	1000048478
318028501	1000148109
531074501	1000107240
16489432	1000115102
447577827	1000148109
18306002	1000109727
295175946	1000063440
433873546	1000148109
114971521	1000148109
399210821	1000140339
89604563	1000109727
259410199	1000003211
135818099	1000100722
20445908	1000144264
16020435	1000055853
83506209	1000009405
24604037	1000122192
35169299	1000103769
14133376	1000109727
256019065	1000068053
14831118	1000005920
17937457	1000057286
25419402	1000076450
78988662	1000109727
235513913	1000145387
97722678	1000133047
357647590	1000076938
36843988	1000108969
7867072	1000147804
15972765	1000109727
158874150	1000107240
22516489	1000028941
304183321	1000079093
15396961	1000017910
34373883	1000070883
16356796	1000151617
153282838	1000009405
106198153	1000096194
554774822	1000108142
759251	1000109727
125462718	1000109727
233687955	1000087086
314738543	1000073020
20039889	1000103769
14270527	1000023833
538235962	1000031619
202680748	1000042833
16630062	1000109727
37186916	1000148109
349224684	1000109727
16135783	1000109727
83952542	1000147804
16789978	1000103769
143192171	1000109727
222689902	1000148109
113420831	1000031210
414334713	1000022027
13901302	1000075083
27856874	1000148109
80302411	1000045376
217511904	1000148109
33654443	1000063440
46426761	1000055282
14584466	1000077329
128291307	1000156923
243051640	1000074298
39922782	1000109727
86626136	1000109727
9890492	1000147804
169501248	1000017523
115597898	1000148109
140795939	1000135926
84818454	1000145387
350250040	1000096006
17872613	1000069142
93516421	1000109727
15947348	1000144264
214291743	1000155141
260180382	1000147804
16601823	1000017910
234141596	1000109727
47165507	1000144264
19260349	1000069142
128087229	1000107240
205609317	1000152933
249252048	1000084540
19605981	1000109727
41967463	1000092864
25575509	1000148109
169495645	1000109727
500016751	1000108142
173178313	1000127132
482591312	1000145387
63077212	1000068053
63051791	1000068053
380871196	1000005920
37722843	1000109727
44257374	1000156923
425310960	1000103769
238197721	1000109727
15832861	1000074298
42841010	1000145387
232684632	1000107240
338894455	1000063440
188591875	1000109727
21409342	1000063440
238345831	1000103033
787864	1000108142
19663483	1000107447
19517661	1000107447
475210759	1000109727
154070583	1000063440
19662823	1000148109
27076650	1000013864
120020655	1000145387
165786567	1000133047
25112405	1000109727
140231116	1000040867
268525879	1000107240
42869411	1000055853
277284626	1000107240
131144091	1000031210
351556508	1000063440
78054205	1000065513
204789381	1000063440
265103284	1000097608
285287229	1000096006
262454289	1000076450
198317541	1000074298
198662882	1000148109
2869531	1000042691
190251946	1000108122
12384312	1000075083
19206177	1000035237
283515568	1000107240
97785626	1000109727
324867634	1000034931
104203516	1000009405
282345114	1000109727
139162440	1000113873
404969951	1000105689
81055599	1000109727
7098702	1000122192
44144385	1000148109
72515134	1000142370
300085310	1000009405
742143	1000109727
182360370	1000103769
1994321	1000109727
292282676	1000017523
431863636	1000109727
21112249	1000148109
25053716	1000156678
64482186	1000100722
345533279	1000147441
18975375	1000156678
130355379	1000135926
169203819	1000109727
253180641	1000148109
12771872	1000100398
258311318	1000035595
128017516	1000038736
31583155	1000086721
208469691	1000103769
326902165	1000009405
33263183	1000075061
91830343	1000055282
100318079	1000000141
8487622	1000109727
291481300	1000109727
171422127	1000009405
15534344	1000109727
23112236	1000109727
30107977	1000077660
15662569	1000156807
171389460	1000109727
118825977	1000067731
46991350	1000109727
186540310	1000103769
232430517	1000144264
54325840	1000107240
304814889	1000040219
60019558	1000077329
87812442	1000006726
473390102	1000148109
19614067	1000022639
13598262	1000136725
18435438	1000109727
36735522	1000046368
120943272	1000013421
68943942	1000100722
83943787	1000126219
26257166	1000148109
25995230	1000029668
335641572	1000148109
147255219	1000148109
239466198	1000103769
261447035	1000065684
43917431	1000148109
64991518	1000068053
9431932	1000107240
546128934	1000109727
11794902	1000144264
26083291	1000155427
315868674	1000005920
106246985	1000021671
209075830	1000076938
17411748	1000154594
18983600	1000109727
14680747	1000119936
8548612	1000109727
14605192	1000109727
15690382	1000109727
9604032	1000105689
74386762	1000109727
154708725	1000137409
15939644	1000109727
26221897	1000009405
92081729	1000097042
19589717	1000109727
202538730	1000107240
459126040	1000063440
316832383	1000109727
465109417	1000109727
24996939	1000027560
14101232	1000109727
114883380	1000043547
130666109	1000004809
280817624	1000076698
531775806	1000068053
17973950	1000148109
263527613	1000145387
15327996	1000031210
465052612	1000068053
171681366	1000074298
22184329	1000070883
482124474	1000107240
69281027	1000109727
121982986	1000048478
96770819	1000017523
168759944	1000074298
33595881	1000013864
16198059	1000148109
23258097	1000109727
48748604	1000148109
16929282	1000035456
89396896	1000009405
34953095	1000013864
1984701	1000097608
141255819	1000096006
304583650	1000000951
132354608	1000105689
68441962	1000013421
108882147	1000103769
168688901	1000107240
16371289	1000148109
152741998	1000074298
211636366	1000107240
342279877	1000148109
30835585	1000103769
321644371	1000009405
21172133	1000148109
36191823	1000070883
161791703	1000109727
1133701	1000151617
175767720	1000156923
346296358	1000107240
12331382	1000046368
14618160	1000109727
34242979	1000017523
20400704	1000109727
17758502	1000029723
23220667	1000148109
159065451	1000109727
378494343	1000009405
235689668	1000068053
228747444	1000109727
31540671	1000109727
31388042	1000013864
8308622	1000017910
129879105	1000109727
498443549	1000009405
278153776	1000005920
291160729	1000048478
6633692	1000040219
48888718	1000155141
8775672	1000109727
168498034	1000109727
20823648	1000109727
85114893	1000059966
490607306	1000061866
83932449	1000045376
20303544	1000017523
202114894	1000065684
106073153	1000154741
18983793	1000109727
39511166	1000076938
230002714	1000063331
73484876	1000079000
6745232	1000152802
85916495	1000058836
12203692	1000109727
15026162	1000119936
111456333	1000109727
69480815	1000109727
14487085	1000100398
67041381	1000052285
14858363	1000155427
503197850	1000068053
14569869	1000109727
14615462	1000046368
23250947	1000037242
15647676	1000013543
56952600	1000063440
5841	1000027519
311878268	1000040867
15220768	1000109727
79503498	1000108868
193185958	1000061866
15222083	1000023833
21396104	1000013864
16051808	1000109727
52498113	1000086130
81575608	1000109727
18248889	1000004809
270071138	1000103033
17491316	1000074298
14602140	1000109727
289042697	1000068053
342594918	1000145387
300321196	1000140339
6929302	1000103769
369246180	1000031210
64954756	1000103769
15224941	1000109727
21134190	1000148109
14936142	1000109727
253180641	1000009405
36711022	1000109727
15331825	1000152802
84972030	1000148109
15012215	1000152802
128594349	1000109727
35701370	1000107240
15921060	1000109727
24362769	1000109727
55034153	1000155116
199172278	1000120956
98919641	1000048478
432626681	1000148109
207752295	1000148109
74230564	1000009405
7140572	1000042833
2884771	1000109727
15070932	1000120922
1199081	1000027519
20660609	1000028941
242222569	1000137852
13390772	1000109727
130578916	1000109727
174819367	1000074298
448189083	1000072842
363732476	1000043547
18000189	1000151617
165188968	1000148109
389274435	1000140339
172343327	1000040867
66147489	1000068053
31308620	1000148109
388952222	1000013864
357316789	1000148109
14629921	1000026475
22472008	1000156502
14584903	1000109727
266464616	1000034160
87873439	1000092864
41213511	1000109727
77226369	1000133047
19002473	1000151617
34005961	1000120956
21623531	1000109727
88788576	1000005920
14848513	1000055853
204504131	1000000951
284690191	1000130852
36059467	1000017523
16028469	1000151617
185808991	1000148109
448546543	1000145387
23816230	1000068053
116871576	1000109727
17063756	1000109727
300787407	1000145387
14553055	1000075083
398005717	1000017523
25739734	1000109934
15876654	1000144264
15895373	1000154594
80395491	1000109727
317363815	1000005920
118973954	1000087086
19981036	1000109727
18531417	1000057810
167992638	1000082744
19364873	1000042833
91046596	1000109727
110994277	1000065684
18818789	1000144563
43937306	1000055196
311251375	1000154741
21549924	1000107240
17001435	1000109727
23839835	1000109727
54300251	1000055853
174145542	1000109727
428333	1000103769
58743813	1000109727
44309594	1000109727
39633103	1000037167
14856951	1000109727
469226535	1000031619
231687530	1000145387
233180256	1000109727
175590261	1000040867
15658980	1000109727
55468579	1000109727
35846393	1000052687
184637153	1000107240
24627889	1000148109
149214014	1000094127
28590240	1000109727
459642583	1000103033
268035072	1000109057
23951197	1000109727
54325840	1000148109
55868276	1000147804
15410034	1000010619
282345114	1000015164
38824382	1000109057
101013718	1000075083
236749048	1000145387
25568862	1000099181
248928215	1000109727
72814599	1000103769
221438328	1000063440
291	1000077589
246430577	1000004809
9907172	1000109727
44552607	1000032927
262808523	1000019710
515877755	1000120922
330369516	1000109727
16172991	1000109727
236308488	1000034160
181449033	1000009405
497090877	1000055329
33933259	1000103769
29328167	1000109727
57727375	1000109727
43290518	1000109727
255620386	1000148109
60125871	1000023833
33960929	1000109727
24417952	1000152802
146692539	1000148109
16305227	1000019710
71775746	1000133163
345475302	1000022924
54384394	1000106186
19664397	1000103769
34004449	1000117332
18168629	1000055853
82451567	1000156923
390658067	1000109727
119714092	1000109727
17199995	1000037167
17316885	1000109727
14368074	1000075083
22903583	1000152802
44853863	1000148109
54966644	1000100722
16797616	1000109727
32460344	1000045661
51509917	1000105689
137779150	1000063440
294244237	1000032927
118360338	1000059966
34101571	1000144264
113467748	1000109727
19027116	1000148109
39375864	1000148109
85867670	1000109727
64954756	1000109727
74411076	1000147804
49885043	1000003211
113778154	1000109727
42883800	1000133163
59455021	1000063440
25535699	1000148109
441246432	1000108621
783374	1000031747
316994994	1000103769
38400067	1000109727
73050516	1000109727
251365157	1000109727
29006114	1000070883
14203895	1000037637
56767953	1000109727
8775692	1000019710
501846451	1000116373
100331389	1000082744
25583846	1000069142
130334231	1000148109
39479178	1000009405
41533816	1000109727
19119192	1000023833
33633631	1000148109
11996222	1000055853
84208385	1000148109
245490751	1000009405
344284402	1000148109
77081679	1000148109
15184513	1000148109
12095912	1000075083
280028950	1000074298
18278524	1000090435
17076888	1000009275
338086798	1000148109
38508404	1000144264
46409572	1000133047
486486187	1000063440
19138916	1000070883
443178876	1000108142
169937713	1000098309
540209407	1000147804
56860418	1000055329
812126	1000130897
111246248	1000101331
79563865	1000152933
238197721	1000103769
48148030	1000109727
88891580	1000009405
20194941	1000109727
3103261	1000109727
284738193	1000068053
21409208	1000063440
10449602	1000109727
392197972	1000005920
433878558	1000107240
16789978	1000152853
16050347	1000119936
18264936	1000005920
85634195	1000031477
17422867	1000035237
380847759	1000024708
394440595	1000045376
10318712	1000109727
180503626	1000148109
372499406	1000024708
21783409	1000130852
360149797	1000148109
51211899	1000147696
188636729	1000147441
19921113	1000109727
14366992	1000124854
360169494	1000077660
172397253	1000105689
22715267	1000107240
127512810	1000152853
20296015	1000115102
32309662	1000103769
24180922	1000075083
58714972	1000117332
23700532	1000151617
49053258	1000108868
21905301	1000109727
19674502	1000103769
21981231	1000009405
16476334	1000148109
553946273	1000012164
2735631	1000019710
390658067	1000103769
280188900	1000144255
141848611	1000134044
18217117	1000106437
48849410	1000013421
42128596	1000009405
56660537	1000017523
19553306	1000109727
23807048	1000076450
20268553	1000057286
35727265	1000109727
15361570	1000109727
19233593	1000144264
46957051	1000109727
17688601	1000017910
17142944	1000109727
51999405	1000063440
41509142	1000148109
73273051	1000075901
192537546	1000144264
264580502	1000145387
16438248	1000109727
178978113	1000109727
50004938	1000148109
107348568	1000133047
19697415	1000109727
182799212	1000109727
10865992	1000100722
105918185	1000045376
280387534	1000068053
371087884	1000107240
23946671	1000109727
21024997	1000109727
134138907	1000109727
221521761	1000009405
123635567	1000109727
97350244	1000148109
18714842	1000103769
14751055	1000109727
6754532	1000130897
191613738	1000109727
30274144	1000148109
90609610	1000005920
52775514	1000109727
186227073	1000074298
15774621	1000019710
318282308	1000057810
146449017	1000109727
24128501	1000145387
13753642	1000142370
113719681	1000055196
133849674	1000136725
211547273	1000055853
380003331	1000148109
109957560	1000068053
23148563	1000006726
69238380	1000109727
26915855	1000052687
18382692	1000076698
28645754	1000133047
66862939	1000148109
14173084	1000109727
126530399	1000134044
26083271	1000109727
44610712	1000109727
32117870	1000148109
18940999	1000052285
382129509	1000109727
408774041	1000043547
239607230	1000148109
61442211	1000109727
18149078	1000065684
43065900	1000100722
47665691	1000109727
219361592	1000068053
45200705	1000103033
270507573	1000108070
532274904	1000005920
280874522	1000061866
205915163	1000009405
39800030	1000109727
28152330	1000109727
20447194	1000022027
97746729	1000109727
184907407	1000126240
344855986	1000009405
299820130	1000057286
68845466	1000108868
96921347	1000147804
15050354	1000109727
19382657	1000063393
60577255	1000133163
36074927	1000109727
323194383	1000063440
22996614	1000151617
37211517	1000017523
40263524	1000136208
25101996	1000109727
28283490	1000148109
17303789	1000090435
146681733	1000086130
368205353	1000063440
13862172	1000109727
36457353	1000073020
299776583	1000023833
31278370	1000151617
4959351	1000042833
187744415	1000148109
498961017	1000148109
19553409	1000109727
537841939	1000103769
82649553	1000109727
18558612	1000148109
14437914	1000109727
15387262	1000026475
15370553	1000055196
259482703	1000107240
29414439	1000100722
410583454	1000065684
26950804	1000109727
17432702	1000055853
36670025	1000103769
21066199	1000155116
820025	1000144264
300103199	1000148109
61367153	1000040219
296407169	1000109727
175633082	1000107240
16733863	1000010619
214246889	1000127297
18581017	1000144264
27833479	1000034160
29537723	1000107240
125159561	1000005920
48731639	1000005920
130355379	1000063440
159002621	1000109727
394563666	1000063440
48176112	1000087086
169825544	1000010619
159971257	1000128660
348429830	1000081329
19976980	1000148109
18764115	1000148109
353586302	1000010619
9083302	1000100398
739223	1000150968
2456481	1000005920
206004138	1000065684
263884490	1000108070
39494887	1000109727
259392555	1000027560
66398898	1000105689
59865242	1000109727
373474774	1000000141
15052194	1000152230
106044009	1000121329
559072078	1000145387
41213511	1000103769
288932529	1000063440
24594152	1000117332
18088309	1000122024
189178986	1000148109
97261425	1000109727
470355877	1000061866
305540497	1000031619
399793617	1000109727
54525230	1000017523
23256633	1000109727
25551246	1000009405
82726142	1000009405
117800618	1000103769
41584175	1000000590
66368750	1000140339
113859309	1000154352
50679126	1000101331
38630618	1000103769
24876734	1000148109
16012783	1000109727
60625438	1000156923
26453558	1000087086
351650641	1000122535
107867162	1000148109
189158296	1000074298
14529929	1000103769
32323398	1000074298
15666138	1000148109
68172913	1000055853
47282396	1000109934
135385447	1000043547
243762766	1000074298
420424397	1000031619
220056653	1000010242
14411907	1000017910
231975020	1000138336
43412421	1000013864
64390726	1000105689
27145088	1000109727
164998160	1000063440
177303364	1000107240
16334824	1000119936
44737104	1000068053
47348884	1000109727
132195390	1000103769
64605345	1000022639
23220667	1000013421
25084978	1000148109
20970305	1000107240
37397428	1000103769
157185565	1000109727
60119583	1000043547
265021248	1000107240
78231411	1000109727
18992997	1000109727
96354656	1000109727
95052901	1000068053
14996376	1000109727
166663563	1000148109
101841500	1000075901
55405543	1000148109
196844918	1000120728
86029229	1000103769
6801772	1000147804
34712510	1000148109
364215899	1000107240
183523349	1000155116
18388923	1000109727
171649753	1000107240
30544925	1000120956
335860992	1000109727
928961	1000152802
149995716	1000144264
118827342	1000136208
27751751	1000144623
120952684	1000009405
23946231	1000000590
22025634	1000109727
35521564	1000148109
16673982	1000109727
31779156	1000109727
20703666	1000073020
18327788	1000103769
15378805	1000075083
8759332	1000009405
104169476	1000144264
20263994	1000155427
20175678	1000100722
71254586	1000144264
24190981	1000043605
19738801	1000109727
7004382	1000031210
309846435	1000048478
43761789	1000086061
192969516	1000144264
18701779	1000109727
44783853	1000031210
118970380	1000148109
18324678	1000148109
18135029	1000148109
306096433	1000068053
67232748	1000109727
1440641	1000035456
36664514	1000109727
237524519	1000082744
54403183	1000037242
24511456	1000109727
123937751	1000109727
16995354	1000017523
18057537	1000109727
162385517	1000124293
14192900	1000105689
261175763	1000124293
16493349	1000082744
20262965	1000068053
71023061	1000148109
28129848	1000151617
15628682	1000023833
225900302	1000068053
261070080	1000137409
86638839	1000103033
280162221	1000144255
17564647	1000089129
176374846	1000103769
9973842	1000041690
243458307	1000096006
523820651	1000009405
204317520	1000065684
41349418	1000113873
46959678	1000109727
23112565	1000133047
71354375	1000013543
108508328	1000109727
