14062332	1000137018
69724763	1000102384
40302738	1000053914
19189968	1000067800
151554815	1000092932
39462935	1000035027
270231980	1000033535
167632659	1000082668
170002596	1000073061
136426049	1000004339
290309885	1000033535
124342341	1000141394
79011908	1000152485
106633019	1000126257
98519324	1000157114
161476795	1000116989
52559331	1000100742
77315890	1000080223
27512794	1000116989
19772426	1000157114
24264939	1000048122
23095870	1000007028
14400748	1000102384
233619562	1000082668
16571907	1000061538
533426485	1000073061
371860720	1000082668
65987807	1000116265
5445442	1000157114
111966597	1000024446
42253637	1000082105
234914530	1000082668
20946695	1000086607
43196716	1000113921
339155639	1000129720
23713376	1000140931
177352756	1000082668
208086253	1000141394
28472888	1000155119
516992269	1000102384
765	1000094355
259210197	1000152485
239454404	1000082668
24278682	1000013991
153149305	1000131442
238254959	1000082668
8525402	1000061811
469792023	1000082668
44739507	1000107185
74846319	1000033423
344514524	1000081912
30855079	1000140931
34767211	1000102384
19576151	1000147736
225911067	1000131442
206570317	1000129720
64824726	1000157114
99121784	1000116676
309064372	1000082668
16152151	1000063424
14075195	1000014943
361688159	1000082668
195855944	1000156970
76328462	1000102384
222090651	1000048580
210839744	1000020159
242451319	1000065538
22076702	1000131442
80413664	1000152485
314797752	1000141394
19190218	1000067800
218138829	1000082668
11980942	1000050526
14089458	1000061538
14347790	1000061811
126412041	1000123537
163386854	1000018348
246616895	1000102705
17172474	1000102384
59166951	1000131442
18961181	1000014943
14766130	1000035728
15577830	1000147736
159471069	1000143819
320412792	1000082668
112001635	1000102384
61853389	1000131442
244522571	1000102384
26364322	1000102384
24541192	1000157114
116888317	1000131147
22191432	1000116989
27488658	1000123069
862681	1000061811
194179246	1000014943
97740333	1000157114
429961586	1000080223
58607988	1000131442
95245164	1000123537
15955069	1000041164
3496641	1000061811
19344610	1000123069
28280650	1000082668
16012504	1000136127
21834510	1000061811
821958	1000137018
59585723	1000139485
14614567	1000061811
252634665	1000131442
510503908	1000152485
19414296	1000102384
40071926	1000095941
266529472	1000133228
486153508	1000061811
16662956	1000061811
3253671	1000066400
88491375	1000157114
190643482	1000081912
284902203	1000008608
224285242	1000131442
44524106	1000103242
80623140	1000131442
44551825	1000107839
78726136	1000157114
77592002	1000143819
317521904	1000100742
12038842	1000061811
123633178	1000116265
17418785	1000143819
16284647	1000131442
510503908	1000131442
18813482	1000016150
26870809	1000082668
15089988	1000056805
208697506	1000082668
15314430	1000147736
117226327	1000109125
13085462	1000061811
237566129	1000061538
223264020	1000132132
19148708	1000006605
94510858	1000141394
389577626	1000080223
17008726	1000140931
244843662	1000082668
90054448	1000065538
73820209	1000081912
28585818	1000041164
22721166	1000140931
14426892	1000024446
202003	1000061811
53882428	1000076608
535016795	1000102384
42972408	1000157114
312358396	1000096313
849131	1000061811
19203998	1000113464
16144132	1000062338
14240103	1000140116
22156181	1000140931
106814909	1000050526
24879395	1000029723
118899807	1000024446
134234059	1000131442
380196467	1000082668
313401329	1000094594
15779779	1000102384
185554363	1000100742
185433686	1000061538
460753374	1000082668
18992997	1000007028
461697741	1000131442
47173960	1000056805
31549256	1000081912
25226477	1000131442
14199979	1000041107
66369206	1000131442
87070315	1000034877
108467216	1000023920
33529138	1000102384
7745472	1000061811
8004452	1000093684
852251	1000094176
467610247	1000153261
371256668	1000051654
18210263	1000061811
322603418	1000048122
68762038	1000031112
30925493	1000014943
144304135	1000082668
138725262	1000093729
16619276	1000050526
287898939	1000102384
123417458	1000004339
11922692	1000140116
824157	1000012015
172779883	1000131442
134363864	1000140116
45684049	1000048107
22363892	1000157114
181845509	1000102384
5436192	1000102384
5645142	1000137018
16183380	1000102384
259074185	1000157114
1899161	1000012015
17139227	1000061811
13535762	1000061811
31407587	1000125237
61853583	1000125019
106419866	1000061811
16002470	1000117498
18148907	1000031112
16874875	1000144081
485125495	1000080223
73617403	1000103242
133361773	1000100742
269559495	1000143790
250793445	1000103219
115911638	1000131442
137373058	1000122930
215744480	1000157114
30313925	1000131442
308911400	1000116265
286002327	1000100742
122443061	1000124346
19181488	1000081145
63981024	1000082668
22246029	1000136083
315546494	1000016738
14411797	1000061811
25127315	1000116989
27091468	1000140931
314801629	1000141394
5669692	1000053419
18791048	1000116989
14261617	1000131442
121796208	1000016150
295663086	1000065538
229399494	1000126990
60995819	1000131442
17426542	1000102384
25793504	1000042988
281983763	1000100742
109702885	1000006605
22903583	1000044052
16296057	1000061811
161394179	1000011399
14424667	1000102384
197310509	1000148253
13055	1000061811
16712746	1000074582
42683651	1000100742
44614426	1000041732
355885978	1000082668
23954547	1000042988
57033388	1000131442
482419601	1000065600
13356642	1000102384
261973875	1000082668
298295124	1000082668
19002707	1000131442
227126986	1000082668
41945050	1000065600
92339418	1000059639
16296704	1000056805
109715718	1000065600
16131833	1000061811
137577423	1000102384
41304837	1000102705
21436960	1000148039
19689143	1000004339
89598113	1000124346
3088721	1000117498
135309374	1000131442
17912337	1000061538
16008212	1000024446
5938412	1000125283
420533304	1000133228
21314814	1000152485
37626336	1000048107
115224382	1000131778
127910823	1000131442
118784135	1000129720
22981318	1000131442
18893423	1000061811
35646585	1000061811
11001222	1000131442
47669187	1000157439
347412328	1000157114
1608991	1000143819
11361262	1000061811
535876284	1000094735
112296194	1000013206
6280302	1000102384
366410708	1000082668
462559272	1000102384
35831704	1000048122
16788263	1000104303
11539042	1000156278
150784625	1000136083
19089252	1000102384
42076539	1000102384
303003507	1000109609
20659225	1000102384
23705423	1000116989
30351331	1000102384
30680870	1000100742
19092024	1000061811
15460572	1000152485
272028877	1000131442
135045839	1000082668
382897912	1000048580
349578832	1000157114
24766630	1000102569
16193325	1000003195
39353946	1000082105
84972030	1000080223
390903946	1000061811
23481572	1000116989
1747331	1000125283
91653488	1000082668
19676802	1000050526
390272449	1000131442
24942585	1000157114
2324551	1000156278
281983763	1000157114
59521437	1000123537
36761621	1000046738
17001730	1000131442
321585328	1000065600
32278753	1000155119
16310290	1000062338
291265752	1000140777
14263368	1000004059
42979224	1000093729
46002379	1000102384
20437286	1000131442
169266212	1000082105
15367053	1000004059
34373549	1000131442
59005241	1000094735
13594872	1000061538
732073	1000061811
18888026	1000059639
368794023	1000082668
14779707	1000080223
196268820	1000082668
339352203	1000082668
443933651	1000044873
31779156	1000131442
21301913	1000106088
140697613	1000082668
49368656	1000073061
8335182	1000067800
94130664	1000033423
220880680	1000082668
72478920	1000065538
71020987	1000061811
14904652	1000140116
305899930	1000082668
15653423	1000100742
38353	1000137018
16703744	1000037652
1150571	1000126480
143659616	1000143790
638323	1000137018
6229562	1000081145
16275037	1000061811
301845820	1000082668
17803303	1000157114
110823581	1000131442
74393692	1000116989
19006707	1000046738
30973	1000009905
17790575	1000141394
286012612	1000100742
362264206	1000067800
40354813	1000129479
41213572	1000024496
419753021	1000082668
15860392	1000098976
10959642	1000094355
30907616	1000082105
116484400	1000140931
23006821	1000140116
17465779	1000093684
21452168	1000018510
83069345	1000116989
153131411	1000082668
125421183	1000140931
32350369	1000094911
47282396	1000044248
13560922	1000131442
85891683	1000104518
23179472	1000112098
30662150	1000116989
424024424	1000082668
471281387	1000102705
125680033	1000023920
101633415	1000102384
61542634	1000051654
26201690	1000142011
141958303	1000140931
205019662	1000044873
24045071	1000131442
14313712	1000061811
15790496	1000061538
258060232	1000082668
16352313	1000147736
34396691	1000140931
27307810	1000006970
170528152	1000148253
15600419	1000010506
266677130	1000082668
47283664	1000075725
10394522	1000004059
110517297	1000065600
14314746	1000063424
643613	1000061811
127263539	1000157114
243176620	1000024446
4080761	1000127877
213832879	1000157114
139593849	1000082668
135657588	1000082668
54468739	1000102384
190656638	1000144028
14572574	1000116676
214493403	1000156970
14428430	1000061811
230268499	1000141394
27383325	1000141394
458655133	1000061811
14889964	1000102384
66561957	1000006605
50835495	1000102569
135663008	1000082105
247941569	1000156970
237453831	1000082668
46252298	1000087836
401565764	1000116265
230282119	1000082668
62417275	1000131442
185397767	1000131442
366469082	1000082668
14366976	1000061811
166675204	1000157114
274318725	1000132132
16916355	1000034877
26800967	1000025988
28205928	1000127870
258961912	1000156541
11113	1000061811
234056092	1000143819
49465463	1000073672
16018937	1000013991
54092452	1000140931
248900032	1000048122
16734382	1000116989
35777372	1000131442
14275130	1000156278
26871774	1000102384
306445007	1000100742
60033	1000008067
45573874	1000131442
15913	1000102384
19630242	1000065600
18801923	1000036788
25824719	1000095941
16421419	1000144081
389574072	1000073672
210203767	1000082668
199378848	1000082668
116325497	1000116989
14983833	1000103242
25518914	1000112526
145057809	1000082668
116484400	1000116989
151741715	1000157114
36928168	1000143819
17599655	1000131442
178978113	1000046738
121258930	1000125019
421848829	1000157114
37301539	1000082668
250657675	1000082668
12251322	1000148114
54812973	1000044052
469563364	1000080223
13029	1000094176
67232748	1000046738
243298366	1000053914
17222440	1000024446
1628691	1000061811
18748831	1000067800
83533045	1000067800
33616906	1000087256
21575175	1000131442
15463226	1000102384
235216483	1000093729
209506790	1000082668
19780462	1000131442
110440522	1000056565
364022718	1000065538
218099509	1000082668
16336650	1000136025
45593345	1000157114
117177831	1000020159
93998005	1000106387
118485945	1000082105
46671605	1000113921
20814006	1000131442
51085851	1000100742
873411	1000061538
132233272	1000034877
35318644	1000082668
50965086	1000046738
95646665	1000140931
222230870	1000093684
325830217	1000131442
7082092	1000014943
31366138	1000018510
121258930	1000157114
15802378	1000080223
22012091	1000131442
58786921	1000125993
82577887	1000113464
379644023	1000099553
19597106	1000147736
18701960	1000067800
277742796	1000113921
23850800	1000103219
18301663	1000061811
16405372	1000131442
20392369	1000072125
78433570	1000142011
119843970	1000077795
10255262	1000148114
463999696	1000106420
34407494	1000082105
16472748	1000061811
76936279	1000131442
11784842	1000067800
331446805	1000141394
187410593	1000082668
123565032	1000152485
19186071	1000061811
294948034	1000082668
16729508	1000024446
29459903	1000011399
127359707	1000082668
15202239	1000093684
198224160	1000082105
16108210	1000102384
82711419	1000143678
228270980	1000033535
294190774	1000127870
1533411	1000041107
422114084	1000082668
44234944	1000157114
22109106	1000048122
266008957	1000007028
210829718	1000081912
197525583	1000082668
7004382	1000131442
270426671	1000082668
180532134	1000082668
279148521	1000014696
15329910	1000032784
286012612	1000157114
29338393	1000149074
259288589	1000035027
15241012	1000140116
16045642	1000106293
76745164	1000155596
216839046	1000082105
273716958	1000008608
73019162	1000103242
88456842	1000056805
301366849	1000082668
186533186	1000082668
69506097	1000125993
13229902	1000102384
306803641	1000157114
38794278	1000037774
134256114	1000067800
223030581	1000082668
286144744	1000131442
48648511	1000141394
1250991	1000035728
14185064	1000013991
14353392	1000116989
334482880	1000082668
59238436	1000131442
18647609	1000102384
372917532	1000130695
125043122	1000136083
141958303	1000116989
16265412	1000102384
211041953	1000082105
16079941	1000102384
197319848	1000122930
16214530	1000061811
336188151	1000152485
143680246	1000102384
49315012	1000006970
355110943	1000131442
14477974	1000082105
456287954	1000140931
46533328	1000042988
39098070	1000077610
17316885	1000059824
248748948	1000094594
14151096	1000140116
41758062	1000033535
328709099	1000082668
27941766	1000061811
18540585	1000025606
239095089	1000102705
396039799	1000131442
435457401	1000116265
136856560	1000082668
20371993	1000145889
15594313	1000131442
7256262	1000117498
96047932	1000011216
17203986	1000150188
48621884	1000157114
25318477	1000131442
22519473	1000081912
418315536	1000086786
28719244	1000157114
7847192	1000035027
166458688	1000157114
290104403	1000006605
324061899	1000157114
41967463	1000131442
74258922	1000082668
197272283	1000136025
253311453	1000125993
86336234	1000131442
16337119	1000004059
548631386	1000025988
29211471	1000007028
54981249	1000100742
18021496	1000131442
20117822	1000024446
5698342	1000061811
465761976	1000082668
17076095	1000102384
55562722	1000041732
10447872	1000061538
121258930	1000100742
140136223	1000131442
141328659	1000102384
15216958	1000127877
135361942	1000018348
17758502	1000029723
15319993	1000102384
183788526	1000037774
18983793	1000106088
130914103	1000061811
485924782	1000131442
197134784	1000073672
165391773	1000104303
73078007	1000010506
29725730	1000131442
14130628	1000056805
27787101	1000061811
125972132	1000077610
60608455	1000157114
25846006	1000044315
514550692	1000082668
8919982	1000067800
409486555	1000131442
87189905	1000109125
52968650	1000102384
55773559	1000024496
260806515	1000061538
450803379	1000082668
22704248	1000061811
212682266	1000082668
75093861	1000131442
220729949	1000025606
187341493	1000067800
232006900	1000109609
305646642	1000157114
26149716	1000048122
129093262	1000082668
55705393	1000157439
290879594	1000140777
9283312	1000061811
26071129	1000102384
125359195	1000116265
22156181	1000116989
139531245	1000044315
7296332	1000104518
106789371	1000110006
261387085	1000157114
226856282	1000080223
15653423	1000157114
385606113	1000042988
1749721	1000081145
25425295	1000061538
228002268	1000024496
338697047	1000082668
227011352	1000082668
65505759	1000147736
30694402	1000103242
146155608	1000157114
307651474	1000157114
143381041	1000131442
16102815	1000073672
36047098	1000035027
82963512	1000131442
234913691	1000082668
307908399	1000007990
17882881	1000125237
169738607	1000082105
9916402	1000112098
62922402	1000057842
242894622	1000131442
14864436	1000061538
16251865	1000044248
140142710	1000082668
313585708	1000082668
475134373	1000061811
117483450	1000126257
14703882	1000156278
179275489	1000130695
123565032	1000131442
384057286	1000096313
201802474	1000106088
282638842	1000157114
25553606	1000044248
18151212	1000102384
138892360	1000034940
234903540	1000131442
5672982	1000053419
20219292	1000102384
25126502	1000073672
24212723	1000016150
17797942	1000143678
163629705	1000157114
24969285	1000037652
78482616	1000004339
38668624	1000010506
475343951	1000082668
39514093	1000140931
132834166	1000103242
26546403	1000131442
18923866	1000080223
289604484	1000025606
310305819	1000102384
18091904	1000157439
15813531	1000116989
147847722	1000126257
12922082	1000061811
54898680	1000131442
40134392	1000060923
374019904	1000131442
18488495	1000102384
16358736	1000147736
23128967	1000032784
275219939	1000143819
54441257	1000075725
169394390	1000007028
174026151	1000082668
148204565	1000007990
16753853	1000141394
17791088	1000061538
14779707	1000102384
34898503	1000072064
370952365	1000157114
20603058	1000050526
255810948	1000140777
223581250	1000080223
41704107	1000140931
14160974	1000102384
13201312	1000007028
38364706	1000118403
33191389	1000041107
15257015	1000157114
470500538	1000100742
368023694	1000082668
19047002	1000102384
30835585	1000041732
44873497	1000131442
108562201	1000110006
15139049	1000139485
19195914	1000116989
33787979	1000157114
281639286	1000118403
24884793	1000152485
14652452	1000140116
16421419	1000066400
117177831	1000082668
241904894	1000082668
174248240	1000131442
177651946	1000102384
198876913	1000157114
116529568	1000131442
8346982	1000067800
20179668	1000059639
472533325	1000082668
18123064	1000091063
34939006	1000056565
256583483	1000123069
25127164	1000075725
93329426	1000042988
210195377	1000102384
8362412	1000061811
21035409	1000003195
278866735	1000157114
353370148	1000131442
16371223	1000147736
131976246	1000144081
24244836	1000148039
53685618	1000157114
30544925	1000065600
18445879	1000102384
241069405	1000100742
20463418	1000152485
136450598	1000140931
10202412	1000123069
186284229	1000140931
661403	1000061811
20646945	1000075725
18652836	1000053914
242269558	1000060923
17508177	1000136127
22162585	1000140116
397278303	1000131442
18886900	1000081912
263795180	1000082668
116766267	1000094911
21225078	1000082668
14619878	1000102384
15485844	1000131442
28472103	1000131442
364130075	1000153261
160623364	1000041732
124184944	1000107839
1305941	1000117498
73443014	1000014696
784519	1000137018
46746902	1000143819
177984545	1000044248
127753118	1000116265
279622129	1000082668
117504032	1000080223
31061079	1000103242
26066384	1000091063
144040563	1000157114
14142000	1000131442
47206525	1000093729
23614591	1000112526
17006579	1000004059
97713818	1000082668
184637613	1000082668
282712386	1000100742
148496087	1000116989
6955662	1000117498
58599146	1000116989
7925002	1000093729
42298610	1000082668
15087027	1000067800
11991892	1000147736
54723180	1000006970
321204868	1000082668
13029	1000061811
126351811	1000044248
89989652	1000018510
28775296	1000157114
116324294	1000131442
353466012	1000061811
241069405	1000157114
102608859	1000103242
237845487	1000048122
57845803	1000106293
15280861	1000125283
113484845	1000024446
11963132	1000008067
48964542	1000057528
6375322	1000024531
80600800	1000042777
173892783	1000155596
214246889	1000047396
311659496	1000082668
206570317	1000082668
77397670	1000082668
349883172	1000106420
88263492	1000140931
329480749	1000082668
14708049	1000140931
409628807	1000140931
254209166	1000106387
242451319	1000082668
56741549	1000105872
83900570	1000100742
19844987	1000144081
207828096	1000076608
117541123	1000157114
18823495	1000080223
186632886	1000080223
398078754	1000082668
419396693	1000082668
129093262	1000086786
15335141	1000131442
24574626	1000082668
16741381	1000061811
29678213	1000047396
173953326	1000152485
343042051	1000157114
389528105	1000155308
72626096	1000011216
47161442	1000103242
713263	1000137018
254240350	1000156970
369505837	1000131442
274782915	1000065538
46501487	1000036788
112873986	1000136025
48964542	1000122930
16381804	1000152485
16577804	1000157114
357227113	1000099553
232923829	1000145889
249842778	1000061811
425468942	1000034940
92579785	1000149074
28823239	1000131442
289120543	1000082668
26553086	1000087836
267437979	1000082668
80929181	1000006970
45663323	1000131442
14269220	1000102384
19029070	1000116989
306445007	1000157114
152435436	1000157114
269610139	1000141394
465414690	1000082668
261555735	1000157114
148363935	1000033423
163570705	1000152485
12477472	1000086607
1338891	1000082668
322766441	1000082668
14407823	1000131442
288404606	1000033535
272058143	1000157114
61086747	1000157114
43837009	1000033535
16102927	1000024446
22602849	1000157114
27083523	1000140931
234014087	1000152485
25346740	1000082668
21321328	1000072064
410045750	1000082668
102394172	1000082668
93885127	1000082668
18399652	1000140931
101713809	1000082668
153449917	1000100742
18314308	1000131778
135213475	1000126257
15588657	1000024531
32691446	1000025606
21391704	1000067800
18732289	1000102384
42587673	1000082668
350939079	1000082668
19608297	1000152485
72885418	1000074582
294200297	1000127870
15179685	1000102384
18141963	1000103242
318005036	1000141394
14137582	1000004339
153248471	1000131442
161456486	1000048122
159179153	1000004339
16896496	1000157114
20268299	1000123069
16728499	1000056565
66489082	1000152485
83432826	1000082105
63253045	1000098976
59110488	1000131442
17667204	1000024446
15332302	1000140931
14911539	1000009905
110377642	1000075725
15993167	1000034877
138441815	1000131442
19409065	1000133228
122673254	1000150188
123635567	1000152485
326212771	1000006605
25884760	1000082105
360974781	1000082668
375446155	1000041164
60583300	1000082668
242058793	1000061811
28201911	1000042777
28845997	1000072125
163760424	1000102384
109436920	1000082105
21731168	1000057842
219732974	1000082668
185809250	1000016150
429733711	1000116265
59788357	1000126990
60665688	1000141394
7423512	1000061538
25381076	1000042988
221173402	1000157114
19502337	1000129479
33998183	1000131442
62519254	1000061538
34559099	1000048122
54759613	1000113921
35486927	1000080223
118195778	1000014943
322985504	1000016738
156280345	1000082668
17080459	1000082668
57727375	1000131442
254883790	1000131442
21895253	1000102384
331937605	1000157114
221412285	1000074582
24187106	1000013991
103975904	1000157114
47471628	1000061538
30007505	1000147736
225278499	1000131442
211008911	1000082668
198661893	1000148114
148496087	1000140931
264953488	1000082668
4385471	1000041107
43228529	1000140777
21682847	1000107185
19550535	1000102384
25686485	1000152485
91805273	1000157114
15484502	1000067800
18223191	1000102384
648523	1000061811
255059151	1000131442
254839786	1000104464
8914942	1000116989
8291	1000061811
77155969	1000102384
391995022	1000155308
237810343	1000152485
22676390	1000048122
44343	1000148114
177678652	1000129720
30913636	1000152485
24583	1000013206
386455027	1000122930
15582769	1000032784
28697192	1000100742
348610731	1000129720
47213089	1000080223
19876108	1000014943
22068282	1000140931
817166	1000061811
9610142	1000141394
81774685	1000067800
26893307	1000082668
288067604	1000133228
226011542	1000080223
332653457	1000008608
263514193	1000122930
422950468	1000100742
17022234	1000131442
119714092	1000059824
17037417	1000102384
17711319	1000125283
100734868	1000131147
232414166	1000053914
37151839	1000116989
467033321	1000156541
408990590	1000144081
150295744	1000082668
124296976	1000087256
44469346	1000144028
22619707	1000102384
252445401	1000057528
140955800	1000157439
51477206	1000082668
230348941	1000082668
20867054	1000126480
1972761	1000102384
278652553	1000104464
156406938	1000042988
388650933	1000092932
50901147	1000157114
241981055	1000077795
193599274	1000082668
60163772	1000105872
44169939	1000131442
121568065	1000156970
14719129	1000086607
17809581	1000140931
627303	1000137018
26954698	1000131442
48621884	1000100742
213023673	1000082668
268107349	1000024446
203410283	1000048122
130860399	1000123069
25945242	1000147736
