43923409	1000086471
24953591	1000116327
56352243	1000096852
10292772	1000141693
24616144	1000116327
60746953	1000126534
224803883	1000086471
7713202	1000086471
42026024	1000116327
14179545	1000086471
14543034	1000154874
68792370	1000086471
172443193	1000027213
15679119	1000065549
16151835	1000146305
29073792	1000140708
25511737	1000116327
104980886	1000086471
322985504	1000105979
1399231	1000010644
66131891	1000065886
46479217	1000027213
373639969	1000086471
14185977	1000101894
19463597	1000141693
15582088	1000116998
87821661	1000050786
184841185	1000086471
3475	1000086471
6909932	1000065549
12294382	1000070093
64962975	1000101894
27998627	1000009075
280817624	1000052076
108669535	1000050786
75137937	1000086471
17409832	1000126534
93793961	1000141693
21452168	1000096852
59297690	1000013758
14920785	1000116327
810424	1000126534
23502791	1000083262
3230521	1000101894
14133447	1000133883
29518331	1000101894
1976841	1000157622
54991635	1000027213
17243213	1000105979
55892508	1000083262
16175118	1000086471
26846571	1000086471
10292772	1000086471
11440442	1000086471
35108541	1000101214
22055020	1000157622
19918047	1000086471
27173968	1000028790
15482536	1000086471
6211972	1000116998
21101923	1000116327
28453669	1000086471
241964676	1000070014
52491011	1000052418
60995819	1000086471
30527378	1000028790
15846407	1000116327
9840472	1000150408
7865512	1000103668
125421183	1000008639
27311044	1000116327
46529525	1000116327
73707412	1000052076
21457289	1000141693
3475	1000065549
128137773	1000046957
208697224	1000116327
67819221	1000046957
32268884	1000141693
18697941	1000086471
18688051	1000086471
62513269	1000083262
92367751	1000086471
186273374	1000126534
322285980	1000157622
21024997	1000086471
18785238	1000086471
18069516	1000036431
520178560	1000140708
38412700	1000101894
6267972	1000146305
169685420	1000120676
11379362	1000113253
24203500	1000105979
19873252	1000146542
10792712	1000096852
62513269	1000010644
106354414	1000013575
36302234	1000101894
19566708	1000052076
213849301	1000105979
48546499	1000086471
67464471	1000133883
30003842	1000086471
29876323	1000146542
18949240	1000086106
50392516	1000126534
5284762	1000031786
19347651	1000013575
10716292	1000086471
22586386	1000133883
132308070	1000116327
201972487	1000013575
322834956	1000086471
238657359	1000028790
485924782	1000086471
454424584	1000026577
23502791	1000126534
12412572	1000028790
11900	1000054660
28732282	1000133883
8383592	1000086471
7753922	1000052076
14838508	1000153574
15485242	1000065549
19253485	1000086471
28620933	1000028790
25922347	1000146305
26991886	1000086471
24884768	1000082594
23112236	1000086471
7377812	1000052076
73992972	1000105979
54991635	1000028790
46479217	1000028790
6265562	1000086471
50570449	1000146305
88340943	1000133883
182167530	1000086471
29323857	1000120676
11911082	1000086471
18825961	1000079483
172834226	1000010644
15962096	1000013575
31093615	1000079483
259827911	1000116327
235636925	1000086471
14130117	1000069974
32578648	1000086106
261103186	1000059342
28628850	1000116327
177619180	1000027213
14734870	1000146305
27522326	1000086471
238657359	1000086471
16955141	1000052076
20971132	1000086471
3840	1000065549
40185319	1000034428
34378367	1000086471
180409721	1000126534
48488561	1000034428
34335068	1000101214
52818466	1000086471
56481539	1000116327
15094659	1000086471
14502476	1000082002
14208982	1000086471
361652822	1000116327
15199539	1000065549
131605154	1000126534
219152459	1000148728
14336347	1000086471
187428929	1000038164
15764644	1000086471
15680580	1000150408
56080133	1000126534
124258711	1000083262
58497291	1000052076
50620668	1000004080
15095331	1000082594
14963760	1000126534
234562192	1000141693
366792682	1000146441
66696143	1000086471
144064703	1000069974
14402018	1000086471
21989389	1000126534
27782731	1000116327
33609060	1000027454
170145286	1000038164
70745737	1000086471
97072138	1000126534
21125396	1000126534
26964728	1000055836
12229172	1000086471
106637102	1000039498
26582656	1000034283
14135648	1000027454
35260209	1000038164
37093178	1000079483
153635149	1000015342
38077338	1000004080
56767953	1000086471
257085143	1000052418
469735331	1000096852
27457788	1000086471
81700833	1000126534
16029266	1000013575
19548146	1000116327
30073696	1000086471
16541868	1000065549
26523360	1000082594
97082147	1000116327
6211972	1000116327
339875129	1000157622
38270929	1000133883
16137671	1000116327
189328634	1000008150
21337501	1000054660
35869730	1000157622
385959631	1000136870
22092470	1000116327
4250951	1000086471
26265033	1000086471
322834956	1000085685
209261985	1000086471
54991635	1000004080
5704082	1000070494
21133007	1000116327
16574564	1000141693
10959642	1000010644
16568227	1000086471
38374902	1000126534
69802536	1000146305
37792861	1000071428
115808851	1000116327
15487565	1000026577
22207520	1000086471
45009193	1000086471
15130854	1000046957
29518331	1000096852
67819221	1000157622
22196442	1000146441
15407699	1000133883
151967930	1000146441
28590240	1000086471
26066384	1000061385
21793918	1000146441
15390684	1000086471
14498549	1000133883
633483	1000101894
78992362	1000010644
24973996	1000070494
27934142	1000110010
38077338	1000157622
21512383	1000153574
11183772	1000096852
27546808	1000052418
141328659	1000052076
157838902	1000133883
27259037	1000085685
19265186	1000086471
16000853	1000126534
8070562	1000101214
90510113	1000146305
113719681	1000038164
129091245	1000133883
277623919	1000052076
67819221	1000086471
15314652	1000070093
108669535	1000057942
154915258	1000027454
33827435	1000126494
216126534	1000096852
23260973	1000015342
15828148	1000065549
81700833	1000141693
17172474	1000086471
34305899	1000116327
16828819	1000061385
15564035	1000079483
228881320	1000116327
125547081	1000086471
302947882	1000110010
15947648	1000133883
10111462	1000038164
14602520	1000086471
55321197	1000010644
14188390	1000086471
84170474	1000116327
84358319	1000086471
14228090	1000065549
67819221	1000028790
180489407	1000070494
115597733	1000082594
121594709	1000065886
18614130	1000086471
48428463	1000146305
97465432	1000086471
555370519	1000146305
21125396	1000086471
22396371	1000126534
230348941	1000052076
17661605	1000087574
126444583	1000052076
22574003	1000086471
19988587	1000082594
24977228	1000079483
89018859	1000133883
45005008	1000154874
21540725	1000086471
16151999	1000002506
56819939	1000114545
24217809	1000071428
16106608	1000141693
6480652	1000126534
26585095	1000116327
50329304	1000027454
172443193	1000028790
86289446	1000116327
23838767	1000013013
152062126	1000065800
19720714	1000074863
24224268	1000086471
128361320	1000010644
29512806	1000007899
16936406	1000096852
46813846	1000116327
28070632	1000086471
301577843	1000028790
14874499	1000086471
97555698	1000086471
52871994	1000010644
17037417	1000052076
14444891	1000086471
22747276	1000027454
3442781	1000069974
22471294	1000116327
18656798	1000126534
20538090	1000015342
467909899	1000008639
15935999	1000146305
70796019	1000052076
52852957	1000086471
169162896	1000120676
40102035	1000086471
35859588	1000116327
47837613	1000136870
293124854	1000105979
14716014	1000013575
221966923	1000010644
190900921	1000126494
19624359	1000086471
19089252	1000052076
192423161	1000010644
193825756	1000052418
39325978	1000116327
132585908	1000015342
131320106	1000116327
74201802	1000116327
105843114	1000086471
17813433	1000146441
11029372	1000031786
63923254	1000026577
63399081	1000120676
97478285	1000025119
18091925	1000116327
35550131	1000086471
69661906	1000086106
31333097	1000086471
19187045	1000015342
101842354	1000120676
13274152	1000140708
810099	1000140708
19286911	1000061385
68668098	1000009075
9636632	1000013575
3985381	1000010644
24232984	1000069974
22575307	1000081620
14747960	1000116327
13784592	1000013575
41641782	1000086471
14070744	1000065549
184994006	1000120676
71413402	1000055836
70122833	1000010644
17282378	1000087574
18805645	1000070014
18492255	1000027213
181721264	1000146305
15086551	1000126534
1372501	1000038164
19952733	1000015342
15706128	1000070093
27167977	1000018788
16274879	1000126534
154015579	1000036431
280329780	1000010644
121594709	1000059342
15026162	1000101894
17194296	1000086471
121281725	1000052076
9026642	1000096852
16135407	1000086471
32263959	1000010644
190872825	1000116327
15272784	1000133883
16151999	1000008150
38360490	1000085685
2156951	1000065549
422	1000065549
15433939	1000086106
14300557	1000086471
130249139	1000087574
172872617	1000086471
14143446	1000015342
240555189	1000133883
1859811	1000065549
15614972	1000120676
5161281	1000070494
42744294	1000116327
23573987	1000126534
18646199	1000116327
175462913	1000133883
38675302	1000116327
58347421	1000070093
26533227	1000086471
54991635	1000046957
44474671	1000039498
23373674	1000154874
195911896	1000074863
16032577	1000052076
16073115	1000116327
26915634	1000071428
833571	1000065549
18967190	1000116327
23502791	1000010644
9840472	1000126534
24886570	1000116327
11511422	1000086471
38453336	1000157622
120980332	1000146441
25458792	1000086471
16908436	1000101894
20012819	1000101894
26535267	1000086471
58528137	1000116327
33826976	1000071815
23027648	1000079483
53717630	1000116327
42677758	1000126534
15026162	1000070494
22747624	1000015342
269042188	1000010644
18837487	1000086471
62533012	1000133883
1241441	1000052076
17842366	1000015342
23359853	1000101894
33153054	1000101894
283276737	1000086471
15050433	1000136870
19363528	1000126534
37283656	1000079483
14539344	1000086471
15130854	1000157622
19251458	1000086471
216444984	1000116327
22685200	1000116327
410579182	1000046957
93927917	1000086471
12804312	1000086471
90655480	1000086471
22813923	1000086471
395976515	1000133883
67819221	1000013575
62589395	1000038164
148186835	1000116327
5687132	1000086471
1378831	1000082002
26071129	1000126534
17456255	1000150408
23518723	1000157622
26235236	1000028790
26640647	1000157622
70416263	1000086471
18492255	1000126494
18697941	1000038164
19733723	1000086471
398069463	1000126534
18131299	1000140708
14413075	1000087224
19981142	1000086471
23958317	1000086471
24577573	1000013758
141303634	1000013575
127245277	1000086471
16329985	1000116327
190929713	1000157622
14573745	1000052076
8952492	1000101214
79011908	1000086471
23985335	1000126534
467909899	1000013575
18162576	1000082594
1472021	1000154874
66976790	1000133883
25725698	1000034283
18647609	1000052076
197375783	1000116327
17024025	1000015342
124258711	1000010644
6017542	1000086471
22333986	1000126534
16400360	1000133883
306850441	1000006247
15656040	1000086471
330750164	1000086471
321585328	1000071428
63189694	1000065800
14583608	1000110010
34749159	1000141693
16656287	1000126534
19210424	1000052076
3985381	1000083262
8775672	1000086471
19251458	1000133883
315546494	1000105979
28967115	1000007899
75321229	1000028790
238657359	1000004080
13039372	1000086471
221639929	1000071428
42034871	1000116327
25563580	1000071815
25686485	1000006247
67669267	1000038164
109586041	1000010644
18139329	1000116327
441195931	1000105979
29246583	1000148728
29784580	1000120676
84624486	1000126534
2361341	1000065549
30527378	1000157622
43234348	1000101894
30781454	1000026577
108973008	1000086471
271970590	1000086471
14228208	1000065549
125553717	1000085685
254324559	1000071428
24997470	1000052076
316610226	1000079483
20833230	1000082594
26374419	1000116327
18228898	1000116327
61687416	1000028790
93927917	1000126534
23248754	1000071428
232089835	1000105979
18432349	1000086471
4385471	1000086471
22679338	1000086471
14675928	1000087574
15985960	1000146305
16326814	1000101894
81147434	1000070494
30527378	1000013575
22784458	1000052076
518214620	1000140708
778446	1000065549
141328659	1000126534
11212862	1000013758
302820554	1000079483
20696985	1000120676
4278201	1000086471
1779201	1000096852
17998052	1000007899
24830186	1000114545
183636111	1000116327
17870415	1000086106
446783544	1000146305
3940871	1000133883
349267378	1000086471
142658872	1000010644
18104778	1000126534
171154131	1000086471
16857707	1000086471
268439864	1000116327
35366254	1000118851
27373757	1000116327
17469375	1000141693
46501291	1000118851
4893411	1000141693
441324671	1000105979
174768030	1000052076
9406452	1000101894
18890624	1000013013
399444662	1000116327
24185197	1000148728
15222332	1000126534
17787502	1000007899
31483878	1000113253
18114008	1000116327
24660295	1000071428
17932670	1000116327
138787319	1000086471
18922329	1000116327
81229871	1000052076
19952246	1000013575
119320258	1000025119
20630542	1000018788
14316824	1000116327
14133259	1000086471
31957731	1000086471
351062478	1000079483
17850456	1000010644
16726467	1000116327
57249095	1000013758
74580436	1000116327
15485242	1000070494
139226699	1000070014
14426048	1000087224
22684480	1000133883
266187076	1000086471
14438306	1000087224
489912672	1000086471
66458240	1000086471
18886852	1000133883
30180038	1000126534
96824115	1000057942
167552021	1000052076
26843564	1000086471
38543586	1000103668
378223565	1000065549
152596817	1000086471
18307251	1000133883
16417019	1000101214
66431262	1000052418
102134994	1000038164
38605328	1000086471
14965127	1000010644
27602664	1000034283
16893977	1000126534
30781454	1000015342
18101713	1000013575
117246982	1000146441
14167669	1000140708
15130854	1000013575
48553289	1000126534
86117573	1000110010
15716046	1000148728
15130854	1000028790
16916355	1000070494
23142308	1000148728
19732725	1000069974
31477608	1000101894
112810595	1000116327
17494046	1000095586
189328634	1000002506
127609430	1000086471
282679871	1000086471
32156068	1000116327
22498621	1000052418
21406257	1000015342
53189336	1000096852
41366372	1000095586
11211712	1000085685
44175468	1000086471
18091979	1000146441
95248535	1000116327
66217288	1000116327
33827435	1000027213
23484510	1000086471
9723672	1000052076
14857002	1000101214
14683518	1000052076
10069612	1000086471
35550889	1000027213
22432714	1000086471
9026642	1000101894
294884925	1000085685
73935943	1000081620
285713629	1000136870
15937155	1000086106
114652505	1000126534
14539344	1000126534
15066760	1000061385
61061751	1000013575
299024653	1000052076
78152621	1000116327
326175038	1000086471
253417096	1000105979
