123879425	1000098161
14105255	1000015351
14334870	1000005698
611823	1000033759
11830332	1000038222
15212527	1000085700
86561755	1000002333
651033	1000097743
153886406	1000015351
19740462	1000044511
636893	1000111807
18031088	1000127680
12512	1000143748
755859	1000085700
174108566	1000052935
10218852	1000098660
6053842	1000122656
27280073	1000091397
22575398	1000036626
27485181	1000002333
203008363	1000001317
14521530	1000036626
481782435	1000076112
8825142	1000038222
8227852	1000015351
15770873	1000038222
766195	1000036626
36953510	1000086157
5877292	1000038222
4449041	1000065897
15869453	1000034383
21308466	1000157615
153886406	1000038222
8552602	1000122656
15707258	1000015437
678953	1000142720
22937213	1000134378
15947499	1000152804
8021722	1000157615
18430758	1000136101
36323	1000038222
410266350	1000038222
2960721	1000085700
785133	1000038222
15212527	1000001814
135583203	1000111807
652293	1000085700
7552082	1000052935
264481774	1000109666
14691533	1000038222
8113702	1000122656
24621955	1000091397
14223705	1000097743
636923	1000049936
8227852	1000055889
131594600	1000052935
6070762	1000038222
2898611	1000136101
15790802	1000097743
12131132	1000027482
2735631	1000122656
7714502	1000027482
2897431	1000085700
1881521	1000027482
2627491	1000067096
107418464	1000024060
15884617	1000085700
36208741	1000064544
12924972	1000015351
12131132	1000085700
15159694	1000029856
46023	1000153763
6117252	1000142720
22575703	1000090877
14424826	1000013457
15770873	1000141219
733813	1000063912
336343	1000157615
644603	1000000185
221853923	1000071278
16172031	1000038222
4048421	1000143125
88153175	1000043739
19830262	1000141219
10697232	1000087835
66476989	1000015351
618413	1000046502
24634006	1000015351
5967812	1000021631
18047622	1000097743
606083	1000022214
8405632	1000059079
15003091	1000034383
305561675	1000031002
666043	1000027482
763549	1000027482
789068	1000143125
14995801	1000099206
10359172	1000099206
15212527	1000015351
23694473	1000038222
6978642	1000043739
26376078	1000034383
336343	1000001814
2366281	1000038222
616253	1000097743
9498152	1000095247
6740642	1000111807
14573965	1000070013
15392494	1000111807
16195212	1000005698
17944870	1000111807
987681	1000121209
14132011	1000097743
1764931	1000049936
8113702	1000097743
17473973	1000111807
14902334	1000055889
1764931	1000000185
22199156	1000136101
171329398	1000046502
7677962	1000038222
15396961	1000097743
22882670	1000049936
54625059	1000052935
644603	1000143748
16593613	1000036626
52922310	1000038547
1566661	1000111807
1487601	1000027482
1233111	1000038222
8259712	1000038222
174853	1000038222
1671811	1000097234
106231780	1000085700
56439852	1000097743
17378488	1000071278
12069912	1000111807
6117252	1000157615
755859	1000111807
636893	1000157615
14957252	1000141219
18695316	1000015437
3716111	1000085700
1295001	1000111807
30863	1000097743
19830262	1000087835
16409781	1000134378
13459652	1000097743
75852456	1000122656
5984072	1000001814
12034532	1000021631
14118444	1000038222
45297071	1000136101
616253	1000027482
36963	1000085700
714383	1000111807
163449492	1000059586
8315692	1000085700
643443	1000055889
15481789	1000024060
2366121	1000033759
190919200	1000122656
1439931	1000052935
668243	1000055889
755859	1000049936
46716477	1000097743
7676492	1000122656
110730064	1000109666
2897431	1000097743
22327921	1000097743
3325171	1000014739
8253162	1000038222
8011702	1000005698
423904716	1000024060
14326858	1000038222
17791088	1000090877
14381922	1000111807
14056916	1000099548
2366281	1000055889
88353395	1000146874
41693	1000142720
14463427	1000085700
12091452	1000108296
143786262	1000094702
14392347	1000111807
10962862	1000038222
12210372	1000038222
2897431	1000050518
656933	1000038222
35293	1000122656
13747362	1000063291
658643	1000122656
12773	1000038222
87294312	1000111807
24026819	1000097743
12798822	1000052935
611823	1000038222
3551171	1000085700
629433	1000152804
16847294	1000111807
666043	1000057185
784912	1000072715
7440462	1000050235
2154171	1000046502
990711	1000038222
4048421	1000015351
8021722	1000111807
18400024	1000093601
15707258	1000050235
185183954	1000033759
9789492	1000001814
1764931	1000143748
1502501	1000153763
10377392	1000126983
8161622	1000122656
271044958	1000050235
13363282	1000142720
14176588	1000052935
7700222	1000122656
14521530	1000001317
23487693	1000038222
18247541	1000096396
17885184	1000152804
92306628	1000034383
25338609	1000085700
19518328	1000034383
990711	1000031002
24187145	1000059586
410266350	1000143125
15906950	1000052935
779112	1000122656
7668362	1000037994
277821098	1000129638
7440462	1000057185
106418338	1000001814
14895831	1000066408
155949717	1000066408
3551171	1000005698
16388078	1000044511
7858982	1000024060
14105255	1000038222
9395832	1000024060
12277852	1000001317
15432058	1000036626
7017422	1000036626
108616178	1000064544
10178852	1000111807
7123452	1000055018
20904050	1000027482
15267898	1000097743
30031116	1000085700
29569786	1000027482
777908	1000072715
7858982	1000087835
18166611	1000044364
15086405	1000074130
3286871	1000111807
21409455	1000122656
7858982	1000059586
336343	1000096396
186326653	1000096396
170214589	1000044511
18359862	1000097743
16411697	1000097743
16302736	1000095830
3496641	1000038222
19830262	1000059079
18247541	1000122656
815587	1000022214
14167618	1000034383
16320315	1000124571
14703882	1000122656
15618111	1000027482
24530820	1000097743
1774501	1000097743
110520327	1000111807
1516611	1000157615
644603	1000001317
774280	1000097743
8407952	1000122656
33854532	1000124571
14958919	1000122656
20268299	1000097743
14680797	1000034383
35383	1000038222
3593341	1000122656
710563	1000097743
98035778	1000001317
8046872	1000097743
16847294	1000044364
11677	1000027482
104440512	1000111807
4048421	1000038222
4449041	1000143125
17090569	1000044364
30559094	1000007447
777908	1000087835
8253162	1000027202
7676492	1000157615
1692881	1000096396
658643	1000001814
48398960	1000064544
23487693	1000097743
666043	1000024060
36323	1000101182
11641832	1000126768
14231571	1000111807
777908	1000027482
18900986	1000003619
14729317	1000052935
42134320	1000022214
7646402	1000050550
19240388	1000038547
60470066	1000097743
15263394	1000031002
15591908	1000005698
22253	1000122656
255617445	1000050235
13931982	1000097743
5197181	1000122656
90998968	1000027482
14411797	1000027482
1060121	1000001317
5774552	1000027482
54188979	1000059586
13022392	1000055889
15105114	1000099258
19579267	1000080843
20883980	1000097743
12034532	1000067096
26034181	1000136101
8259712	1000015351
14371333	1000040487
230780528	1000121209
785133	1000027482
10359172	1000055889
15212527	1000055889
714383	1000085700
15782607	1000122656
1835411	1000085700
14521530	1000090877
608993	1000059586
19938167	1000052935
8259712	1000055889
7282592	1000015351
297174372	1000097089
14524814	1000001814
5515372	1000038222
11677	1000038222
15747614	1000038547
16054090	1000116696
271044958	1000111807
12191622	1000099258
235554969	1000000728
370136412	1000111807
185183954	1000027202
18774059	1000074209
5771142	1000046502
41388967	1000052935
47314880	1000015351
8501792	1000008826
14219488	1000038222
8253162	1000141219
8113702	1000000185
823129	1000085700
8980782	1000126983
11830332	1000015351
21902226	1000099478
76855088	1000127787
9866582	1000097743
14677998	1000153763
8113702	1000086608
35175280	1000097743
24604813	1000157335
763549	1000100462
18940844	1000003619
16172031	1000031002
38954697	1000111807
2960721	1000111807
14957252	1000038222
6003302	1000031002
71261579	1000097743
15736190	1000097743
254560310	1000034383
14355964	1000055018
7700222	1000001814
19571104	1000038222
8011702	1000038222
9930562	1000022214
54282139	1000034383
191219947	1000015351
56439852	1000027482
12131132	1000111807
6735	1000122656
16473964	1000043739
14248648	1000037994
18824245	1000059586
36993767	1000146874
123323498	1000066408
260389485	1000052935
12353092	1000001317
10079052	1000143188
8951502	1000154612
106419866	1000038222
22089455	1000038222
14336347	1000116872
17313	1000031002
6687652	1000063912
8825142	1000015351
31631020	1000052935
17034634	1000134378
668243	1000038222
285185591	1000015351
652293	1000000185
12654222	1000022214
2426	1000052935
10994622	1000153763
19380307	1000111807
26050947	1000146874
20565770	1000046502
15402475	1000122656
130914103	1000027482
11178592	1000111807
1048951	1000052935
198992124	1000145237
18247541	1000027482
14058831	1000036626
15553912	1000038222
15212527	1000038222
12376	1000097743
201526993	1000034383
14805097	1000097743
28124437	1000052935
8951502	1000141219
14392347	1000052935
7125712	1000111807
635523	1000122656
11584452	1000049936
14169916	1000111807
25338609	1000121209
36183	1000038222
929	1000027482
15392494	1000001317
109582354	1000093601
8259712	1000111807
114638448	1000024060
654163	1000097743
2960721	1000033759
18774059	1000116872
165949331	1000052935
19186071	1000111807
33349981	1000070013
789824	1000085700
243466486	1000100462
17791088	1000036626
14712937	1000146874
8637672	1000143748
14325247	1000038222
8227852	1000038222
6503412	1000027482
8690322	1000046502
21360626	1000038222
8021722	1000001814
14248648	1000027482
15212527	1000052724
1487601	1000059586
8021722	1000038222
11677062	1000001814
243466486	1000096396
897	1000027482
29569786	1000097743
14629115	1000097743
18247541	1000080843
14326858	1000015351
2317861	1000038222
18593319	1000063291
22520260	1000034383
794136	1000141952
1516611	1000141219
7440462	1000049936
30031116	1000101182
14775425	1000116872
8253162	1000055889
769101	1000071278
185183954	1000085700
10359172	1000038222
27606372	1000000728
714033	1000001317
1962961	1000122656
19547038	1000111807
357870397	1000098161
11677062	1000122656
36183	1000031002
317358163	1000085700
163526569	1000015351
14902334	1000038222
101915429	1000038222
14305907	1000098974
3000121	1000153763
21409455	1000108296
18824245	1000038222
12095912	1000153763
756742	1000152804
468126625	1000027482
10194392	1000085700
1635121	1000122656
115216851	1000127787
25338609	1000101182
21308466	1000111807
20796121	1000052935
19384641	1000005698
15159694	1000097743
23575194	1000126768
641333	1000024060
739223	1000021631
36644925	1000076112
78453	1000052935
930061	1000052935
18942977	1000127680
813637	1000097743
668243	1000000185
17104751	1000052724
36183	1000127787
11758542	1000097743
849101	1000052935
3716111	1000029856
14789630	1000038222
8259712	1000027482
14902334	1000015351
66476989	1000038222
7612022	1000081869
2334221	1000111807
104075684	1000029118
134935099	1000052935
10335822	1000152804
54202611	1000139778
4050671	1000090877
15159694	1000126768
14849487	1000098974
20718199	1000090877
12369602	1000013457
15224402	1000095830
6351922	1000116872
317358163	1000038222
237541348	1000116880
644603	1000086608
62113055	1000038222
12533	1000001814
36323	1000111807
7442232	1000122656
113205038	1000034383
46023	1000122656
892061	1000097743
14504598	1000111807
10454572	1000052935
7125712	1000127787
784912	1000038222
12555	1000096396
17885184	1000097743
40930287	1000052935
714033	1000027482
45529564	1000022214
12217962	1000038222
59579725	1000136101
16365707	1000157335
13811562	1000097743
12740542	1000001814
1835411	1000038222
22086290	1000111807
18166611	1000111807
88508559	1000081869
39588492	1000143748
24187145	1000038222
26348640	1000038222
351479742	1000027482
16497976	1000095247
23487693	1000001317
19403546	1000093601
10011372	1000021631
20426182	1000121560
8021722	1000085700
357870397	1000071278
267187200	1000111807
9446502	1000152804
14381922	1000090877
14231571	1000085700
6503412	1000097743
7714502	1000100462
185183954	1000055889
763549	1000116872
14118444	1000059586
12217962	1000027482
7440462	1000122656
190919200	1000038222
259394959	1000111807
163449492	1000027482
8951502	1000143125
6503412	1000122656
106231780	1000038222
410266350	1000015351
14178728	1000099180
528	1000005698
7700222	1000157615
451905071	1000098161
7064802	1000001814
17086597	1000129638
1439931	1000153763
623623	1000031002
987681	1000085700
11641832	1000012772
14714785	1000093601
12512	1000005698
8315692	1000038222
4449041	1000038222
75246510	1000027482
4050671	1000043419
14881968	1000046502
15267898	1000005698
15595963	1000152804
35827447	1000038547
17944870	1000001317
17104751	1000038222
23133852	1000134378
499275959	1000038222
370136412	1000027482
16686076	1000066408
2059301	1000111807
9916402	1000052935
20755177	1000001814
13811562	1000005698
8227852	1000033759
14169916	1000086608
19315899	1000052935
11864262	1000046502
770545	1000097743
720503	1000152804
12725	1000122656
8046872	1000122656
224296503	1000146874
15435471	1000097743
6370862	1000038222
14074803	1000040487
127624680	1000086955
77941959	1000094702
15212527	1000072715
5474812	1000038222
8202882	1000097743
17058403	1000100462
15840385	1000095247
1764931	1000005698
121826856	1000052935
11113	1000038222
36768736	1000122656
15465130	1000038222
2960721	1000122656
14347790	1000080843
19948217	1000038222
23570090	1000097743
17648193	1000111807
10191272	1000015351
25989875	1000065897
2475171	1000099548
12053132	1000013457
15198601	1000046502
18534908	1000044511
15212750	1000111807
8227852	1000027202
237056755	1000038222
14267733	1000049936
20469167	1000008826
87077721	1000027482
79033767	1000001317
897	1000000185
14065010	1000050550
5905672	1000121560
70362156	1000101182
644603	1000049936
14267733	1000127787
185183954	1000015351
14355920	1000036626
274626857	1000080843
6650612	1000152804
8011702	1000111807
19553393	1000001317
14155850	1000097743
82916791	1000099478
14223244	1000034383
12740542	1000031002
23487693	1000111807
8021722	1000141219
7400342	1000044364
1487601	1000100462
468126625	1000097743
5197181	1000001814
1566661	1000059079
929	1000001814
14971237	1000097743
18346587	1000038222
18525154	1000034383
19312115	1000121209
19152332	1000071278
3716111	1000012772
29569786	1000116872
14231571	1000074209
134761763	1000027482
10919522	1000116880
7125712	1000031002
652193	1000122656
67305632	1000116696
13166	1000096396
11987122	1000097743
36455253	1000038222
16207941	1000038222
42313640	1000153763
11641832	1000029856
14325247	1000085700
16847294	1000005698
12512	1000000185
9941002	1000139778
22977196	1000038222
11463762	1000097743
4449041	1000031002
16686498	1000015351
1502501	1000038222
8046872	1000157615
12512	1000111807
16686498	1000038222
4664501	1000111807
37796602	1000007447
410266350	1000085700
71573	1000043739
637763	1000097234
4534871	1000152804
990711	1000015351
11231232	1000027482
14463427	1000038222
13447902	1000098660
20718199	1000036626
3163591	1000038222
190919200	1000111807
7125712	1000000185
2366121	1000038222
643613	1000027482
652293	1000050518
12740542	1000096396
1516611	1000153763
120564529	1000097743
41693	1000038222
22575703	1000036626
17679043	1000111807
14327450	1000097743
17556773	1000086955
8552602	1000099180
8111912	1000038222
11440412	1000145237
14267706	1000049936
113056604	1000027482
19315899	1000096396
10194392	1000074130
11231232	1000097743
7932422	1000157335
641333	1000085700
12376	1000027482
15077916	1000097743
2777901	1000046502
10169562	1000059586
723013	1000038222
9726632	1000098161
14257869	1000111807
309975022	1000024060
29397027	1000057185
18852278	1000038222
14775425	1000101182
789824	1000038222
17820406	1000036626
186052228	1000027482
10962862	1000015351
14288790	1000029118
1919231	1000038222
14381922	1000043419
38457748	1000064544
8021722	1000005698
326524363	1000044511
16655768	1000097743
1566661	1000085700
198992124	1000038222
528	1000001814
9463382	1000111807
313476645	1000046502
38500106	1000052935
714383	1000031002
1566661	1000027482
7415132	1000111807
658643	1000057185
20904050	1000085700
14334870	1000038222
815587	1000086157
14169916	1000085700
5963542	1000038547
9494362	1000100462
16655768	1000027482
14381922	1000001317
717233	1000143188
14957252	1000005698
26348640	1000015351
17432702	1000034383
14187717	1000052935
23962769	1000111807
4566851	1000143125
7064802	1000031002
5658692	1000036626
19615995	1000052935
15777776	1000001317
785133	1000033759
15435471	1000111807
14503	1000111807
16195212	1000038222
813637	1000027482
14165162	1000038222
110520327	1000085700
19088161	1000157335
79033767	1000027482
14079172	1000097089
20904050	1000111807
19603370	1000091397
769101	1000037994
318571154	1000015351
12131132	1000141219
19152332	1000116872
35383	1000097743
41693	1000055889
8011702	1000141219
813637	1000096396
357870397	1000037994
15324044	1000067070
9713422	1000090877
336343	1000052724
1271901	1000097743
7165492	1000152804
6393572	1000027482
15128907	1000098161
336343	1000111807
2006261	1000066408
18443018	1000097743
185183954	1000038222
7700222	1000057185
1502501	1000027202
185476860	1000027482
74523	1000097743
15340085	1000038222
15350091	1000001814
641333	1000072715
615723	1000111807
14861876	1000134378
5905672	1000085700
4050671	1000036626
1527091	1000122656
17378488	1000037994
14267706	1000111807
14341663	1000096396
4449041	1000154612
20718199	1000001317
611823	1000015351
816214	1000046502
31436438	1000059079
823129	1000121209
25292544	1000097743
987681	1000111807
63680976	1000007447
3991341	1000044511
987681	1000038222
712783	1000027482
1764931	1000086608
1154511	1000052935
12764802	1000059586
12924972	1000038222
4337781	1000152804
36183	1000122656
8844862	1000097743
4050671	1000001317
35383	1000059586
14325247	1000015351
77483	1000097743
35383	1000122656
17679043	1000038222
817268	1000015351
636923	1000038222
8259712	1000024060
14789630	1000055889
72499513	1000052935
226987914	1000034383
5868362	1000001317
116872150	1000052935
55963	1000014739
21013992	1000052935
126124275	1000037994
641333	1000038222
12512	1000049936
5796562	1000141952
14219488	1000055889
805549	1000067070
10051022	1000031002
9395832	1000027482
