270105849	1000100703
23808856	1000108015
18274715	1000093352
307008485	1000108015
816214	1000046950
21232196	1000008197
19119192	1000088424
91008721	1000056042
101608829	1000030195
280127109	1000108015
303827856	1000093352
31207054	1000143021
288949696	1000093352
12307282	1000020312
16145626	1000143113
14244571	1000040238
14612767	1000144244
27111653	1000020312
39826516	1000157344
97652578	1000040143
27627224	1000064859
40930287	1000080542
61013516	1000069878
4898501	1000108015
117438776	1000017070
15430198	1000135785
819268	1000133955
25376226	1000088424
305073376	1000088424
33488260	1000042757
271668270	1000063808
416645771	1000028252
122138325	1000066091
14844734	1000073095
11214332	1000003215
83710425	1000062292
15087027	1000081923
387566789	1000069738
15426188	1000076878
12685	1000069587
179453	1000093352
90416226	1000061885
395107535	1000151319
28375496	1000149293
11587712	1000050296
3824401	1000029688
356213389	1000018518
216933478	1000063808
336679609	1000063808
14996995	1000084070
161565550	1000081923
122520438	1000138796
17560063	1000121722
226232369	1000119954
18776131	1000080542
17872114	1000090633
20918020	1000100904
3475	1000040238
19569569	1000080542
67727882	1000104611
193185958	1000040673
140630058	1000018121
37545039	1000090310
322985504	1000105979
492526534	1000040544
520835497	1000093352
35205963	1000061885
14430816	1000033451
164081884	1000069878
26360899	1000119508
14371740	1000050296
259446460	1000115646
16298404	1000045721
79806862	1000132657
40875267	1000030948
284333926	1000084070
37141338	1000093352
18914321	1000050296
114636253	1000041667
30401658	1000057386
14721658	1000050296
23402701	1000029211
159223609	1000020312
13041272	1000093352
220449248	1000060084
17430220	1000093352
296579625	1000050839
15274370	1000112772
114115460	1000029688
297174372	1000020312
160237722	1000063808
42784393	1000066876
42589903	1000088424
73953536	1000049796
155661154	1000099691
167506363	1000041109
3820911	1000050296
300519766	1000148350
14105255	1000065984
15280084	1000022127
352828674	1000099691
17391516	1000106169
9451052	1000088424
204980873	1000138796
87305010	1000123323
11963282	1000096562
33933259	1000148350
423567032	1000134347
287316875	1000017070
32855657	1000093352
5374	1000032910
229523	1000020312
341603426	1000136942
17034634	1000020312
169202544	1000069878
228539107	1000150450
215660724	1000149326
18363654	1000093352
23344817	1000150311
110569987	1000086694
24791743	1000093352
22937232	1000096562
7668362	1000077902
16856562	1000093352
30412010	1000069878
18738532	1000008197
19614825	1000076315
374490512	1000050839
110658910	1000042757
21240511	1000093352
19774817	1000127542
39560403	1000090310
115512512	1000032910
195446656	1000050839
14431901	1000002683
164412502	1000064336
127494657	1000038784
16309106	1000093352
16263665	1000079665
45518586	1000093352
14632458	1000050296
15215771	1000006431
18569484	1000136475
16856928	1000093352
5511	1000153435
45530247	1000007935
22211521	1000062292
4664501	1000121497
273329844	1000044218
71239262	1000057242
92096537	1000082953
8240912	1000075291
66392973	1000108015
24041413	1000025927
16984959	1000055316
37878528	1000073095
278289780	1000105063
41322090	1000145765
256251813	1000124406
30529238	1000093352
6572452	1000055742
17614195	1000093352
357032926	1000100703
22338902	1000050296
15705782	1000044218
234047967	1000008588
20456848	1000030200
54460126	1000032910
112758378	1000014620
286118150	1000088648
21044572	1000044218
21554226	1000141832
54243949	1000004425
14058831	1000142679
178409459	1000030158
71801107	1000013346
23292594	1000056042
16951769	1000017070
390356722	1000093408
361553652	1000124704
21817560	1000063581
59359628	1000017070
522013186	1000100703
28108411	1000017070
21886583	1000057386
240186064	1000108015
14584644	1000088648
373627392	1000012989
29537723	1000012989
849131	1000031768
86121236	1000093352
269250715	1000070662
14791232	1000093352
375227971	1000093352
409584473	1000136942
8362412	1000097919
328788722	1000069878
20290224	1000093352
177374415	1000007935
29338157	1000093352
3440421	1000089935
317568415	1000012989
372917532	1000036513
24004172	1000127542
260389485	1000093352
82301437	1000093352
25781829	1000093352
39547783	1000127542
110068189	1000004425
7373292	1000125401
15290441	1000063581
62609430	1000012989
31179985	1000093352
259304458	1000010058
15302021	1000050296
35030520	1000150747
23216821	1000084070
2841151	1000106172
29699350	1000093352
24799500	1000093352
137982546	1000093352
21888696	1000085710
8623332	1000003215
48648511	1000151931
14740784	1000081923
406261305	1000146593
12217962	1000025367
204472178	1000093352
14342018	1000040143
223840932	1000093352
17659992	1000014620
231931886	1000040673
192899955	1000126853
34145908	1000082654
261853955	1000050839
174497602	1000022127
14133447	1000133883
336163417	1000072467
14803740	1000126853
104352067	1000127542
135020073	1000068188
112585481	1000093352
14431901	1000064859
52070270	1000064336
16708690	1000103861
138986189	1000040673
87144497	1000038607
17167771	1000093352
72379836	1000152225
23406617	1000121722
6095	1000077987
10877	1000083032
27488658	1000123069
18982840	1000030948
387114774	1000111073
247126821	1000050839
18518105	1000106169
9695312	1000057386
125159561	1000038523
18368859	1000136143
23082430	1000077428
18978727	1000008197
168796094	1000012989
116407905	1000153435
17243213	1000105979
43342490	1000108272
18646108	1000064336
146984012	1000088424
3427041	1000128167
14672552	1000110460
138336216	1000077987
316892154	1000085710
60384652	1000073150
10798802	1000150311
75749026	1000038523
78034746	1000080542
326992164	1000093352
18826638	1000125029
14191080	1000141832
322711543	1000042757
15958614	1000076315
17829198	1000014620
34843334	1000133955
52541140	1000093352
260438170	1000052720
19344610	1000123069
280629993	1000113196
127480942	1000103861
104070525	1000131298
90072587	1000050296
19868934	1000108015
26269732	1000107031
5631612	1000009966
230942182	1000007935
61419647	1000068188
35746423	1000112272
24542441	1000088424
143844868	1000045952
210629704	1000093352
4113261	1000000755
22705686	1000012989
138737040	1000152225
18634336	1000017583
233668983	1000039935
17513533	1000059449
80048966	1000076586
11336782	1000020312
39327448	1000110065
16867505	1000133380
46889274	1000157002
26453558	1000062227
286474054	1000152225
7966682	1000088424
15221950	1000084070
242013901	1000075456
14836690	1000057386
97723803	1000133955
38412700	1000133955
15647839	1000020312
49105052	1000007935
41585752	1000108015
8346982	1000081923
211308151	1000098898
18791048	1000062292
18035682	1000067510
40294685	1000109076
21436960	1000044218
118847783	1000069878
17819033	1000148350
531574750	1000061885
268035072	1000126697
23153736	1000059652
16908436	1000133955
87821661	1000113196
91549820	1000136064
201143849	1000108015
9463382	1000121497
184096187	1000068032
109423594	1000143021
14993946	1000067510
7801032	1000127542
69718702	1000057386
34543	1000029052
313519972	1000088424
15670515	1000031768
25791837	1000077428
15165493	1000121722
176519106	1000006831
18716999	1000069320
799212	1000121497
280198265	1000080672
20252855	1000064336
4833	1000121497
25891270	1000008588
31390488	1000126853
9508922	1000060345
16966162	1000032910
37972286	1000050296
14650791	1000044218
45904217	1000093352
15931491	1000093352
22648737	1000057386
17092592	1000125029
4377741	1000126853
332578378	1000132419
12266272	1000093352
27795930	1000045721
24252790	1000084070
97319539	1000012989
215818525	1000017070
36001938	1000113490
255343133	1000108015
73249932	1000093352
17872613	1000061885
299926425	1000018342
17034634	1000031768
311657687	1000131298
14789630	1000065984
5654712	1000061885
22521914	1000044218
348093124	1000012989
15419017	1000050296
398496984	1000044218
165436952	1000153186
284902203	1000010058
94015906	1000044218
14499829	1000148350
15455666	1000149326
115018983	1000021310
135895585	1000116187
19778239	1000008197
21237766	1000088424
7826472	1000029538
14362294	1000152426
28215110	1000123323
20166278	1000097372
102346584	1000061594
156427983	1000041744
22460658	1000084136
58462957	1000113196
138222497	1000088424
21523946	1000133955
54381214	1000028468
356453014	1000012989
345475302	1000010058
224811713	1000063808
3549531	1000093352
141505719	1000076878
12389692	1000153119
200247298	1000108015
61627015	1000110936
31949053	1000093352
6566632	1000096562
270515691	1000015664
168981281	1000050839
19830262	1000025367
16570302	1000066091
37130972	1000006151
15086116	1000133380
236548318	1000045574
96483973	1000032910
486366544	1000080877
23664028	1000093352
21436558	1000017070
14515799	1000064336
239096587	1000063808
72245548	1000007935
24290627	1000093352
14416552	1000093352
43124446	1000064336
7632	1000093352
14207863	1000044218
53474481	1000056042
217550112	1000083287
21112249	1000061885
11922692	1000093352
17471613	1000126853
122438932	1000085710
15445828	1000123323
15484502	1000081923
25007375	1000078575
21816902	1000156481
52011821	1000100703
216625028	1000017213
16024323	1000119508
30706978	1000061479
17679043	1000065984
142356330	1000059449
4239051	1000014620
15345111	1000093352
15897465	1000107951
13382652	1000033451
221841481	1000073150
175172450	1000055679
636923	1000065984
35764757	1000070604
32102005	1000067510
16857707	1000044218
221514083	1000063581
96016965	1000108015
143568410	1000072177
30296193	1000052720
14154640	1000038947
38228385	1000124307
216865677	1000050296
18101891	1000149326
238163556	1000125788
39839316	1000113196
16874037	1000093352
41270714	1000149293
94367969	1000088424
28076891	1000103861
33998183	1000106169
326620473	1000150311
16069493	1000093352
265826106	1000089994
17879241	1000090310
137454693	1000106169
116729192	1000043496
5868662	1000061030
355185613	1000100703
318967677	1000033451
113806705	1000014620
17239694	1000093352
21611239	1000056851
11794902	1000061030
101917758	1000131926
27832575	1000029052
199389614	1000017070
15284002	1000133380
158506294	1000089221
281141673	1000108015
526403470	1000126697
15919138	1000093352
6129072	1000075141
24203500	1000105979
159496255	1000071459
25068332	1000079665
16231417	1000121722
14335144	1000100703
284908506	1000078072
15009761	1000078072
430172427	1000001121
236801288	1000063808
340601420	1000143021
28129848	1000067782
85847902	1000088648
268551780	1000042420
19091342	1000123766
343797833	1000078072
21960698	1000108015
54018902	1000100703
14208982	1000044218
56348005	1000074638
14771973	1000141832
20681651	1000093352
398210739	1000000755
20266076	1000088424
19441802	1000108015
213849301	1000105979
17446277	1000019964
243293725	1000056042
312264227	1000027223
15402623	1000121722
16119772	1000124483
23137747	1000108015
48293859	1000106106
67464471	1000133883
320892332	1000032910
16219871	1000108015
235092080	1000136143
386682823	1000050839
15649735	1000030200
36637476	1000134896
30309979	1000044379
282223232	1000012989
89820928	1000064336
11621822	1000082654
18657460	1000059350
225444667	1000153186
217566245	1000012989
191467300	1000061030
103524387	1000067510
123702913	1000093352
171649753	1000010058
309252941	1000084070
18272435	1000093352
14885693	1000061749
326371495	1000020517
8479062	1000076315
250590425	1000093352
14618160	1000044218
231941885	1000004465
262275490	1000142679
38690166	1000025539
49414383	1000026597
82963512	1000142679
74550725	1000059068
8150082	1000123766
21134235	1000028468
25461274	1000093352
482583348	1000040673
16991717	1000093352
14874619	1000108015
388006347	1000112646
111345951	1000088648
107936403	1000033757
13382652	1000042757
504661025	1000153956
342265754	1000040311
42639788	1000093352
23095837	1000093352
14377838	1000133380
115199760	1000066091
18261013	1000093352
37899236	1000002536
115135027	1000093352
73036360	1000084691
15295809	1000093352
128838237	1000014188
54300251	1000044218
21396104	1000006431
22586386	1000133883
35258257	1000080542
168462348	1000147097
38824382	1000126697
33644693	1000113196
31407587	1000030209
21268897	1000064336
74772315	1000093352
120549660	1000095179
22205493	1000093352
21066262	1000093352
19019478	1000088424
16249596	1000077987
26021668	1000093352
15091003	1000044218
28732282	1000133883
163838883	1000035993
37264053	1000122683
137419464	1000126113
161476795	1000130866
53193754	1000126113
19630454	1000055742
11837232	1000093352
242495431	1000032910
260180382	1000000755
35597599	1000134896
164722405	1000084070
92306628	1000073095
351141064	1000001121
1157651	1000038947
41747765	1000093352
1134701	1000032910
78944566	1000067510
15469043	1000133380
1128141	1000040261
42096654	1000044218
6810832	1000121497
756379	1000097372
11937352	1000061030
14935647	1000069878
100426079	1000089994
79135853	1000126697
16434221	1000108015
682463	1000077902
25416468	1000035790
73992972	1000105979
137089291	1000010822
131281000	1000116187
15351100	1000044368
27437523	1000129529
172011861	1000089460
107891768	1000041989
927061	1000093352
62613155	1000012989
21386341	1000076878
14270527	1000088424
28412286	1000113196
15484063	1000056851
18949240	1000153119
238795636	1000088424
160522286	1000136131
48731639	1000059063
15650816	1000070604
56542313	1000093352
300333849	1000017070
270372236	1000123766
368429568	1000149326
193073314	1000016361
28737365	1000044218
14720196	1000093352
27978241	1000044218
16089052	1000018342
21683408	1000088424
1097161	1000143605
33683236	1000105868
17857716	1000088424
57420624	1000049796
1808381	1000044218
88340943	1000133883
52405864	1000127542
54890813	1000113196
275190771	1000010130
18791763	1000064336
326031248	1000012937
21637624	1000088424
170371063	1000050927
14648265	1000020312
151545607	1000060084
20578176	1000157264
12570812	1000061030
49459232	1000108015
81401251	1000128167
54680395	1000093352
14065819	1000025575
407769660	1000014620
48458575	1000037195
247461127	1000088424
22498621	1000093408
18327902	1000078072
212321528	1000017070
139400870	1000041109
217956869	1000035993
16661296	1000093352
11811992	1000093352
309808270	1000151931
41226089	1000127542
195674804	1000129760
14191945	1000076315
53788830	1000054891
17157774	1000093352
175535957	1000064336
94263555	1000014620
2475171	1000153435
18675582	1000088091
19029544	1000069878
101782947	1000001489
69506097	1000062227
32381348	1000088648
23959074	1000044218
385845185	1000012989
284071322	1000003069
46685074	1000038904
31353077	1000032910
236840136	1000085710
60451948	1000149293
70435204	1000064336
260281892	1000012989
8966452	1000014620
71383220	1000088424
8955702	1000093352
45732435	1000037801
93714345	1000126697
35853096	1000119508
23942354	1000088424
40885516	1000014620
27947069	1000157344
131031879	1000017213
269485905	1000083287
6165372	1000093352
38044217	1000119954
6666312	1000153435
8240912	1000045123
382370111	1000001121
19596074	1000003069
68099208	1000012989
8695932	1000107920
85308236	1000093352
93516421	1000032910
286012612	1000012989
36700554	1000042757
177002366	1000069878
12833212	1000108015
348503880	1000108015
15117984	1000121722
46097093	1000132097
18193572	1000093352
18148466	1000108015
312937997	1000088424
427590568	1000012989
318826335	1000069878
13473852	1000093352
270398460	1000050296
246493616	1000010822
137610870	1000107691
37555491	1000124483
195777968	1000142679
27724771	1000044218
14534060	1000093352
14855909	1000044218
421694439	1000093352
322938719	1000104462
104517739	1000044218
282282694	1000148350
14680381	1000123323
13385712	1000014620
204759632	1000077428
95684897	1000059063
128260873	1000132657
14355610	1000127542
14229096	1000110460
70876989	1000123489
43821761	1000154910
31037985	1000069878
6070762	1000077902
193968620	1000150024
191133220	1000000755
20220400	1000044218
533394907	1000042420
13598262	1000083678
20351289	1000007059
54922636	1000050296
16919603	1000133380
7233772	1000093352
14622632	1000095203
148900525	1000131247
196386514	1000085710
29233377	1000032910
93950835	1000142679
341581739	1000002498
103673070	1000098265
219115830	1000093352
18159633	1000093352
14573745	1000147097
191897977	1000099691
17141291	1000088648
22721166	1000032910
20608910	1000064336
259963031	1000088424
415124451	1000140943
79879425	1000006673
131350078	1000012989
1496911	1000075291
14223244	1000044218
18710889	1000088424
339149742	1000069878
22046728	1000153674
119511875	1000063581
2890961	1000108015
198392036	1000033521
35773039	1000108015
103386775	1000131247
30072713	1000041667
545020142	1000100703
177360312	1000050296
266008957	1000108015
34823252	1000059449
57425153	1000012989
188407116	1000127971
16158636	1000077987
8447352	1000036822
17967675	1000106169
22620340	1000093352
29247839	1000066091
219076100	1000136143
272786285	1000093352
145823923	1000077902
19541375	1000064336
14069394	1000093352
33657625	1000000755
60036306	1000112646
221198749	1000029688
470500538	1000012989
12193342	1000093352
143068013	1000080542
405954273	1000149981
77816776	1000099818
86998735	1000041989
113962639	1000149328
5658692	1000142679
15931605	1000003226
196843248	1000093352
21834510	1000078072
16637549	1000044218
14389658	1000057386
197867309	1000093352
41073645	1000055858
55794552	1000014620
33987128	1000093352
36302234	1000133955
816214	1000040238
128759684	1000007935
42995349	1000137225
417892283	1000044218
15368404	1000080430
82730256	1000090310
14435073	1000148350
14463927	1000152437
2860701	1000093352
68356237	1000066091
74693487	1000054693
109127449	1000085710
47569242	1000077987
3829151	1000097805
30231735	1000100703
5642502	1000014620
479816150	1000059217
185971549	1000129760
18104287	1000133955
143404829	1000070662
17850816	1000093352
265810013	1000089994
15815339	1000093352
17613157	1000050853
144835481	1000044218
72814599	1000148350
2020351	1000076315
46699399	1000036900
28769894	1000093352
165188650	1000093170
168462348	1000118495
181541824	1000147097
105932849	1000133955
193825756	1000093408
184986169	1000127542
14080429	1000133955
116241264	1000075456
249835030	1000108015
41495074	1000017070
116203461	1000093352
15933346	1000093352
34940839	1000057386
16409683	1000149326
13460312	1000093352
328193320	1000055409
347376996	1000040673
44873222	1000088424
2230871	1000141641
22850930	1000085710
389171421	1000108015
10268302	1000133955
322678507	1000126853
41721520	1000093352
66905823	1000007935
168930894	1000108015
15647595	1000050853
26315586	1000059449
222013185	1000093352
173314992	1000138055
15187983	1000066644
18794888	1000041667
8362412	1000078072
1628691	1000078072
14467421	1000155364
342977848	1000157002
56834816	1000067510
36999437	1000093352
28201743	1000057386
310631985	1000069878
24427682	1000061030
101775511	1000037497
288231953	1000018518
199124129	1000149293
14876672	1000133955
76761165	1000099818
14342951	1000067782
58291529	1000093352
63161923	1000044218
24583	1000147464
77007853	1000070846
452305265	1000157002
9389142	1000014620
52216611	1000088424
17837984	1000051483
23116280	1000044218
327037969	1000033050
199039532	1000024075
148733376	1000129647
213626039	1000098399
668243	1000065984
469357690	1000069878
288118470	1000110460
113491777	1000098647
345475302	1000012989
295993107	1000126853
100286635	1000086694
5541152	1000093352
73446048	1000012989
23124085	1000093352
14446902	1000067782
64824726	1000069878
22165675	1000059217
21320510	1000040261
187341493	1000081923
34484725	1000108015
50665193	1000006831
2521991	1000020312
7212882	1000126697
1385211	1000136475
143922560	1000061885
386161471	1000116187
36724802	1000093352
7015112	1000142679
61640711	1000108015
22492232	1000077987
415711683	1000012989
12118882	1000072467
98591908	1000088424
224349882	1000056002
55795410	1000014620
178095983	1000044218
532880342	1000061030
140925207	1000108015
82991845	1000012989
13326872	1000061885
156276767	1000116187
143950772	1000085710
332776340	1000088424
26744267	1000042897
75496180	1000058672
177433598	1000050296
388669062	1000012989
48788647	1000129647
94958147	1000071611
2308191	1000067343
304063073	1000097730
15433739	1000133380
36198161	1000127542
10202412	1000005783
228780430	1000088192
55045856	1000000755
157218534	1000050839
98579093	1000057386
15995577	1000108015
15012705	1000067782
389351403	1000032910
18898232	1000092164
18214171	1000044368
337945864	1000126697
17689928	1000108015
20899023	1000017070
28089082	1000052720
7583152	1000108015
106419866	1000097919
282198216	1000030195
5803052	1000085710
17222954	1000017070
633483	1000133955
27772095	1000032910
61586751	1000131926
239141315	1000085710
16063991	1000093352
265019730	1000012989
132709317	1000138055
66652552	1000042757
437520768	1000126697
148181878	1000150982
14645160	1000133380
242054573	1000150747
50535198	1000154910
14915187	1000093352
118820259	1000069878
94881967	1000050296
66499322	1000085710
340387460	1000093352
15418248	1000093352
104540083	1000042757
162044457	1000037801
82730256	1000053926
72646886	1000133955
172397400	1000050839
20437286	1000080430
11446092	1000014620
20266076	1000088648
15269055	1000006151
13132932	1000036822
21801911	1000088424
142486136	1000052720
116308543	1000014620
13691782	1000044218
168101329	1000061030
19248117	1000025810
38270929	1000133883
16212685	1000111673
19338615	1000100703
117759812	1000153674
14622630	1000093352
50360181	1000152437
15123332	1000093352
37267983	1000066415
19188848	1000061885
54971112	1000089935
101612292	1000059063
39254008	1000088648
29593722	1000093352
299370086	1000108015
39588192	1000108015
288711080	1000103629
15709700	1000000755
123193555	1000118495
67432456	1000058672
17216468	1000152225
326621596	1000150311
357750891	1000096562
482583348	1000085710
48236235	1000126853
79005580	1000030209
23138959	1000008197
18544639	1000114248
322903190	1000121722
7885972	1000057386
25106800	1000136143
54307612	1000022127
17402697	1000093352
18291786	1000088424
87321877	1000093352
56258810	1000130866
25007375	1000113196
36142704	1000046950
16744475	1000123230
823129	1000121497
23822236	1000093352
36749860	1000123323
40354813	1000129479
14091509	1000093352
35324363	1000090310
512896378	1000036833
240179326	1000050296
65064975	1000064336
14709855	1000127542
4310571	1000093352
3888351	1000017070
30133784	1000055821
51951241	1000071860
169693203	1000103487
311752077	1000007935
7874622	1000127542
74796174	1000041667
16877611	1000013549
398916768	1000126853
16625144	1000072467
152435436	1000047621
42427518	1000088424
18301678	1000068019
113470669	1000103861
261047860	1000153186
348459240	1000076315
14326788	1000108015
122871303	1000077987
216126534	1000133955
8596922	1000050296
102894573	1000108015
28966105	1000068188
119834984	1000069878
16469647	1000044218
15006779	1000078072
183814521	1000044218
494479144	1000012989
14046322	1000044218
134363864	1000093352
20050520	1000134896
16246081	1000093352
19603370	1000069878
53476679	1000103629
16029491	1000093352
15386611	1000064336
110517297	1000079287
65356121	1000061030
238647109	1000092386
94640583	1000031801
295368995	1000050296
36620039	1000088424
18852278	1000148350
95048311	1000066415
18545675	1000057386
449336156	1000045685
16744984	1000123323
126067398	1000050296
16747332	1000057386
98189654	1000060084
13176312	1000121722
148136753	1000050839
324655209	1000061885
19028980	1000007688
68367195	1000126697
15354351	1000032910
115927837	1000074638
141701306	1000012989
14870178	1000015664
355981071	1000079079
15454228	1000093352
50393960	1000148350
132875573	1000040311
15293735	1000106169
27661959	1000093352
119165547	1000088424
16888233	1000057386
15028114	1000022127
128957132	1000067510
19399719	1000050361
14325247	1000065984
15581082	1000093352
15407699	1000133883
7428362	1000138852
11680312	1000074653
14956545	1000093352
20283403	1000093352
24000067	1000093352
9406452	1000133955
36292086	1000123766
8329582	1000011005
171937479	1000150982
15438914	1000126697
404359675	1000050839
20114488	1000093352
14173190	1000083032
14417969	1000093352
11784842	1000081923
42967256	1000088424
180066380	1000000755
30598599	1000021921
187711389	1000136143
357647590	1000148350
14944566	1000050296
27412774	1000031801
37601149	1000074653
13820672	1000061885
17736256	1000094170
88763317	1000017070
18922581	1000136143
391079535	1000092386
18301663	1000136143
115710614	1000050880
15691808	1000133380
191467300	1000143359
10697232	1000025367
24530836	1000113196
120549660	1000157002
735983	1000093352
19332295	1000153435
195820818	1000000315
180177997	1000085710
180514648	1000145765
103975904	1000069878
145472611	1000150311
14590081	1000133380
195848512	1000133380
153674101	1000013004
111777598	1000050296
59932191	1000012989
26362236	1000124307
14498549	1000133883
17028313	1000069878
14616067	1000020312
20166278	1000093352
104489671	1000086936
262764726	1000050839
112863451	1000044218
23156823	1000046057
14114985	1000031768
86744695	1000013346
60699157	1000071459
39607844	1000121722
49140953	1000105868
23699065	1000115722
32177437	1000045123
274091885	1000123323
20728561	1000061479
90169053	1000131298
22997147	1000127542
23216821	1000050296
284993948	1000151024
20490561	1000108015
18087370	1000100904
31477674	1000127542
207794337	1000032910
14994544	1000057386
169219162	1000069878
534449604	1000081923
43036229	1000150982
20910930	1000093352
96808001	1000044218
39511166	1000148350
100426079	1000075456
123684709	1000050839
39967462	1000017070
26033920	1000127542
9201992	1000061885
33288123	1000157002
164453793	1000088091
35018926	1000119508
26453786	1000093352
14434495	1000088648
6416652	1000154226
93579404	1000056851
92123276	1000012989
36683668	1000148350
49017681	1000126853
186398060	1000069878
19916572	1000042757
420271778	1000001121
59204932	1000106169
23839352	1000127542
107492933	1000059193
25026165	1000007935
19272669	1000093352
16304817	1000020312
76855088	1000127787
296561059	1000059449
157838902	1000133883
193929402	1000061430
144835481	1000126697
39830661	1000147097
294381130	1000152225
176320780	1000079287
14585581	1000028468
51536547	1000029232
259482703	1000012989
9026642	1000133955
14807093	1000050296
16536180	1000066091
72078055	1000080542
177471447	1000050296
21664207	1000093352
38201262	1000002536
93904918	1000032910
61583656	1000106169
15939644	1000108015
380877574	1000093352
18183592	1000108015
16183380	1000000755
25784423	1000115722
24800122	1000064336
171401725	1000088424
19101284	1000141832
129091245	1000133883
25562113	1000020312
46957423	1000059193
56352243	1000133955
15013234	1000044218
64423563	1000093352
173480756	1000090310
47041310	1000032910
1827071	1000048620
15644999	1000131247
22211521	1000130866
13336492	1000126853
236447296	1000150024
19660045	1000093352
18952429	1000129529
48714968	1000147097
111961058	1000088648
14103062	1000020312
14946893	1000084070
14610469	1000084070
108508328	1000129647
17675120	1000145736
23488288	1000066644
47611626	1000106106
223978695	1000131247
49756585	1000056002
26029878	1000150450
15449147	1000078072
318336831	1000069363
37730316	1000062614
124258711	1000138051
343233796	1000012989
107377990	1000044218
465109417	1000093352
202628418	1000093352
198941747	1000050296
72757108	1000093352
31091750	1000038607
73984919	1000063808
151360659	1000147097
194391047	1000121722
105220344	1000148350
18943752	1000000755
28459102	1000141743
37788669	1000063713
136373285	1000022127
61608800	1000063808
16303393	1000093352
67427757	1000067782
81583141	1000093352
17779806	1000124406
34350419	1000133762
109930226	1000054891
66791268	1000088648
29982501	1000150450
18181487	1000106172
345702169	1000001121
16012504	1000007094
81490134	1000012989
80681990	1000148350
118943387	1000154910
153875902	1000108015
161627772	1000108015
858071	1000093352
20572883	1000117877
817386	1000076315
21575175	1000034467
300489295	1000148350
18342947	1000093352
26871300	1000014620
164645449	1000033838
31390488	1000098647
29758446	1000088424
5935732	1000041667
106333951	1000040238
235219400	1000106169
269489548	1000014620
784912	1000065984
125996244	1000082108
82424936	1000088424
10131762	1000153435
371640612	1000063808
17623957	1000093352
16371487	1000041667
90521461	1000021966
7744592	1000064336
6376372	1000020312
15947648	1000133883
164803052	1000012989
187371384	1000012989
16905329	1000080542
14721658	1000084070
27272199	1000093352
39680464	1000143359
21061498	1000063581
143116093	1000077902
24731072	1000080542
30704824	1000113196
16163300	1000125308
18487299	1000108015
34739408	1000057386
97027664	1000006151
15045318	1000093352
151545607	1000099691
5877292	1000077902
14536491	1000012989
38224899	1000080672
22585445	1000069878
76420529	1000106169
439788025	1000100703
297234798	1000033050
232348338	1000153186
77306913	1000157264
44130462	1000061885
14065819	1000093352
7858982	1000065984
315717480	1000076878
177478817	1000050296
20379995	1000139563
71354375	1000098265
242498103	1000085710
254839786	1000063808
20712305	1000125788
17445959	1000093352
14529724	1000006151
200291506	1000060435
11856892	1000064336
56819939	1000013346
135717713	1000055316
252561592	1000093352
75749026	1000059063
23480722	1000029211
66352917	1000093352
28677931	1000098647
15658980	1000085408
14446419	1000088648
124441715	1000093352
24216951	1000016104
4432431	1000148350
119593082	1000013549
211547273	1000044218
16536183	1000071336
216548653	1000044218
19790861	1000127542
135552009	1000071611
19555096	1000085710
55374931	1000093352
18497302	1000045685
41790706	1000093352
204140367	1000153186
115018983	1000044218
67234124	1000012989
3749371	1000106172
18939033	1000132978
2523231	1000027223
232294292	1000131298
21441615	1000093352
37992666	1000066091
14815732	1000093352
62453394	1000014620
8792232	1000076878
123397693	1000124406
150080083	1000137225
5539522	1000014620
49623615	1000144244
8839632	1000064336
21556678	1000093352
17132617	1000065317
101782947	1000072177
33595881	1000093352
8558562	1000121722
256583483	1000005783
14609434	1000096562
44409315	1000127542
14412533	1000064336
124526789	1000147097
221573745	1000042420
43390066	1000136064
181196737	1000059193
14438063	1000133380
89018859	1000133883
15417293	1000093352
425404298	1000149044
270936497	1000084069
63747014	1000012565
23958317	1000064336
116980511	1000029688
14889964	1000069878
14637113	1000093352
21089219	1000113196
20846868	1000093352
150025021	1000076878
277295851	1000050296
177469809	1000050296
39131129	1000057386
41247258	1000024221
18480751	1000025810
38232487	1000088648
25579029	1000063713
14358209	1000061885
34379718	1000093408
386189099	1000050839
3230521	1000133955
304124717	1000012989
349604022	1000044218
239914121	1000032910
177932251	1000023542
37614098	1000080542
6537492	1000061030
26910683	1000129834
20469167	1000121497
102215999	1000154572
135045839	1000147097
4197051	1000117877
18576277	1000133955
27695964	1000080542
411357780	1000126697
23235056	1000149326
17224642	1000127542
5120691	1000139592
119288992	1000044218
385606113	1000007935
16648247	1000141832
5520332	1000016758
18628082	1000127542
555118148	1000018342
111268117	1000050839
72078055	1000093352
475134373	1000097919
22472008	1000141743
18958668	1000088648
157026447	1000055316
69281027	1000108015
29965737	1000044218
6166932	1000093352
18428353	1000044218
24190981	1000050361
17065050	1000125103
15109436	1000044218
14904652	1000093352
237845487	1000079263
15722647	1000022127
27394027	1000108015
43790864	1000041667
14265995	1000093352
110624323	1000028468
109390923	1000132657
249165540	1000126697
14388022	1000133955
271224667	1000001121
439262248	1000001121
99885625	1000012989
20215277	1000047621
320766727	1000088424
107145119	1000040673
297166458	1000012989
302374422	1000153119
18158267	1000032910
19923638	1000016104
38366272	1000029863
48370736	1000088648
9389812	1000030459
15829144	1000152437
285930225	1000012989
14722311	1000095501
51211899	1000068032
16891479	1000061749
14546396	1000093352
3228691	1000064336
213001559	1000012989
1072591	1000127542
59811802	1000067339
54384394	1000105868
139162440	1000014620
58379000	1000028629
16896496	1000069878
270936497	1000063808
129446245	1000020312
177081090	1000050296
313659037	1000012989
41265813	1000057386
19209687	1000149293
208064959	1000130607
153245741	1000054693
57466954	1000064336
3952791	1000046039
481439919	1000098265
25609804	1000143359
57284417	1000093352
64852973	1000028468
341581739	1000089221
62593760	1000136143
18315664	1000093352
18834389	1000061030
20897055	1000136143
6519522	1000148350
272521291	1000012989
15026162	1000133955
14079781	1000112772
237748700	1000088648
234444257	1000149868
351225849	1000125103
64931560	1000006151
85658777	1000050543
274663230	1000044218
42253637	1000157002
38191144	1000044218
17469375	1000096562
554636622	1000063808
14246001	1000064336
239253198	1000043496
16651072	1000088424
18359862	1000093352
21341573	1000041667
16172991	1000064336
45669119	1000103674
52768208	1000044218
90021519	1000113196
14344845	1000093352
361396896	1000127542
127211957	1000059063
14075571	1000114248
14179098	1000050296
17539739	1000093352
14187717	1000093352
18484733	1000108015
293124854	1000105979
242447706	1000093352
19930345	1000093352
60201129	1000039543
116975451	1000125029
17326805	1000017070
351564837	1000131298
18144857	1000041024
138536779	1000126697
115701937	1000093170
60968363	1000106172
4044361	1000020312
314882376	1000157002
14204335	1000050296
29541278	1000022127
130155510	1000017070
31366138	1000064801
14458660	1000121722
23595586	1000022127
14424667	1000088424
7738402	1000121497
15947277	1000121722
352534407	1000039935
14485579	1000131247
40981798	1000114386
309793898	1000080542
25529018	1000066415
35421350	1000154572
1797531	1000133955
306005773	1000126113
65547400	1000093352
109659449	1000106169
381666165	1000010058
73874988	1000012937
87725109	1000029646
15571729	1000095501
275386256	1000108015
14996995	1000050296
284098324	1000036309
355044643	1000123489
7209642	1000093352
363575143	1000044218
34239340	1000025539
61206610	1000093352
17843175	1000033838
107571996	1000021966
40840397	1000138796
11628	1000093352
542737405	1000032910
23480722	1000038607
381666165	1000012989
24038569	1000050839
450952913	1000099691
71387848	1000138291
107568836	1000110936
269247938	1000044218
19223962	1000059981
35692268	1000083678
19639085	1000093352
198684338	1000115646
39069544	1000093352
647223	1000093796
33235951	1000093352
67433300	1000008197
15620292	1000133955
42495940	1000085710
7888452	1000084070
27941766	1000097919
12109952	1000139089
42076539	1000088424
281234028	1000012989
16662956	1000097919
20425367	1000080542
25007375	1000118313
5915332	1000056042
222261763	1000099691
9636632	1000093352
59018016	1000119508
113548586	1000050839
158526208	1000032910
82507547	1000081726
22022795	1000093352
77007853	1000093352
27627224	1000002683
342151431	1000132097
20583452	1000147097
25787929	1000007935
499029727	1000012989
279103427	1000000755
16493728	1000093352
21409122	1000093352
27306095	1000093352
58963156	1000136475
148112305	1000127542
17703717	1000029232
14178883	1000061885
17692330	1000068188
31676365	1000014594
15884850	1000093352
41894068	1000113196
325203020	1000069415
7304702	1000014620
193990550	1000032910
271037929	1000149868
175462913	1000023542
19940791	1000123766
20489648	1000025058
314131635	1000016361
75887588	1000073095
97499658	1000009994
17041577	1000093352
9638882	1000050296
58291921	1000088151
46319532	1000044218
272631527	1000129834
16570302	1000093352
81216996	1000032910
15758488	1000121722
22997147	1000000755
62336571	1000093352
4197051	1000075141
5623612	1000029688
15604078	1000042897
20274104	1000088648
22011004	1000061885
9395832	1000097805
22323452	1000078072
15018214	1000078072
287977299	1000086324
43412421	1000006431
74229727	1000093796
7879972	1000093352
133127960	1000088151
10481072	1000077987
36380242	1000093352
282733465	1000012989
146569971	1000148350
41283598	1000116187
16954909	1000081726
15220336	1000003215
19694673	1000071648
25971349	1000150311
31767699	1000088424
86246470	1000108015
15864197	1000040739
13693032	1000108015
241205343	1000133955
21879024	1000029211
15741919	1000126697
115216851	1000127787
14396204	1000093352
522594383	1000022799
390947575	1000093408
756379	1000093352
15934926	1000103674
10090902	1000093352
2717891	1000093352
123083228	1000056042
167969328	1000050839
22845770	1000044218
39485994	1000093352
50004191	1000021310
212366734	1000012989
42718838	1000089460
87969079	1000014620
29518331	1000133955
4804281	1000093352
19239943	1000093352
15378805	1000106169
19530289	1000131247
10099582	1000014620
21703552	1000014620
18329546	1000143021
107156410	1000029383
51092346	1000138051
12595712	1000108015
279372337	1000098399
113461921	1000050927
535016795	1000147097
510503908	1000080430
19208457	1000026259
353665909	1000044218
25566593	1000141832
216527594	1000008020
94130182	1000061030
197177555	1000000755
294793387	1000111073
82283114	1000093352
29100243	1000064336
173623300	1000002498
16424589	1000093352
41004877	1000149115
13994032	1000097805
12668332	1000093352
20011697	1000017430
803883	1000126853
50656879	1000000755
133379712	1000148350
232006900	1000127542
214573630	1000093352
105310392	1000136143
20466609	1000093352
16830572	1000061885
109864747	1000093352
82507674	1000050296
396165937	1000009994
59709745	1000013346
26033281	1000113196
191613738	1000060345
218523764	1000057386
98535426	1000050296
877421	1000044924
42692848	1000057674
27271615	1000068188
286471885	1000032910
50037051	1000032910
36183	1000127787
101229118	1000088424
51912787	1000077902
21611058	1000110936
4081171	1000149115
14627322	1000093352
61818316	1000045574
36465626	1000093352
323896067	1000136143
28719244	1000012989
45083481	1000056042
10813822	1000008197
49860148	1000004465
16966832	1000069415
6632012	1000133955
20658373	1000044218
257145979	1000093352
14831031	1000056851
61436635	1000147097
242024994	1000127542
259230656	1000152225
18020081	1000064336
45316516	1000017070
335860992	1000061594
155976326	1000069878
141598384	1000113196
447688115	1000063808
59624844	1000113196
320766727	1000108015
193033119	1000012989
74759560	1000000755
557330074	1000063808
19595909	1000093352
52948662	1000044218
15220768	1000131247
15506590	1000093352
21792170	1000051483
114252159	1000085710
30630104	1000068188
51172935	1000057242
391561256	1000152225
637763	1000152792
45741118	1000108015
3820911	1000133380
102711866	1000103487
354607164	1000036833
436187252	1000093352
19549787	1000093796
396165937	1000025927
60591163	1000093352
27976258	1000109076
169805655	1000125103
16191793	1000142679
19653925	1000044218
64543	1000108015
78813	1000020312
82938293	1000032910
20018109	1000025575
334510006	1000065180
485020879	1000080542
15870043	1000048080
6076432	1000127542
56891751	1000133762
15839551	1000127542
255165846	1000131298
13018112	1000113196
18946982	1000085408
112150907	1000049796
20259508	1000014594
122381821	1000127542
9026642	1000064801
15083606	1000017070
41726079	1000032910
334820220	1000069878
22020453	1000034164
49410117	1000064336
66431262	1000093408
21915666	1000062292
15272784	1000133883
82375443	1000093352
49846421	1000127971
14177869	1000153119
14462724	1000093352
7280402	1000094001
16619988	1000061885
144040563	1000069878
53164682	1000132097
113381165	1000126697
223226099	1000129834
20101482	1000041667
14857809	1000044218
63145571	1000042757
359749285	1000072467
367443729	1000121352
71037361	1000085710
17401717	1000119954
194179246	1000125308
45862693	1000127542
49126146	1000124406
20680765	1000093352
86734680	1000017070
6085372	1000069878
14653270	1000093796
199982447	1000045952
2589661	1000106172
194279754	1000108015
278090672	1000100703
21208444	1000050361
357050995	1000093352
18780966	1000057674
37077041	1000045574
55648693	1000073150
131319392	1000069878
336608394	1000093352
156651075	1000045574
358346423	1000090310
66175701	1000012565
15647676	1000098265
159454866	1000042897
86572842	1000067510
7125712	1000127787
12137412	1000133955
91041006	1000079287
15477919	1000020312
19120874	1000093352
6281792	1000139089
380795101	1000088648
161788974	1000032910
14278964	1000020312
21735888	1000021966
541158674	1000044218
14104934	1000020001
189816541	1000032910
15097618	1000108015
14295896	1000108015
62776570	1000039291
15109840	1000132978
1808381	1000030195
780459	1000097805
348186605	1000121352
252791673	1000012989
239550644	1000093352
232574324	1000029383
16633144	1000028468
38232487	1000149326
7921292	1000006431
103431502	1000069738
18338485	1000151931
92123276	1000055409
25203129	1000093352
73249932	1000093796
17448186	1000093352
287606283	1000036309
17586128	1000142679
104694228	1000093352
59005241	1000012989
16033621	1000006151
18063340	1000065317
38515515	1000069878
10940912	1000041667
21134235	1000059652
18368859	1000067343
25740519	1000037195
120209974	1000090001
33857149	1000093352
18615823	1000093352
14195122	1000155364
20801235	1000000755
174086705	1000065317
21378183	1000056042
17296523	1000085710
24861778	1000093352
14836915	1000154226
90959399	1000017070
138527390	1000042897
39718594	1000012937
240555189	1000133883
58489734	1000003215
129716643	1000079287
9549022	1000119508
188035912	1000088648
89041913	1000093352
236827933	1000140943
410344566	1000099691
17974455	1000080430
161372707	1000075987
117177522	1000093352
54918110	1000127542
174889139	1000111673
19292133	1000113196
58760292	1000093352
39998413	1000133955
109582354	1000094170
276997688	1000145765
45407646	1000073150
175462913	1000133883
86734680	1000112272
170181894	1000001121
273410125	1000056851
271901957	1000114386
33873372	1000067510
8914942	1000055742
23742847	1000040739
608993	1000141641
64482186	1000080542
54135604	1000017286
111172075	1000059063
16932590	1000030195
794808	1000108015
39460101	1000093352
482124474	1000010058
61853583	1000012989
274823472	1000012989
17941825	1000044218
53477757	1000042757
155817885	1000153186
14962080	1000076315
14456798	1000032910
188991592	1000124483
18680478	1000141832
128350353	1000029688
153742584	1000133380
425512340	1000088424
19704469	1000013549
19087813	1000088424
22988077	1000082108
42419420	1000014188
33263183	1000063808
20622594	1000093352
41693	1000065984
159061456	1000088424
81093	1000024075
9866582	1000057386
164859947	1000031768
38113841	1000093352
128989152	1000152225
18845200	1000093352
60650344	1000041098
111658937	1000093352
47834606	1000064336
1445981	1000007094
407031476	1000012989
18196758	1000048620
22534188	1000032910
23532872	1000073150
32445507	1000093352
56445458	1000131247
38227874	1000125167
17296697	1000069878
151495845	1000063808
14470236	1000018342
18593319	1000017435
20098260	1000092164
93157915	1000093352
24599923	1000113196
234932741	1000060084
14850075	1000032910
225411266	1000121722
68732646	1000040544
14328339	1000079263
15012486	1000108015
112037009	1000042897
177075927	1000050296
27759841	1000018121
16624352	1000094001
190928861	1000127542
295931126	1000108015
80597462	1000106061
14324319	1000036385
96403071	1000111189
87741382	1000029688
6503412	1000093352
22869133	1000014620
5870022	1000044218
35295161	1000017070
15162136	1000066876
45416789	1000106172
367488532	1000123992
121258930	1000069878
19010065	1000093352
43117170	1000121722
17135252	1000032910
302643429	1000050927
26813101	1000057386
346657365	1000152225
43346568	1000017583
551177934	1000113196
5723862	1000153435
13565472	1000064336
164722405	1000050296
19793752	1000152437
29158922	1000032910
49573859	1000138852
222640532	1000127542
30545307	1000017286
25464811	1000050296
16807528	1000100703
93479887	1000046039
121918392	1000126113
52182260	1000088424
90460131	1000042757
369212738	1000059063
54806215	1000093352
80223386	1000069878
16446837	1000059063
136613399	1000065180
76975124	1000072467
96137094	1000093352
51643837	1000062292
59062375	1000108015
15148667	1000093352
64742479	1000149115
179138862	1000099691
14892073	1000121722
31332292	1000014620
204967286	1000123992
218611103	1000152225
17538263	1000093352
300665423	1000111673
217967712	1000017286
19232381	1000068188
171202083	1000033521
294037090	1000093352
18087570	1000055742
134517120	1000152225
14246892	1000093352
18848635	1000126853
33227550	1000016361
31513494	1000014509
61472006	1000036309
20340070	1000133955
50325797	1000064336
41121600	1000126697
465838507	1000069878
201522218	1000030200
11113	1000108015
130431562	1000029232
21982773	1000135785
22448502	1000154268
40134392	1000060923
16741381	1000097919
14142956	1000131247
116831269	1000088424
138072063	1000062292
16944995	1000050296
62533012	1000133883
451523181	1000133380
17849353	1000063808
296127352	1000028335
19955482	1000057386
85375262	1000111673
24767016	1000014620
2317921	1000055742
27891216	1000057386
39004614	1000014620
20098260	1000032910
23575194	1000093352
313359626	1000004425
96517966	1000007935
58322833	1000153956
15516195	1000093352
50710294	1000036385
64149107	1000147097
156536464	1000032910
15690382	1000044218
15092938	1000133380
41124023	1000085710
355572936	1000040673
61345560	1000124406
166685650	1000149328
361329018	1000039543
46279004	1000093352
47981900	1000017070
125453344	1000042897
7826472	1000147464
30057786	1000110065
26227385	1000032910
15043373	1000108015
17899109	1000148350
83839005	1000076878
319020952	1000069878
20150502	1000093352
8752622	1000044924
21848018	1000014620
125798513	1000096562
31513494	1000133955
21915666	1000130866
6955662	1000029538
11229292	1000044218
203226736	1000108015
41413470	1000088424
452342492	1000012989
3558801	1000020312
154540563	1000022127
100651739	1000097730
16253907	1000050296
81277268	1000020312
39839316	1000118313
61684853	1000050296
50004938	1000057386
81855775	1000126697
137513452	1000012989
420588509	1000044218
337694536	1000067782
395976515	1000133883
5659662	1000044218
505866989	1000012989
11724412	1000153435
15106982	1000050296
84155547	1000108015
25323197	1000133380
43221201	1000093352
36511031	1000010130
86359799	1000093352
260790057	1000008020
2456481	1000059063
89595997	1000088424
127973392	1000127542
19286911	1000093352
17961886	1000106169
172589598	1000137468
119696692	1000147097
76940234	1000093352
216771416	1000040673
196936348	1000095668
233959295	1000110065
22038998	1000017070
45809857	1000081559
360396556	1000020517
454225854	1000099691
386187816	1000066415
13459652	1000121497
20303544	1000044218
265826106	1000075456
31477608	1000133955
19364978	1000107691
90961424	1000093352
8986642	1000014620
187077013	1000041667
5631612	1000156481
333733827	1000071648
229994088	1000126697
116831269	1000147097
14927276	1000143021
8362412	1000076315
9212052	1000014620
63519463	1000030158
20414967	1000011005
55631487	1000030195
23341766	1000068188
23139845	1000113196
12678392	1000093352
19802879	1000149044
417622555	1000069878
14021902	1000064336
34757760	1000082953
14273520	1000093352
192678847	1000096562
20578527	1000108015
145573392	1000041109
8332992	1000081923
64446738	1000036385
90880254	1000050296
22363892	1000069878
352226135	1000100703
35664799	1000062292
16112634	1000141832
15221950	1000050296
215980492	1000095656
256583483	1000123069
15754281	1000093352
36093158	1000072467
19125798	1000127542
16882697	1000053926
15226655	1000032910
138222497	1000147097
215429953	1000038607
44507340	1000012989
91046596	1000108015
328209122	1000083287
28394317	1000080621
119879374	1000026259
92139388	1000107951
54113070	1000082865
39502332	1000113772
14140036	1000090633
553232758	1000055679
23694473	1000065984
25382450	1000127542
8074522	1000147097
19038849	1000093352
122124609	1000017070
30639801	1000151931
11041	1000093352
238710809	1000017430
16511483	1000028252
46450482	1000035510
2241411	1000061885
212247905	1000001121
84380914	1000036513
131394097	1000089994
15691808	1000032910
223509830	1000040673
295931126	1000032910
29123186	1000113196
16693922	1000061749
28677931	1000126853
170675435	1000127542
244209860	1000146593
42848976	1000044218
10377102	1000032910
14267733	1000127787
373164918	1000022799
177397957	1000050296
31957731	1000093352
513790410	1000032910
37856713	1000117877
14822322	1000001912
306025835	1000050839
308987756	1000058045
332393820	1000127542
25376226	1000127542
15823784	1000076315
49988522	1000017070
149775173	1000093352
262689819	1000093352
50303740	1000064336
14973755	1000127542
10202412	1000123069
26214290	1000000755
22258315	1000088424
15112961	1000069878
15443866	1000089994
42953895	1000080877
35072393	1000014620
83691020	1000017286
14483832	1000059217
76038813	1000006673
432964727	1000080877
150117224	1000068188
25294424	1000008197
25438788	1000093352
83100971	1000068188
219720172	1000025110
61598133	1000127542
344776030	1000044218
25211780	1000093352
37878528	1000021310
242269558	1000060923
22650211	1000057386
384761809	1000126697
88717547	1000115646
26641150	1000044218
131599699	1000060345
178925575	1000113196
85784383	1000093352
66976790	1000133883
17480199	1000081923
17751899	1000151931
137483278	1000007935
47279525	1000001489
17474531	1000108015
500113460	1000084069
15059471	1000020001
361903576	1000106169
50498805	1000138291
16544024	1000017070
17612764	1000055742
14860042	1000032910
208211886	1000085710
241998938	1000149326
189111957	1000088648
19703935	1000133955
7433242	1000153119
157818542	1000036513
14572574	1000119508
17547990	1000127542
175465379	1000151319
73930990	1000088424
146918923	1000015664
5943162	1000096562
25964926	1000054130
38213241	1000107031
16135150	1000025110
38843285	1000066415
18928924	1000117877
16400360	1000133883
334735103	1000126697
119372054	1000064336
31721134	1000108015
43287595	1000050296
340152975	1000044218
21414413	1000013692
46142925	1000093352
119145064	1000061885
25140900	1000057386
30428103	1000089398
18799695	1000076586
8605362	1000069587
21642976	1000106106
193330103	1000069878
18766265	1000044218
19800340	1000093352
45830213	1000061885
133780439	1000151024
10798802	1000123489
109659449	1000050880
389156353	1000000755
13535762	1000020312
346124519	1000095668
369816676	1000016361
79332579	1000017286
90469252	1000068019
13607302	1000059063
74530012	1000006151
263215433	1000093352
177471152	1000050296
85633543	1000013549
14610469	1000050296
277215674	1000121722
104190515	1000123230
115677537	1000067339
14344319	1000093352
64018904	1000052157
19541697	1000057386
123193555	1000147097
23462787	1000093352
6792882	1000044218
18363508	1000040238
30704824	1000118313
29210518	1000069878
415643219	1000032910
19132347	1000093352
19162933	1000069878
16144125	1000069878
196710000	1000012989
138536779	1000044218
28119407	1000093352
30456447	1000012989
28532263	1000108015
17099387	1000069878
20699981	1000111673
38453175	1000022127
16183687	1000126853
54643571	1000093352
21709889	1000093352
55235304	1000136143
20676730	1000106061
118910562	1000093352
19251458	1000133883
155718390	1000061749
315546494	1000105979
307988483	1000150024
20399209	1000073095
14830184	1000093352
240358326	1000132419
91985735	1000054959
215094763	1000097207
23919582	1000108015
16729099	1000142679
15235672	1000030948
17062358	1000143605
60959021	1000055316
96247580	1000093352
14267706	1000044218
71438267	1000085710
26947525	1000093352
15589307	1000100703
24251218	1000096562
528764013	1000093352
15857462	1000079263
204468541	1000080542
470355877	1000085710
5655872	1000093352
39394932	1000069320
69402000	1000020312
249716607	1000061885
18637003	1000017070
41435895	1000076315
14063016	1000108015
17275604	1000086936
27546808	1000093408
360468443	1000007935
38975663	1000131247
3096071	1000069878
14077024	1000121722
27179152	1000014620
27013261	1000088424
90067580	1000095203
456686099	1000118495
131296459	1000127542
182884883	1000088424
14963760	1000136131
240275471	1000040673
441195931	1000105979
224915001	1000002498
58207123	1000133380
391151883	1000014620
74580436	1000057386
85104895	1000059193
119901002	1000132657
332859659	1000099691
49785880	1000071336
33712465	1000125167
16890327	1000037497
15354351	1000133380
201686846	1000097207
21711307	1000069878
16605276	1000139563
29995782	1000067782
21404341	1000081923
44273770	1000017070
39819394	1000108015
361911748	1000040673
158874150	1000012989
52491011	1000093408
238289569	1000093067
21134235	1000052720
17081123	1000090310
53556571	1000093352
21711511	1000093352
6022652	1000108015
175479505	1000147097
46957344	1000046057
403518639	1000050296
6233862	1000093352
115491854	1000093352
157044469	1000049796
21987288	1000093352
101435350	1000085710
18160106	1000042897
26784273	1000142679
21341221	1000148350
41199099	1000093352
17594789	1000032910
59416333	1000050839
91418218	1000061885
32350369	1000103861
14150660	1000035790
16370044	1000064336
20396481	1000006151
16162251	1000039291
11696732	1000108015
344339094	1000081559
111288832	1000010058
45690012	1000032910
153245741	1000055858
83602594	1000046039
14631169	1000041667
521489919	1000093352
316006713	1000146593
15574534	1000071860
210839744	1000060435
37676889	1000157002
303338529	1000063808
1688461	1000048080
65785869	1000066876
17316885	1000108015
163541886	1000146593
19612058	1000093352
52731751	1000044218
26315349	1000152426
126636867	1000088424
2248211	1000044218
46967246	1000124483
40708033	1000108015
20150502	1000123766
10696062	1000084070
267375308	1000030195
50555558	1000061885
347508389	1000012989
172837478	1000151319
17483463	1000108272
37242870	1000029646
8144992	1000122683
259842341	1000063808
12802942	1000127542
13753642	1000042897
314732011	1000111189
41894701	1000100703
18991464	1000093352
47646874	1000002683
53189336	1000133955
219990849	1000042757
234638690	1000061885
25446919	1000044218
140457196	1000041744
20628705	1000062292
50751382	1000061030
21157724	1000133955
363236099	1000104226
74772315	1000108015
14531269	1000104226
130649891	1000096562
18000189	1000067782
14134204	1000040238
83295602	1000093352
7190742	1000014620
4781951	1000093010
163272113	1000152225
62740714	1000108015
141255819	1000145736
9026642	1000061648
16751855	1000093352
24120617	1000098693
133049151	1000147097
18160106	1000049796
20164131	1000107920
110834121	1000119954
81277268	1000093352
232089835	1000105979
362391461	1000123489
392513215	1000079079
396039799	1000034467
22640313	1000093352
153686456	1000108015
45143272	1000093352
33080180	1000041667
83902182	1000059063
317608656	1000050296
20266076	1000057242
17469283	1000010130
81076650	1000044218
3721461	1000029688
322903307	1000138852
91279682	1000093352
64041336	1000088424
17029324	1000099132
25725962	1000025058
11153082	1000153435
152866991	1000148350
20012107	1000026597
251448412	1000050296
85114893	1000042326
154632372	1000044218
48730516	1000100703
21012766	1000145736
26465656	1000100703
134887156	1000085408
40572559	1000032910
338120155	1000056042
379085642	1000093352
130914103	1000076315
162269614	1000093352
47492852	1000029211
30050228	1000145765
21699646	1000108015
16246996	1000077987
153069336	1000093352
14750463	1000029688
40043352	1000017070
222178782	1000121722
15433939	1000153119
211590874	1000041098
1233111	1000077902
18173721	1000079287
333700771	1000001121
8984102	1000123766
62296905	1000150311
66668490	1000014620
30070014	1000149293
167505584	1000088424
236827933	1000134347
19131887	1000151931
16364222	1000017070
670843	1000044924
20026604	1000042326
4296301	1000067782
16005730	1000017070
35742108	1000108015
18906561	1000028629
153226312	1000137468
435580051	1000093352
19190218	1000081923
34046481	1000032910
393460809	1000014620
193599274	1000116902
45134201	1000052157
19228251	1000093352
22944767	1000059449
22937213	1000031768
211303345	1000044218
240449225	1000010058
14240103	1000093352
29429694	1000126697
152520891	1000098647
16573718	1000121497
255079026	1000093352
135818099	1000028335
291987010	1000088091
21829242	1000130607
262351301	1000032910
79332079	1000032910
123081702	1000021921
9533042	1000152792
27412294	1000088424
15798050	1000126853
140395153	1000143021
154639081	1000051483
15779389	1000058045
15034675	1000117877
86626845	1000075987
35423466	1000086324
20958456	1000110460
333014897	1000152225
43178274	1000133955
538742012	1000137468
200969056	1000030948
387975746	1000116902
24741685	1000020312
98201361	1000022127
132875573	1000085710
25164223	1000125103
18819691	1000125308
189883071	1000123766
18100031	1000108015
357648167	1000148350
861201	1000029052
507676292	1000012989
17210612	1000093352
356453014	1000024221
3940871	1000133883
50765111	1000050839
18980105	1000041024
18758218	1000044218
67213875	1000098265
16338664	1000020312
20014300	1000141832
53395621	1000108015
42196681	1000093352
161188830	1000089994
36325964	1000092164
40492559	1000028468
16102771	1000133380
54381214	1000052720
175511724	1000153956
16356344	1000062614
465723566	1000093352
238128989	1000103861
58213	1000093352
13311252	1000007094
41754227	1000093352
404234051	1000063808
94130182	1000088648
19468147	1000017070
66698714	1000126853
849131	1000020312
516684756	1000088424
18058963	1000106169
216760738	1000061030
163629705	1000088091
66244710	1000011005
441324671	1000105979
18162333	1000085710
16560657	1000044379
15331825	1000093010
15985960	1000038904
19795386	1000157002
24773177	1000007059
490607306	1000040673
7262292	1000044218
124538838	1000116187
77812553	1000088192
619423	1000029232
38514229	1000122683
20268299	1000123069
91292413	1000139089
259584116	1000085710
42411202	1000038784
167884066	1000093352
44796952	1000004465
211008911	1000105063
14306568	1000125401
162442852	1000029442
1081	1000016758
130460474	1000106106
1712051	1000069878
18994661	1000000315
25581869	1000079665
197431401	1000057242
85891683	1000044218
14885860	1000017070
84444817	1000150982
48888718	1000136942
22942729	1000096562
330560781	1000060084
19740592	1000057386
17682521	1000133955
331700229	1000048620
150774780	1000061885
14334870	1000077902
14268765	1000069878
159002621	1000001489
14706339	1000093352
420528023	1000063808
63320588	1000082865
27347288	1000018342
63145571	1000069363
128522006	1000012989
470355877	1000040673
19344610	1000005783
20447992	1000124704
242793187	1000032910
8430702	1000014620
1501471	1000085408
97739866	1000057386
21642976	1000084136
248438929	1000126113
259891539	1000152225
60678806	1000093796
425435782	1000093067
71146148	1000088151
74286565	1000020312
982601	1000029442
253598529	1000012989
299776583	1000088424
306128912	1000126697
15222332	1000066876
77459939	1000002683
16848203	1000088424
112867490	1000050296
17544805	1000093352
18630326	1000093352
73205907	1000055821
175249089	1000064336
17093224	1000020312
43526024	1000061479
15712097	1000123766
27803827	1000050296
24582572	1000127542
33538829	1000050543
15495345	1000133955
15972419	1000044218
51346710	1000073150
214928563	1000069878
9115762	1000036385
106039696	1000069415
39888530	1000093352
272058143	1000069878
20649406	1000093352
54037230	1000088424
25144151	1000088424
96241594	1000093352
14537182	1000017435
127578389	1000136942
16028750	1000104611
140448388	1000038607
505199710	1000012989
169657265	1000134896
214589522	1000079263
392251125	1000099691
534950693	1000150311
14413715	1000077902
32947347	1000088648
16945960	1000108015
108675409	1000093352
22684480	1000133883
18110921	1000093352
17916671	1000133955
5410072	1000032910
37871893	1000088424
391151883	1000041667
26788841	1000079665
197731654	1000065180
257509205	1000063581
26235236	1000029863
304185486	1000050839
44005501	1000064336
235573486	1000131298
102510292	1000093352
406634619	1000001121
40623024	1000150311
37532342	1000032910
18886852	1000133883
395029889	1000153119
522365342	1000085710
112287153	1000095179
90982638	1000056042
5980442	1000152426
188888207	1000056042
22374682	1000093352
19502337	1000129479
164812204	1000093352
283603243	1000100703
14654477	1000093352
333815274	1000063808
109040817	1000036900
14982057	1000133380
239019284	1000152225
237056755	1000065984
348975418	1000014620
17142827	1000093352
105314792	1000072467
196667709	1000098898
16068222	1000150024
15577830	1000041667
32547856	1000063581
13784642	1000123766
225532943	1000054130
988911	1000108015
17872613	1000064336
357050995	1000035510
18307251	1000133883
49186263	1000022127
789314	1000020312
12695752	1000044218
30694402	1000127542
2331211	1000099132
14483812	1000050296
31293110	1000057386
68480165	1000104226
27784905	1000119508
10824382	1000147097
19103586	1000050296
25535699	1000126113
440983667	1000100703
263738601	1000012989
332803989	1000042326
117017147	1000044218
18715024	1000055316
18510860	1000131247
282280747	1000034467
91939265	1000014620
17148973	1000064336
87969079	1000051483
77198677	1000073095
54037230	1000147097
19344610	1000093352
189477029	1000127542
15638249	1000093352
231931886	1000085710
151793875	1000153119
50774727	1000150982
163283608	1000056851
28357463	1000113196
66156201	1000088424
10879522	1000108015
783214	1000096562
48344583	1000093352
20063830	1000088424
81789092	1000121722
177468759	1000050296
138355329	1000044218
258203336	1000050839
311951023	1000125103
19752773	1000108015
64058902	1000138051
537693306	1000099691
139400870	1000059981
192417621	1000065317
14399483	1000113196
237802711	1000044218
79378658	1000013346
14151096	1000093352
16097743	1000149981
9854542	1000097805
116241264	1000089994
301086893	1000108015
212266188	1000059068
61060345	1000019964
15140524	1000029688
77175478	1000121497
18208354	1000150024
37997708	1000013692
17225945	1000119954
52758588	1000123766
145281097	1000041109
14738260	1000085710
209075830	1000148350
16063378	1000040238
24592784	1000057386
43906631	1000007688
94813511	1000153435
17601086	1000107920
156967608	1000093352
217911721	1000133955
14949810	1000127542
266166985	1000142679
65815323	1000030459
24143499	1000093352
14444403	1000093352
21055919	1000032910
14905961	1000067510
14680747	1000133955
217867043	1000105868
22458821	1000113490
21386236	1000080621
19904856	1000001912
14079172	1000020312
15186175	1000093352
668423	1000054959
14359998	1000093352
21724904	1000044218
22377107	1000044218
90762202	1000134347
68668098	1000029232
18849368	1000017070
35406821	1000070846
1701921	1000044218
1550461	1000059063
61583656	1000050880
17976798	1000040673
9489622	1000085710
219848874	1000098898
171617612	1000036385
17122048	1000119508
16284463	1000061885
106875918	1000004425
164804966	1000095656
108757480	1000063808
14047459	1000080542
10194392	1000076315
12591	1000044924
16143542	1000033451
126478472	1000133955
16103613	1000001912
518403776	1000126697
121142586	1000121497
34502596	1000051483
15797184	1000061030
7338882	1000014509
19210424	1000014620
9843352	1000136475
77040752	1000084691
225730778	1000066415
59624844	1000078575
14377213	1000147097
59228196	1000152225
122419529	1000093352
26077872	1000036513
28775296	1000069878
22614904	1000080542
20698268	1000143359
153226312	1000063808
21787600	1000059350
32959826	1000067510
267425413	1000063808
2729061	1000108015
47438746	1000014620
14804903	1000078072
15670515	1000020312
90743283	1000040673
14354316	1000009966
21052631	1000104462
22519352	1000069878
19208450	1000145765
7921292	1000069415
113751683	1000088424
1749311	1000030200
431448610	1000012989
85906552	1000093352
7304782	1000003226
393242944	1000012989
30023820	1000090001
182883839	1000013004
182242089	1000098693
7772042	1000121497
109524559	1000022127
315425802	1000088424
128246602	1000148350
82375443	1000072467
21734886	1000093352
112111406	1000093352
108686216	1000061648
27488658	1000005783
225189964	1000056042
28267054	1000088424
154009010	1000089221
58497291	1000007935
155317081	1000080672
28210299	1000089398
288452305	1000014620
18481641	1000113196
21261646	1000081923
313388943	1000143113
20801691	1000061430
76449812	1000061885
224120915	1000093352
478845537	1000100703
14499829	1000139592
162175006	1000113772
14601788	1000121497
76649729	1000064336
15606086	1000093352
40167282	1000066091
15448293	1000033757
240606817	1000113196
13971652	1000154268
455186682	1000050839
157389290	1000116187
96255417	1000032910
105241998	1000093352
36519354	1000096562
441457895	1000054693
15393582	1000093352
20023786	1000044218
130860399	1000123069
91938017	1000014620
154239882	1000014620
68033540	1000093352
11211372	1000003215
19880440	1000061030
253417096	1000105979
99637630	1000022127
16657098	1000034164
18780072	1000098647
