81439759	1000131948
466830475	1000031331
15561776	1000131948
14801057	1000103134
178890944	1000077200
219361592	1000061213
15490141	1000037819
23709347	1000034001
133507164	1000037819
228555074	1000078242
214103395	1000130207
17241895	1000037819
251065540	1000030288
322938719	1000080247
238308325	1000125349
365110774	1000031331
416673387	1000083888
19840435	1000052594
19991859	1000131948
60402167	1000093667
252078513	1000131948
27430995	1000007520
112403177	1000010809
18492576	1000037819
68189134	1000019480
18633696	1000022303
40329238	1000125349
344285543	1000078242
393170964	1000031331
258973465	1000083888
532562821	1000130855
373075571	1000125349
481519707	1000052125
12464302	1000037104
34749146	1000049804
5511	1000153435
354522101	1000154669
72663616	1000034001
343021630	1000022303
70241109	1000051900
19789605	1000019993
10685262	1000022303
189494586	1000007520
39097590	1000059979
164021756	1000131948
796155	1000151165
298537726	1000013147
15862493	1000093667
250900294	1000098257
22062165	1000155722
15718164	1000029822
9460682	1000022303
30040682	1000013915
297683673	1000125349
324305626	1000031331
14519041	1000141258
60727070	1000013915
24434105	1000077200
281159810	1000125349
116407905	1000153435
264515814	1000089041
194385873	1000013915
43514656	1000131948
184636315	1000062232
23816230	1000061213
6477852	1000131948
38364706	1000031818
297603047	1000077200
102483667	1000059979
137818683	1000037399
15390684	1000131948
24894426	1000089041
399527237	1000010044
12473952	1000093667
84387689	1000052125
175964136	1000134874
18593319	1000093667
92091018	1000131948
168759944	1000151994
64659424	1000131948
22498170	1000069927
18738363	1000095832
7472602	1000131948
28019653	1000138081
19103296	1000152335
14081084	1000022303
308220010	1000078242
357984457	1000010044
17419160	1000007520
150480092	1000130316
43640640	1000131948
33006171	1000007520
47470987	1000031818
23215572	1000125349
426182072	1000031331
242546067	1000030946
15317640	1000093667
25227537	1000031331
8000842	1000093667
74493121	1000035689
17974068	1000142026
90956395	1000007520
21907788	1000019993
23494080	1000083888
8526432	1000093667
455978461	1000077200
13236602	1000072697
28823239	1000048523
94454911	1000022303
34270956	1000013915
334735103	1000030288
236901617	1000078242
300536012	1000078242
245394117	1000125349
1589321	1000131948
525087536	1000031331
82691638	1000125349
135039839	1000094235
48467556	1000134874
13212522	1000022303
339527983	1000031331
43924359	1000134874
182022503	1000151994
55631487	1000050734
7605492	1000131948
10228272	1000024703
353665909	1000030288
55071065	1000077200
25779948	1000084303
15472368	1000059979
2960721	1000142026
59885925	1000007520
61525167	1000131948
23344817	1000047344
247031120	1000125349
30630104	1000112497
2475171	1000153435
298757008	1000125349
130917777	1000125349
6666312	1000153435
29034979	1000125349
9117202	1000078242
24125323	1000125349
64510593	1000022303
89235135	1000037819
41970816	1000131948
77806232	1000125349
52948662	1000048523
24609812	1000131948
431983156	1000125349
85561166	1000031331
147516862	1000118944
4893411	1000152335
117668566	1000022303
72023	1000022303
14182224	1000131948
111620335	1000065161
34953908	1000024703
57715395	1000084303
76377195	1000124980
361758573	1000030288
210918434	1000138081
56420636	1000125069
8335182	1000150507
167441789	1000083888
87044829	1000125349
96231591	1000130316
116670843	1000037819
273101322	1000031331
823360	1000019480
33524534	1000024703
22700969	1000014796
211428838	1000057411
17571515	1000103134
15329577	1000077200
15349925	1000058017
57803486	1000147477
225900302	1000061213
450287234	1000125349
107145088	1000107099
20953935	1000059979
190900921	1000065580
102145825	1000090342
26149716	1000019215
19918181	1000131948
18676369	1000007520
14495204	1000080247
143988282	1000127239
14351836	1000093667
212579845	1000138081
211287423	1000133014
249305450	1000131948
18743187	1000023738
154995032	1000142026
230438950	1000065161
19109172	1000052125
491431687	1000125349
185385165	1000037488
216765454	1000037488
16102671	1000131948
16527415	1000151165
417771496	1000031331
18990065	1000035689
130151790	1000035431
32343441	1000062232
36303177	1000077200
14103333	1000142026
118811608	1000024703
15783150	1000131948
385621090	1000125349
336723017	1000013147
48939443	1000125349
250441643	1000125349
47768150	1000052125
23284913	1000030946
285738406	1000048688
22699508	1000022303
25404897	1000069179
224385091	1000090342
16371767	1000131948
27412774	1000152918
27271615	1000112497
24751263	1000103134
23325557	1000061213
7888452	1000142026
190846012	1000037560
15250756	1000037399
19332295	1000153435
24641194	1000152335
46501291	1000037488
8965932	1000049340
35777574	1000007520
273782829	1000083767
113463725	1000059979
69886289	1000031331
214357428	1000058205
273904150	1000037399
51148023	1000065161
17979038	1000048523
130559528	1000152918
14197641	1000151165
16234543	1000073542
52497100	1000030288
244086098	1000065161
25416468	1000142026
104352067	1000152335
465052612	1000061213
19211644	1000022303
61473257	1000030288
262559721	1000131948
17124036	1000131948
62296905	1000047344
73996311	1000037488
76436811	1000059979
80317145	1000087019
17733320	1000083888
7537992	1000116474
91056925	1000048688
25395355	1000030946
9145492	1000048523
30426021	1000045643
304980741	1000030288
10131762	1000153435
119081755	1000008172
18007633	1000022303
15726053	1000007520
126067398	1000142026
2106161	1000037819
118306958	1000128238
560482964	1000125349
16027078	1000130207
317658862	1000031331
22330156	1000037104
100063647	1000022303
43041675	1000031331
437046863	1000087019
26800967	1000125349
69168087	1000013915
361329018	1000124530
111114287	1000062232
19575977	1000007520
14222455	1000151165
29514951	1000024703
324151971	1000061213
44394333	1000128238
19112923	1000052125
34990091	1000037488
153643574	1000031331
235221017	1000013915
12730882	1000059979
356897757	1000022303
98218669	1000142026
84466455	1000034001
140795202	1000031331
13400202	1000022303
43192807	1000072697
20578176	1000065580
103015376	1000022303
19253334	1000022303
775622	1000037399
14498387	1000152335
15645098	1000103134
3288371	1000152335
27163774	1000049804
226598682	1000045643
128496483	1000031331
339943969	1000125349
281639286	1000031818
15155752	1000131948
19010065	1000131948
6579	1000125069
58245520	1000125349
15532765	1000019215
85923804	1000113691
308168423	1000051900
26788841	1000034001
165795009	1000125349
6044352	1000131948
11057242	1000037819
251974631	1000078242
15718164	1000008172
90984746	1000035431
41358714	1000031658
151711230	1000042576
13446242	1000060042
206598966	1000065161
469799060	1000050734
531775806	1000061213
82368762	1000093667
20067944	1000103134
286703	1000037399
20004982	1000131948
81501069	1000127239
79327591	1000013915
101804462	1000131948
263520313	1000138590
9902092	1000093667
41926310	1000095832
177336885	1000031331
205720784	1000082009
20342875	1000151960
256274623	1000063086
309325161	1000125349
41814686	1000069927
16751855	1000022303
110007196	1000007520
365904984	1000042576
557535900	1000031331
32782081	1000151165
24923100	1000022303
33051040	1000131948
18220386	1000007520
17786601	1000142026
389351403	1000031331
77483	1000089976
190826514	1000147477
17830009	1000105543
281929850	1000031331
345930964	1000014796
12794112	1000069927
37813010	1000069179
437102741	1000031331
237513458	1000080247
10076782	1000019215
9524062	1000065161
250376643	1000077200
9980812	1000093667
81115665	1000062933
17629015	1000116474
107135929	1000152918
67311396	1000065161
15081753	1000022303
55488516	1000031331
208541451	1000045643
305271158	1000031331
16503181	1000138081
334462090	1000031331
19148708	1000066168
23976137	1000024703
45414782	1000122796
298412616	1000083767
66147489	1000061213
418221016	1000089041
115520085	1000010809
15383	1000131948
18291786	1000037560
10257182	1000093667
44156674	1000034001
486450371	1000031331
15862891	1000151960
16119771	1000116076
27512679	1000134874
384969872	1000010044
22018258	1000037488
10333972	1000037399
108991929	1000152918
15017531	1000152335
120459837	1000031331
53101326	1000062232
8335182	1000105543
17159092	1000093667
215254878	1000030288
42259203	1000077200
381835552	1000037104
117187783	1000116076
20861428	1000007520
19033335	1000024703
28755851	1000031331
17554439	1000060042
92818446	1000024703
78516532	1000041548
16752369	1000037399
12464302	1000052594
503197850	1000061213
174289748	1000058205
553946273	1000098257
380047029	1000090342
7136542	1000131948
200942593	1000007520
137532653	1000024703
124242102	1000034001
213358014	1000074270
143412386	1000129371
532562821	1000151994
39342935	1000092528
243051640	1000151994
53415547	1000065161
269050630	1000080247
238392144	1000059979
5723862	1000153435
121472925	1000125349
22796083	1000022303
40302738	1000073223
32708554	1000022303
52797181	1000095832
25282841	1000031331
131170751	1000034001
311214131	1000031331
18954398	1000024703
469663656	1000031331
277139373	1000125349
146993421	1000022303
9359222	1000103134
15639558	1000023738
17564647	1000125349
47161442	1000152335
125540246	1000154669
15373340	1000103134
548539370	1000125349
40276098	1000034001
11724412	1000153435
179078374	1000013915
41605269	1000072697
186047332	1000124530
38794278	1000062232
152105038	1000078242
5493662	1000093667
17448186	1000022303
155232459	1000083888
9297182	1000151165
12543	1000093667
496149332	1000090342
25830175	1000037399
157106615	1000125349
2779821	1000131948
161467027	1000023738
198724998	1000083888
17374428	1000037819
22502238	1000065161
160393061	1000062933
262900144	1000024703
6814192	1000089976
63253045	1000024703
28539301	1000031331
34629498	1000155722
15466131	1000131948
566054928	1000031331
177678004	1000063086
242779882	1000013915
321620987	1000037104
356606395	1000031331
14534366	1000037104
22258315	1000022303
217465895	1000083888
219145824	1000131948
15465147	1000131948
349504472	1000064470
233433627	1000013915
19027116	1000037488
407640337	1000078242
31554743	1000125349
15159630	1000050949
284098324	1000061213
28706024	1000024703
21111304	1000024703
246297626	1000125349
35018926	1000142026
14410605	1000037819
25592814	1000031331
295024698	1000057411
15873841	1000149083
25007344	1000048523
356447837	1000125349
350720548	1000065161
559749548	1000134874
294361452	1000151994
20888597	1000059979
62601419	1000022303
33350096	1000133014
19107667	1000030288
256554165	1000149083
1541461	1000130207
15328942	1000007520
18170489	1000022303
22520465	1000122796
338068011	1000125349
302883217	1000059979
93231692	1000132192
17714569	1000077200
226868546	1000129371
71775746	1000035431
137489324	1000034001
804261	1000150507
14305530	1000037819
280515903	1000030288
81135904	1000037819
11153082	1000153435
182635335	1000138081
14793876	1000022303
97244635	1000125349
553781149	1000050734
262775327	1000125349
319625617	1000073223
54528491	1000031658
273186916	1000031331
97690357	1000094235
139406844	1000065161
207295158	1000098257
132343610	1000078242
33174357	1000031331
36678907	1000093667
17445959	1000093667
46426761	1000103134
135605269	1000083888
169322977	1000007520
354103690	1000064470
5691392	1000131948
270111468	1000083888
247651402	1000078242
14863134	1000022303
11211712	1000024703
47589317	1000022303
21897587	1000062232
5723702	1000130207
53184267	1000019215
103130238	1000149083
46723523	1000138081
21391704	1000150507
23435890	1000030235
185319925	1000131948
19051846	1000092528
21951210	1000082009
79943236	1000150507
3253671	1000022303
73405056	1000125349
6352152	1000059979
14980437	1000049340
42882001	1000035431
274791635	1000031331
225516778	1000041548
240261242	1000064470
23734657	1000013915
17587331	1000059979
50765776	1000131948
16250230	1000124980
324993808	1000083888
165675053	1000138590
20477352	1000113691
19391595	1000141258
14266435	1000048523
258142292	1000058017
34311069	1000024703
19997104	1000152918
295062437	1000010044
256872653	1000030946
119081755	1000029822
74625821	1000037399
23248904	1000132192
177070843	1000131948
40885168	1000031331
115313263	1000125349
240201827	1000031331
436829918	1000107099
71396349	1000007520
94813511	1000153435
210731960	1000125349
9726292	1000037819
3365291	1000022303
60179528	1000131948
94052228	1000037560
24577300	1000030235
19867072	1000023738
40252336	1000037399
312264227	1000022303
46473066	1000019215
290921816	1000131948
25007375	1000066168
35773559	1000118944
326259198	1000134874
29504268	1000022303
521112781	1000130855
17422867	1000152918
264481774	1000093667
16063378	1000050949
139750288	1000022303
25209787	1000031331
76027335	1000073542
18492255	1000065580
11375732	1000022303
437057710	1000031331
106633019	1000074270
394830005	1000007520
6351572	1000077200
17074642	1000022303
271827739	1000031331
15745434	1000131948
30060311	1000022303
16046338	1000131948
20487008	1000131948
