215373852	1000095119
29118453	1000095119
64093842	1000107459
195834665	1000128009
18813800	1000125718
112964469	1000125718
17733320	1000058408
284476407	1000125718
19193475	1000125718
9545852	1000107459
195834665	1000107459
138165921	1000128009
91408302	1000127799
17827133	1000022242
15888142	1000128009
26788841	1000073317
227469430	1000127799
24731072	1000107459
23611842	1000043818
260281892	1000128009
36744766	1000146230
205991562	1000141854
14829533	1000125718
26788841	1000128009
13729082	1000127799
149805089	1000128009
114636253	1000125718
247461127	1000125718
232762581	1000128009
20391646	1000125718
21246151	1000107459
21812198	1000107459
17124036	1000141148
822030	1000022242
261699092	1000107459
201972487	1000125718
22091272	1000095119
128719624	1000107459
21458147	1000125718
79097434	1000094394
58613730	1000126497
430174478	1000113448
17471459	1000068442
6724092	1000148257
15088904	1000022242
261699092	1000009375
17822419	1000022242
496320616	1000022242
73113170	1000094394
16089052	1000148257
28486596	1000148257
29512806	1000068442
31256852	1000107459
143888401	1000094394
329135489	1000128009
84355291	1000094394
98983739	1000128009
20729471	1000125718
20499770	1000016937
21735888	1000043818
781886	1000134033
375893088	1000128009
5722742	1000022242
21883149	1000128009
6446742	1000148257
279675775	1000128009
22091272	1000107459
21735888	1000107459
430174478	1000107459
46671731	1000128009
15053178	1000008090
22941372	1000013694
25421094	1000128009
28964422	1000125718
91186036	1000013694
95749490	1000128009
79386459	1000141854
10946792	1000107459
68174078	1000125718
74615185	1000148257
124279923	1000094394
21883149	1000107459
16146421	1000107459
3630281	1000022242
37591459	1000107500
239253198	1000105851
263520313	1000042875
7118702	1000128009
229531808	1000107459
203042016	1000125718
147583730	1000094394
64093842	1000128009
103991905	1000125718
140845817	1000107459
347508389	1000128009
77383832	1000128009
177782782	1000128009
430174478	1000128009
314239617	1000068442
21705931	1000128009
336712153	1000094394
195834665	1000125718
157198755	1000094394
154701532	1000141854
96469193	1000042864
15477120	1000112281
52992830	1000118669
76122124	1000026847
49759083	1000131912
179275489	1000128009
76122124	1000113487
21735888	1000082353
18553965	1000107459
54682893	1000126497
22377038	1000128009
99607756	1000112281
101721302	1000127799
232206987	1000094394
13134712	1000156165
23611842	1000128009
15462161	1000128009
22114631	1000128009
102523662	1000127799
150856762	1000128009
21883149	1000043818
454340464	1000022242
31256852	1000128009
14575292	1000125718
356909751	1000126497
40981798	1000080993
24203500	1000125718
18092342	1000126497
264045662	1000128009
101107812	1000128009
234517287	1000107459
18420291	1000125718
60694754	1000107459
133498469	1000125718
22941372	1000128009
19611712	1000107459
100314530	1000156165
91186036	1000095119
17844547	1000068442
55019615	1000094394
19185916	1000156165
157818542	1000107459
55117855	1000125718
19836576	1000107459
59702413	1000125718
45500027	1000128009
22657153	1000128009
18925386	1000131912
39340894	1000125718
307988483	1000125718
6446742	1000082353
32552327	1000022242
18662301	1000016060
284971975	1000128009
23119425	1000095119
304141354	1000125718
76122124	1000128009
15771445	1000156165
209233393	1000022242
454626889	1000125718
20714235	1000016937
74615185	1000107459
61687416	1000047645
21883149	1000131912
62714708	1000128009
20127953	1000125718
49699243	1000128009
52757166	1000125718
21166240	1000125718
298674657	1000094394
23559108	1000128009
68780864	1000107459
26788841	1000107459
41533669	1000016060
59146707	1000128009
29312953	1000128009
21241886	1000128009
91186036	1000107459
251483226	1000125718
55327763	1000128009
67162576	1000128009
441324671	1000128009
18134128	1000125718
20835692	1000068442
21698020	1000128009
15465602	1000125718
16559570	1000125718
6896262	1000128009
64415248	1000022242
34556944	1000125718
148014131	1000022242
119533484	1000107500
14206082	1000022242
23089228	1000107459
19208457	1000107459
386175131	1000022242
58954352	1000128009
40992381	1000068442
11819092	1000022242
356447837	1000125718
233393406	1000094394
19626145	1000125718
15154217	1000022242
23709347	1000107459
263820228	1000095119
15929318	1000128009
171587115	1000022242
40150421	1000107459
17828988	1000092438
125972132	1000107500
288095664	1000127799
16553826	1000128009
69673536	1000126497
21883149	1000113448
47569409	1000043818
394213943	1000022242
60651983	1000125718
149276260	1000094394
68780864	1000095119
16877611	1000128009
82507547	1000125718
9275742	1000125718
22091272	1000128009
19143584	1000128009
76122124	1000107459
33952755	1000107459
20240002	1000094394
69147333	1000022242
41522105	1000156165
232762581	1000125718
41302071	1000095119
6446742	1000095119
16745015	1000022242
123480187	1000128009
151223147	1000107459
39922782	1000022242
18216080	1000107459
31187615	1000107500
10228272	1000107459
53204083	1000122118
21123806	1000022242
14470236	1000130080
215373852	1000128009
17299063	1000022242
243779606	1000107459
19208457	1000128009
22941372	1000107459
64269721	1000127799
261699092	1000130080
135614318	1000125718
17073	1000082353
29226377	1000125718
366369674	1000125718
23934690	1000016937
19797784	1000022242
24105113	1000107459
17925662	1000128009
14306568	1000141148
91153630	1000095119
16263665	1000107459
21207027	1000022242
221900702	1000125718
21897334	1000022242
74615185	1000128009
19157792	1000016060
160371135	1000065276
23611842	1000074157
17953972	1000125718
22563769	1000068442
261699092	1000128009
307988483	1000113448
21163964	1000022242
127492024	1000107459
20422601	1000127799
14470236	1000131912
35407584	1000148257
247461127	1000128009
37591459	1000125718
286951179	1000107459
21883149	1000148257
34701524	1000022242
14629709	1000128009
31179985	1000125718
56518880	1000128009
27967526	1000125718
160839015	1000131912
227238239	1000094394
236216311	1000042875
116729192	1000105851
93091480	1000107459
192928463	1000107459
143661263	1000107459
16666001	1000125718
27930140	1000068442
35024272	1000042875
275353050	1000094394
282124316	1000107459
193825756	1000132635
23611842	1000107459
20221159	1000128009
27546814	1000022242
372917532	1000128009
1991	1000022242
15666138	1000043818
53204083	1000130080
69440797	1000128009
116994659	1000125718
343868435	1000125718
17822644	1000022242
238843243	1000128009
37856713	1000128009
122582802	1000128009
27798157	1000107459
20575149	1000128009
441195931	1000125718
36046710	1000125718
164949886	1000125718
19611712	1000128009
14515734	1000125718
203995523	1000125718
17922364	1000022242
21380640	1000094394
29118453	1000131912
91186036	1000128009
24395545	1000107459
41757024	1000022242
115682368	1000107459
22682503	1000107459
28330506	1000126497
7984262	1000022242
14917050	1000125718
81460111	1000155850
30283686	1000095119
23119425	1000107459
87407293	1000107459
92404792	1000128009
18378446	1000068442
15839551	1000156165
236216311	1000107459
42367080	1000042875
16421962	1000095119
53204083	1000074157
16553826	1000107459
249432409	1000065276
261699092	1000131912
140845817	1000128009
55338862	1000107459
25017210	1000082353
16926230	1000156165
250130924	1000107459
3839	1000022242
17941967	1000131912
155422737	1000128009
163584436	1000043818
119597202	1000128009
118943387	1000125718
36897043	1000141854
321533793	1000128009
441324671	1000125718
19798969	1000118669
36542282	1000128009
19478693	1000022242
20815601	1000107459
151489277	1000038490
40813518	1000127799
56518880	1000107459
127492024	1000125718
245141097	1000094394
36542282	1000107459
24742040	1000107459
31331740	1000128009
21735888	1000095119
534358762	1000125718
285771269	1000128009
6446742	1000128009
100678782	1000107459
253860702	1000016060
32729193	1000125718
177782782	1000107459
14629709	1000092438
24203500	1000128009
16616109	1000065276
22591657	1000107459
47569409	1000131912
234464395	1000107500
39098070	1000107500
36744766	1000130080
29304278	1000094394
7452872	1000022242
40039442	1000068442
18208354	1000107459
19643545	1000125718
19454519	1000125718
55307193	1000113448
21872358	1000107459
297683673	1000125718
36744766	1000038490
307988483	1000128009
26798304	1000128009
21883149	1000028342
250130924	1000128009
149805089	1000107459
16565399	1000133382
36744766	1000122118
23559108	1000148257
18208354	1000133382
14837184	1000022242
72233303	1000128009
39830661	1000022242
6801772	1000125718
14210641	1000022242
23119425	1000113448
260429996	1000128009
36191959	1000125718
21829567	1000128009
68780864	1000082353
27546808	1000132635
19143584	1000125718
372917532	1000107459
265208700	1000107459
21418368	1000022242
54107547	1000128009
23559108	1000107459
21586418	1000107459
18156146	1000068442
23559108	1000095119
35933812	1000128009
19193475	1000107459
254290698	1000016937
487602166	1000022242
29118453	1000107459
215373852	1000107459
346788251	1000107500
278777228	1000107459
36744766	1000145951
68780864	1000009375
179275489	1000107459
20635016	1000107459
95749490	1000107459
14882135	1000125718
151191680	1000125718
248519330	1000107459
21698020	1000107459
14507115	1000022242
18795088	1000022242
18420291	1000107459
356909751	1000022242
8040282	1000022242
15575251	1000128009
15140284	1000068442
26798304	1000068442
453341658	1000107459
16068222	1000107459
21246151	1000128009
18836167	1000026847
25581869	1000073317
278777228	1000094394
27778893	1000068442
142891730	1000016937
46147323	1000125718
17912684	1000022242
381090926	1000128009
14625444	1000022242
70923	1000022242
48398960	1000107500
20421603	1000107459
97323715	1000128009
40102504	1000107500
50099238	1000133382
2260771	1000125718
16264006	1000068442
6446742	1000092438
31126587	1000128009
222565407	1000128009
47766490	1000107459
17073	1000128009
15775214	1000128009
15030766	1000125718
16364983	1000022242
18849368	1000022242
193968620	1000095119
91480304	1000065276
90521461	1000107459
43166385	1000092438
29187366	1000125718
14353392	1000128009
18553965	1000094394
17344937	1000022242
14507498	1000125718
193968620	1000113487
148445222	1000131912
192928463	1000125718
46581868	1000125718
262844190	1000107459
430174478	1000028342
129867080	1000107459
28660180	1000128009
30482713	1000128009
17073	1000107459
312167534	1000107459
389574072	1000022242
16624180	1000133382
40657605	1000125718
30587085	1000065276
253417096	1000125718
485173961	1000107459
179275489	1000129714
37871893	1000107459
20897055	1000127799
372917532	1000129714
53204083	1000107459
207828096	1000128009
23818581	1000125718
263820228	1000107459
44104942	1000125718
253860702	1000107459
92404792	1000125718
18208354	1000145951
56155769	1000128009
207828096	1000042875
38470617	1000128009
100678782	1000009375
70200041	1000022242
138273945	1000125718
304141354	1000107459
14622632	1000128009
238868074	1000065276
798556	1000022242
16734084	1000128009
17828988	1000128009
16517910	1000022242
156122558	1000125718
28967115	1000068442
28159793	1000141854
41648843	1000107459
284903188	1000128009
6446742	1000107459
15603688	1000107459
14829533	1000107459
100678782	1000130080
43292851	1000094394
28486596	1000107459
22091272	1000148257
17461978	1000128009
175442173	1000113448
16366923	1000148257
14787095	1000022242
113155160	1000146230
17073	1000013694
16877611	1000107459
118811608	1000008090
30545307	1000107500
148152211	1000058408
14304642	1000022242
56518880	1000092438
77383832	1000107459
31361884	1000128009
29780514	1000128009
36844252	1000107459
30298704	1000128009
199975519	1000128009
22941372	1000148257
145837395	1000128009
243779606	1000128009
111199728	1000107500
230194305	1000125718
61445012	1000107459
430174478	1000131912
97323715	1000125718
287564504	1000094394
14166096	1000080993
108562201	1000022242
193968620	1000107459
7875762	1000128009
236946858	1000128009
15818706	1000125718
23709347	1000043818
61445012	1000042875
17121755	1000128009
17886882	1000042864
29118453	1000128009
18351318	1000125718
30283686	1000128009
24502450	1000068442
47569409	1000128009
16931757	1000107459
14584200	1000107459
27743077	1000128009
182465134	1000125718
81460111	1000107500
74615185	1000095119
77383832	1000092438
18923866	1000022242
406796155	1000128009
21159746	1000107459
195938803	1000107459
90521461	1000128009
184678715	1000107500
21735888	1000128009
38974889	1000128009
46620741	1000128009
74615185	1000013694
273147790	1000047645
21158442	1000022242
18208354	1000125718
114971521	1000107459
24395545	1000092438
231456006	1000094394
21872358	1000131912
47499606	1000022242
22448729	1000128009
253860702	1000155850
47569409	1000009375
430207948	1000131912
6446742	1000133382
16421962	1000107459
54385947	1000022242
356541836	1000094394
36897043	1000125718
65785869	1000125718
21883149	1000095119
113155160	1000122118
281790543	1000022242
15036232	1000128009
14470236	1000128009
157818542	1000129714
23057736	1000042864
25068332	1000073317
21869924	1000134033
23709347	1000092438
10228272	1000022242
16421962	1000148257
7875762	1000107459
14173608	1000156165
15224719	1000107459
108928516	1000094394
91186036	1000148257
101107812	1000125718
