9500062	1000104633
3954801	1000135844
19918047	1000128177
29842329	1000157179
23480093	1000081319
26179487	1000042736
19363528	1000032142
15251260	1000157179
56767953	1000128177
14326420	1000079632
15199325	1000153235
49745151	1000006780
15666380	1000059940
10022832	1000157179
19760382	1000032142
21600144	1000157179
3473611	1000104633
17732153	1000050248
26403506	1000157179
14130054	1000104633
23989491	1000025941
17893290	1000157179
14124059	1000151193
2230871	1000008899
14366992	1000086978
23826919	1000050741
25938326	1000101109
130962408	1000060170
77222430	1000064000
1633681	1000050741
234903540	1000128177
18743187	1000144757
12838532	1000006780
20397258	1000104633
175114748	1000128177
234640701	1000104633
19578471	1000014994
19471361	1000014994
17944084	1000104633
22789766	1000128177
17837984	1000157179
5773532	1000104633
107563743	1000067637
28756240	1000157179
216897428	1000128447
93654953	1000157179
87969079	1000157179
180680636	1000130944
82739599	1000157179
114536165	1000157179
128135741	1000135762
205045456	1000154380
14973377	1000157179
18819691	1000104633
8418982	1000031570
732773	1000008899
204424857	1000135844
98424448	1000086978
18481585	1000031570
18767931	1000072248
14517343	1000084807
21884027	1000084807
20682302	1000099256
104268166	1000157179
30345417	1000104633
755756	1000157179
23944104	1000000317
17431046	1000104633
15782804	1000008978
28453669	1000128177
15269276	1000099256
18278524	1000157179
86734680	1000051243
1548841	1000104633
40537202	1000157179
18131961	1000057255
41431431	1000050248
20543008	1000156560
200163448	1000157179
260417055	1000157179
239760107	1000153010
15627381	1000139765
14152810	1000051243
6085372	1000104633
127609430	1000133126
157873303	1000104633
398210739	1000032142
120232348	1000026939
40050616	1000026939
295472423	1000157179
22959707	1000128177
3954801	1000104633
8892822	1000157179
45156251	1000145346
27031592	1000076202
4829901	1000086978
14118444	1000008899
27869790	1000157179
28235685	1000135762
76884790	1000157179
259365099	1000157179
6281792	1000047822
7144882	1000049245
144735154	1000143217
23580829	1000104633
1124531	1000104633
87697628	1000064000
80720852	1000157179
125689063	1000157179
14553055	1000153235
22222761	1000157179
17850456	1000032142
26642006	1000157179
14220046	1000157179
37240298	1000128447
117252513	1000135844
21149090	1000157179
130249527	1000157179
241382835	1000157179
23372997	1000050248
12294012	1000104633
10753362	1000104633
51073322	1000133126
66668490	1000157179
130820104	1000032142
14921836	1000104633
45175547	1000098859
14747507	1000157179
29743723	1000156560
55451954	1000157179
15104219	1000104633
22121627	1000135844
88996186	1000153235
94425545	1000054477
30905120	1000071909
20632796	1000032142
137901003	1000084807
315591599	1000157179
33233	1000153235
21817105	1000151193
15627381	1000102846
129091245	1000157179
13894102	1000104633
7036232	1000102846
193126850	1000127213
162770758	1000084807
1801791	1000031570
27051222	1000157179
92807448	1000157179
31045542	1000099256
11283392	1000031570
34378367	1000052973
127609430	1000098004
3679651	1000014994
11224342	1000047822
238253619	1000050248
8070502	1000151193
130590426	1000032142
12695752	1000157179
126412041	1000042736
2757281	1000104633
27644378	1000025941
13337652	1000031570
8541492	1000104633
3321441	1000104633
153635149	1000157179
33266813	1000084807
16406096	1000103918
108341871	1000051243
21027466	1000050248
14173833	1000104633
3042321	1000104633
47981900	1000113326
19884282	1000045887
15787709	1000157179
6724092	1000104633
282282694	1000020919
23128314	1000156409
48903	1000010027
250840124	1000157179
91292413	1000047822
101019485	1000128177
18967559	1000157179
17827085	1000154943
17258656	1000031570
26642006	1000128177
26362236	1000152843
353216771	1000104633
32667044	1000148601
37095671	1000157179
33774798	1000154943
18826638	1000104633
74175429	1000072248
18285245	1000104633
18151756	1000152843
18174861	1000113326
92367751	1000157179
14239496	1000139688
125155743	1000157179
56620346	1000104633
14721244	1000157179
15555645	1000104633
35746423	1000113326
41368212	1000084807
14407823	1000128177
14995806	1000157179
51951241	1000148601
15420011	1000051243
450929005	1000045887
16366923	1000104633
14546414	1000157179
15004311	1000050741
222616153	1000157179
356663	1000132677
8126322	1000157179
15681992	1000113326
11907412	1000059095
116324294	1000128177
156860038	1000072248
27744480	1000157179
23161445	1000059940
128957132	1000148601
16824850	1000084807
22227611	1000025941
1397311	1000001786
16524385	1000104633
274318725	1000049245
16099472	1000104633
16519812	1000057255
16218155	1000157179
24083901	1000157179
42175523	1000157179
153216247	1000157179
5708702	1000079632
166200173	1000025941
8091052	1000072248
7420772	1000104633
128358431	1000128177
224915605	1000157179
19313250	1000042736
34041776	1000032142
22872643	1000157179
166853688	1000072310
3824401	1000104633
405323682	1000025898
16665419	1000143217
18208354	1000157179
26955321	1000072248
10260682	1000155987
23618603	1000104633
59238436	1000128177
15094420	1000157179
253839329	1000135844
17457839	1000101109
14260840	1000157179
18475300	1000078066
71298807	1000118744
3749371	1000104633
279720230	1000001786
18499229	1000104633
15291335	1000030317
17464581	1000154943
36602488	1000157179
62925053	1000104436
199389614	1000128447
50735431	1000086881
18360994	1000123319
14312962	1000031570
9446502	1000151193
97486589	1000031570
19848777	1000071909
129267848	1000084807
101824729	1000054477
14346923	1000051243
178456134	1000086881
29743723	1000144304
189725408	1000157179
199831776	1000072310
17222954	1000051243
16453094	1000084807
15644019	1000104633
26151564	1000157179
14456200	1000104633
160994217	1000128177
16284697	1000000034
7552082	1000010027
112758378	1000157179
14935647	1000084807
101894071	1000104633
32102005	1000148601
14773506	1000157179
21611688	1000143214
5644962	1000031570
15384241	1000031570
2065521	1000031570
7450992	1000076202
24516804	1000157179
83256764	1000155987
142690048	1000132300
2593511	1000104633
6243662	1000084240
14690813	1000123319
19370748	1000113326
1194401	1000031570
20437286	1000128177
2589661	1000104633
99661289	1000157179
22272553	1000157179
38108873	1000072248
46840753	1000031570
47719591	1000104436
18393166	1000104633
45445539	1000157179
50957071	1000144757
32639070	1000011623
372968469	1000135762
72349563	1000045887
7079062	1000135844
23800248	1000154380
15712812	1000127213
759147	1000086978
83926599	1000113326
89756441	1000079203
14550264	1000005575
23797102	1000104633
11136132	1000031570
26065993	1000104633
77345438	1000157179
1397311	1000089594
31353077	1000050248
14453798	1000104633
50498805	1000157179
25025035	1000157179
22299816	1000104633
234087758	1000135844
283437893	1000006535
38360490	1000153010
14220205	1000031570
180881713	1000104633
14945780	1000086978
25007344	1000050741
40829802	1000104633
15555645	1000084807
508128621	1000135762
35175054	1000157179
254749514	1000128447
20344826	1000050248
10260682	1000051243
2627491	1000047822
18993395	1000045887
516796074	1000079203
35082414	1000104633
6140	1000031570
22900797	1000032142
22605665	1000104633
30917386	1000000034
131970530	1000152843
16689096	1000145346
15446126	1000052973
3062761	1000104633
36778012	1000157179
333709376	1000025898
254280897	1000030317
105019721	1000006535
14154172	1000005575
3242491	1000104633
15319941	1000157179
259425300	1000157179
66354293	1000098004
10373972	1000130944
41585752	1000098004
211230952	1000157179
45067533	1000054477
18156146	1000050248
823525	1000031570
6016612	1000084240
42161632	1000157179
6046132	1000104633
80468100	1000060170
22335214	1000104633
14274132	1000157179
754655	1000151193
166330225	1000086978
13577212	1000050741
124560973	1000143217
190929713	1000064000
159179153	1000129042
77028545	1000137535
31377059	1000157179
17351189	1000023144
17941967	1000104633
232912682	1000084807
16278375	1000157179
27720205	1000032142
322783960	1000157179
80127034	1000157179
28722687	1000157179
18785089	1000103918
10877	1000153235
43039340	1000084807
125457349	1000157179
14740219	1000157179
5469072	1000104633
11913152	1000054477
16453765	1000084807
72937903	1000139688
29561751	1000157179
16865502	1000047822
15386819	1000104633
127653518	1000084807
16453094	1000104633
91396570	1000157179
33041426	1000157179
90202167	1000157179
18440972	1000051243
46382917	1000087776
215444266	1000148601
17431236	1000050741
223264020	1000049245
222879842	1000050741
232762581	1000135762
26871774	1000157179
14688086	1000059095
25125978	1000087776
1265091	1000157179
19588385	1000093980
1847381	1000151193
57435204	1000157179
19424888	1000049245
15841965	1000157179
7036232	1000139765
19220724	1000005575
15446473	1000157179
16152151	1000031570
15775214	1000060170
30528575	1000104633
2331211	1000104633
22409200	1000157179
227341921	1000076202
194063707	1000104633
2008761	1000008978
3380291	1000104633
17355523	1000032142
39511166	1000020919
15385189	1000082239
219682445	1000050248
35507751	1000098859
59974294	1000135762
372968469	1000151193
9670952	1000104633
81653349	1000157179
20353192	1000060170
4065921	1000104633
16494857	1000049245
31197668	1000129042
852301	1000104633
197141866	1000157179
15423373	1000157179
18181487	1000104633
22113099	1000157179
137502234	1000078066
18897815	1000084807
5984072	1000086978
260349318	1000157179
38259087	1000157179
118626543	1000093980
62979208	1000157179
16285517	1000084807
26813101	1000025941
70435204	1000118744
254104119	1000144304
18619404	1000157179
16212913	1000157179
7159422	1000104633
17272055	1000157179
12741	1000132677
130339829	1000157179
21071072	1000023144
69480815	1000000317
25830175	1000014994
59054214	1000084807
17667742	1000050248
61420787	1000157179
86361766	1000113326
34244280	1000059095
19866631	1000084807
51259108	1000049245
16099472	1000157179
45590904	1000154943
24931027	1000050248
14877628	1000099256
1035491	1000094467
36795587	1000086978
84653539	1000067637
6601622	1000086978
16620800	1000104633
117848769	1000050248
121234329	1000157179
14266435	1000050741
26956786	1000157179
17978616	1000050248
219720172	1000104633
22486728	1000032142
26053643	1000157179
720843	1000011623
27031592	1000082239
19939261	1000137535
82177280	1000051203
68450853	1000157179
58462957	1000132300
1249431	1000104633
723713	1000157179
19737483	1000153235
19167552	1000157179
13455472	1000005575
45117669	1000157179
36249985	1000143214
53297035	1000157179
152930516	1000094467
9389142	1000081319
25318477	1000128177
279720230	1000089594
20474841	1000157179
131943096	1000156409
18370918	1000086978
273904150	1000051203
86823765	1000157179
9108552	1000031570
