183236796	1000149142
20439682	1000035457
82909697	1000120695
339650637	1000080910
41099665	1000092124
411820218	1000016784
136103238	1000058963
24117694	1000018310
67891810	1000038502
22412376	1000157038
252795535	1000000778
383325622	1000119754
33865168	1000058287
20817223	1000073342
21915666	1000092124
338602967	1000073342
34109686	1000141720
238965032	1000062736
146449017	1000079555
45445539	1000050181
264316849	1000015481
93657068	1000073342
143491086	1000054079
759251	1000022357
296171243	1000155897
14620003	1000022357
15896625	1000022357
2308191	1000056183
273452154	1000017349
351019938	1000022357
83590349	1000079555
16068360	1000062736
19549441	1000073342
156967608	1000119345
27394027	1000079555
161627772	1000079555
80957189	1000015481
18708466	1000024428
20437704	1000107471
79857721	1000018310
20571373	1000020236
7900182	1000050181
264343382	1000149142
26553086	1000079555
211194146	1000024067
125656811	1000079555
171692646	1000032059
184986169	1000018310
1199081	1000115367
95928186	1000016371
211303345	1000054079
14664346	1000079093
145756137	1000115367
319625617	1000017349
59023338	1000120695
367946968	1000017349
12415722	1000129748
417517419	1000018310
14999792	1000022357
24278900	1000157526
17883975	1000022357
19540483	1000086962
41315331	1000073342
25756519	1000148732
46957051	1000022357
16347561	1000051543
22055226	1000022357
15832861	1000016371
346711949	1000022357
158506294	1000089221
84129740	1000022357
20567939	1000157526
133413924	1000015481
296171243	1000123303
305275103	1000051543
43166813	1000079555
19248117	1000079555
57998022	1000157526
24021805	1000052214
39164522	1000141720
46322933	1000018310
18725854	1000028085
14165865	1000079555
262171829	1000071753
18345963	1000135842
19112923	1000079555
24661623	1000145362
14850356	1000051543
9523892	1000051543
278153776	1000073342
211070230	1000018310
365784920	1000018310
84091503	1000079555
301577843	1000092124
38761811	1000000778
279043074	1000080910
44615672	1000079555
15904698	1000079555
17258115	1000000778
109976753	1000079555
19658826	1000052147
13691782	1000052147
668423	1000115367
99175138	1000091244
1136351	1000116731
449079520	1000135182
197262168	1000016371
212808638	1000063991
18122887	1000022357
227037531	1000022357
57152094	1000018310
85891683	1000079555
191301892	1000016371
1550461	1000073342
16569881	1000073342
359582559	1000082754
225791964	1000082754
409823	1000033979
20264425	1000062736
58844407	1000038502
14088984	1000129748
22060843	1000107471
49075375	1000091244
28288223	1000080910
21740428	1000018310
41436687	1000018310
13039722	1000115367
9999352	1000079555
69181624	1000022357
42883800	1000012403
15393162	1000079555
14263368	1000020236
12806822	1000115367
15360428	1000021957
21915666	1000148732
270507277	1000073342
216257550	1000073342
295355360	1000123303
35507751	1000015481
215343979	1000018310
29964546	1000007503
54460126	1000018310
166374073	1000050181
5402612	1000079555
15614972	1000145362
19737094	1000022357
22335214	1000015481
222953824	1000022357
142791352	1000051543
95048311	1000079555
34354722	1000016371
17174484	1000018006
17740231	1000076240
119345450	1000073536
134704868	1000018310
22891211	1000115367
16788263	1000157526
345930964	1000093292
188805360	1000012403
284592580	1000071753
132253772	1000056183
89098393	1000157526
24479656	1000021957
41339210	1000012403
254860469	1000058963
793830	1000033979
15256739	1000116731
34360475	1000015481
37397428	1000022357
98345808	1000058287
22915745	1000115367
21122578	1000022357
188164910	1000073342
301726492	1000123303
24694071	1000022357
14774669	1000079555
48295727	1000115367
50483553	1000072270
203708277	1000018310
5340042	1000119345
19928703	1000092124
21373407	1000150599
17837652	1000016371
134138907	1000005570
323896067	1000056183
132250094	1000092124
30042375	1000054079
107418464	1000011850
39462935	1000024067
434460832	1000017349
304183321	1000079093
90609610	1000073342
25656304	1000080910
241397934	1000073342
275812396	1000056183
378707542	1000141270
48731639	1000073342
42906429	1000092124
66369181	1000022357
90862267	1000080910
35921559	1000157038
108617810	1000022357
267611336	1000018310
34798623	1000080910
35420362	1000088335
214417849	1000073342
237496736	1000119754
149726145	1000157526
292030309	1000123303
166601166	1000062736
274962574	1000035457
58213	1000119345
18228075	1000092124
39600392	1000073342
19394188	1000022357
312937997	1000024428
341581739	1000089221
18250750	1000157526
824157	1000096906
29755430	1000018310
171649753	1000018310
73999582	1000141720
317370250	1000073342
189158296	1000016371
243762766	1000016371
15211081	1000051543
14831118	1000073342
248980568	1000079555
250447400	1000018310
21502432	1000079555
220685139	1000032059
154175423	1000056183
74671123	1000058287
17908655	1000101667
27774100	1000157526
22700969	1000093292
21464046	1000157526
787864	1000115367
18776942	1000022357
22798591	1000107471
47359148	1000157038
16822292	1000058411
321644371	1000018310
231701483	1000018310
320995385	1000123303
263224927	1000053217
383471789	1000018310
378750821	1000141270
59507002	1000063991
30043495	1000022357
50486776	1000072270
15367053	1000018006
210162496	1000018310
36588739	1000022357
111172075	1000073342
8231962	1000033979
258218804	1000015481
196168350	1000022357
390101431	1000051543
223833068	1000058287
18927441	1000056183
17174484	1000020236
25101996	1000022357
11364932	1000015481
18712070	1000015481
17930661	1000020236
5423502	1000015481
46154707	1000021957
41099665	1000148732
345949124	1000080910
26003862	1000054079
128637403	1000105166
112784664	1000015481
381090926	1000016784
252700195	1000018310
2752851	1000011850
350411166	1000018310
54092452	1000092124
70194980	1000018310
19290329	1000048328
43495684	1000153896
204781394	1000016371
43121315	1000012403
7925002	1000015481
89900875	1000079555
24961671	1000061351
297166458	1000018310
61318269	1000150599
27832575	1000115367
196277177	1000157038
19740592	1000022357
127003249	1000053217
214693898	1000022357
15089988	1000115367
16277642	1000063991
17688601	1000058411
417812030	1000080910
14085070	1000052147
184637153	1000018310
32409483	1000061351
140909641	1000088335
6579	1000092124
15757788	1000015481
449114674	1000135182
20608910	1000022357
16110819	1000052147
209059219	1000016371
248411093	1000015481
246938903	1000016371
22961914	1000022357
186227073	1000016371
403996946	1000155897
15211081	1000052214
42242439	1000115367
265021248	1000018310
310468102	1000053217
53834054	1000123445
185487499	1000157526
387210978	1000016371
134876175	1000071753
90957062	1000058963
112735231	1000073342
155953331	1000105166
1436851	1000079555
58697439	1000058963
216581005	1000021957
72741851	1000071753
129279693	1000015481
15445811	1000051543
18179447	1000115367
292896302	1000073342
138224889	1000093133
37211517	1000007503
259304458	1000018310
142723179	1000016371
17167771	1000000778
263758909	1000022357
81434158	1000022357
346600687	1000092124
16908938	1000051543
39727570	1000079555
270673659	1000123303
22981318	1000063991
32350369	1000073536
11001222	1000063991
14150874	1000076240
22613486	1000073342
16144669	1000115367
152741998	1000016371
58930815	1000119754
91667678	1000018310
81475578	1000018310
85606078	1000022357
371092579	1000018310
76745164	1000050181
18985501	1000052147
188108667	1000086074
226770889	1000018310
235818781	1000015481
188550511	1000048328
51887953	1000056183
129879105	1000022357
95161315	1000073342
46252298	1000079555
182022503	1000016371
20688961	1000020236
969431	1000005570
176936249	1000119754
403996946	1000017349
239019284	1000149142
459602372	1000123445
22190185	1000022357
1899161	1000096906
20783	1000092124
76587180	1000018310
22211521	1000092124
30073696	1000101667
19259451	1000056183
9835242	1000015481
190012011	1000093133
16176755	1000051543
554003471	1000123303
344776361	1000016371
106348473	1000022357
187323360	1000119345
91665628	1000086074
64823914	1000135842
60024268	1000079555
318420143	1000073342
35515944	1000153896
24909358	1000080910
183820509	1000016371
154009010	1000089221
221966395	1000018310
357976898	1000028085
351429370	1000018310
256497288	1000123303
15460048	1000086962
22068282	1000092124
