162705856	1000004778
13777782	1000056349
14935647	1000065955
14387542	1000030268
18886119	1000107331
467805130	1000045913
141279345	1000079712
442371738	1000004778
223297575	1000107331
218540692	1000108705
192030194	1000004778
24724740	1000119306
839321	1000058311
27630891	1000108705
8419232	1000056349
25340149	1000004778
201470714	1000004778
52361963	1000004778
58291529	1000015729
54917026	1000018988
330921167	1000035074
417407285	1000004778
22117687	1000035074
505199710	1000004778
46202236	1000004778
20201427	1000065409
14129601	1000056349
113766686	1000124137
10202	1000015726
393000195	1000004778
267350635	1000035074
747863	1000125415
128995532	1000004778
162749920	1000107331
17533559	1000012255
127578389	1000004778
225252559	1000125572
451905071	1000137420
47314880	1000119306
90739121	1000004778
356642631	1000004778
17431236	1000035074
198675113	1000004778
257698065	1000004778
32639070	1000153309
244769691	1000065955
4400681	1000030268
20747847	1000065955
49465463	1000030268
19519349	1000004778
19478383	1000002427
11446092	1000116960
754556	1000156568
375407274	1000004778
18107886	1000153309
442367757	1000004778
30970675	1000052970
41712825	1000035074
323472869	1000004778
86280347	1000035074
127958577	1000035074
31257471	1000153184
20900082	1000004778
23135992	1000002427
91040139	1000058022
125359195	1000004778
2800521	1000031336
20216011	1000035074
21793918	1000065409
14310583	1000079352
221104583	1000051341
9431932	1000095441
22272553	1000007209
11183772	1000067065
85459800	1000095441
77175478	1000075339
15013234	1000035074
21436558	1000125572
118253507	1000035074
18825668	1000056349
226987914	1000035074
31067157	1000065955
384685422	1000004778
89617904	1000035074
374887853	1000004778
175865603	1000091017
255392715	1000107708
265021248	1000004778
15000340	1000136758
221234546	1000051341
115523535	1000018988
269248034	1000004778
21272932	1000056349
131244360	1000035074
113576014	1000045913
18141963	1000065955
8881	1000107708
242897817	1000065955
294846486	1000004778
219370782	1000004778
13398422	1000058022
15633023	1000035074
799316	1000056349
47161442	1000004778
15870918	1000004778
20170060	1000015729
43076364	1000004778
24577300	1000027434
15465130	1000119306
296609425	1000056935
49105052	1000004778
435674654	1000004778
19848777	1000062413
174889139	1000107331
52948662	1000035074
381104782	1000004778
158874150	1000004778
240344271	1000004778
276551208	1000004778
21611688	1000156568
49673103	1000124137
231893190	1000004778
73058561	1000107331
25904560	1000004778
14680797	1000035074
183814521	1000035074
19469924	1000035074
39164896	1000002197
114284807	1000056349
36249985	1000156568
132736650	1000004778
14266435	1000035074
15053949	1000012255
22728255	1000079712
284699165	1000004778
443940778	1000004778
10669942	1000075339
113714296	1000004778
35701370	1000004778
18282577	1000065409
6941842	1000056349
415752096	1000119906
35726059	1000004778
14848426	1000065955
217566245	1000004778
101915429	1000119306
14411797	1000119306
286323733	1000004778
75914508	1000004778
376865400	1000004778
15535730	1000017156
63006299	1000065409
144278115	1000004778
57518312	1000004778
23664028	1000002427
392518254	1000004778
12199652	1000030268
1585	1000058311
110315478	1000004778
15010721	1000035074
22977196	1000119306
14366976	1000119306
15648137	1000017156
27641634	1000095441
52863597	1000035074
26161908	1000004778
415752096	1000153184
105019721	1000091017
22705686	1000004778
85459800	1000065955
52081613	1000107331
15845496	1000156568
372611428	1000004778
15433939	1000067065
64455099	1000065955
349757265	1000035074
1154511	1000030940
220006826	1000051341
28135572	1000004778
14677117	1000062195
164409606	1000004778
285359479	1000137420
15535081	1000035074
28108411	1000125572
22722452	1000007209
314049912	1000004778
171649753	1000004778
23435890	1000027434
822284	1000075339
9431932	1000004778
27948253	1000082264
57703239	1000035074
25952851	1000004778
123655316	1000056935
52742774	1000157552
144320202	1000004778
75008697	1000035074
14130107	1000031336
21682534	1000136758
130650476	1000107331
347795199	1000004778
12863602	1000056935
86336234	1000035074
272275628	1000107331
271324176	1000004778
16793368	1000125572
348093124	1000004778
8226492	1000004778
214216144	1000004778
30905120	1000062413
355963028	1000004778
263738601	1000004778
5768632	1000052970
166299213	1000157552
14586723	1000075339
14536491	1000065955
197194092	1000004778
7620312	1000030940
210162496	1000004778
739223	1000125415
21870651	1000137420
95941018	1000125572
17560063	1000035074
789286	1000035074
299324845	1000004778
26569855	1000125572
60491491	1000116960
272085393	1000035074
367300163	1000004778
14992890	1000079352
16900850	1000002427
10035342	1000015726
408156796	1000004778
56397733	1000095441
259074185	1000045913
1620241	1000002197
53858029	1000035074
31257471	1000119906
39609441	1000004778
158179658	1000004778
21687784	1000004778
6633692	1000035074
11224342	1000002197
245582985	1000004778
73446048	1000004778
60698319	1000137420
18992997	1000062195
56397733	1000065955
20123620	1000065955
15112961	1000065955
14871640	1000082264
316111372	1000004778
