76273976	1000134607
33402909	1000035751
41662642	1000042609
26846571	1000146895
17037417	1000151288
14801057	1000103134
86852711	1000109670
17870415	1000016223
33153054	1000131089
245588569	1000094575
13364	1000090799
9843352	1000054273
15381688	1000150832
121281725	1000151288
19370748	1000109670
27722343	1000084465
262909218	1000130165
348610731	1000151288
18854356	1000151288
24275509	1000073310
21131816	1000101959
15840385	1000046689
10260682	1000109670
277401500	1000134607
91037749	1000016223
16010789	1000109505
20561154	1000073310
14416552	1000151288
22587869	1000118163
16069548	1000151288
22305914	1000151288
41388967	1000015498
14188390	1000101959
28823239	1000102929
14507115	1000041065
242624244	1000150832
3715	1000109505
158558510	1000151288
16302736	1000157591
182163783	1000125919
14706267	1000016223
16845580	1000118163
52599138	1000140892
77426529	1000134607
29542502	1000140892
755756	1000092536
523317676	1000041065
17132311	1000134607
15031424	1000149637
1702611	1000041065
318760429	1000151666
20366717	1000101695
87626628	1000101959
10394522	1000022039
284468794	1000134607
15813531	1000073310
15583454	1000101959
72369506	1000152645
21279256	1000035751
131950733	1000102619
284715436	1000016223
26743	1000131089
10241	1000101959
14639859	1000101959
17682521	1000016223
84397758	1000123041
8007092	1000101959
128528922	1000109670
15679119	1000146895
184637039	1000140892
19579040	1000016223
15620292	1000016223
290075064	1000082482
39601084	1000035751
28635233	1000035751
15395001	1000041065
5161281	1000101959
16271952	1000035751
30728013	1000109670
14680381	1000071389
755756	1000101959
8007092	1000092536
393605414	1000134607
78701122	1000134607
27922297	1000151288
28989277	1000140892
214120916	1000134607
9145492	1000102929
196413641	1000131089
14719129	1000090799
17870415	1000120247
14483832	1000073310
27984817	1000093158
20571654	1000082482
28372535	1000109505
224809136	1000151288
58462957	1000035751
15200682	1000073310
14129299	1000095452
395395198	1000084465
15485242	1000105188
22760252	1000049051
15252736	1000101959
36302234	1000092536
47981900	1000109670
13229902	1000082482
130155510	1000109670
14215609	1000035751
5695632	1000095452
322834956	1000092536
21452168	1000140892
21672825	1000130893
14328066	1000095452
7423512	1000085037
33153054	1000016223
1154511	1000090799
226184738	1000094575
16990308	1000152645
7861312	1000101959
21111304	1000151288
21157724	1000151288
809864	1000134607
17282378	1000151288
34669164	1000035751
31236655	1000082039
20790079	1000000652
16999591	1000123041
39839316	1000035751
13229902	1000101959
373422039	1000134607
45383905	1000136862
7409232	1000151288
48523332	1000016223
24265368	1000151288
20315513	1000084465
15357608	1000085037
155972772	1000125711
19703935	1000016223
11041	1000090799
18716004	1000151288
20911987	1000134607
161396346	1000131089
789286	1000102929
14397792	1000101959
17682521	1000131089
393719606	1000082482
194397899	1000083263
15101146	1000142879
19413393	1000151288
15527013	1000016223
93453079	1000134607
27922297	1000082482
76057704	1000031432
86734680	1000109670
16334824	1000136862
5110861	1000134607
14825119	1000039386
14303205	1000094575
19793752	1000092536
47963278	1000125711
22839501	1000073310
16674726	1000151288
16571560	1000059548
14080429	1000070644
14654770	1000110408
130583593	1000128307
16890261	1000035751
10079052	1000036607
9728952	1000101959
31513494	1000146895
27157089	1000035751
87899230	1000134607
17571515	1000103134
14706267	1000105188
54467758	1000157591
118466222	1000131089
779715	1000016223
25293931	1000151288
39998413	1000125919
291468308	1000151288
16631597	1000035751
14998921	1000157591
10450	1000101959
15088253	1000102929
18726245	1000042923
26569855	1000109670
294884925	1000073310
17870501	1000016223
216126534	1000016223
21324258	1000035751
307584946	1000073310
43178274	1000016223
129802464	1000134607
14057933	1000085037
643613	1000041065
45266183	1000150832
19660045	1000073571
131950733	1000131089
222953824	1000109505
82030021	1000073310
14888578	1000073310
14844734	1000134607
779715	1000131089
59836995	1000109670
1175221	1000109505
22689867	1000101959
51564922	1000151288
14454675	1000157591
7865512	1000131089
125553717	1000073310
393719606	1000151288
108675409	1000073571
476551294	1000084465
9631832	1000102929
16565399	1000059548
15416379	1000157591
1533411	1000136862
440433860	1000146895
28199309	1000041065
791124	1000101959
14135742	1000101959
21555789	1000157591
12861412	1000151288
29962952	1000109670
50137282	1000131089
862481	1000101959
21603325	1000134607
304649218	1000035751
57026931	1000067458
9500062	1000151288
25787134	1000016223
22689867	1000105188
89617904	1000102929
12095912	1000109505
22931493	1000092536
8692972	1000016223
7925002	1000151288
43273	1000015498
24751263	1000103134
780155	1000039386
19703935	1000151288
833571	1000092536
16574570	1000088350
19003121	1000151288
14681449	1000157591
17870415	1000120105
284071322	1000054273
17941825	1000102929
15256739	1000142879
15961858	1000151288
60591163	1000094575
7296332	1000102929
16936406	1000120105
48523332	1000125919
18445879	1000151288
617243	1000134607
214336047	1000136862
107413645	1000151288
14333974	1000102929
14749486	1000090799
16069548	1000131089
37397428	1000118163
33669807	1000084465
20031674	1000073310
14413075	1000101959
11666332	1000041065
39998413	1000016223
180477318	1000082039
35094823	1000118163
15010721	1000102929
89989652	1000140892
35894498	1000150832
18743187	1000124261
16060735	1000101959
91037749	1000083263
16848203	1000101959
15362015	1000101959
21816902	1000054273
6632012	1000136862
1090141	1000041065
124886495	1000134607
17871025	1000140892
23002488	1000022039
18229878	1000016223
16889060	1000095452
53189336	1000101959
27609219	1000046689
25590127	1000101959
24459692	1000073310
168453874	1000094575
17446621	1000092536
58714972	1000151288
28118794	1000027330
3230521	1000016223
11211712	1000101959
27119147	1000109670
14813311	1000157591
34635076	1000134607
15465602	1000140892
5838682	1000142879
8004732	1000151288
15753937	1000109505
277851523	1000093158
778446	1000016223
25276905	1000109670
7194892	1000151288
8007092	1000016223
19595820	1000109505
29391256	1000157591
9406452	1000016223
36302234	1000016223
15645098	1000103134
14372190	1000101959
20863936	1000035751
14851930	1000151288
94367426	1000042923
15343773	1000101959
312283342	1000134607
39211986	1000070644
284715436	1000149637
394968954	1000151288
14166346	1000073310
20735177	1000092536
21999730	1000150832
24057172	1000084465
16625144	1000157591
8878882	1000146895
16652792	1000101959
136288132	1000118163
22839501	1000101959
22937213	1000055086
5747872	1000131089
20067944	1000103134
141628169	1000134607
18957524	1000101959
137541444	1000151288
21614669	1000016223
11253262	1000146772
39918963	1000088350
16251528	1000016223
15402623	1000102929
31475027	1000109670
58101355	1000101959
24050231	1000130893
124849996	1000041065
10450	1000105188
12137412	1000016223
248793917	1000094575
34051416	1000082482
50888802	1000120247
13790282	1000073310
15680562	1000131089
23800248	1000151288
13229902	1000151288
94130664	1000123484
126210634	1000016223
19768193	1000092536
14173097	1000134607
462993829	1000134607
15026162	1000120105
4071981	1000151288
161396346	1000105188
62776570	1000039291
11856762	1000084465
34157977	1000151288
34947001	1000035751
52860325	1000054273
9829852	1000102929
31332696	1000042609
440433860	1000125919
220921868	1000148809
36148307	1000151288
298910273	1000120105
18217098	1000105188
17703765	1000046689
81147434	1000101959
48523332	1000070644
15112248	1000123041
14533116	1000109505
114589165	1000151288
195934431	1000125919
17092862	1000084465
15485242	1000070644
37219422	1000070644
16848203	1000151288
17682521	1000102619
5161281	1000131089
16118476	1000101959
18716004	1000082482
7123452	1000102929
27716402	1000027330
84421229	1000151288
9298152	1000157591
216126534	1000120247
12137412	1000131089
138859804	1000041065
278340082	1000084465
66431262	1000110408
364598207	1000073310
276597679	1000134607
472341748	1000073310
14851930	1000082482
24434105	1000073310
5265131	1000151288
35175054	1000092536
16433562	1000109505
9359222	1000103134
14336347	1000106272
15373340	1000103134
5158891	1000150911
7764332	1000095452
5947722	1000151288
14997400	1000092536
13594872	1000085037
51263711	1000109505
23260973	1000150911
16723958	1000146772
33987128	1000000652
18631169	1000151288
14876672	1000101959
45383905	1000146895
70923	1000041065
322834956	1000073310
7729542	1000146895
38412700	1000146895
88851192	1000095452
15848541	1000134607
5042921	1000151288
440433860	1000070644
87305010	1000071389
462553493	1000084465
34705238	1000149637
25007375	1000035751
30572722	1000134607
14080429	1000136862
251231976	1000157591
19153872	1000157591
17625522	1000035751
14573745	1000151288
7718082	1000102929
20449133	1000049051
175529494	1000157591
71862367	1000151288
24275046	1000157591
11072822	1000109670
756975	1000105188
15249171	1000092536
16601823	1000094575
15485242	1000016223
16834046	1000035751
196413641	1000102619
3006981	1000123484
148445222	1000151288
13538172	1000101959
15771419	1000036249
15180686	1000134607
11973472	1000142879
16334824	1000101959
104598979	1000134607
14860850	1000157591
119783622	1000035751
44004358	1000094575
16162251	1000039291
50137282	1000016223
41385649	1000134607
12069912	1000094575
41338503	1000035751
16434310	1000134607
210731804	1000148809
17868918	1000073310
385114083	1000084465
249477817	1000073310
24816848	1000095452
15358350	1000146772
89969244	1000101695
64219788	1000016223
186635253	1000105188
32578648	1000016223
41495074	1000109670
19771577	1000123041
36997518	1000123041
36136374	1000151666
14876672	1000073310
33599395	1000088350
6351922	1000106272
481453	1000016223
56352243	1000016223
15324310	1000131089
767	1000090799
23404076	1000151288
46426761	1000103134
16069548	1000146895
131615009	1000102929
31477608	1000146895
43529972	1000102929
2800521	1000101959
167426817	1000128307
15324310	1000102619
10010852	1000073310
48459300	1000109670
21157724	1000016223
63546487	1000088350
14655321	1000101959
58937467	1000102929
16063378	1000101959
130249527	1000149637
4893411	1000101959
17794004	1000151288
44000532	1000082482
43178274	1000120247
756278	1000090799
27262152	1000118163
12137412	1000146895
23404076	1000082482
15310917	1000146895
102496661	1000151288
131613714	1000101959
17034634	1000055086
20676730	1000067458
21931235	1000039386
19703935	1000146895
14539061	1000157591
385154183	1000151288
18859669	1000036249
14300025	1000151288
70796019	1000151288
14936377	1000134607
16069548	1000016223
71862367	1000082482
18487299	1000130165
1797531	1000016223
14185977	1000146895
107516840	1000035751
14372143	1000036607
26451647	1000151288
16247041	1000124261
196217497	1000134607
71341675	1000035751
9406452	1000120247
49992096	1000123041
48174738	1000035751
291468308	1000082482
205991562	1000140892
25660512	1000031432
194179246	1000120105
15583454	1000016223
20571654	1000151288
440433860	1000016223
20341544	1000035751
962631	1000101959
20319646	1000082482
94917884	1000109670
9274702	1000151288
10241	1000131089
201870414	1000134607
2870951	1000151288
33642755	1000088350
20319646	1000151288
6700332	1000151288
