15510569	1000094819
45673	1000120127
41338503	1000116470
201711826	1000126441
17494046	1000142014
755756	1000022026
15367053	1000030336
1211311	1000052149
38934368	1000132069
75814130	1000126441
22414197	1000068102
19928703	1000052234
94568228	1000126441
17941825	1000056919
152445382	1000033163
32765534	1000132069
29807718	1000028042
202623127	1000141540
46279004	1000106178
7111512	1000022026
25629019	1000065092
18228075	1000142014
18907865	1000126441
231469134	1000118883
19737094	1000043333
83069345	1000118088
75541607	1000132069
44682832	1000116470
46241448	1000132069
18399652	1000126441
281196299	1000019471
38366272	1000068102
8194122	1000052149
16284386	1000151400
2852911	1000022026
88340943	1000132069
168302112	1000132069
14472428	1000022026
83220932	1000033163
48263	1000145886
21515310	1000010143
24479656	1000076543
1000591	1000024753
28404196	1000034016
502281810	1000132069
48698650	1000124249
256554165	1000126441
19720714	1000085521
94203832	1000126441
15485242	1000111466
22269570	1000106178
16356344	1000056919
531574750	1000067090
756975	1000142014
42964481	1000055322
138072063	1000085521
15554080	1000022026
26320150	1000142014
1305941	1000008133
9917552	1000116470
82853372	1000056919
289659449	1000019471
2317861	1000076543
154221292	1000132069
42040091	1000034016
1966	1000022026
453720662	1000088249
28318908	1000033448
255836353	1000055845
29844579	1000132069
16594064	1000030336
14246001	1000043333
56814021	1000116470
19596074	1000055845
229154336	1000154426
40623024	1000052149
44820773	1000126441
12804422	1000030336
21088957	1000111466
2565	1000022026
8479062	1000022026
36770749	1000076543
29247964	1000025139
15272024	1000088249
14328339	1000064816
25756519	1000126441
284071322	1000055845
16530573	1000052234
15391142	1000102458
18206161	1000022026
277595625	1000132069
256554165	1000052234
2018311	1000102458
246493616	1000151400
262275490	1000132069
17298249	1000111466
237845487	1000144922
213670984	1000126441
15199296	1000106178
1586501	1000090118
6001592	1000145886
112497901	1000132069
11439162	1000076543
33063	1000094819
113134752	1000132069
14655295	1000102458
16312316	1000090118
37371226	1000132069
17388955	1000132069
46114108	1000097202
103909707	1000126441
80149492	1000090118
58829577	1000118883
43074937	1000052149
18254355	1000106178
83649051	1000076543
16349559	1000132069
18638800	1000022026
21238039	1000093771
51643837	1000106178
234906656	1000126441
818155	1000019471
2039761	1000022026
16594064	1000106178
60094114	1000102458
7446452	1000046551
120943272	1000132069
19182474	1000152130
7325452	1000034016
26829539	1000132069
14217624	1000076543
15655027	1000097202
91382753	1000076543
117442888	1000132069
22586386	1000132069
16267101	1000106178
12229172	1000132069
18919273	1000078133
28104897	1000030336
124801593	1000046551
29785854	1000118088
195911896	1000085521
27716402	1000034016
196843248	1000120127
15931605	1000142152
58829577	1000126441
528	1000022026
28699250	1000132069
14528221	1000052149
256596567	1000132069
15332302	1000068102
29999221	1000046907
43514656	1000076543
16929520	1000034016
22409200	1000065092
24180370	1000097202
16019597	1000106178
18307251	1000132069
30855079	1000126441
20530770	1000076543
48313845	1000132069
37884847	1000126441
214589522	1000144922
46678012	1000116470
852301	1000046551
517689596	1000056919
794340	1000097202
46840753	1000052149
16574570	1000033448
185308330	1000106178
9270952	1000094819
414236565	1000126441
179340633	1000118088
531559937	1000138246
32652567	1000076543
131014445	1000126441
14328339	1000144922
14724347	1000141032
14670548	1000022026
107266564	1000132069
1660111	1000052149
17105214	1000076543
21111715	1000067090
107516840	1000106178
19289396	1000097202
32140588	1000034016
19412366	1000106178
121826856	1000106178
14712874	1000022026
19637761	1000142014
143412135	1000056919
1374411	1000022026
64823914	1000132069
157818542	1000132069
796742	1000065092
22211521	1000118088
24578634	1000068102
76385990	1000022026
5506012	1000024753
42906429	1000118088
346600687	1000118088
19837036	1000106178
56359115	1000097202
33658564	1000019471
14241468	1000052149
2569261	1000056919
8584	1000031356
6477852	1000076543
22207520	1000106178
15727578	1000142014
18892183	1000065092
5943422	1000022026
297595216	1000118088
2140521	1000008133
17436250	1000034016
84499860	1000034016
2713951	1000034016
15769327	1000078133
15127748	1000030336
16000318	1000033448
209154676	1000151400
143669316	1000132069
15873841	1000097202
15947648	1000033448
75713796	1000132069
101879887	1000132069
14347790	1000063120
16175118	1000106178
33940986	1000067090
3291841	1000132069
436829918	1000132069
10314702	1000050058
230021284	1000132069
48644970	1000001266
85216698	1000132069
50652184	1000067090
26259480	1000010143
39264421	1000052149
20115499	1000033448
59624844	1000132069
21319630	1000132069
17033125	1000138246
35741532	1000039161
29031793	1000088249
21904217	1000132069
14046943	1000022026
19289396	1000052234
414998937	1000126441
2523231	1000050058
81909428	1000001266
14267393	1000106178
1642921	1000152130
88049417	1000116470
15655027	1000126441
16116995	1000138246
154579089	1000132069
104996918	1000106178
45590904	1000102458
149972576	1000046551
202003	1000052234
15225127	1000132069
687613	1000094819
16536215	1000106178
794340	1000052234
30459621	1000068102
21119820	1000107199
157838902	1000033448
77998729	1000106178
15857462	1000064816
314585181	1000056919
7434272	1000052149
18789373	1000132069
15407699	1000033448
16841374	1000132069
5803082	1000022026
15910041	1000118883
14840869	1000132069
36941793	1000093771
45500027	1000150341
10237	1000022026
23919657	1000065092
60395840	1000118088
93729105	1000124249
30863	1000120127
338380084	1000132069
11041	1000022026
648	1000022026
818155	1000094819
23942354	1000028042
40732410	1000076543
16530573	1000126441
46195370	1000132069
43289545	1000132069
15944436	1000063120
16102671	1000076543
20798630	1000132069
14415108	1000025139
1424001	1000142014
62533012	1000033448
17001189	1000076543
18062400	1000106178
746323	1000056919
469718467	1000106178
779715	1000076543
14655351	1000030336
767396	1000050058
17802647	1000076543
14256927	1000141032
62518650	1000067090
322885672	1000068102
86336234	1000056919
56352678	1000022026
38190358	1000116470
25179560	1000154426
14353392	1000126441
36045367	1000056919
36018090	1000039161
15903746	1000052234
106423037	1000106178
14962080	1000019471
27051975	1000030336
181769496	1000068102
41954598	1000055845
18254355	1000030336
9955112	1000076543
27642957	1000132069
44561295	1000034016
48259431	1000030336
15903746	1000022026
817166	1000019471
13436432	1000090118
245220581	1000043333
34620751	1000030336
14415108	1000132069
12419022	1000052149
21139132	1000128602
393445216	1000132069
25042112	1000118883
304649218	1000116470
41644887	1000132069
88340943	1000106178
763446	1000094819
46501487	1000055845
26218878	1000055845
14290222	1000065092
9300262	1000043333
46114108	1000052234
17494046	1000034016
31889268	1000055845
14401912	1000052234
28744383	1000132069
16032446	1000126441
82939583	1000132069
1233111	1000022026
23490670	1000068102
169477894	1000106178
14718218	1000132069
5803082	1000090118
9151842	1000022026
360838772	1000126441
19086456	1000034016
60179528	1000076543
5870082	1000022026
386251278	1000118883
54402700	1000055322
15873841	1000126441
23815359	1000030336
54991079	1000055845
5877292	1000019471
372765570	1000088249
86280347	1000056919
96184837	1000116470
5848412	1000022026
131351549	1000132069
16063378	1000052234
15899658	1000046551
15866188	1000106178
11739662	1000090118
11781142	1000106178
143812589	1000106178
11969	1000022026
103902438	1000109178
371466354	1000132069
547172871	1000055845
205754331	1000022026
14575107	1000132069
18263843	1000118883
8876232	1000056919
177310174	1000056919
16092470	1000118883
10191272	1000019471
15510569	1000031356
24189159	1000151400
32138488	1000116470
57424032	1000076543
92807448	1000111466
111523654	1000055845
18744189	1000141540
19988587	1000106178
14399483	1000118883
480930665	1000132069
9254272	1000047133
18012833	1000055845
432758345	1000132069
204472178	1000128602
8692972	1000132069
418	1000145886
218946982	1000097202
799645	1000076543
130540077	1000106178
98997127	1000097202
14726984	1000094819
26368049	1000055845
19086456	1000142014
48946627	1000106178
15321506	1000034016
14415108	1000126441
19923144	1000034016
18976948	1000055845
18843259	1000142152
247799723	1000046551
259387453	1000132069
107516840	1000118088
101875332	1000067090
14208611	1000126441
15655027	1000052234
14801863	1000052234
65853539	1000055845
16158636	1000076543
10312392	1000120127
15903746	1000097202
3713811	1000022026
13039372	1000033448
9254272	1000142014
13894102	1000046551
31119337	1000132069
14984096	1000132069
71331671	1000019471
8938252	1000047133
17809581	1000126441
252367584	1000090118
30662150	1000126441
1502111	1000142014
109715718	1000150341
93906304	1000033448
15564022	1000068102
14228346	1000107199
62059086	1000055845
26392468	1000055845
15857462	1000144922
19398142	1000090118
16990308	1000132069
16652792	1000022026
17106279	1000034016
15868506	1000055845
75193883	1000132069
16595732	1000055845
196413641	1000132069
33571670	1000067090
292995395	1000132069
24257591	1000132069
29247964	1000132069
15142243	1000030336
132948409	1000106178
221185711	1000126441
188489537	1000132069
418	1000046907
15004311	1000056919
137820052	1000116470
177378039	1000144922
16371487	1000047133
23070306	1000030336
18079495	1000055845
17221189	1000132069
19049162	1000055845
70556127	1000088249
50680206	1000106178
14133447	1000132069
19360730	1000047133
17469332	1000047133
256554165	1000097202
14208611	1000052234
22013442	1000047133
20941681	1000022026
2529971	1000022026
45629136	1000052149
44886859	1000050058
19134143	1000055845
18679467	1000106178
18720686	1000055845
14208611	1000097202
17219108	1000109178
38711721	1000126441
106418930	1000090118
15279429	1000132069
626973	1000094819
83710425	1000142014
82017157	1000076543
15057943	1000106178
26214290	1000138246
1455001	1000052234
14677919	1000106178
71956658	1000132069
19579999	1000132069
19930345	1000055845
26601490	1000106178
54092452	1000118088
15727507	1000142014
62533012	1000132069
26813101	1000132069
