39800888	1000007089
43346568	1000044916
2869531	1000093145
94209915	1000028782
27145088	1000067213
28367267	1000028782
39800030	1000139414
46150233	1000083252
20477352	1000144197
59110488	1000045567
123655316	1000063552
18486038	1000067213
37774411	1000041043
72918810	1000083710
23126128	1000118782
44452802	1000157462
25354531	1000028782
17856208	1000072744
24224268	1000018143
105595534	1000127494
15287889	1000011714
32933712	1000051331
17626337	1000111366
42917699	1000072372
33969495	1000083252
54307612	1000006959
17658282	1000041043
18634336	1000044916
28345417	1000051331
90972746	1000080585
20064449	1000135864
17251657	1000011714
28351670	1000034697
3554721	1000103844
78464875	1000053774
16280307	1000028782
10297	1000103844
18634336	1000028782
28418204	1000007089
43346568	1000028782
41865979	1000118782
101569095	1000045567
33940986	1000083252
116324294	1000045567
1612021	1000083266
33969495	1000053774
15040500	1000144197
253340529	1000053774
14090017	1000103844
20676730	1000083252
17222954	1000146341
17464581	1000144197
23902126	1000118255
38565406	1000127494
28452658	1000103844
18393753	1000041043
8847392	1000118255
28452658	1000041043
22535871	1000080585
18393753	1000075826
48458575	1000144197
28452658	1000034697
57517199	1000146341
40300612	1000000692
36231321	1000094365
15783124	1000138232
23242175	1000040077
47481061	1000103844
28418204	1000019583
142658872	1000051331
33827435	1000126494
18772355	1000074120
31656378	1000083266
16126957	1000144197
440282483	1000063552
20785093	1000157462
14277395	1000053774
27043036	1000051331
17851032	1000053774
17882897	1000044916
23133578	1000041043
19596919	1000053774
39800888	1000041043
30802189	1000109455
15348133	1000014988
18089255	1000040077
125409873	1000083710
16450029	1000053774
244184207	1000053774
15247902	1000011714
25040554	1000118255
22513919	1000007089
18026346	1000066757
17975938	1000008142
190900921	1000126494
18026346	1000127494
172834226	1000051331
179277255	1000006959
25435742	1000072372
96174685	1000041043
39800030	1000083266
200713206	1000108109
15783124	1000014988
26091734	1000083710
28418204	1000072744
36867372	1000053774
15659554	1000053774
25040554	1000014988
97898613	1000144197
38930851	1000053774
15382307	1000014988
15498185	1000127494
25127315	1000154249
89085091	1000066757
37774411	1000018143
21651598	1000146341
70434326	1000028782
282345114	1000083252
23902126	1000074120
18026346	1000041043
813232	1000152289
259516003	1000144197
124560973	1000094365
340645279	1000093236
55892508	1000103844
81168843	1000065456
18840310	1000111366
18492255	1000126494
22498525	1000044916
39636618	1000108109
31246255	1000083266
133046921	1000083252
15421558	1000083252
185809250	1000018143
26569855	1000146341
135549198	1000028782
18026346	1000083266
15612015	1000153588
40676159	1000051331
15565871	1000135864
16550480	1000103844
188025840	1000152289
46519925	1000067213
15652889	1000103844
57026931	1000044916
190929713	1000093236
135549198	1000000692
16908562	1000109455
14959843	1000075826
405714281	1000065456
17136795	1000153588
16786960	1000058531
36782022	1000011714
57026931	1000083252
18026346	1000139414
39800030	1000041043
41865979	1000028782
36999437	1000067213
16514595	1000083710
17248350	1000083710
18813482	1000007089
24961671	1000008142
89085091	1000103844
15382307	1000118255
37774411	1000139414
18612414	1000154249
23135992	1000144197
20118601	1000093145
204472178	1000154249
59951701	1000058531
14177966	1000053774
14965127	1000051331
15247902	1000019583
253340529	1000083252
17313445	1000053774
15468275	1000127494
104148298	1000144197
14237257	1000127494
15348133	1000138232
