2729061	1000074920
154632372	1000060572
17571515	1000069091
298791059	1000155906
18274715	1000093352
116795913	1000041775
129657107	1000048321
32981735	1000055032
56480330	1000095259
48210436	1000134136
234966314	1000089669
223408561	1000058323
303827856	1000093352
288949696	1000093352
154579089	1000117088
20872762	1000086070
74365722	1000039598
282414735	1000069388
169610198	1000154121
191229219	1000067496
102769762	1000122209
15135752	1000084559
125903356	1000089258
41222853	1000033231
14625444	1000001623
35926608	1000153741
191504048	1000115911
28851186	1000033231
18866772	1000033736
424741487	1000113225
16433562	1000060572
416645771	1000028252
176920873	1000002021
29512099	1000089669
19846387	1000156178
60668729	1000013777
249996933	1000027996
153996235	1000063440
18269449	1000039983
95359860	1000083291
14502281	1000000999
29242152	1000122999
36132422	1000086070
546528985	1000105197
79297894	1000092709
19432206	1000098957
179453	1000093352
25598800	1000010022
14157301	1000092938
383291526	1000020490
18093468	1000141095
15147042	1000098957
549089429	1000063440
282399145	1000028615
270622617	1000048321
14269093	1000033231
10519	1000103683
319364916	1000074548
95465386	1000001324
114589165	1000067496
87515348	1000125886
19416598	1000003237
72754970	1000088813
13560892	1000124105
20115243	1000147457
15989423	1000034470
14536491	1000012915
520835497	1000093352
15040367	1000000999
736293	1000033231
128034287	1000088813
15955862	1000033736
69559136	1000086070
37141338	1000093352
15939644	1000150812
74324155	1000090934
266187076	1000010022
23705423	1000089669
240544888	1000000548
12098472	1000035484
112497901	1000086070
29844579	1000086070
108883543	1000008304
13041272	1000093352
17430220	1000093352
223391701	1000033231
376629559	1000020490
115756609	1000021256
116347206	1000005354
120550846	1000016344
14505838	1000060572
8312422	1000067496
14298927	1000152015
150915437	1000086070
266249674	1000070137
18040643	1000100191
239971233	1000008910
131251580	1000026616
23166089	1000002670
19923638	1000117088
14537182	1000119394
99426033	1000094178
169477894	1000122668
277358731	1000105197
32855657	1000093352
290051627	1000037984
127823907	1000065217
14157134	1000126805
274641222	1000007122
93854353	1000026616
15598493	1000012915
23976386	1000150795
52319883	1000063440
92409018	1000086070
235608862	1000100191
349932090	1000134341
76420529	1000039598
22851036	1000069091
18363654	1000093352
24833081	1000057511
185613113	1000025544
16098603	1000028845
821	1000072445
232684632	1000048321
24791743	1000093352
93796722	1000147553
460272173	1000060572
512002740	1000048358
16856562	1000093352
5817632	1000052255
33520863	1000004068
16564324	1000060572
28275226	1000151949
224728227	1000122209
42300444	1000133941
5520952	1000089669
469799060	1000061838
31994367	1000070988
59977316	1000089669
21240511	1000093352
7483632	1000072445
15398191	1000064432
124474025	1000154985
14271908	1000004442
62610707	1000140527
16309106	1000093352
224342907	1000075080
45518586	1000093352
26871300	1000066209
16856928	1000093352
207242224	1000072630
18930170	1000060572
39394932	1000033231
17384099	1000074438
11232892	1000060572
91279682	1000045778
18433412	1000150592
18770485	1000111729
15677204	1000001623
18677581	1000125969
15099133	1000052263
30529238	1000093352
110541296	1000060572
17614195	1000093352
120679977	1000004091
289216498	1000058274
19101284	1000048911
14369651	1000017428
16873755	1000013586
861201	1000083021
9379662	1000033736
317412640	1000015075
16364222	1000003824
122231268	1000138345
34628101	1000115170
14840869	1000118040
7452872	1000095403
71245831	1000126632
255095605	1000063440
231173053	1000073075
7259302	1000010022
197592035	1000115645
200683864	1000149675
19581352	1000101728
30817647	1000155906
21817560	1000063581
51986683	1000063440
46648807	1000060572
168759944	1000103934
250849104	1000069414
5842822	1000103683
357984457	1000134341
75662577	1000060572
86121236	1000093352
17936412	1000112942
64496398	1000089669
14791232	1000093352
14167618	1000061453
17271117	1000099588
29013076	1000124593
375227971	1000093352
20997959	1000124593
156538059	1000060572
20290224	1000093352
29338157	1000093352
61336370	1000033231
18867883	1000024220
260389485	1000093352
6650612	1000114657
82301437	1000093352
25781829	1000093352
12415722	1000060572
5413042	1000001623
52818466	1000119307
43933017	1000153741
20344826	1000118488
15290441	1000063581
31179985	1000093352
18375402	1000096499
106118793	1000051234
151246522	1000155906
270673659	1000134341
24047612	1000036436
35030520	1000150747
29699350	1000093352
116400571	1000041843
75282074	1000116162
24799500	1000093352
79024978	1000019470
137982546	1000093352
228394035	1000105161
7398912	1000052263
420588509	1000060572
204472178	1000093352
394471665	1000131665
130510920	1000135084
27606372	1000149948
14147844	1000064432
15782607	1000119394
223840932	1000093352
14154640	1000006921
401731061	1000105197
125162698	1000035792
15033467	1000155906
18815604	1000061563
173205778	1000129907
210936826	1000019272
360975062	1000074578
112585481	1000093352
128358431	1000132308
12702822	1000060572
176736129	1000033704
72955085	1000077217
329277121	1000030981
271324176	1000048321
17167771	1000093352
303374168	1000013586
38565406	1000040494
38782424	1000010022
22796966	1000081749
14278468	1000072445
80700514	1000002670
425468942	1000073075
52284349	1000063440
19195662	1000126427
198724998	1000105162
2426	1000116935
14163748	1000081120
458733840	1000052263
326992164	1000093352
36435171	1000154661
42464314	1000048861
47734221	1000010022
189158296	1000107582
86961023	1000149948
295913885	1000149948
16650268	1000104560
118729426	1000044004
21902101	1000052263
74267236	1000063440
121825928	1000067496
52541140	1000093352
26535027	1000083789
22363892	1000085763
398120967	1000134341
15173685	1000033231
18262659	1000096379
30301527	1000010688
18728200	1000013586
37532342	1000048321
256047287	1000129907
150384918	1000094178
73874988	1000019272
210629704	1000093352
198338737	1000028869
3420011	1000005117
7123452	1000060572
7768692	1000073075
443818797	1000060572
61483289	1000149948
17093617	1000063598
40071926	1000095941
164865277	1000116092
165517106	1000121037
14667228	1000137600
49992096	1000106695
43736146	1000116162
417622555	1000085763
233668983	1000039935
122111980	1000105197
25226477	1000061563
19923765	1000149948
18688051	1000079015
443178876	1000034470
16723958	1000061563
14342564	1000060572
15386819	1000012915
19518328	1000086202
14710129	1000060572
76125540	1000023872
531405392	1000149948
455060666	1000134341
725213	1000089669
465109417	1000010022
75360706	1000013777
20448733	1000145152
14743985	1000009831
195564709	1000073075
13801142	1000080033
16331259	1000083291
186353014	1000030829
203931062	1000063440
13092982	1000137600
21155580	1000039983
201484477	1000004091
752673	1000036464
17769620	1000013777
15725723	1000033231
16293285	1000116530
18952953	1000108182
93579404	1000052263
21603325	1000052263
14963150	1000060572
97170019	1000051234
44452802	1000083291
26300193	1000039598
33454142	1000064752
82681495	1000002670
69745037	1000014150
45904217	1000093352
15931491	1000093352
306803641	1000116841
105087439	1000115488
12266272	1000093352
156406938	1000094178
31401966	1000074438
14716974	1000013586
73249932	1000093352
13588012	1000001623
487602166	1000095403
26519172	1000067496
8919982	1000036490
35741532	1000140687
288048388	1000048321
29187366	1000140527
17391539	1000155906
123698044	1000010022
76479479	1000150795
16729450	1000028615
116710152	1000028845
23090431	1000073075
153832061	1000126526
175964136	1000134874
52012019	1000063440
86055566	1000089669
15248360	1000122268
131038612	1000010688
62107272	1000110052
27835859	1000062042
133756497	1000070988
24604037	1000116093
169867962	1000131578
19136331	1000105162
26985567	1000043168
3549531	1000093352
115504182	1000081120
19774598	1000089984
224507816	1000095259
53882428	1000076608
31949053	1000093352
408060505	1000069414
28139650	1000124016
33064867	1000059886
132519763	1000115488
274818423	1000060572
23050489	1000089984
25001048	1000048852
17073	1000074548
17451816	1000061563
380041356	1000080033
23664028	1000093352
41413470	1000001623
24290627	1000093352
14416552	1000093352
516585324	1000089669
7632	1000093352
71523292	1000089669
107180853	1000003015
65375829	1000083291
16624430	1000122668
1090141	1000141651
11922692	1000093352
232535915	1000063440
189178986	1000147367
127713437	1000048619
403755157	1000017428
18440972	1000085542
30298772	1000048321
22104535	1000016430
61721843	1000048861
15859033	1000060572
15345111	1000093352
26176694	1000092732
17075525	1000129588
298385420	1000102102
82182598	1000132308
77222430	1000025907
18309277	1000068123
14067246	1000066209
221514083	1000063581
386699190	1000027996
15420650	1000136596
4952751	1000052263
136755740	1000001389
16874037	1000093352
268525879	1000048321
33873372	1000066106
109931110	1000026616
23871012	1000020490
19000474	1000033231
50037051	1000089669
16069493	1000093352
300333849	1000009427
23116280	1000060572
258447233	1000039598
405323682	1000124804
314199860	1000109156
6456482	1000060572
23964682	1000012358
83112392	1000083622
271970590	1000119307
18746498	1000138345
107867162	1000131173
17239694	1000093352
16724370	1000089669
30406287	1000064752
38188313	1000104790
91041719	1000043497
15919138	1000093352
5284762	1000080575
225135025	1000151949
15256739	1000069031
36064193	1000125969
19889841	1000001623
400785743	1000139831
50679126	1000136596
19287231	1000041353
2217251	1000042124
403996946	1000134341
20155760	1000060572
338875694	1000010022
14388022	1000080577
46422814	1000052263
151979200	1000090934
47273526	1000149948
18824222	1000105197
83354312	1000048911
198370650	1000085763
20681651	1000093352
18119683	1000020490
17132311	1000052263
13447902	1000016430
91731354	1000067496
34628101	1000147457
367514703	1000073075
44024932	1000149948
20819602	1000010688
159181273	1000048762
16586811	1000055704
282447785	1000030981
201522218	1000119394
472479954	1000105197
231893190	1000048321
20465564	1000027996
123702913	1000093352
61815588	1000149948
281740036	1000139695
18272435	1000093352
524420412	1000022684
296952969	1000149948
14179098	1000059197
319402200	1000017345
250590425	1000093352
6798592	1000034470
143491086	1000048973
17013002	1000036006
16971994	1000001623
377352404	1000058323
305377408	1000081551
49414383	1000026597
158943934	1000131665
42287824	1000016430
19254809	1000001357
23044006	1000155906
53358442	1000096379
25461274	1000093352
24048220	1000033231
16991717	1000093352
276597679	1000052263
458662989	1000020490
139085830	1000065217
42639788	1000093352
36931976	1000073075
218742198	1000028845
23095837	1000093352
18261013	1000093352
22835308	1000141095
9533042	1000034470
120622471	1000092709
53858029	1000061453
15640533	1000079062
115135027	1000093352
394873664	1000081551
15295809	1000093352
357871897	1000041775
288113759	1000075467
16144669	1000034470
421848829	1000119875
74772315	1000093352
21533722	1000149948
22205493	1000093352
21066262	1000093352
22592948	1000069414
34314138	1000146351
77320158	1000020490
20183126	1000061563
26021668	1000093352
5110861	1000052263
89617904	1000061453
11837232	1000093352
16040961	1000043130
9014362	1000089669
114782622	1000061413
58368604	1000048321
229263840	1000122209
48467556	1000134874
41747765	1000093352
23720736	1000149948
93598339	1000052263
15643073	1000007997
164128172	1000004091
1128141	1000040261
809512	1000119394
19915325	1000001623
43924359	1000134874
17093148	1000073075
18817547	1000033231
96007770	1000094178
17628218	1000013931
7344012	1000103683
411273721	1000113502
35024272	1000089669
10400902	1000061563
197262168	1000103934
17904776	1000027886
31317273	1000151949
3481091	1000099517
188841274	1000028845
927061	1000093352
75036762	1000151949
31246395	1000112293
336333279	1000151949
18593319	1000119394
12844862	1000099209
88127695	1000133941
211329226	1000007122
278917851	1000028615
2271071	1000154051
56542313	1000093352
6016612	1000052263
4072401	1000045541
25577874	1000067496
348790319	1000105197
234526497	1000065217
14720196	1000093352
23505609	1000105197
8845372	1000119875
14740784	1000036490
75783213	1000149948
372076284	1000065217
88587704	1000028615
11003762	1000101728
15486823	1000128253
187371384	1000048321
36588177	1000004235
6794502	1000012358
21608783	1000115645
143680246	1000033231
18244833	1000017858
115832440	1000081330
20409281	1000039218
240944206	1000069414
271709253	1000128253
397067160	1000134341
40093172	1000149948
107231952	1000122268
229399494	1000126990
14766418	1000076631
156969952	1000039598
54680395	1000093352
24332709	1000115911
15039741	1000060572
23954547	1000094178
163415270	1000099960
246297626	1000092732
82488660	1000070137
18979543	1000052263
214201922	1000094178
25793504	1000042988
31275459	1000002021
270998811	1000067496
210257084	1000089669
81111260	1000076905
16661296	1000093352
238308325	1000092732
378779638	1000026738
14222518	1000117088
11811992	1000093352
19000474	1000013586
108884683	1000102584
25079164	1000124105
15684633	1000060572
75165115	1000001623
17157774	1000093352
22087738	1000033231
146071420	1000085763
79312312	1000089669
540748208	1000134341
103891265	1000108116
32998381	1000073075
155705264	1000028845
6790442	1000060572
8875752	1000101728
171803427	1000002670
22977151	1000127396
97566975	1000089669
250736056	1000149948
418540078	1000074438
122557484	1000055704
75569523	1000094178
308220010	1000105197
17038054	1000007608
527163603	1000120772
258112190	1000056630
58629129	1000002555
79598369	1000107582
8955702	1000093352
115360721	1000041843
66020299	1000117421
23954547	1000042988
44424226	1000117088
26603533	1000066209
159971257	1000149675
27772095	1000069414
362991049	1000027996
6165372	1000093352
218764303	1000133941
117298664	1000105162
293014911	1000151949
207828096	1000089669
85308236	1000093352
30369538	1000109156
272881784	1000118701
36249985	1000086224
17633960	1000034470
18193572	1000093352
81168843	1000048214
202186639	1000063440
47515463	1000016568
13473852	1000093352
18120510	1000151847
277284626	1000048321
136392274	1000052263
18020120	1000145935
37267983	1000073205
26012852	1000086070
14534060	1000093352
99003454	1000048861
1230801	1000089669
421694439	1000093352
45332405	1000036006
192023970	1000069414
197548360	1000090934
18583743	1000024220
39653167	1000010022
19224837	1000130081
314459386	1000124593
221530304	1000048321
27633075	1000089669
295062437	1000134341
13311722	1000027996
194833340	1000094178
18001974	1000100406
236627583	1000090934
248807431	1000048321
29756727	1000149948
27795930	1000098377
7233772	1000093352
219115830	1000093352
18159633	1000093352
23272748	1000134136
15358350	1000061563
7773282	1000043497
336958044	1000105197
79119341	1000028615
40809150	1000071463
82526708	1000062402
22121627	1000025418
63324260	1000052263
119511875	1000063581
113463725	1000024220
28856675	1000150812
89267210	1000052263
96585601	1000147457
18646010	1000013777
14825119	1000039386
369246180	1000147487
16949127	1000110052
27029537	1000089669
15053949	1000001241
20987724	1000147073
22620340	1000093352
276799444	1000089963
272786285	1000093352
20178144	1000010022
14069394	1000093352
17279613	1000101728
294949355	1000048321
18501214	1000013586
495557857	1000063440
199346997	1000149675
12193342	1000093352
33870122	1000089669
22189471	1000028845
20271494	1000069414
21902101	1000035264
191372457	1000099594
196843248	1000093352
28154689	1000001623
17382107	1000101728
197867309	1000093352
17373389	1000004442
33987128	1000093352
13462442	1000060572
47669187	1000157439
273608978	1000105197
15608978	1000033231
9629222	1000028845
188443111	1000117988
29906221	1000015589
2860701	1000093352
304124717	1000048321
184637153	1000048321
72754970	1000114657
96174685	1000040494
17613157	1000099594
87759396	1000015589
64676119	1000089669
356977033	1000139831
170451817	1000027514
41999758	1000012915
155688134	1000149948
22556717	1000149948
21166244	1000020490
62583051	1000122209
258988172	1000119394
7875912	1000153741
505199710	1000065029
17850816	1000093352
64969242	1000066363
15815339	1000093352
20958456	1000067496
350978314	1000048321
26286713	1000083622
237401538	1000063440
382370032	1000043884
28769894	1000093352
16788263	1000104303
72646886	1000086070
18462157	1000117088
185942856	1000005354
7975582	1000072445
141947171	1000060572
43794977	1000028845
180884045	1000140527
46331117	1000001389
116203461	1000093352
15933346	1000093352
106171152	1000075265
13460312	1000093352
248748948	1000140574
16683643	1000089669
8690322	1000014474
5408852	1000060572
21909890	1000057190
19866631	1000078833
22954140	1000073075
14220688	1000028845
334820220	1000126840
41721520	1000093352
301695120	1000069414
222013185	1000093352
153976531	1000127431
15647676	1000095259
349883172	1000134341
130778968	1000037984
14960658	1000062402
36999437	1000093352
348196315	1000116092
166638776	1000132308
174059247	1000048321
17516661	1000115170
23226445	1000065217
14522630	1000130081
23092890	1000060572
45391155	1000020801
8150752	1000137600
100868651	1000152015
58291529	1000093352
34117454	1000144850
95486467	1000098957
127356461	1000089669
24882273	1000089669
434460832	1000134341
220514871	1000089669
173892783	1000115645
151397321	1000050424
107383619	1000033231
114478604	1000023872
35290759	1000089669
178560366	1000090119
19089252	1000108116
91382753	1000127933
14708747	1000126632
793351	1000006921
315432213	1000063876
95304997	1000059517
15735952	1000060614
87415678	1000027996
5541152	1000093352
40671703	1000024220
249188812	1000130899
111091687	1000006556
17290922	1000060572
23124085	1000093352
79839110	1000048321
21320510	1000040261
149235847	1000060572
34442404	1000099960
174904516	1000154985
314801629	1000001623
58937467	1000136226
9145492	1000061453
46417146	1000101859
18168629	1000060572
36724802	1000093352
14456798	1000086202
16883232	1000028615
26276260	1000017345
155783936	1000152404
246430577	1000147457
33640859	1000003824
15445811	1000072937
14263368	1000004059
165645655	1000048321
82647233	1000002555
113138247	1000048861
21909890	1000061563
33998183	1000060572
15367053	1000004059
337584314	1000048358
238843243	1000080493
37457933	1000052751
12998242	1000120179
23439801	1000145152
39048475	1000151949
28383742	1000080575
88851192	1000129588
37788669	1000089669
158100913	1000130081
17547979	1000013586
114685968	1000055815
164475303	1000092279
18057459	1000083291
35473416	1000001623
9460662	1000010022
258022594	1000048321
162459545	1000154661
55773559	1000098377
14357039	1000069031
157934281	1000124593
193073314	1000072988
103541806	1000058323
486816912	1000115488
6376372	1000112801
371860720	1000105197
15487499	1000106695
361688159	1000105197
50054844	1000004218
143033894	1000149948
41806795	1000060572
17476953	1000127933
131333738	1000153741
16063991	1000093352
76733474	1000145935
14316555	1000010022
242054573	1000150747
1122761	1000149948
59951125	1000083291
29233377	1000025418
14915187	1000093352
21549924	1000102102
16073664	1000080575
92336981	1000075265
164824745	1000100191
355921179	1000061413
340387460	1000093352
85145985	1000048861
15418248	1000093352
82739746	1000017122
113470669	1000074920
35843751	1000020490
351671009	1000015589
14575846	1000001623
14260655	1000001623
15224867	1000129588
54282139	1000061453
38135106	1000004924
381688396	1000102584
94939220	1000043884
22735859	1000060572
6374602	1000060572
242451214	1000103934
4548601	1000096379
140741639	1000063440
46965517	1000025418
45310286	1000012915
394422660	1000006779
143844868	1000115122
14622630	1000093352
11348282	1000060572
15123332	1000093352
181711579	1000048321
93969417	1000149948
14088984	1000060572
161763504	1000152625
184879925	1000048619
393605414	1000052263
29593722	1000093352
78131837	1000017428
43510041	1000028615
18939374	1000149948
213062211	1000149675
255780224	1000063440
259763895	1000141578
86336234	1000060572
349757265	1000136226
23487693	1000064645
19238557	1000149948
257126470	1000048973
208604452	1000021256
19260101	1000033231
17402697	1000093352
287284747	1000149561
21956202	1000073075
70379729	1000012915
87321877	1000093352
43909630	1000119839
350978314	1000147367
23822236	1000093352
198574068	1000149948
14091509	1000093352
16245822	1000060572
8904302	1000052263
4310571	1000093352
110517297	1000074548
113474210	1000130081
124806773	1000063440
354004333	1000067496
77307927	1000122668
53047484	1000068836
244627772	1000061453
120679977	1000027514
15112248	1000119839
14981622	1000036006
220055458	1000155999
29518331	1000086070
30763467	1000144850
117747446	1000017858
130360032	1000089669
303060652	1000089963
49666871	1000060572
163058205	1000001389
16284647	1000060572
139550054	1000048321
303060652	1000065217
433848788	1000060572
156458599	1000073075
47282396	1000044248
205341096	1000083291
755431	1000089669
134363864	1000093352
16246081	1000093352
111374622	1000116841
16029491	1000093352
238392144	1000013777
507918255	1000105197
151657217	1000092732
16371223	1000099517
13759792	1000060572
268343277	1000019272
5378272	1000146629
120356530	1000044089
38752792	1000004442
521489919	1000074578
22083910	1000055032
8904302	1000019470
221859696	1000012915
12368532	1000034470
132513730	1000130567
21031864	1000099517
343420501	1000086070
15454228	1000093352
30782228	1000090119
24907197	1000044884
95357338	1000001623
14529025	1000033231
27661959	1000093352
40813518	1000033231
45399148	1000080449
22664869	1000018802
344473030	1000118701
15581082	1000093352
21512383	1000118693
264825458	1000042658
14956545	1000093352
20283403	1000093352
16338664	1000112801
24000067	1000093352
386334716	1000047596
229240200	1000057266
20114488	1000093352
14417969	1000093352
171823143	1000043130
16957273	1000113502
367394994	1000105197
47429047	1000004068
19814678	1000070842
10394522	1000004059
49821834	1000086070
276736004	1000152404
237851779	1000079584
33866686	1000006556
20297283	1000033231
16630062	1000095259
50751382	1000001623
18716999	1000033231
28479154	1000147553
780155	1000039386
300012435	1000003306
235446476	1000115911
14927276	1000028615
251974631	1000105197
333279088	1000058323
212703882	1000085657
735983	1000093352
270691943	1000147794
15090041	1000080575
81111260	1000140527
153245741	1000105162
6267972	1000005354
51945284	1000094178
272703261	1000022049
27470144	1000059197
23238377	1000033231
55735813	1000154661
204370454	1000058323
20166278	1000093352
23156823	1000046057
194392460	1000063440
246209510	1000048321
166458688	1000116841
107742853	1000116093
36600922	1000089669
65289126	1000152976
121918392	1000122209
326337346	1000105197
404233480	1000149948
20910930	1000093352
192976383	1000027996
15535081	1000061453
327635075	1000134442
238795636	1000002670
110730064	1000119394
14474034	1000029124
26453786	1000093352
21891867	1000080575
38935118	1000117421
37487345	1000126427
11738772	1000086070
75362374	1000003834
28576135	1000054368
27178170	1000036017
19689143	1000105162
15000527	1000061563
37487345	1000035482
19272669	1000093352
325727410	1000141578
18024103	1000150592
26884913	1000072445
14207863	1000060572
44438256	1000003237
45569108	1000063440
54384394	1000024430
264553691	1000048321
18194898	1000060572
221752062	1000061413
660633	1000066574
117901353	1000061413
137454693	1000061563
15652377	1000069128
52948662	1000061453
166619792	1000153741
81501774	1000120179
18324466	1000071116
40334621	1000110123
18319945	1000033231
72646886	1000115645
19224252	1000020490
204817833	1000089669
18990471	1000060572
21664207	1000093352
183341964	1000073075
117541123	1000119875
8526432	1000034470
308443075	1000074438
99637630	1000092279
156427983	1000060572
20076000	1000008910
380877574	1000093352
17771860	1000117088
462559272	1000033231
10692272	1000060572
16930113	1000085763
84447226	1000116162
17979038	1000061453
18867883	1000127933
219510915	1000063440
64423563	1000093352
22087738	1000013586
276394701	1000155906
266869260	1000022049
22866150	1000083291
14738260	1000096461
14703499	1000033736
26445140	1000146299
21776278	1000153741
556167733	1000067496
15087027	1000036490
19660045	1000093352
6730222	1000010022
20456848	1000119394
53167814	1000002670
304814889	1000136226
14903310	1000155906
224869267	1000086070
286277187	1000043173
69570898	1000049827
27530905	1000144850
736293	1000001623
31473912	1000027996
146730431	1000063440
252078513	1000124105
16688083	1000077217
250441643	1000117988
101545743	1000146747
79233608	1000060572
38708614	1000124105
8132642	1000098147
18889063	1000061563
6243142	1000155906
465109417	1000093352
202628418	1000093352
50070715	1000060572
16522244	1000101728
375971107	1000060572
322550039	1000081551
72757108	1000093352
138737040	1000144850
451642328	1000030981
16303393	1000093352
15290966	1000052263
81583141	1000093352
217416589	1000116093
295175946	1000063440
25824719	1000095941
33046532	1000073075
6450322	1000106695
312217057	1000030829
24578634	1000004854
387445558	1000022655
27724771	1000060572
14503124	1000155906
353860484	1000027996
21687784	1000028615
858071	1000093352
42411202	1000101728
633483	1000127236
10218852	1000016430
365329651	1000048321
64619842	1000033736
244338719	1000065217
18342947	1000093352
141929308	1000026739
11864262	1000092173
163421579	1000002939
14905961	1000066106
28599031	1000003100
20643742	1000001623
5654722	1000010022
376863423	1000048321
17623957	1000093352
107375795	1000058323
170033163	1000115122
343931495	1000048911
292102750	1000149948
39584643	1000099517
27272199	1000093352
21061498	1000063581
18680478	1000110052
14197132	1000089669
17052055	1000033231
15045318	1000093352
283239279	1000080493
14317839	1000059886
8713982	1000100406
31433456	1000060572
156136958	1000048321
358658416	1000058323
23546586	1000154877
21123806	1000095403
88501400	1000086224
43529972	1000136226
78190623	1000001623
29132977	1000086070
24955088	1000099209
14065819	1000093352
373018050	1000124804
414334713	1000017122
20076000	1000106695
61133	1000116935
210963683	1000103934
28990676	1000116093
21693877	1000092173
17445959	1000093352
24541192	1000139037
790036	1000149948
252561592	1000093352
37063979	1000010022
164865283	1000107974
16135883	1000080575
77806232	1000092732
66352917	1000093352
370404328	1000141578
11282472	1000005354
68022739	1000136596
198684338	1000014150
282581707	1000030981
124441715	1000093352
365873889	1000020490
342569570	1000088813
18449036	1000048762
55374931	1000093352
128704224	1000016568
41790706	1000093352
18940128	1000154661
19396256	1000124105
18647609	1000001623
22615824	1000026616
33654443	1000063440
18159633	1000109732
21441615	1000093352
59951125	1000115170
281657193	1000042178
15162193	1000117088
14815732	1000093352
238988833	1000144850
19288213	1000055704
421412483	1000069414
280747281	1000089669
44483406	1000060572
26961048	1000001623
227486711	1000110052
101138637	1000147553
21556678	1000093352
16739711	1000061563
33595881	1000093352
301600986	1000020490
173152052	1000070988
15728083	1000020490
16574981	1000069091
7420552	1000060572
486366544	1000127749
14300469	1000101728
15417293	1000093352
77222430	1000136341
48888718	1000080493
19040580	1000067496
213849301	1000151949
158560798	1000048321
32421348	1000150592
211743260	1000048321
14353392	1000052255
137046366	1000006779
59697912	1000034470
143412135	1000060572
14637113	1000093352
15430929	1000001623
20846868	1000093352
1633681	1000060572
22645010	1000109779
231216190	1000094178
91359384	1000010022
229499457	1000118786
21224587	1000033231
30520303	1000045778
27832575	1000083021
38954697	1000016430
450402450	1000067496
112819301	1000069414
351952711	1000060572
161417439	1000113502
429227921	1000105197
297595216	1000004854
26335321	1000065217
20392369	1000072125
62115401	1000044004
304460084	1000060572
167710554	1000133670
12011422	1000121066
72078055	1000093352
247033019	1000126632
15225578	1000010022
338894455	1000063440
57747123	1000064752
274823472	1000147367
25787929	1000094178
20985527	1000021511
64379822	1000147794
17351197	1000010022
68330103	1000115911
30459968	1000076905
35843427	1000066209
6166932	1000093352
21409342	1000063440
214291743	1000080493
16783479	1000004235
410419048	1000057921
20437031	1000007997
14904652	1000093352
211951000	1000052263
14265995	1000093352
154070583	1000063440
310422606	1000018802
43362975	1000152015
2365831	1000060614
12133382	1000060572
18232524	1000089669
28215110	1000009914
107145119	1000089258
55033745	1000071383
101882558	1000081551
40300027	1000060572
48797251	1000030981
344504269	1000139831
18077699	1000080575
14600465	1000048214
19595820	1000061563
425153490	1000060572
14848513	1000060572
351556508	1000063440
8329582	1000045815
204789381	1000063440
41331160	1000067496
241847792	1000151949
14453232	1000004442
85454701	1000136596
67197351	1000115911
14546396	1000093352
63928217	1000132538
20965177	1000091535
223434930	1000103934
33119062	1000092279
255347571	1000109255
350322420	1000090934
52832085	1000001623
6229562	1000057190
25001990	1000155906
14154998	1000121967
325293657	1000048761
46473066	1000060572
36457353	1000149948
25453503	1000089827
247437412	1000134442
140893518	1000048973
16971296	1000147457
20060820	1000058323
19790861	1000030981
223299859	1000122209
16939148	1000002939
57284417	1000093352
14849723	1000066363
380003331	1000048321
27480650	1000086070
391740886	1000059197
18315664	1000093352
53235381	1000017428
244741908	1000041843
16873755	1000033231
15869593	1000081120
198224160	1000022655
17422867	1000007608
23632910	1000140527
54330245	1000135084
37788669	1000021511
14199378	1000060572
15445828	1000009914
167451092	1000089258
19087813	1000001623
282519460	1000058323
18359862	1000093352
23979480	1000017345
188586381	1000151949
148388027	1000072988
14344845	1000093352
90799898	1000154661
154009010	1000048861
20065440	1000145935
304441921	1000004091
350309888	1000105197
17539739	1000093352
51237260	1000122209
28192145	1000089669
80523	1000121967
14187717	1000093352
276128869	1000089963
75362374	1000136596
210758676	1000081907
246956185	1000117421
315518939	1000081749
73448775	1000105197
242447706	1000093352
19930345	1000093352
17797990	1000074920
317568415	1000028615
1269251	1000042124
218138829	1000050424
375010934	1000147416
27683085	1000099960
21517874	1000001623
37478021	1000002555
130360032	1000020490
15657647	1000069128
39998413	1000013931
280338434	1000105197
30107977	1000077660
352534407	1000039935
441129326	1000116093
65547400	1000093352
49164309	1000110311
58479193	1000044089
46524229	1000109156
15687962	1000152976
414186024	1000060572
19752773	1000080575
22126466	1000000548
109371322	1000003100
19852483	1000020835
7209642	1000093352
1047451	1000042124
36761621	1000109779
15162829	1000000999
106140394	1000147457
14905646	1000013732
258490941	1000105162
61206610	1000093352
110292205	1000048321
11628	1000093352
171154131	1000154121
312604104	1000113502
311752077	1000094178
19639085	1000093352
39069544	1000093352
18917203	1000090711
97469184	1000039218
14266435	1000061453
33235951	1000093352
322154365	1000155889
33193831	1000027642
142320786	1000060572
18895142	1000066574
22548403	1000128253
9636632	1000093352
21817427	1000150795
22022795	1000093352
18216080	1000112942
15977848	1000154661
98660285	1000147073
77007853	1000093352
18486038	1000130081
540789120	1000020490
451250774	1000081551
278746956	1000035264
18324678	1000116093
121597373	1000149948
266941320	1000033231
15921060	1000118693
16493728	1000093352
21409122	1000093352
310006225	1000126526
27306095	1000093352
50144698	1000004442
15884850	1000093352
287281095	1000004218
313370959	1000139831
17030680	1000060572
36719281	1000147487
275359872	1000048321
360094552	1000134341
300465643	1000134341
79297894	1000022655
338581231	1000051855
139872488	1000048619
177651946	1000033231
17041577	1000093352
89032548	1000028615
96768912	1000096951
16570302	1000093352
102154120	1000001389
7738402	1000081907
27976258	1000064432
62336571	1000093352
81482648	1000083291
14227559	1000048214
21869924	1000065217
46533328	1000042988
457814337	1000144850
86697288	1000119839
12298152	1000122999
49062717	1000144850
38651880	1000010022
7879972	1000093352
14062808	1000033231
459126040	1000063440
36380242	1000093352
35722372	1000123538
43772776	1000086070
269235059	1000041775
423169271	1000089669
15939644	1000090367
23917224	1000099517
8464692	1000127236
183820509	1000107582
14996680	1000010022
22883550	1000020490
86363850	1000089669
143381041	1000058323
124296976	1000020490
15454949	1000122999
14396204	1000093352
54167998	1000154661
756379	1000093352
21762653	1000147553
274962574	1000001389
10090902	1000093352
2717891	1000093352
237219812	1000115488
362267407	1000144850
21134190	1000131173
39485994	1000093352
16683014	1000030000
297683673	1000092732
19614825	1000010022
49064943	1000115911
20546297	1000105162
208442526	1000074438
8768832	1000098147
294186011	1000098640
4804281	1000093352
19239943	1000093352
23280230	1000086070
15459980	1000009831
46444397	1000083291
36751532	1000021255
394475305	1000028615
17815591	1000135084
424669156	1000073075
22107372	1000060572
211636366	1000048321
15921464	1000033231
15335123	1000099598
15134782	1000063598
240302207	1000026739
82283114	1000093352
16424589	1000093352
53116615	1000083291
352580950	1000060572
12668332	1000093352
28434434	1000060572
79386459	1000086070
124242102	1000122209
20065440	1000003100
58613730	1000095403
214573630	1000093352
20466609	1000093352
109864747	1000093352
44134863	1000149948
334360458	1000048321
152105038	1000105197
389081073	1000139695
821110	1000108339
198952833	1000048852
54858527	1000077720
42301087	1000063377
14062563	1000127933
12830	1000060614
45533536	1000048762
11364932	1000033231
137524243	1000114657
335555535	1000022655
244825178	1000094178
16337119	1000004059
14627322	1000093352
9893782	1000070842
36465626	1000093352
43126957	1000024430
314797752	1000001623
19766517	1000074438
257145979	1000093352
336163417	1000000548
15009735	1000060572
22458821	1000048762
87559383	1000125886
97814412	1000126526
112111406	1000001389
277299883	1000101085
301730320	1000026739
19805496	1000154121
229033478	1000037670
19595909	1000093352
18794066	1000016568
19920585	1000086070
15506590	1000093352
26196838	1000028615
19362299	1000076905
15335123	1000060572
15773675	1000001241
407830059	1000089669
131943096	1000104790
44084633	1000036436
33583496	1000136325
436187252	1000093352
17628218	1000086070
358370724	1000109255
23750576	1000042178
23027237	1000052751
65845659	1000001241
60591163	1000093352
42482224	1000124105
400475210	1000061413
20113097	1000033231
240324020	1000060572
1496911	1000141800
31626721	1000117421
35741532	1000005117
38132559	1000026616
42427518	1000012915
114874723	1000149948
15004311	1000060572
133498469	1000028615
226891602	1000041775
191789202	1000117421
9730212	1000154051
269018971	1000004218
57249277	1000117088
80245884	1000052263
82375443	1000093352
402635142	1000139037
168688901	1000048321
14462724	1000093352
402041445	1000052263
33571670	1000039218
15895115	1000149948
14647570	1000060572
15853668	1000067496
357821267	1000133670
165391773	1000104303
32338280	1000098790
44773640	1000122087
17462107	1000016568
8657052	1000079062
40580577	1000047500
20680765	1000093352
35366254	1000095403
72907355	1000135084
10379542	1000060572
14612743	1000016568
17092862	1000020490
116008383	1000075265
100133245	1000141095
61476806	1000146299
50898430	1000132308
88349752	1000037670
14844734	1000086202
27852686	1000099517
15216860	1000094178
107796550	1000017858
37626336	1000154661
294026738	1000075467
357050995	1000093352
69570898	1000147416
38339409	1000033231
16221835	1000003100
336608394	1000093352
305401286	1000055815
19120874	1000093352
505086981	1000059197
33602654	1000060572
127953880	1000027886
40287348	1000152976
23976137	1000074548
76059222	1000044089
75633001	1000004218
47849517	1000072988
333021748	1000081551
55630037	1000010022
387923418	1000044884
27512679	1000134874
391023246	1000003600
16421962	1000116162
142047796	1000094178
51211899	1000116093
395873820	1000134341
72370237	1000016344
132875573	1000089258
92394840	1000116841
43662236	1000015589
255617445	1000149948
239550644	1000093352
14986811	1000086070
14317524	1000071116
39796783	1000052263
25203129	1000093352
17448186	1000093352
77504008	1000105162
177002366	1000048761
26066873	1000121325
104694228	1000093352
31693	1000043138
34336644	1000100406
18996426	1000083291
219515314	1000149948
19522549	1000015075
364705107	1000006779
17791088	1000001623
23737582	1000028845
229237555	1000034470
19799261	1000132308
56952600	1000063440
120209974	1000090001
54624571	1000060572
238509800	1000086070
33857149	1000093352
18615823	1000093352
28359405	1000139595
60273	1000116935
81855775	1000056367
14332289	1000136325
15877164	1000096379
363837574	1000041775
24861778	1000093352
167092395	1000026738
55705393	1000157439
14533116	1000061563
27900704	1000075870
15433229	1000122999
56044426	1000115645
128321519	1000001623
25336406	1000081330
34856158	1000057266
14213577	1000083291
9523892	1000072937
89041913	1000093352
668253	1000029124
215218343	1000115122
117177522	1000093352
34669164	1000117088
277603336	1000112721
18315126	1000029022
58760292	1000093352
31035336	1000063377
3301091	1000099730
22249619	1000089669
505866989	1000048321
15757568	1000114902
38002759	1000116162
73446048	1000048321
8804722	1000004924
230505689	1000105162
385606113	1000042988
5042921	1000033231
15041845	1000061563
28028411	1000048762
37787811	1000048762
38018809	1000155485
140127695	1000069091
39460101	1000093352
291314479	1000101859
67592779	1000067496
16495829	1000128687
150505377	1000020490
153131411	1000041775
14173097	1000052263
20415144	1000010022
342242835	1000105197
26523360	1000150812
756596	1000061453
15454228	1000007997
43016307	1000117421
286237310	1000034470
16148215	1000117421
15028405	1000044884
17476953	1000024220
296774211	1000028869
45319754	1000027996
474259064	1000033543
20622594	1000093352
66761133	1000153741
19658826	1000152976
16714782	1000138345
44820773	1000019652
113463725	1000099517
284227887	1000155906
38113841	1000093352
18845200	1000093352
20421603	1000069128
404538434	1000065217
268148190	1000048861
18992997	1000092700
111658937	1000093352
58422362	1000005354
52530194	1000098377
395619903	1000065217
59199168	1000055032
16251865	1000044248
109973880	1000028845
32445507	1000093352
3325171	1000007997
454484422	1000010022
6889982	1000072445
20050047	1000145935
93157915	1000093352
48967066	1000001389
237511447	1000094178
203827751	1000139595
8904302	1000058323
385606113	1000094178
339373057	1000069414
17803380	1000000999
143381041	1000060572
19564489	1000073581
213768598	1000094178
154280902	1000105162
39182784	1000146629
88956117	1000000999
33509142	1000030000
28628055	1000080577
6503412	1000093352
15121106	1000153741
33043297	1000077720
25553606	1000044248
256253538	1000144850
31483387	1000115911
19010065	1000093352
86775971	1000048321
274663230	1000074438
140084939	1000054933
553193713	1000001623
3249	1000109732
485197487	1000149948
26060068	1000098534
234444257	1000010631
18313747	1000154121
34279124	1000060572
81432354	1000120179
111740993	1000010022
281590501	1000105197
34979543	1000140527
18630326	1000042658
15788183	1000004442
21134190	1000029022
332353057	1000022655
101138637	1000075080
29054594	1000149948
3034251	1000010022
279863186	1000058274
9431932	1000067496
457119813	1000116162
165372857	1000107974
54806215	1000093352
19779667	1000124105
16284697	1000072445
19501656	1000152625
12683442	1000060572
96137094	1000093352
18243284	1000058323
104598979	1000052263
15832861	1000107582
15148667	1000093352
318444623	1000060572
61853389	1000145935
330143622	1000048321
17538263	1000093352
330512139	1000089963
17750917	1000064432
36922031	1000033704
185971549	1000025544
75785602	1000155999
18448279	1000010022
30978101	1000001623
18770485	1000154121
100338161	1000072807
76733474	1000060572
294037090	1000093352
34060004	1000141800
15456235	1000089669
14246892	1000093352
18091904	1000157439
34022116	1000127396
19223962	1000062042
252078513	1000077720
52863597	1000136226
22419546	1000016568
8888672	1000149948
456052391	1000041843
31473912	1000002555
14182140	1000035484
19939139	1000060572
155853583	1000089089
7212882	1000124016
61123704	1000028845
23575194	1000093352
64776896	1000149948
23148645	1000115911
15516195	1000093352
87899230	1000105755
195432914	1000022655
242127065	1000083789
168458485	1000117421
18767244	1000047500
415509061	1000027996
181288376	1000069414
85114893	1000150592
18327944	1000001357
26697659	1000000548
270515691	1000043130
224896214	1000149948
107879573	1000048861
161045789	1000048321
50499213	1000067496
46279004	1000093352
35433094	1000105197
8253542	1000122087
29521940	1000149948
287286883	1000048619
304818692	1000105197
179070231	1000020835
22045347	1000028845
20150502	1000093352
15403485	1000014474
125733169	1000029124
19720714	1000127431
56359115	1000079584
16212913	1000110123
12298182	1000033231
26689476	1000117988
366167961	1000099598
7044992	1000120179
109154025	1000013610
104070525	1000110311
76404002	1000010022
66250890	1000064432
16201775	1000049335
14807898	1000060572
23588746	1000013777
9109712	1000023973
16292607	1000116530
35937007	1000071383
81555133	1000108182
30298772	1000094178
94547575	1000147416
18499229	1000099730
32496437	1000068123
18489585	1000001623
188369983	1000016568
262243319	1000027886
440749539	1000156072
28649796	1000116093
467259963	1000136226
212155430	1000083789
76745164	1000086070
72573005	1000060572
16119771	1000084559
43221201	1000093352
66695966	1000010022
20228595	1000052263
282275903	1000094178
86359799	1000093352
16352615	1000099517
3375481	1000154661
70307776	1000059886
17996177	1000122999
19286911	1000093352
149516800	1000089669
132089187	1000081749
142728897	1000105755
76940234	1000093352
73113327	1000154985
237621061	1000086070
348115454	1000020490
21993907	1000113502
307445751	1000085657
28159793	1000115645
76273976	1000052263
316145848	1000003306
15773675	1000098377
119961463	1000056630
59236851	1000086070
13018112	1000117088
369232105	1000023973
22368290	1000077720
90961424	1000093352
179800773	1000147794
221438328	1000063440
395689714	1000094178
169925750	1000048321
41620322	1000020801
260935147	1000028615
3748711	1000069031
211336533	1000151949
164880154	1000061413
270231980	1000134341
301726492	1000134341
12678392	1000093352
106058799	1000033704
55006025	1000060572
14273520	1000093352
85454701	1000003834
181290249	1000149675
16926230	1000117421
44897065	1000035482
347701169	1000139831
2086061	1000004821
122520438	1000089963
93329426	1000042988
15754281	1000093352
26203847	1000074920
21682847	1000105162
36480504	1000109779
248916246	1000001623
248829404	1000103934
55309264	1000155906
524702026	1000092709
96194704	1000027996
637763	1000034470
181561712	1000001324
160513488	1000047596
278697037	1000028615
6408382	1000052263
344285543	1000105197
19038849	1000093352
173892783	1000086070
53609015	1000052263
11041	1000093352
16511483	1000028252
27422170	1000010830
170729553	1000002670
19151353	1000089669
119506746	1000017345
371652337	1000065029
95064358	1000071463
56834816	1000066106
25492883	1000001389
10859	1000079985
24724740	1000001623
193998015	1000067496
118685758	1000016568
527163603	1000034470
36910039	1000048762
31957731	1000093352
278340082	1000020490
23098582	1000049827
149775173	1000093352
262689819	1000093352
128302994	1000067496
33464788	1000140687
24586098	1000117421
29699427	1000001389
27695248	1000051234
163739424	1000048321
108811740	1000060572
129443148	1000105162
249165540	1000074438
39830661	1000012915
137779150	1000063440
134569487	1000048619
16319465	1000036006
365329651	1000028615
25438788	1000093352
34739121	1000094178
45663323	1000145935
303886358	1000002670
17400133	1000028845
25979812	1000052263
25211780	1000093352
286679274	1000130899
15720396	1000043168
25837866	1000121325
24930840	1000060572
87027450	1000089827
78453	1000081907
165131834	1000061413
19298387	1000094178
18313840	1000010688
85784383	1000093352
25087685	1000119839
90696553	1000060572
14083627	1000017122
16004778	1000002670
256881576	1000089669
96172117	1000096951
373206070	1000134341
59455021	1000063440
214120916	1000052263
21648994	1000027996
14506632	1000033543
199363485	1000041775
42953895	1000127749
42994378	1000033543
38070776	1000048321
25914886	1000060572
31453604	1000003100
283995054	1000065217
136359464	1000112373
469628436	1000149948
40628950	1000010022
19737483	1000061563
189249796	1000039598
131537442	1000011451
21345893	1000085542
40717768	1000015589
18216080	1000041353
46142925	1000093352
71244739	1000126632
42946040	1000113502
177984545	1000044248
93006320	1000052263
33219902	1000001623
22092792	1000016568
19800340	1000093352
118825977	1000114902
18528834	1000095259
22159764	1000141800
14711077	1000003015
263215433	1000093352
255719070	1000126632
1864381	1000079985
16399949	1000121066
20963773	1000149948
36419618	1000094178
14344319	1000093352
486486187	1000063440
29723393	1000155485
115088067	1000112293
73992972	1000151949
38285308	1000140527
14944532	1000060572
28332086	1000001623
196380435	1000041775
17006579	1000004059
23462787	1000093352
25447346	1000057511
25053716	1000020801
71213932	1000072445
36969875	1000067496
51295462	1000089669
19132347	1000093352
387728949	1000070988
16247469	1000086070
103238721	1000060572
261956093	1000020490
63051024	1000066106
26221897	1000089669
71706534	1000154877
175159406	1000001623
28119407	1000093352
21436558	1000009427
221712794	1000121037
69321086	1000141647
126351811	1000044248
54643571	1000093352
21409208	1000063440
45487007	1000001623
21709889	1000093352
105150583	1000010688
118910562	1000093352
18728200	1000033231
173178313	1000064432
165645655	1000028615
470500538	1000048761
16219635	1000034470
302866513	1000089963
22540123	1000118488
14830184	1000093352
18555244	1000126526
102632870	1000028845
237621061	1000057921
59168230	1000073581
42677758	1000098790
13639582	1000149948
96247580	1000093352
164854413	1000102584
15873841	1000149083
14517343	1000033231
26947525	1000093352
292339464	1000113225
296833983	1000069414
528764013	1000093352
23742847	1000073075
38361482	1000155889
385556623	1000001357
17704895	1000022684
310894483	1000094178
70587360	1000149948
5655872	1000093352
14738194	1000034470
183786731	1000063876
9889292	1000099588
36894573	1000057511
219554030	1000094178
73731253	1000149948
312838711	1000073075
559749548	1000134874
87747510	1000125886
132343610	1000105197
8752622	1000060614
553781149	1000061838
37170886	1000015589
182824991	1000111729
156461982	1000095403
185085180	1000098640
52134485	1000035792
20649962	1000098790
360169494	1000077660
32491666	1000072445
91139330	1000010022
8552602	1000009831
155998369	1000072630
52568880	1000083789
217071123	1000025418
279055096	1000042658
443726687	1000020490
197668807	1000018159
173661406	1000090367
313401329	1000140574
29514951	1000105161
195564709	1000101085
6238012	1000010022
143439529	1000145304
26055318	1000146747
95396196	1000019272
207828096	1000076608
36618690	1000149948
48748604	1000029022
256554165	1000149083
209059219	1000103934
125400453	1000117088
53556571	1000093352
21711511	1000093352
253598529	1000048321
216366465	1000060572
16079245	1000118354
332232530	1000029124
14220624	1000014474
16045268	1000080449
54460963	1000075870
46957344	1000046057
16259415	1000033231
278618660	1000048321
6233862	1000093352
115491854	1000093352
27631345	1000027996
21987288	1000093352
41199099	1000093352
23256633	1000017345
18031088	1000124593
14984096	1000089669
51999405	1000063440
15362595	1000052263
129939387	1000080925
9522672	1000048214
521489919	1000093352
16564836	1000036017
443942522	1000065217
27463738	1000089669
16365403	1000045778
156431436	1000055032
19612058	1000093352
302815387	1000004218
49668681	1000016568
87541152	1000068836
59682940	1000072630
302749660	1000048321
245016943	1000080493
22408167	1000059197
81605681	1000089089
54533253	1000020801
42589903	1000022684
58283657	1000020490
14183255	1000149948
25209069	1000092700
38108292	1000140527
194703864	1000060572
21639982	1000027996
42871498	1000060572
85824938	1000026738
18187080	1000016568
49644939	1000027996
158735547	1000124593
237112216	1000067496
18991464	1000093352
292071258	1000021511
39353946	1000092709
158874150	1000048321
422950468	1000048761
26200403	1000013586
5650332	1000128687
8346982	1000036490
12002172	1000117421
169693203	1000112721
5387212	1000090711
37972286	1000059197
34628101	1000083291
16019597	1000150812
174296681	1000001623
83295602	1000093352
246134531	1000000586
179743459	1000030981
18753185	1000048762
17351972	1000116093
94480069	1000002670
46553113	1000033231
109376090	1000002670
339199357	1000089669
16751855	1000093352
10367702	1000002555
20192851	1000065217
408848296	1000048321
113770596	1000010830
14099834	1000112373
261930465	1000122209
81277268	1000093352
71070614	1000060572
33686884	1000048861
17017889	1000074438
10144972	1000149948
24459692	1000066209
22640313	1000093352
45143272	1000093352
242806118	1000099960
191251081	1000150795
193107999	1000073075
14094091	1000072445
30572722	1000052263
16583577	1000060572
328193320	1000048321
91279682	1000093352
15693261	1000010022
224342907	1000147553
20012107	1000026597
14955344	1000052263
415711683	1000048761
152834167	1000018159
446023451	1000092732
18354504	1000079015
417601630	1000146747
21932336	1000028845
213761900	1000027996
133784059	1000122999
21232605	1000118040
15507297	1000061563
237287355	1000151949
15989218	1000010022
379085642	1000093352
162269614	1000093352
176328340	1000072807
14295267	1000003600
179980928	1000010022
127958577	1000010022
153069336	1000093352
239709508	1000100406
53189336	1000115645
417622555	1000126840
8215402	1000002939
15488915	1000013586
19746351	1000033231
25112405	1000130081
14856594	1000052263
39706174	1000031526
17281876	1000089669
195316132	1000067496
58834557	1000055032
7846	1000081120
48634799	1000059517
20808128	1000052263
146247538	1000140527
16125731	1000033231
15135697	1000065217
435580051	1000093352
14895831	1000036464
14085070	1000060572
85097241	1000123538
142723179	1000103934
123323498	1000034470
104845209	1000052263
37665322	1000105755
19228251	1000093352
293178997	1000033231
19334276	1000155906
126354323	1000013732
14240103	1000093352
148850220	1000099960
168670705	1000122209
113193628	1000149948
31237153	1000124105
255079026	1000093352
454304530	1000060572
350638767	1000048761
243362336	1000060572
151524224	1000089669
29479373	1000149948
389845002	1000089669
29460607	1000003947
372300760	1000130567
24529179	1000083622
234913691	1000105197
16905329	1000027996
80797776	1000052263
6490602	1000034470
138536779	1000124016
39525929	1000060572
323194383	1000063440
268788852	1000010688
99846591	1000122668
48784684	1000156072
68110057	1000089669
147715266	1000000548
3550301	1000001623
135717713	1000117421
282603633	1000041775
19836913	1000058323
14704685	1000003947
44775369	1000041775
368205353	1000063440
171144654	1000054933
27322618	1000126632
17210612	1000093352
209805326	1000011451
18179447	1000034470
33266813	1000078833
20326751	1000126805
20446839	1000043884
41814686	1000150812
270606277	1000155906
27814665	1000010022
25810548	1000027996
38213241	1000060572
46417146	1000059886
23595873	1000052263
42196681	1000093352
252791673	1000048321
44873222	1000089089
307445751	1000026739
13567	1000064645
512620911	1000003306
399216451	1000049335
465723566	1000093352
331336845	1000155889
58213	1000093352
41754227	1000093352
126592475	1000132538
234971702	1000065217
64624131	1000001623
161418822	1000048321
282701186	1000030981
307690179	1000019652
44610712	1000080449
21724904	1000052263
91836939	1000092279
39730630	1000048762
263002538	1000048321
92336981	1000081551
48035712	1000089669
425539746	1000073075
103130238	1000149083
26546403	1000098957
110830315	1000136596
26376078	1000060572
17200400	1000155906
167884066	1000093352
117831414	1000073075
5388602	1000027886
158126576	1000073281
217199455	1000000548
17120124	1000052263
70983731	1000039598
14077911	1000149948
201526384	1000022655
277375017	1000074438
263423255	1000151949
26410257	1000135084
409628807	1000025907
216444984	1000080925
130355379	1000063440
38486209	1000027642
394563666	1000063440
265931810	1000030981
96865911	1000136341
383044849	1000055032
184787996	1000149561
311357860	1000002670
45887221	1000000586
14706339	1000093352
24955088	1000149948
25764304	1000001357
118515563	1000118786
148136753	1000103934
18818789	1000118693
348056057	1000144850
229878099	1000141647
296579625	1000006779
436644885	1000074438
24788261	1000044884
437163259	1000130567
219050194	1000089963
54991079	1000013777
35116712	1000069388
34543	1000083021
159708091	1000028845
16135150	1000001623
17544805	1000093352
18630326	1000093352
164052930	1000074578
288932529	1000063440
15113565	1000095259
376612496	1000051855
174172366	1000048321
92409018	1000115645
23237512	1000098534
28845997	1000072125
189686155	1000020490
39888530	1000093352
187569483	1000004218
20649406	1000093352
96241594	1000093352
367443729	1000030981
21319485	1000113502
19962737	1000102584
991221	1000042124
41385649	1000052263
89545649	1000060572
24105706	1000138345
259834925	1000147416
108675409	1000093352
11504382	1000061563
108669535	1000117088
7738402	1000007997
161813844	1000004091
18110921	1000093352
849101	1000081907
338649115	1000105197
257509205	1000063581
89572877	1000122268
61190313	1000061563
260137838	1000001623
102510292	1000093352
59788357	1000126990
135421323	1000020490
31345277	1000052263
25381076	1000042988
85579477	1000030981
6392872	1000092938
23699065	1000086070
22374682	1000093352
87004822	1000010688
164812204	1000093352
14654477	1000093352
340753956	1000131578
8170292	1000096499
21931235	1000039386
24522558	1000020801
143583521	1000043130
17142827	1000093352
102988534	1000048619
32547856	1000063581
520809979	1000015589
109976753	1000073205
31296704	1000001623
7936062	1000153741
34739714	1000149948
17961886	1000054368
34507480	1000083622
173538650	1000042658
298194639	1000043884
164998160	1000063440
19916625	1000061453
742143	1000109779
310507979	1000089963
14997105	1000060572
14521530	1000033231
271037929	1000010631
1749311	1000119394
22000528	1000016568
66119889	1000073281
121494613	1000057511
44551825	1000012915
21111883	1000089669
30520303	1000120179
28187205	1000021255
19771577	1000061563
19673276	1000004821
17219108	1000045815
131224109	1000115488
374833275	1000134341
317920479	1000089669
19344610	1000093352
304669638	1000055032
9638882	1000059197
15638249	1000093352
154688476	1000091535
21639792	1000028845
310922188	1000155906
33549103	1000104560
17118843	1000060572
20178500	1000089669
35097545	1000066209
17281876	1000122668
39634561	1000021511
137292804	1000105197
48344583	1000093352
12298152	1000144494
1025311	1000108339
25246881	1000141651
20902597	1000000999
59054214	1000010688
68622362	1000149948
14151096	1000093352
15782607	1000043138
88767114	1000076905
27315988	1000076631
20555201	1000146351
59507002	1000080449
204468541	1000060572
161417439	1000033231
323294607	1000026616
19689143	1000069414
240275471	1000096461
156967608	1000093352
390142646	1000089669
244441120	1000144850
15587500	1000026738
24143499	1000093352
14444403	1000093352
200969056	1000003100
162895251	1000045541
16667666	1000135084
77002320	1000056367
15186175	1000093352
14359998	1000093352
54546430	1000060572
119496702	1000060572
15426099	1000000548
291943645	1000048321
398496984	1000074438
54437342	1000060572
528794879	1000017345
2029191	1000144494
193033119	1000048321
158425687	1000048321
44144016	1000042658
14165300	1000149948
35583863	1000116162
194347664	1000060572
103925618	1000060572
14912587	1000096379
28949133	1000129588
270419973	1000065217
158283753	1000074438
214652077	1000103934
47483615	1000099960
1496911	1000005117
83590349	1000121037
321644371	1000094178
12277182	1000007997
148453694	1000122668
555118148	1000028845
113779876	1000122209
15036232	1000072988
249829509	1000060572
122419529	1000093352
326259198	1000134874
6579	1000089669
76771771	1000145304
30957246	1000033231
202516845	1000086070
383035983	1000073075
140955800	1000157439
8625782	1000052263
18366472	1000098957
370184870	1000105197
108686216	1000086070
5904212	1000058323
292561795	1000122209
300080685	1000030981
76587180	1000048321
16358736	1000099517
85906552	1000093352
87573218	1000052263
19443873	1000027996
30023820	1000090001
247168275	1000086070
14721255	1000035484
86163538	1000039598
156406938	1000042988
15608761	1000120772
11587712	1000059197
18657864	1000013610
254546782	1000151949
144881964	1000008304
59159781	1000031526
19102458	1000149948
21734886	1000093352
112111406	1000093352
62876563	1000147457
44739507	1000105162
175223009	1000022655
14831031	1000052263
374932653	1000012915
83455943	1000035264
25388164	1000001623
151667946	1000149948
15169635	1000060572
224120915	1000093352
1451701	1000020490
166991113	1000043173
15606086	1000093352
74530012	1000001623
8965932	1000083291
17962391	1000156178
18995500	1000010022
105241998	1000093352
159251773	1000048762
15319993	1000118354
15393582	1000093352
92591481	1000048321
68033540	1000093352
20815601	1000151847
349358004	1000048761
