410546830	1000034505
17902348	1000100894
15995226	1000057208
103541806	1000057921
44174004	1000109047
36292086	1000071811
84016634	1000034505
11522502	1000049643
21555499	1000044004
159558577	1000130261
20551430	1000146086
229154336	1000114336
295931126	1000165027
17522521	1000100894
26179487	1000140181
6164682	1000138805
17821671	1000013257
36668680	1000032215
516796074	1000044981
16803215	1000116926
159558577	1000100894
110260678	1000003645
83839005	1000057921
181523036	1000100894
91044656	1000091013
22596969	1000086232
285865563	1000119610
152930516	1000095179
240362823	1000087699
255675597	1000086232
19593284	1000100894
18994771	1000033253
70720488	1000094902
309762859	1000050938
47464313	1000050938
46521949	1000049643
17293795	1000116926
22630294	1000159275
22309220	1000065148
28779460	1000139763
28121597	1000120632
22785108	1000065148
89756441	1000044981
20601039	1000085809
150274209	1000103871
32213158	1000139763
64390081	1000094902
381548848	1000091013
23772517	1000074799
14506075	1000057921
15639558	1000065148
309762859	1000044004
22412051	1000165632
17522521	1000044004
14551276	1000140337
430289891	1000100426
6164682	1000146086
47464313	1000100894
60972401	1000061608
15639558	1000003811
42424119	1000057208
98795912	1000042354
195305346	1000146086
68294790	1000050953
15577562	1000057921
22309220	1000003811
18494128	1000003811
42537356	1000109047
364557716	1000109584
251419612	1000140181
28121597	1000044004
14394689	1000008083
353875935	1000100426
22596969	1000124800
60970625	1000094902
17870886	1000094046
61004045	1000165027
332857636	1000173087
1808381	1000146086
34145908	1000001300
271658840	1000003645
65815323	1000055907
31454479	1000100426
47860056	1000100894
21624907	1000167010
20601039	1000094046
89705657	1000061608
47860056	1000103871
314794235	1000057985
309762859	1000164522
17522521	1000130261
309762859	1000137852
107525887	1000138805
285865563	1000137852
38403025	1000087766
48473	1000146086
181523036	1000140337
20601039	1000133913
9973842	1000036816
18494128	1000065148
47464313	1000036816
52758588	1000094902
20601039	1000100894
46571486	1000083991
17522521	1000050938
25718003	1000100894
32213158	1000094902
54078807	1000165632
332857636	1000059550
10785032	1000095179
21392684	1000057985
83857172	1000094902
159558577	1000120632
28121597	1000140337
90071403	1000033253
285865563	1000140337
55113	1000100894
5736632	1000138805
24482886	1000055907
309762859	1000100894
153582704	1000094902
17522521	1000059550
52758588	1000114336
58919084	1000094046
25718003	1000119610
36668680	1000124800
332857636	1000137852
17522521	1000140337
17079375	1000001300
63498052	1000086232
35604279	1000042354
256881576	1000083991
7712232	1000100894
80132586	1000150281
21392684	1000018529
32213158	1000146086
159558577	1000094046
58919084	1000100894
16877939	1000100894
17568500	1000138805
91044656	1000094902
15844342	1000013257
28121597	1000087766
54078807	1000159275
30109507	1000094902
135583203	1000057921
46426761	1000065148
39358333	1000018529
229154336	1000138805
14207125	1000124800
14816201	1000103871
58919084	1000137852
133484950	1000087715
10456772	1000008083
14069676	1000057985
39358333	1000057985
82493862	1000094749
25718003	1000133913
19719318	1000094902
38993997	1000146086
11318452	1000065148
332857636	1000094046
440314273	1000087699
21555499	1000085809
285865563	1000100894
47860056	1000119610
21555499	1000050938
107525887	1000094902
17859804	1000100894
28121597	1000100894
47860056	1000130261
98976495	1000138805
30701628	1000119610
451331227	1000036816
43524495	1000086232
14816201	1000137852
14816201	1000100894
285865563	1000044004
14207125	1000032215
192311519	1000167010
23514063	1000003811
21555499	1000036816
9973842	1000100894
44174004	1000013257
175771708	1000138805
25718003	1000050938
17902348	1000094046
47464313	1000103871
17522521	1000137852
90071403	1000094749
18519668	1000103871
189065376	1000057921
32712520	1000087715
17522521	1000173087
175771708	1000150281
7712232	1000140337
54730258	1000050953
23514063	1000065148
12561172	1000008083
38993997	1000138805
374181540	1000074799
309762859	1000094046
480904583	1000109584
285865563	1000164522
22200888	1000036816
153582704	1000071811
