22191432	1000085902
45564482	1000011212
201711826	1000126441
191982243	1000053847
191656494	1000110948
172443193	1000027213
69671781	1000136713
75814130	1000126441
94568228	1000126441
279103427	1000082618
46479217	1000027213
6738842	1000053847
510423789	1000011212
37884847	1000103037
16734382	1000142036
18907865	1000126441
9353422	1000099582
18399652	1000126441
7482	1000139980
139479827	1000053847
273531261	1000011212
155660609	1000088463
543513093	1000099582
18939092	1000111709
54991635	1000027213
19338101	1000004981
21343866	1000101300
16212913	1000004684
41141618	1000101415
256554165	1000126441
6519522	1000101211
52489224	1000047726
94203832	1000126441
22211521	1000011212
125421183	1000008639
94568228	1000155079
291606205	1000104640
169477894	1000011212
128137773	1000046957
240106263	1000126363
67819221	1000046957
30594807	1000137441
17200287	1000002983
94720411	1000053161
136376395	1000136713
257110318	1000065112
334053327	1000104640
15518558	1000142036
62975155	1000140006
305275103	1000152556
956501	1000136713
195785338	1000097182
56733951	1000099582
44820773	1000126441
35759968	1000155943
15564022	1000011212
33940986	1000075613
25756519	1000126441
111040972	1000035852
38711721	1000011212
34447694	1000101415
14839147	1000104640
29877307	1000071542
16689096	1000148876
213670984	1000126441
99567847	1000104640
90420314	1000078730
286337967	1000093221
29739664	1000153633
184789111	1000108521
177619180	1000027213
30459621	1000143927
20578176	1000137441
47399813	1000010494
21936886	1000126363
19402839	1000053847
14615324	1000139980
6738842	1000099582
453644522	1000110948
103909707	1000126441
22052252	1000148876
18228075	1000142036
234906656	1000126441
18047870	1000053161
18646108	1000104640
18612414	1000103037
105312394	1000104640
18399652	1000085902
19182474	1000152130
20591334	1000048733
268468460	1000083543
17156203	1000142036
500217506	1000081490
21273459	1000138031
126767258	1000046799
58599146	1000143927
99763451	1000053847
20591334	1000155943
190900921	1000065112
58829577	1000126441
234515531	1000071542
190	1000008462
98997127	1000011212
195911896	1000011212
187242978	1000008462
73206956	1000101415
14602130	1000031638
18047870	1000088463
15594928	1000097182
62518650	1000075613
5515802	1000097182
30855079	1000126441
18160875	1000149192
15332302	1000071542
37884847	1000126441
9179472	1000101300
23705423	1000101415
24021805	1000152556
15130854	1000046957
19775340	1000111709
23545207	1000081490
57048329	1000140778
177434930	1000140778
19402839	1000099582
52489224	1000089855
414236565	1000126441
21012872	1000155075
80428362	1000153633
500097460	1000053161
341626382	1000004684
131014445	1000126441
58829577	1000011212
14119916	1000155079
35759968	1000053847
6765892	1000008462
63044831	1000011212
19152160	1000101211
27688305	1000065112
204472178	1000011212
409628807	1000137441
43877891	1000048733
6765892	1000004981
268405507	1000083543
313916789	1000011212
94353181	1000035852
6765892	1000126363
234515531	1000077120
15518558	1000041014
14721244	1000038428
16734382	1000071542
19928703	1000139980
15682352	1000142036
133046921	1000153669
54092452	1000085902
131041217	1000104640
35664799	1000011212
414998937	1000126441
17777603	1000053847
25101996	1000104640
467909899	1000008639
1642921	1000152130
15655027	1000126441
80597462	1000152098
410579182	1000077120
11491562	1000008462
234906656	1000011212
183793387	1000004684
36206094	1000008462
16510537	1000126363
26235236	1000011212
303881441	1000110948
159555820	1000091161
16624430	1000071542
282124316	1000091161
1269251	1000097182
17689692	1000142036
555448499	1000078730
22721166	1000101415
18492255	1000027213
69671781	1000008462
16530573	1000126441
12605122	1000083543
21111715	1000111709
208943268	1000080169
37982910	1000041014
29785854	1000002983
188025840	1000108521
25949845	1000011212
47719591	1000152098
21936886	1000008462
14353392	1000126441
38366272	1000071542
82081908	1000104640
268405507	1000008462
116484400	1000038428
22843068	1000011212
54991635	1000046957
16830572	1000139980
186284229	1000053847
20591334	1000099582
11562992	1000137441
18624269	1000093221
96141450	1000108521
17225361	1000104640
17689692	1000110728
43877891	1000099582
86328927	1000081572
21111715	1000152098
410579182	1000046957
696333	1000139980
16032446	1000126441
637763	1000031638
19775340	1000152098
360838772	1000126441
20118601	1000071542
18148466	1000139980
15873841	1000126441
15111838	1000155943
14283545	1000101211
56733951	1000089855
187242978	1000126363
268405507	1000004981
19338101	1000071542
450929005	1000008462
6738842	1000155943
80428362	1000111709
813232	1000108521
172443193	1000139980
15518558	1000110728
57048329	1000155079
22386126	1000089855
27976258	1000002983
37982910	1000142036
1116721	1000097182
53751973	1000140006
20967892	1000008462
30459621	1000071542
2008761	1000101300
22386126	1000048733
268405507	1000126363
280204623	1000137441
18228075	1000081572
14415108	1000126441
96994187	1000108521
319255054	1000099582
14208611	1000126441
13103402	1000046799
61594740	1000153669
75814130	1000011212
172020392	1000136713
6539112	1000149192
388199388	1000080169
22721166	1000038428
21731168	1000011212
94083901	1000099582
17809581	1000126441
43338999	1000010494
22211521	1000155079
30662150	1000126441
54092452	1000155075
20591334	1000053847
14838508	1000101211
273147790	1000101415
36025553	1000140778
20591334	1000047726
15445811	1000152556
5158891	1000008462
221185711	1000126441
34669164	1000138031
23490670	1000082618
14132797	1000046799
317291424	1000104640
50372842	1000104640
38711721	1000140778
177619180	1000082618
137447314	1000105588
809226	1000071542
4339911	1000053847
482437150	1000085902
117778179	1000104640
122194011	1000053847
38711721	1000126441
26055000	1000108521
19664647	1000099582
69480815	1000104640
1117341	1000097182
17235905	1000104640
33827435	1000027213
35867690	1000002983
19338101	1000083543
207794337	1000155079
35550889	1000027213
123100479	1000110948
18791048	1000011212
81699670	1000111709
1118781	1000097182
204472178	1000105588
210984630	1000104640
