25125936	1000158089
18089608	1000051888
273495492	1000174644
322985504	1000164446
42676302	1000103330
16821503	1000148867
19647125	1000141651
89024581	1000126950
208716386	1000124788
213171360	1000124788
107240249	1000019604
17117719	1000141081
15150826	1000051888
422268021	1000051888
117584350	1000158089
361885698	1000072110
336079995	1000141081
115826544	1000030521
16736400	1000122439
23016199	1000124788
18702213	1000110221
19590631	1000162787
147632461	1000158089
15839249	1000172446
17662117	1000044177
211287423	1000073675
17219444	1000051888
35649837	1000051104
22949668	1000019604
20448733	1000049853
18120510	1000038588
82393622	1000129139
249297606	1000019604
24187145	1000003306
18202441	1000112542
523667233	1000051888
32271789	1000152216
140644567	1000112542
141649458	1000003616
17704895	1000141651
78391198	1000152216
219067806	1000150527
536493529	1000172446
8488352	1000003306
461792629	1000103330
38132559	1000124788
51239075	1000125953
538727634	1000051888
232089835	1000164446
36476564	1000160378
21695356	1000126950
17201277	1000174644
26403670	1000115114
19206711	1000121227
15896854	1000121227
54228724	1000116149
403664605	1000118794
33390855	1000052567
18950838	1000095368
24203500	1000164446
389017367	1000051888
8163442	1000116149
121368516	1000110588
18585318	1000035243
23439801	1000174644
16519049	1000160378
89742432	1000051888
26724471	1000037743
162414477	1000075844
22692549	1000006429
6455622	1000003616
1679071	1000018766
24209275	1000006429
273287754	1000143043
2576401	1000069196
378682708	1000051888
20823773	1000009411
304424055	1000126703
40076725	1000044177
21695356	1000003616
12116282	1000110588
279025588	1000019604
441195931	1000164446
20823773	1000044177
690973	1000146167
206435365	1000072110
46424039	1000126950
21375127	1000174644
47777879	1000044177
73992972	1000164446
89742432	1000125953
359811125	1000019604
43969388	1000115114
178456134	1000143043
35649837	1000060862
43969852	1000115114
27711339	1000044177
293124854	1000164446
106732646	1000141081
138461569	1000051888
79542101	1000020817
37802088	1000075844
48075294	1000143264
330708641	1000141081
20419760	1000051888
17191450	1000035860
17428742	1000124788
185449401	1000052567
249252048	1000037743
36722068	1000069196
50059478	1000030521
205665542	1000150527
14062180	1000143264
315546494	1000164446
799640	1000003306
17117719	1000115114
32742776	1000124788
188290570	1000150527
290192078	1000140531
46424039	1000003616
20684656	1000051888
431146026	1000051888
87144497	1000174644
387230056	1000019604
19625768	1000081952
378682708	1000050418
147632461	1000043241
29391321	1000009212
22665024	1000050418
132083251	1000003616
160964014	1000020929
30657354	1000162787
422268021	1000125953
75036762	1000075844
50323845	1000141651
23106356	1000118794
241847792	1000075844
28245504	1000087291
35323981	1000036458
92528857	1000079953
14245032	1000009212
33494125	1000044177
43629233	1000051888
43629233	1000125953
17071337	1000112542
189376144	1000042968
202839283	1000172446
18825668	1000058454
29994187	1000003616
160989528	1000103330
50027817	1000124788
70951899	1000035518
82978967	1000146167
110390402	1000079953
19592306	1000073675
59113064	1000075844
113751683	1000003616
50059478	1000019604
63893701	1000036458
6206712	1000112542
12895402	1000009212
336723017	1000019604
4081171	1000115114
18359687	1000087291
180213594	1000087291
18605706	1000148867
35329667	1000162787
465754282	1000051888
253417096	1000164446
381315857	1000042968
46813846	1000143264
28442858	1000003616
15864197	1000043241
221173402	1000003616
117193252	1000051888
56363634	1000075844
17213703	1000082375
254546782	1000075844
14687355	1000035243
86608231	1000044177
28269140	1000003616
372559100	1000095368
115826544	1000019604
8488352	1000005117
43510041	1000003616
17161990	1000049853
378682708	1000141081
14386518	1000005117
94398916	1000110221
79706192	1000110588
38571755	1000174644
52530194	1000172446
60530411	1000021439
14528122	1000009212
18174607	1000141081
55010030	1000067379
14245032	1000112542
389017367	1000125953
194782699	1000075844
213849301	1000164446
17243213	1000164446
40935299	1000035243
372559100	1000141081
40580577	1000051888
253038668	1000021439
14483812	1000085953
265077741	1000019604
799640	1000005117
16008212	1000148867
14386518	1000003306
66439253	1000115114
35963522	1000162787
18727238	1000049853
20448733	1000174644
27018287	1000143264
480102482	1000044177
21449197	1000174644
303374168	1000003616
755452	1000143264
162442852	1000085953
200928652	1000051104
242326887	1000141651
22665024	1000141081
15576272	1000035243
122221870	1000042722
88064133	1000140531
321667655	1000003616
28269140	1000126950
16345596	1000150527
20346469	1000073675
23677088	1000152216
161638211	1000141651
220142160	1000019604
51239075	1000051888
81372897	1000141081
22949668	1000030521
36370563	1000115114
17428652	1000036458
114284807	1000058454
135032268	1000052567
255709259	1000103330
46278988	1000122439
38456622	1000165217
17662117	1000009411
36738420	1000174644
153742584	1000085953
14874125	1000115114
18897091	1000110588
29797181	1000174644
373471064	1000060862
81432354	1000042722
91352669	1000126703
14590081	1000085953
85066997	1000115114
25475900	1000009212
336079995	1000051888
20815601	1000038588
77518709	1000073675
15155074	1000143264
40071926	1000003616
264986556	1000044177
89024581	1000003616
34239340	1000129139
14939023	1000087291
40032278	1000112542
441324671	1000164446
16205059	1000165217
89739983	1000141651
88198553	1000103330
89024581	1000140722
182644731	1000003616
21841724	1000003616
74812615	1000115114
20346469	1000067379
36091265	1000021439
18727238	1000035860
33140178	1000003616
189952416	1000044177
191211658	1000146167
89742432	1000141081
20419760	1000125953
330708641	1000051888
215451795	1000075844
45893867	1000141081
14695672	1000103330
34978513	1000082375
16781846	1000020929
170802477	1000075844
18107175	1000051888
75109729	1000115114
213374437	1000141081
30070014	1000020817
338079659	1000044177
330708641	1000125953
14711077	1000081952
155804694	1000126950
121368516	1000150527
285964695	1000075844
47743151	1000158089
76341388	1000021439
55033682	1000073675
62591415	1000044177
18950838	1000141081
10228272	1000146167
46424039	1000140722
19956523	1000044177
238475531	1000073675
298042763	1000150527
104646268	1000019604
97690357	1000052567
15279452	1000087291
36062771	1000150527
68483694	1000018766
39721543	1000035518
