22937232	1000032896
7940312	1000144215
237483035	1000047136
48263	1000142703
615723	1000149279
85721484	1000120125
229969254	1000032476
284489957	1000130129
1282781	1000032896
3382	1000149279
816214	1000149279
2829401	1000082649
6160742	1000149279
36768736	1000066110
28740832	1000130129
14326840	1000092810
852041	1000092471
7938482	1000149279
14413885	1000038117
53175839	1000018443
648	1000149279
7101692	1000149279
202783087	1000032896
922	1000092471
956501	1000065740
14712874	1000066110
3163591	1000082649
5909	1000008920
21406257	1000142987
875511	1000082649
36350289	1000082725
312105296	1000032896
27052339	1000062049
47539748	1000149279
229969254	1000092471
11208382	1000122115
18359716	1000082649
1586501	1000032427
14058831	1000092810
14814905	1000142703
15451703	1000032896
816214	1000032397
12741	1000032476
16140347	1000008920
112548462	1000120125
2529971	1000142987
32423136	1000032427
3274711	1000092471
9389142	1000144215
35509978	1000064795
7650782	1000142703
18424493	1000149279
14670548	1000032476
817166	1000082649
5252591	1000032476
6765892	1000122790
15413301	1000032476
11779882	1000041675
15693261	1000142703
19571427	1000101895
174473330	1000092810
4413741	1000149279
14058831	1000144215
652193	1000032896
652193	1000149279
8834882	1000120125
17360763	1000092810
7482	1000149279
817288	1000066110
743763	1000067916
184985588	1000065667
19879380	1000091413
11407672	1000065740
229969254	1000142703
16828819	1000120125
83941972	1000149279
15533709	1000120125
54185484	1000149279
10716292	1000082725
22273667	1000054251
1586871	1000048863
14143533	1000066110
14726984	1000032896
240106263	1000126363
15471783	1000038117
49684371	1000130129
25524289	1000008920
43859554	1000008920
66021490	1000120125
14926242	1000149279
15471783	1000133107
8860132	1000047136
18852278	1000149279
9531232	1000038117
7940312	1000082649
11222	1000122115
36743910	1000153471
15934340	1000149279
7940312	1000096290
19459100	1000149279
4934171	1000150298
2156951	1000092874
19260101	1000082649
16099291	1000149279
42331097	1000142703
7780852	1000032476
222689902	1000130129
55630037	1000142703
20813935	1000064795
16536215	1000065880
14759966	1000032896
257789529	1000082649
6001592	1000092471
5520332	1000102212
66582428	1000130129
15859033	1000120125
8657052	1000144215
12681982	1000033121
16275037	1000082649
287693117	1000146893
119625403	1000120125
638323	1000065740
5478542	1000032476
1081	1000032896
73579105	1000130129
239253198	1000074622
112548462	1000082649
14109423	1000066110
23799349	1000120125
19787153	1000011452
7940312	1000120125
12038842	1000082649
791124	1000032476
95495913	1000032896
12892332	1000038117
901651	1000149279
96104198	1000062049
4791	1000082649
27427957	1000062049
14100003	1000150298
6013342	1000065740
17468481	1000150298
22269570	1000082725
5771142	1000121053
176854913	1000092471
14414452	1000130129
17811689	1000092471
17854366	1000082649
39450547	1000120125
418	1000032896
72184290	1000026290
25957130	1000142703
72184290	1000066110
14306843	1000048863
21735280	1000092810
152596817	1000092810
486153508	1000082649
14417747	1000018443
20121672	1000082649
22484448	1000062049
20348431	1000130129
390816923	1000062049
23081060	1000032896
14312962	1000133107
9480732	1000082649
16662956	1000082649
12741	1000065740
159322143	1000120125
22937232	1000065740
16727022	1000149279
3713811	1000149279
47955787	1000062049
22667596	1000145743
21936886	1000126363
813491	1000149279
8708232	1000122115
60991516	1000120125
11202942	1000149279
7471152	1000120125
17468481	1000082649
22273667	1000149279
16302770	1000142703
14413885	1000133107
7052972	1000032476
14437359	1000149279
59099794	1000032896
14980437	1000055572
128662158	1000142703
9283312	1000150298
9946842	1000149279
785	1000082649
13290882	1000149279
72842277	1000120125
19300461	1000033121
14341663	1000149279
6076612	1000120125
116729192	1000074622
14456198	1000092810
97486589	1000038117
153886406	1000082649
21689294	1000032896
19087450	1000082649
17279709	1000142703
9688342	1000082649
21174708	1000149279
810583	1000132390
351073900	1000130129
17711319	1000032476
316327930	1000120125
4733771	1000032896
168857946	1000149279
2146141	1000066110
12804422	1000082725
14145626	1000120125
808627	1000149279
14219488	1000082649
441129326	1000130129
8162312	1000092471
657863	1000066110
14056632	1000149279
5517	1000065740
15594986	1000150298
2148071	1000065740
20163916	1000130129
8479062	1000149279
33408118	1000120125
9395832	1000066110
11113	1000132390
5763262	1000082649
786148	1000142703
7052972	1000032896
14091431	1000142703
458902168	1000149279
44423	1000149279
94651902	1000092810
17382568	1000120125
11136132	1000038117
190	1000008462
89581180	1000071485
14202711	1000032476
23665543	1000092810
33233	1000149279
187242978	1000008462
17968235	1000145743
4467271	1000150298
15693261	1000149279
37434214	1000092471
338564727	1000082649
106419866	1000082649
24884768	1000065667
128662158	1000092471
2230871	1000092810
668473	1000149279
43104516	1000120125
1401881	1000032397
14118608	1000082649
14202711	1000032427
164824745	1000130129
125421183	1000065790
949521	1000149279
38993997	1000120125
10023292	1000092810
5698342	1000082649
12924972	1000082649
19573773	1000120125
5750612	1000032896
322903190	1000062049
15076390	1000149279
15120110	1000120125
30718477	1000120125
14454675	1000026290
14957252	1000018443
295	1000142987
91927876	1000120125
7101692	1000032476
32253698	1000097399
29328707	1000120125
5751832	1000032896
17811689	1000032896
16741381	1000082649
3283901	1000149279
47	1000149279
7305682	1000082649
3496641	1000082649
176854913	1000142703
6765892	1000008462
8941332	1000092810
16536215	1000082725
5525	1000149279
16226911	1000026290
4413741	1000065740
21102601	1000130051
16302770	1000092471
819268	1000092874
6438	1000130051
939	1000048863
418	1000149279
47359057	1000120125
20542737	1000120125
95495913	1000142703
38135106	1000032476
14467104	1000120125
38394871	1000062049
17139469	1000120125
12924972	1000110056
42338280	1000105265
13607	1000032397
7650782	1000092471
15533496	1000149279
24434105	1000082649
11094232	1000149279
662323	1000149279
13337652	1000092810
18716004	1000033121
20152310	1000149279
14980437	1000071497
19884282	1000092810
225171788	1000120125
18993395	1000125216
657863	1000026290
1282781	1000092471
9379662	1000011452
14213563	1000032476
652193	1000142987
8113622	1000082649
101608829	1000120125
14528246	1000149279
11491562	1000144215
6765892	1000126363
16523741	1000038117
18892611	1000008920
83941972	1000032896
3452911	1000149279
2706021	1000149279
37117376	1000120125
98959541	1000062049
795649	1000149279
14210641	1000082649
5702	1000149279
791124	1000026290
24290627	1000092810
19040598	1000082649
16529006	1000032896
12089102	1000150298
14609434	1000032896
95384615	1000062049
8067082	1000065740
49583	1000082649
27787101	1000082649
18742918	1000032476
18776131	1000082649
4981271	1000061034
21871522	1000142703
4733771	1000149279
4332521	1000032476
12863272	1000149279
11211712	1000149279
509323	1000032397
14749070	1000149279
9019482	1000149279
16469338	1000076271
5965332	1000149279
14084454	1000066110
11208382	1000065740
15907760	1000082725
379797322	1000062049
7705672	1000065740
19080361	1000120125
12798822	1000120125
4413741	1000032476
16195212	1000082649
4733771	1000142703
394443437	1000082649
11718	1000061034
82073763	1000120125
54205414	1000065880
235608862	1000130129
110062708	1000092810
6025712	1000121053
10456772	1000133107
207618297	1000120125
14683764	1000149279
1305941	1000082649
19338101	1000122790
14411797	1000082649
13693032	1000120125
2232241	1000066110
13348	1000142987
45516390	1000120125
108738422	1000101895
5446522	1000121053
422	1000149279
11491562	1000008462
607063	1000066110
15533709	1000150298
15518558	1000062049
36206094	1000008462
16510537	1000126363
14220205	1000038117
885	1000032896
1979921	1000149279
35623	1000082649
6931262	1000097399
36836787	1000083761
115504182	1000149279
9843352	1000120125
21406257	1000149279
45753733	1000130129
11620792	1000149279
17709860	1000120125
46565466	1000149279
15127990	1000032476
20946695	1000062049
14163141	1000082649
419356073	1000142703
23543993	1000149279
10237	1000149279
15931605	1000149279
18040381	1000065740
69671781	1000008462
5945202	1000149279
106418338	1000082649
29087161	1000142703
2349251	1000149279
11113	1000082649
16562949	1000065880
36823	1000082649
4805211	1000097399
1536811	1000032427
15445828	1000082649
128662158	1000032896
23145471	1000120125
73579105	1000079024
16908938	1000149279
46840753	1000120125
25957130	1000032896
20787272	1000149279
79312296	1000130129
88208535	1000130129
7936062	1000033121
9635642	1000038117
15023095	1000120125
14260840	1000033121
11407672	1000149279
55984911	1000142703
394443437	1000110056
657863	1000032476
19624836	1000082649
4558	1000142703
586	1000149279
18993395	1000092810
21936886	1000008462
20178500	1000083761
1303431	1000065740
5976542	1000149279
19350724	1000018443
8362412	1000082649
9389142	1000096290
9283312	1000120125
268405507	1000008462
662323	1000102212
3339521	1000092435
105918870	1000120125
16676450	1000079024
70634703	1000130129
17916175	1000065740
19988587	1000082725
43529972	1000062049
12089102	1000082649
14112294	1000149279
3040621	1000062049
18655567	1000120125
14320217	1000142703
30738952	1000120125
19084034	1000120125
103369039	1000062049
24290627	1000026290
7276302	1000062049
2156951	1000149279
60201129	1000130129
79366215	1000120125
2195241	1000082649
291	1000149279
15199539	1000032427
14471007	1000065740
72349563	1000092810
18958606	1000047136
359749285	1000130129
156904764	1000153471
6013342	1000149279
14278978	1000149279
25014145	1000076271
2713951	1000150298
14097710	1000082649
2891131	1000032896
422	1000096482
15533823	1000149279
9151842	1000149279
776434	1000026290
16461070	1000149279
21851427	1000032896
2022341	1000130051
14155850	1000066110
232430517	1000082725
180505807	1000065740
8438932	1000066110
117620953	1000011452
24604037	1000130129
648523	1000082649
24695373	1000083761
3475	1000130051
48564118	1000120125
14338572	1000062049
26876962	1000065880
19312115	1000082649
2448501	1000142987
7325452	1000142987
15375238	1000033121
16014113	1000092810
696453	1000026290
17746168	1000033121
5784702	1000092810
14202711	1000065740
453341658	1000130129
16370255	1000076271
607063	1000130051
268294659	1000120125
475134373	1000082649
6166042	1000120125
10384112	1000062049
34013606	1000130129
55984911	1000032896
17567533	1000120125
26123649	1000149279
70466897	1000122115
22273667	1000032896
16571907	1000082649
18895794	1000032427
20536157	1000032427
85717426	1000120125
12798452	1000149279
157119286	1000082649
36137912	1000011452
15533709	1000082649
7620312	1000041675
16434221	1000120125
10350	1000092874
187242978	1000126363
86400696	1000082725
21834510	1000091413
810583	1000092810
133849674	1000120125
5751832	1000142703
14759966	1000142703
922	1000142703
629433	1000092810
15827269	1000032427
121777998	1000062049
9489712	1000082649
450929005	1000008462
14991920	1000082725
2224331	1000065740
23164604	1000082725
759679	1000145743
13106852	1000047136
13436432	1000067916
16214530	1000082649
16063378	1000097399
51211899	1000130129
12773	1000082649
7846	1000149279
3657081	1000048863
8253682	1000062049
227468469	1000120125
261332993	1000120125
9670742	1000149279
16902120	1000065740
17844854	1000082725
14320217	1000032896
14313712	1000082649
5612432	1000149279
23815359	1000082725
20967892	1000008462
5751832	1000092471
19315899	1000149279
819999	1000032476
70435204	1000120125
201927950	1000130129
94938313	1000105265
13479	1000149279
12376	1000066110
36981250	1000144215
22126466	1000130129
235592999	1000120125
279713	1000097399
771619	1000150298
268405507	1000126363
52488565	1000120125
8438932	1000149279
414	1000149279
27052339	1000092471
31949053	1000092810
14749070	1000146893
17690747	1000120125
8948032	1000032476
13955432	1000071485
18742918	1000065740
922	1000032896
20121672	1000092810
926111	1000120125
37434214	1000032896
85230319	1000055572
878051	1000097399
14474225	1000149279
14263368	1000082725
16302770	1000032896
13911852	1000149279
36742353	1000107482
18785030	1000082725
410430313	1000062049
75093	1000097399
746	1000082649
22946999	1000120125
20209459	1000065790
18327902	1000066110
8940282	1000032476
19560673	1000076271
22059944	1000092471
19668592	1000032476
111136252	1000065880
106083103	1000062049
25740626	1000130129
36823	1000132390
14680381	1000107482
198724798	1000149279
12109622	1000062049
14973634	1000032397
14143533	1000032476
14413529	1000066110
15129069	1000082649
14242872	1000092810
785	1000149279
17468481	1000120125
4265731	1000032397
2529971	1000149279
18327902	1000149279
14220606	1000065740
191219947	1000062049
17854366	1000150298
217416589	1000130129
168865827	1000092810
861201	1000097399
5908232	1000082649
5158891	1000008462
25214064	1000032896
14341663	1000082649
11491562	1000132390
8418982	1000038117
28846498	1000120125
8552602	1000065740
8768832	1000149279
15649706	1000092810
421683	1000066110
37855605	1000092471
242155735	1000120125
215007143	1000092810
5750612	1000092471
162204428	1000130129
18656830	1000149279
11003762	1000092435
23095315	1000142703
3475	1000066110
7101692	1000032896
23549240	1000120125
1199081	1000054251
125477492	1000120125
81482648	1000071497
394443437	1000150298
322389497	1000130129
195785338	1000142703
21349390	1000130129
17079375	1000120125
25214064	1000142703
14239496	1000092810
5478542	1000142703
14178728	1000065740
11222	1000149279
342296862	1000130129
19837036	1000082725
10456772	1000120125
9641832	1000096482
33047165	1000047136
14305673	1000120125
18785238	1000065880
15594928	1000142703
22107372	1000120125
5252591	1000065740
14320217	1000149279
138805593	1000082649
14143533	1000026290
18994661	1000120125
190929713	1000062049
817288	1000032476
229969254	1000032896
162145099	1000082725
2565	1000149279
161098135	1000076271
14749070	1000032427
746	1000149279
690083	1000082649
10695762	1000120125
901651	1000082649
23775896	1000149279
16105122	1000120125
12649792	1000120125
852251	1000082649
35727881	1000008920
2426	1000032896
36768736	1000142987
257600012	1000130129
19884282	1000125216
104661219	1000082725
21724128	1000092810
15127990	1000150298
652193	1000092874
15855519	1000082725
