78982926	1000035189
1375251	1000088353
166155537	1000056133
17620488	1000149705
87114066	1000101798
46426761	1000133761
42057383	1000007641
14238569	1000047759
14851991	1000144570
38699900	1000157050
93659150	1000144570
15858294	1000062612
965091	1000035189
14843424	1000019634
14269220	1000035189
7483632	1000101798
196823075	1000035189
81909950	1000123684
19867072	1000149322
11393832	1000004098
222340654	1000052860
23730438	1000085972
20900200	1000062123
141991393	1000144570
18935127	1000069115
144218227	1000060681
12950102	1000085972
5660222	1000157050
14414761	1000056133
16690802	1000092555
821	1000137028
22707147	1000047759
371983808	1000085972
30323559	1000035189
63324260	1000118165
223959754	1000144570
23730438	1000019634
222340654	1000062612
21145433	1000086364
49057486	1000062612
312696942	1000116723
14851991	1000085972
41147782	1000056133
16287001	1000007641
14935350	1000035189
14800583	1000004098
11183772	1000060182
72814308	1000137718
119766848	1000114688
373565537	1000051632
226643292	1000007641
20555357	1000052860
8293702	1000052860
15235815	1000052860
15837189	1000101798
38824382	1000137718
55874285	1000140455
15385152	1000143087
43931199	1000056133
47714049	1000140341
18494128	1000133761
661403	1000019565
14106930	1000084534
18977988	1000004098
223959754	1000052860
326832066	1000120578
18062257	1000062612
302121596	1000050140
238632908	1000007641
36728468	1000101798
824157	1000019565
9340912	1000062612
64409835	1000004098
14223960	1000101798
22707147	1000149322
390039185	1000120578
29982501	1000133761
7804612	1000062123
63026295	1000085972
75648823	1000052860
89969244	1000143087
12798822	1000019565
16246524	1000035189
22707147	1000120578
45784061	1000007641
23148826	1000050140
14904191	1000001520
12080652	1000047759
23996836	1000007641
4923341	1000085972
217626610	1000144570
6347872	1000019565
17553095	1000033309
35116712	1000046555
138587210	1000143087
26785207	1000007641
2217251	1000084534
206305064	1000052860
25387057	1000035189
803883	1000035189
217626610	1000143087
15671066	1000050140
16690802	1000062612
13919072	1000019565
18521235	1000135993
22269151	1000050140
28297041	1000050140
91830343	1000133761
18000189	1000149322
9340912	1000092555
106407309	1000004098
9489712	1000123684
79532884	1000109739
790205	1000157050
216030263	1000115818
20900200	1000085972
756475	1000115818
26360899	1000033309
101775511	1000037497
15837189	1000085972
34071547	1000062612
14885496	1000144570
101608829	1000019565
161723588	1000155180
188196198	1000007641
85717426	1000140455
312696942	1000149322
17961247	1000140341
50242847	1000118165
80102911	1000109739
14415338	1000051632
19783066	1000062612
326832066	1000149322
19002473	1000085972
14851991	1000050140
56446865	1000019634
137222452	1000062123
16394162	1000004098
20555357	1000062612
17250765	1000085972
112484196	1000062612
43153525	1000098485
23700532	1000052802
18701314	1000056133
78813	1000088353
30718477	1000140455
18866722	1000062612
10350	1000101798
223959754	1000062612
148375644	1000079417
28129848	1000047759
18957524	1000115818
23038043	1000133761
16740151	1000025259
14897726	1000047759
18917156	1000050140
32691446	1000143087
14382311	1000115818
18152995	1000086364
27612936	1000025259
52594950	1000047759
61838384	1000085972
57350222	1000157050
16318976	1000149322
14589051	1000029580
87741382	1000007641
90310973	1000148251
66162716	1000154977
291199456	1000149322
3564041	1000051632
30917386	1000056133
61559439	1000044985
17471169	1000101798
14202817	1000085972
14139804	1000133761
135421323	1000050140
84107842	1000004098
150423176	1000123684
16356796	1000050140
16820575	1000109739
14377387	1000050140
18574885	1000019634
22851036	1000052802
19348113	1000056133
508263861	1000056133
91662621	1000086364
43822174	1000149322
6572712	1000086364
30242703	1000060681
47714049	1000047759
16028469	1000149705
291199456	1000056133
22327576	1000070408
15115549	1000035592
1044591	1000084534
22301259	1000041019
112548462	1000019565
43931199	1000149322
15639558	1000062612
21613977	1000050140
412490506	1000007641
14865059	1000004098
48473	1000019565
36981972	1000035189
19867072	1000085972
20366717	1000120578
5650332	1000035189
93707337	1000149322
12080652	1000052860
135060958	1000146282
29982501	1000062612
15236591	1000035189
18718094	1000157050
14363438	1000007641
4258041	1000140341
174729114	1000035189
16356796	1000149322
9340912	1000052860
14751849	1000085972
14202817	1000062612
30323559	1000144570
16284697	1000051632
6347872	1000051632
15495464	1000109739
14439168	1000019565
390039185	1000035592
14618863	1000044985
72952988	1000035189
680373	1000056133
42634830	1000085972
24951612	1000123684
18976948	1000025259
23038043	1000019634
129841195	1000035189
23071153	1000052860
15433939	1000060182
16151835	1000052860
217626610	1000052860
12418482	1000052860
18949240	1000060182
9070452	1000157050
16151835	1000144570
7804612	1000123684
38695016	1000004098
206305064	1000116723
54695584	1000030223
166866094	1000144570
16356796	1000144570
19980698	1000044985
1476651	1000084534
28297041	1000144570
34476699	1000133761
88598125	1000030223
351804491	1000007641
43205754	1000044985
63747014	1000052860
821	1000019565
15093661	1000035189
1046661	1000084534
29982501	1000052802
180370473	1000004098
17248051	1000007641
57325288	1000025259
16574981	1000101798
13124	1000019565
23236865	1000050140
24858098	1000118165
25948843	1000050140
21021166	1000148251
28187205	1000004098
23071153	1000062612
17709860	1000123684
61342045	1000019565
16299346	1000052860
19002473	1000101798
38188313	1000133761
18464763	1000062612
806170	1000088353
488153380	1000085972
14142813	1000123684
14885496	1000050140
69661906	1000060182
12080652	1000149322
220444914	1000050140
14293231	1000123684
30917386	1000069115
36728468	1000062612
9952802	1000084534
23071153	1000149705
14049120	1000140341
80100872	1000109739
79309628	1000085972
23102503	1000146282
16354117	1000035189
976521	1000041019
22863015	1000109739
51757406	1000053412
39378322	1000109739
20900200	1000101798
991221	1000084534
51699786	1000050140
17595439	1000019565
16318976	1000116723
3025261	1000056133
31208184	1000052860
9340912	1000050140
141991393	1000052860
18846990	1000085972
95491755	1000007641
166853688	1000052802
41868310	1000062612
18393773	1000056133
16151835	1000062612
28129848	1000019634
222340654	1000144570
133066018	1000157050
749463	1000123684
31889268	1000050140
107986139	1000155180
341218443	1000035189
14217624	1000035189
93659150	1000085972
21744518	1000025259
17139469	1000140455
43405776	1000123684
20436888	1000056133
16856928	1000137028
18866722	1000052860
243879870	1000001520
49636316	1000120578
23871012	1000050140
174541760	1000035189
16890327	1000037497
16852229	1000004098
46501487	1000050140
795881	1000004098
22334880	1000062612
19292495	1000050140
73843	1000120578
42649348	1000047759
61525167	1000056133
139634187	1000007641
15231995	1000053412
44409315	1000007641
282414735	1000046555
16574981	1000133761
18120585	1000079417
20888597	1000050140
326832066	1000035592
417214991	1000115818
17207272	1000062612
291199456	1000115818
373565537	1000062123
469024995	1000007641
9340912	1000085972
22412051	1000120578
16363082	1000050140
84404016	1000050140
16141267	1000035189
16284697	1000019565
15837189	1000019634
3228691	1000123684
49560239	1000101798
48834095	1000148251
60146669	1000088353
1048661	1000084534
24010216	1000135993
108671131	1000004098
17974481	1000052860
27612936	1000050140
26029878	1000101798
299342862	1000140455
15321447	1000144570
20554062	1000143087
59697912	1000157050
18393773	1000085972
21028234	1000148251
30917386	1000062123
18120585	1000085972
21744518	1000050140
67427757	1000062612
13764992	1000118165
207720737	1000060681
141991393	1000143087
182351572	1000143087
29995782	1000085972
73078007	1000035189
61083773	1000070408
13310912	1000123684
18000189	1000085972
15210689	1000062612
93707337	1000062612
16356796	1000085972
1833561	1000019565
22327576	1000149322
163397901	1000056133
29982501	1000052860
29912873	1000154977
31292265	1000140455
11107172	1000019565
20436888	1000035592
19783066	1000098485
28049003	1000062123
142067083	1000056133
2729061	1000062612
22751884	1000114688
23038043	1000052860
25382450	1000007641
27822864	1000035189
18235160	1000050140
20152005	1000029580
20555357	1000123684
390039185	1000085972
41650182	1000056133
