28583673	1000096854
30535561	1000143664
24553095	1000016253
23709347	1000034001
18962517	1000025289
398092239	1000002632
6015962	1000050918
306850441	1000133455
208723309	1000103372
87990563	1000133455
72663616	1000034001
11963132	1000071350
11211792	1000099373
862681	1000050918
373627392	1000012989
150132291	1000080911
29537723	1000012989
28267054	1000021664
317568415	1000012989
107236745	1000070715
260075117	1000017671
62609430	1000012989
80954278	1000136971
12012472	1000087419
12244502	1000050918
16047752	1000017671
20360524	1000047901
137532653	1000013009
16708690	1000103861
14620003	1000109964
35026264	1000041017
83155222	1000003935
168796094	1000012989
127480942	1000103861
20970926	1000123044
113434348	1000146079
153048672	1000080911
216590574	1000047901
22705686	1000012989
25535699	1000013009
9742462	1000050918
33987752	1000021222
25150349	1000102771
172442624	1000079427
97319539	1000012989
348093124	1000012989
58914651	1000144545
15373635	1000090714
19699682	1000050918
177496493	1000047901
14362294	1000152426
41504058	1000017671
356453014	1000012989
33363	1000071350
7372912	1000071350
67625279	1000050918
223857087	1000003935
143568410	1000072177
28076891	1000103861
48489016	1000064320
425310960	1000096478
282223232	1000012989
217566245	1000012989
52530194	1000072737
14180345	1000050918
279249008	1000070715
214466998	1000103372
322981764	1000032221
15022843	1000050918
112909007	1000013009
273069361	1000033186
62613155	1000012989
14132461	1000050918
27032389	1000017671
279147731	1000102168
15960613	1000008021
301045962	1000128820
23946231	1000063496
69776562	1000040557
385845185	1000012989
260281892	1000012989
15259001	1000143664
68099208	1000012989
14870476	1000114065
286012612	1000012989
220370138	1000092065
1540191	1000071350
427590568	1000012989
126095003	1000003935
1277041	1000075993
442439947	1000144336
38543586	1000143664
301301902	1000073819
40340464	1000101750
15534632	1000145266
131350078	1000012989
40524721	1000013009
57425153	1000012989
15239720	1000085406
470500538	1000012989
30612251	1000143664
18361967	1000098151
145271868	1000050918
14538913	1000071350
131583233	1000003935
190826514	1000092065
14229096	1000047901
14587578	1000098061
115997877	1000064941
246013406	1000002632
98691205	1000047901
33547457	1000105389
145171509	1000146079
345475302	1000012989
73446048	1000012989
415711683	1000012989
82991845	1000012989
388669062	1000012989
128097824	1000087419
265019730	1000012989
70492333	1000003935
16807882	1000008021
199703627	1000003935
113470669	1000103861
494479144	1000012989
11072822	1000032457
166295530	1000101750
141701306	1000012989
285055693	1000033064
180670967	1000015885
303003865	1000002632
100614511	1000123044
59932191	1000012989
16619276	1000021664
32180870	1000050918
175855283	1000047901
284102001	1000102168
92123276	1000012989
253296586	1000096854
259482703	1000012989
197463159	1000044647
189178986	1000047901
351564837	1000102771
343233796	1000012989
245487159	1000021222
21436558	1000032457
288349561	1000033186
89288695	1000073440
26259401	1000017671
26057085	1000072737
17648193	1000071350
81490134	1000012989
21575175	1000034467
11779882	1000050918
164803052	1000012989
187371384	1000012989
14536491	1000012989
376984176	1000092065
17349144	1000128820
67234124	1000012989
18841151	1000153115
83820762	1000015885
101782947	1000072177
19192517	1000005006
19192517	1000008021
304124717	1000012989
248438929	1000013009
877421	1000071350
14229141	1000047901
368956091	1000133455
99885625	1000012989
86336234	1000029913
297166458	1000012989
84466455	1000034001
285930225	1000012989
213001559	1000012989
28933226	1000079427
303428151	1000073819
313659037	1000012989
16463547	1000098151
74523	1000071350
272521291	1000012989
238163556	1000102168
7541162	1000075993
14260655	1000008021
36897543	1000003935
26788841	1000034001
381666165	1000012989
19304037	1000145266
26569855	1000032457
330612123	1000143664
281234028	1000012989
499029727	1000012989
3460221	1000050918
42946040	1000079285
41584175	1000063496
282733465	1000012989
175557131	1000057656
212366734	1000012989
778325	1000050918
24588389	1000114220
15092621	1000047901
28719244	1000012989
115705413	1000073440
193033119	1000012989
11211372	1000099373
16793368	1000032457
119202474	1000079285
73733498	1000050918
383325622	1000117920
168101329	1000021222
45229371	1000040557
34242979	1000102168
44364349	1000145266
145281097	1000145266
18952429	1000033064
44156674	1000034001
252791673	1000012989
16932171	1000008021
59005241	1000012989
108350146	1000099373
240555189	1000090714
450402450	1000047901
18718580	1000136971
311657687	1000102771
15681992	1000032457
116551396	1000143664
14869988	1000047901
19414296	1000008021
61853583	1000012989
274823472	1000012989
370232620	1000027386
407031476	1000012989
124242102	1000034001
18729547	1000144545
14428430	1000050918
131170751	1000034001
42252369	1000111362
242806238	1000047429
17345840	1000136971
25993	1000071350
57803486	1000092065
410366537	1000013009
452342492	1000012989
37876253	1000098061
7865512	1000143664
137513452	1000012989
40276098	1000034001
505866989	1000012989
15665968	1000047901
351666422	1000133455
27067691	1000105389
2223571	1000071350
44507340	1000012989
27729513	1000064320
15717287	1000005006
568699879	1000003935
169240581	1000114220
27422170	1000010830
374517706	1000029913
20587510	1000064941
1154511	1000050918
489640935	1000003935
19180345	1000153115
45772248	1000025289
37103386	1000017671
255238984	1000144336
39353946	1000003935
24422716	1000021222
64931560	1000008021
7195062	1000057656
20452293	1000071350
309516587	1000032221
14456948	1000071350
259150636	1000033186
196710000	1000012989
30456447	1000012989
14210175	1000099373
12069912	1000071350
69321086	1000003935
18918240	1000047429
158874150	1000012989
280919733	1000057656
73511622	1000111362
425948830	1000133455
272322835	1000116266
27645291	1000017671
32350369	1000103861
21348255	1000064320
26315349	1000152426
21259011	1000016253
347508389	1000012989
277730626	1000017671
137489324	1000034001
113770596	1000010830
396039799	1000034467
96653670	1000017671
17517428	1000068680
16519176	1000008021
107986139	1000016253
32476402	1000112353
35023093	1000041017
24166202	1000015885
189111957	1000136971
26073572	1000033186
100581193	1000047936
148204565	1000017671
113726247	1000085406
507676292	1000012989
794069	1000071350
253343735	1000057656
238128989	1000103861
806283	1000032457
23435890	1000030235
186878230	1000003935
407547172	1000117920
14693823	1000114065
128522006	1000012989
77261952	1000027386
253598529	1000012989
1753061	1000068680
76196863	1000116266
240982109	1000003935
106436533	1000145266
505199710	1000012989
540912889	1000047936
7620312	1000050918
5870022	1000099373
20018109	1000050918
33901481	1000144336
5980442	1000152426
18854250	1000032457
166686329	1000096478
263738601	1000012989
18967754	1000114065
282280747	1000034467
53193754	1000013009
70402845	1000003935
24577300	1000030235
229878099	1000003935
360245938	1000070715
182206689	1000017671
18102187	1000003935
431448610	1000012989
393242944	1000012989
22697165	1000050918
30992735	1000047901
36708944	1000112353
113763153	1000047901
108617810	1000109964
7458942	1000044647
