22473844	1000055445
17626337	1000017866
33852508	1000055445
15135752	1000084559
781674	1000055445
19579999	1000017866
30855079	1000036856
7206432	1000048501
304795131	1000083520
23946671	1000090569
12245632	1000055445
7846	1000046106
88340943	1000017866
156831916	1000081227
23798570	1000152475
21798156	1000079105
16434310	1000041332
301721565	1000092690
61838384	1000079105
214328887	1000054308
50284910	1000055445
15790496	1000073256
30815198	1000153391
123639325	1000109066
9509482	1000073256
112414035	1000081227
61261533	1000086393
17388955	1000017866
15099133	1000052263
8274792	1000073256
301726492	1000092690
13809612	1000073256
151505240	1000153391
18940840	1000041332
63546487	1000042060
19588385	1000055445
5402612	1000055445
300007014	1000145519
7398912	1000052263
110517297	1000086393
45690012	1000024209
507899939	1000153391
28769894	1000079105
29402249	1000039320
140078432	1000153391
198724998	1000105162
458733840	1000052263
21902101	1000052263
341747053	1000083520
14190551	1000055445
14178403	1000046106
236902298	1000054308
86201228	1000153391
93579404	1000052263
21603325	1000052263
756475	1000079105
14774669	1000055280
18475366	1000041332
266622539	1000036856
278746956	1000041332
432758345	1000017866
153133767	1000041332
22707147	1000079105
19136331	1000105162
136004952	1000055445
91348878	1000064887
202346485	1000153391
5781742	1000063890
30980778	1000079105
4952751	1000052263
325799091	1000153391
19722805	1000055445
201132310	1000081227
173591775	1000153391
17737614	1000055445
35958311	1000126578
14133447	1000017866
46422814	1000052263
17132311	1000052263
15488811	1000008326
154227085	1000109066
125433817	1000064887
78602972	1000055445
25995437	1000055445
416458714	1000022096
397633666	1000092690
276597679	1000052263
78343144	1000017866
536665761	1000054308
17912337	1000073256
5110861	1000052263
95461374	1000112810
19002473	1000079105
22376586	1000017866
93598339	1000052263
131243941	1000079105
371983808	1000079105
30989098	1000041332
17830520	1000079105
23038043	1000079105
55651914	1000041332
6258042	1000041332
123979525	1000055445
6016612	1000052263
16935292	1000017866
28301551	1000126578
35399002	1000077165
199831776	1000079105
24751263	1000079105
18979543	1000052263
101574329	1000153391
16461070	1000046106
199370728	1000112810
82853372	1000041332
8584	1000046106
156876473	1000153391
15481744	1000079105
24581397	1000036856
117298664	1000105162
322285980	1000036856
136392274	1000052263
104598979	1000041332
17457839	1000036856
12108	1000046106
244252781	1000153391
14073022	1000055445
21056862	1000039413
17375110	1000073256
18511522	1000086393
63324260	1000052263
89267210	1000052263
69008979	1000079105
809010	1000073256
12080652	1000079105
7280572	1000091541
16190278	1000036856
19981036	1000090569
27400144	1000065648
3332291	1000063890
18120585	1000079105
480930665	1000017866
21832457	1000153579
284616690	1000088902
15841965	1000017866
112873986	1000029119
14112570	1000055445
40532389	1000055445
96255417	1000039650
115637846	1000041332
154545301	1000055445
16630541	1000089373
105843114	1000017866
450803379	1000153391
204750852	1000112810
40190660	1000041332
14109423	1000046106
18000189	1000079105
274135827	1000153391
20176119	1000141200
34572451	1000017866
27696993	1000036856
282739940	1000054308
3779381	1000041332
18526653	1000055445
34430522	1000039413
111319780	1000153391
458845777	1000092690
462363316	1000054308
273508691	1000054308
237335431	1000017866
393605414	1000052263
20254114	1000153417
50082015	1000063729
18937546	1000020270
27940326	1000104450
8904302	1000052263
21638018	1000081227
15798091	1000055445
4282171	1000036856
23217907	1000055445
18840310	1000017866
85891683	1000104518
4981271	1000046106
133668959	1000112810
30871552	1000041332
11621822	1000055445
10350	1000079105
137173965	1000153391
207794337	1000036856
19346439	1000055445
17134082	1000157295
16350365	1000141200
226344798	1000036856
21752657	1000081227
153245741	1000105162
16929349	1000017866
22586386	1000017866
364917755	1000054308
14181054	1000017866
16272448	1000073256
110624323	1000005950
276128869	1000153391
19689143	1000105162
270419973	1000153391
196413641	1000017866
22747276	1000157295
128194782	1000064887
6651512	1000063890
42649348	1000079105
17053	1000008326
132736650	1000024209
56860418	1000121591
19678610	1000017866
15290966	1000052263
14208611	1000036856
29592491	1000086393
85794542	1000055445
219050194	1000153391
292030309	1000092690
37371226	1000017866
21816984	1000017866
157799911	1000007929
5402612	1000055280
16029857	1000088902
3025261	1000079105
21808052	1000041332
17431236	1000088902
33104973	1000063729
307121607	1000092690
19313250	1000138294
529925379	1000054308
3094401	1000046106
142728897	1000041332
17222678	1000017866
12739092	1000089373
657863	1000046106
16343974	1000055445
211951000	1000052263
19867072	1000079105
16197538	1000073256
52594950	1000079105
295062437	1000092690
82548466	1000079105
468447294	1000041332
25756519	1000036856
280222550	1000008326
14607172	1000064058
24257591	1000017866
812804	1000046106
8904302	1000041332
16139649	1000055445
644463	1000055445
19600970	1000073256
479854996	1000054308
277570942	1000055445
258490941	1000105162
17073902	1000046106
182609394	1000112810
369269293	1000153391
63118140	1000073256
8359152	1000073256
168302112	1000017866
24127838	1000153391
355069062	1000064887
10381752	1000032520
19526770	1000055445
266043601	1000073256
353541134	1000092690
30559094	1000138294
469047977	1000081227
1877831	1000055445
652193	1000046106
20546297	1000105162
43931199	1000079105
14062563	1000008326
183523349	1000081227
14751849	1000079105
26985345	1000055445
272721805	1000153391
17372256	1000017866
23128314	1000079105
15347493	1000079105
221639929	1000063729
14434011	1000055445
73618433	1000055445
194529984	1000039650
24257591	1000042060
80245884	1000052263
402041445	1000052263
179800773	1000081227
256248787	1000055445
57661046	1000055445
36765490	1000088902
81107658	1000036856
10713592	1000089373
39796783	1000052263
77504008	1000105162
385106192	1000036856
16535484	1000073256
21904217	1000017866
54964162	1000017866
6238012	1000046106
22931151	1000039320
89791957	1000153391
7296332	1000104518
5340042	1000039650
291199456	1000079105
230505689	1000105162
27306000	1000048501
221625085	1000035352
21215111	1000073256
38601171	1000036856
14173097	1000052263
126061257	1000073256
16541185	1000064058
16356796	1000079105
396689161	1000153391
47797211	1000039650
23595873	1000041332
42424119	1000041332
380247256	1000145519
154280902	1000105162
18173721	1000086393
79309628	1000079105
15979376	1000032520
17852343	1000017866
14233500	1000055445
279622129	1000153391
104598979	1000052263
273570448	1000041332
33363	1000046106
773450	1000048501
16318976	1000079105
338335964	1000055445
190191097	1000153391
7842902	1000079105
18518052	1000017866
14669232	1000073256
16119771	1000084559
6754532	1000063890
20228595	1000052263
16856857	1000017866
76273976	1000052263
162707141	1000153391
175114748	1000089373
72816639	1000081227
14983499	1000017866
21682847	1000105162
6408382	1000052263
53609015	1000052263
14767384	1000153579
394563666	1000022096
15141980	1000153579
14256380	1000005950
129443148	1000105162
18228075	1000036856
25979812	1000052263
91585368	1000041332
214120916	1000052263
100076513	1000149503
216785878	1000153391
95030839	1000048501
316994994	1000055445
16752369	1000079105
38718720	1000020270
93006320	1000052263
246691076	1000041332
21531222	1000073256
96877871	1000029119
72685710	1000063729
17069288	1000017866
389486164	1000024209
14063605	1000079105
14130030	1000073256
206631462	1000079105
229194109	1000041332
78701122	1000041332
408774041	1000035352
50356964	1000073256
30289889	1000073256
20253656	1000153417
17913814	1000073256
45040038	1000063729
14984096	1000017866
272543470	1000153391
15362595	1000052263
350309888	1000153391
142450248	1000041332
23514063	1000079105
19553306	1000055445
390660853	1000041332
30572722	1000041332
62358930	1000042667
15235815	1000079105
138831722	1000153391
44292278	1000017866
794436	1000063890
245490751	1000024209
30572722	1000052263
15666138	1000126578
33060717	1000086393
14955344	1000052263
333880256	1000083520
14856594	1000052263
193599274	1000153391
20808128	1000052263
17221189	1000017866
20798630	1000017866
104845209	1000052263
214684028	1000152475
90098275	1000153391
306033153	1000153391
80797776	1000052263
41992038	1000063729
196251283	1000073256
742143	1000055280
93006320	1000041332
23595873	1000052263
153216247	1000109066
21724904	1000052263
24185807	1000055445
80638910	1000104450
11973472	1000063890
71294756	1000104450
371466354	1000017866
791124	1000046106
1956441	1000091541
17120124	1000052263
33617874	1000153391
288823057	1000152475
15841275	1000073256
17745833	1000153391
140955302	1000055445
44208218	1000149503
271658840	1000092690
9884192	1000089373
287111231	1000153391
41385649	1000052263
224324496	1000153391
274153775	1000054308
89186018	1000041332
71236414	1000055280
306265180	1000153391
147516862	1000077165
185433686	1000073256
31345277	1000052263
21351301	1000079105
14049120	1000079105
344966590	1000153391
134988521	1000042667
29464437	1000055445
105918185	1000064887
107266564	1000017866
17363890	1000055445
11637332	1000007929
612473	1000055445
98997127	1000036856
38435868	1000024209
226195230	1000055445
6408382	1000041332
64954756	1000090569
109715718	1000063729
16734382	1000036856
463952369	1000054308
125767923	1000065648
15837189	1000079105
14760624	1000041332
230021284	1000017866
8625782	1000052263
85216698	1000017866
28433775	1000063729
17471169	1000079105
87573218	1000052263
283995054	1000153391
44739507	1000105162
14831031	1000052263
12229172	1000017866
69091913	1000090569
349514926	1000083520
144036968	1000121591
330512139	1000153391
175249089	1000089373
