19414296	1000111125
29678213	1000047270
15535081	1000124978
93914024	1000012519
8407062	1000153857
216810989	1000103060
14984039	1000123353
12685	1000069587
12950102	1000153857
22026934	1000102707
14262199	1000102707
44788330	1000120345
59682940	1000080559
20572883	1000102707
19653925	1000124978
16871528	1000124978
177691409	1000120345
325203020	1000012519
14310583	1000076058
204504131	1000120345
82507547	1000151203
71239262	1000057242
114280167	1000012519
21396104	1000012519
65454772	1000080559
139872488	1000019910
14296237	1000071251
236911327	1000102607
72484825	1000019767
42676302	1000146262
264167111	1000012519
42892769	1000120345
15983991	1000012519
15517662	1000042478
13862172	1000153857
42495940	1000102607
199810683	1000074485
108445747	1000146262
339968612	1000102607
150800843	1000103060
338017544	1000102607
18131961	1000123353
15576272	1000074485
33454142	1000064752
28523307	1000117761
418160414	1000102607
40812396	1000102607
14506253	1000123353
38293759	1000117761
14912077	1000071251
108668217	1000146262
177310174	1000124978
70178436	1000075287
386064033	1000102607
67060417	1000080559
274663230	1000124978
15134057	1000012519
27512679	1000055191
175495158	1000019910
69724763	1000111125
30406287	1000064752
6834572	1000091455
12534	1000006631
36045367	1000124978
41121600	1000124978
77198677	1000029332
265249485	1000124978
10982992	1000012519
285185271	1000120345
7212132	1000144011
18091925	1000117761
422168320	1000102607
15215771	1000012519
66922881	1000080559
137502234	1000080559
314273466	1000124978
48006967	1000146262
345533279	1000102607
12711832	1000123353
29501058	1000071251
16689224	1000124978
148363935	1000017326
334057489	1000103060
15460048	1000105691
92306628	1000124978
287286883	1000019910
524605453	1000102607
183664272	1000102607
44777959	1000141082
208442526	1000124978
348393652	1000124978
8984572	1000054778
229741646	1000019910
79721137	1000124978
17024395	1000124978
24668736	1000124978
16460916	1000146262
182925539	1000102607
14327149	1000103060
20904735	1000020510
31547129	1000062605
36993767	1000012519
30835585	1000105691
20727483	1000106325
14795731	1000080559
14586604	1000012519
22506791	1000084481
348968125	1000124978
24239110	1000124978
29872754	1000097374
197295132	1000017326
82853372	1000124978
400910929	1000120345
68503464	1000102607
67444229	1000124978
47787563	1000102607
31331740	1000062605
113134752	1000123353
66380278	1000047270
366293920	1000102607
280162221	1000102607
118253507	1000124978
5484572	1000012519
5107561	1000106325
33595881	1000012519
38920015	1000102707
41583318	1000124978
516956032	1000055191
44564141	1000103060
16184358	1000017326
56736671	1000136395
15715317	1000012519
134943586	1000102607
19316845	1000012519
166747718	1000117761
823525	1000153857
283128507	1000023092
79294040	1000117761
20040253	1000124978
16606585	1000102607
284559833	1000012519
68003	1000006631
28650455	1000102607
380614137	1000102707
148727717	1000102607
89207310	1000017326
28205458	1000123353
27299067	1000047270
30594807	1000023092
411357780	1000124978
296762498	1000102607
19139251	1000018064
28288223	1000094591
235092080	1000111125
42587673	1000055191
112871197	1000102607
58479193	1000012519
39758899	1000102607
25313271	1000080559
15472368	1000117761
15010721	1000124978
14404685	1000153857
178493500	1000117761
19612058	1000012519
18226495	1000117761
22654275	1000118910
261747106	1000102607
19038778	1000102707
94667801	1000080559
54812973	1000076058
502321722	1000102607
81732690	1000136672
257025848	1000020510
19603370	1000084668
276905731	1000120345
182429469	1000047270
3287051	1000081673
289365039	1000120345
68935638	1000120345
24255792	1000071251
224296503	1000012519
49273095	1000080559
11963132	1000006631
45183014	1000102607
263016303	1000099577
16547411	1000091455
14046322	1000124978
64674727	1000124978
49865907	1000118910
337245056	1000019910
16095207	1000071251
325512078	1000102607
443726687	1000102607
28655065	1000120345
7395782	1000124978
18780377	1000120345
374519027	1000102607
170435554	1000102607
344930023	1000102607
138887977	1000120345
9463382	1000006631
490607306	1000102607
16941373	1000002221
38441030	1000017326
25656304	1000094591
16954909	1000151203
86566510	1000091455
107669395	1000124978
486955518	1000117761
399444662	1000117761
226179592	1000120345
214246889	1000047270
117848769	1000123353
14616456	1000076058
17329946	1000102607
260429996	1000120345
250901299	1000102607
39717222	1000071251
57747123	1000064752
39716447	1000140531
176302452	1000102607
66691804	1000080559
31388042	1000012519
7436142	1000012519
24244836	1000124978
2521991	1000091455
21241276	1000146262
22981384	1000124978
119813269	1000006631
84700333	1000102607
250130924	1000123353
119714092	1000017326
2735591	1000099577
280162778	1000120345
16469647	1000105691
140519931	1000102607
342265754	1000102607
85845585	1000136672
259834925	1000012519
102884465	1000102607
390659661	1000102607
22709659	1000012519
132875573	1000102607
79033029	1000120345
53556571	1000012519
480754042	1000019910
65416742	1000141082
20893477	1000123353
63644709	1000012519
127012541	1000102607
3721461	1000091455
57875811	1000102607
217195997	1000012519
29841134	1000012519
99370989	1000102607
51172935	1000057242
15633521	1000081673
164731122	1000080559
351788847	1000102607
17432702	1000124978
849101	1000006631
130604350	1000080559
226193867	1000102607
541586843	1000019910
15647839	1000091455
1633681	1000124978
344121475	1000102607
225534100	1000102607
552582271	1000124978
94114408	1000136395
15111683	1000117761
52863597	1000124978
27280073	1000084668
391447337	1000019910
20425367	1000071251
255503837	1000012519
29429694	1000124978
8471852	1000012519
18196758	1000006631
18949452	1000017326
54875437	1000124978
161966800	1000117761
31957731	1000012519
1118691	1000006631
118628994	1000120345
20289145	1000102707
122268563	1000019767
103025615	1000102607
23112236	1000105691
222879842	1000124978
27620472	1000012519
125138145	1000080559
113962639	1000146262
14217740	1000124978
63667034	1000071251
17447665	1000042478
262275490	1000055191
36754931	1000120345
25007344	1000124978
239970376	1000102607
12012472	1000124978
22117687	1000124978
237985481	1000117761
14819061	1000124978
355636211	1000102607
21210048	1000029332
136338428	1000117761
212867528	1000102607
72903754	1000012519
15363706	1000102707
96149423	1000102607
15740958	1000153857
103080181	1000017326
27563717	1000114482
18757859	1000153857
387210978	1000019767
158369556	1000055191
15340619	1000071251
266322668	1000018064
14613106	1000071251
8605362	1000069587
149180925	1000105691
127711224	1000146262
14266435	1000124978
20728526	1000062605
129880152	1000012519
33263183	1000062605
2363991	1000097374
19067093	1000071251
109445327	1000120345
9631832	1000124978
172464017	1000075287
517689596	1000124978
14936051	1000062605
20851642	1000117761
334735103	1000124978
33538829	1000120345
52613032	1000123353
21150703	1000012519
16250754	1000136395
124866710	1000019910
20266076	1000057242
17438876	1000012519
155998369	1000080559
86120331	1000080559
72885380	1000105691
20835508	1000117761
17576144	1000080559
22544911	1000117761
501846451	1000124978
2996801	1000105691
89756441	1000103060
337945864	1000124978
81949415	1000019910
158735547	1000071251
27774100	1000117761
484813312	1000102607
17076095	1000111125
191737201	1000117761
16292380	1000002221
197431401	1000057242
21014439	1000054778
372062477	1000144011
197602850	1000080559
124444856	1000084481
18070930	1000146262
18886119	1000117761
215403894	1000102607
184637613	1000055191
143950772	1000102607
14054507	1000124978
19745863	1000080559
21021321	1000146262
47719591	1000017326
106524695	1000140531
12561172	1000153857
110519857	1000017326
69231483	1000055191
486776304	1000084481
277675909	1000114482
24276230	1000120345
138003731	1000102607
342373546	1000102607
277834034	1000102707
18708466	1000123353
416401061	1000102607
123937751	1000105691
1429761	1000062605
28651887	1000102607
23440299	1000071251
30433454	1000124978
398453569	1000117761
66691804	1000102607
246453983	1000102607
23098582	1000012519
207242224	1000080559
