72393730	1000149713
27333959	1000024326
19388771	1000110223
20696985	1000020693
38132559	1000149713
128957132	1000138326
40101400	1000034228
14905961	1000045564
32667044	1000071634
14905961	1000060619
21086501	1000113708
15147748	1000067595
131251580	1000045564
201291433	1000089683
44465753	1000059899
44962272	1000138326
93854353	1000071806
140909641	1000078624
8768422	1000138326
5909	1000034228
338017544	1000034228
51992440	1000114098
103524387	1000071806
14130054	1000123912
79060391	1000149713
19145653	1000071574
93602034	1000039376
25308195	1000138326
18720702	1000138326
17428742	1000034228
268915110	1000153400
51951241	1000121133
33623812	1000079238
75122101	1000059899
208716386	1000069613
75122101	1000132133
19299660	1000096803
33870122	1000035674
32959826	1000039748
140909641	1000059899
22651969	1000059899
51951241	1000114098
27333959	1000110223
44962272	1000114098
24661623	1000138326
14993946	1000153393
47982751	1000138326
58714972	1000034228
12595712	1000123912
32667044	1000102319
37508790	1000071806
113443529	1000099770
37508790	1000089683
140909641	1000084283
25524289	1000110223
22615824	1000138326
44962272	1000017700
18720702	1000080646
45634961	1000138326
310993440	1000143241
378603319	1000053765
37807048	1000116669
268915110	1000149713
15147748	1000149713
17665608	1000034228
208716386	1000114098
22613936	1000135859
86572842	1000102319
546994428	1000114098
63051024	1000071634
21867449	1000149713
17873937	1000019284
29990808	1000089683
17873937	1000089683
17249653	1000017700
38815826	1000020693
38132559	1000048371
18035682	1000045564
19120191	1000145530
24234149	1000089683
15574534	1000121133
47982751	1000017700
38815826	1000031730
86572842	1000064210
14456198	1000034228
17428742	1000071806
19388771	1000067595
35420362	1000071634
32401095	1000080646
109931110	1000024157
323294607	1000150426
128957132	1000121133
128957132	1000048371
44850810	1000034228
64579034	1000016131
25422041	1000143241
14849130	1000126920
29990808	1000059899
251841781	1000034228
33623812	1000138326
27333959	1000035591
86572842	1000059899
15923093	1000123912
28823640	1000138326
19120191	1000034228
19208479	1000089115
29818776	1000067595
22615824	1000067595
14993946	1000017700
20696985	1000138326
17249653	1000081033
57553172	1000102319
20683482	1000149713
21858647	1000143241
32959826	1000132133
62831503	1000089683
23942354	1000123912
529041333	1000123912
213171360	1000020693
65388780	1000114600
34775386	1000125927
113443529	1000060994
51973995	1000068981
25308195	1000148739
20600708	1000068981
86572842	1000017700
21905547	1000114098
367902505	1000034228
113443529	1000132133
19299660	1000089115
29990808	1000035674
22651969	1000102319
32959826	1000107000
109931110	1000061512
78944566	1000110223
19299660	1000102319
32401095	1000138326
22249619	1000153400
21932336	1000125927
14993946	1000099770
21905547	1000125927
21639792	1000034228
18776605	1000089683
28823640	1000116260
20600708	1000078624
35093376	1000138326
260935147	1000034228
76481554	1000034228
268915110	1000084283
15574534	1000125927
18720702	1000071806
109931110	1000011289
72393730	1000016131
323294607	1000153400
33623812	1000116669
20734434	1000114098
546994428	1000138326
19788525	1000089683
93602034	1000138326
314114737	1000123912
72393730	1000089683
65388780	1000067595
29818776	1000048371
19299660	1000081033
20600708	1000143241
32959826	1000099770
546994428	1000125927
3806441	1000034228
17428742	1000069613
14885693	1000123912
45524837	1000138326
44962272	1000125927
32667044	1000078624
33870122	1000139074
47982751	1000116260
37904681	1000078624
47982751	1000143241
44850810	1000024157
33873372	1000149713
19120191	1000059899
99579214	1000045564
19788525	1000114098
23816563	1000045216
19120191	1000114098
22541249	1000001653
37807048	1000125927
23562953	1000034228
22651969	1000125927
215444266	1000114098
35093376	1000114098
18035682	1000132133
57553172	1000135520
38815826	1000045221
118908943	1000123912
32102005	1000138326
213171360	1000069613
213171360	1000149713
37807048	1000114098
109931110	1000116669
470927643	1000123912
78944566	1000059899
21858647	1000059899
14220688	1000034228
15147748	1000125927
41653093	1000153393
44962272	1000078624
22541249	1000138326
20403716	1000034228
18496986	1000034228
29818776	1000116669
128957132	1000110223
37904681	1000138326
155705264	1000034228
47982751	1000078481
23122371	1000071806
17428742	1000149713
28055348	1000145530
32742776	1000069613
40942947	1000059899
29990808	1000143241
44908881	1000016131
86572842	1000143241
14993946	1000107000
323294607	1000035674
38815826	1000156489
29818776	1000089683
22613936	1000020693
15528275	1000138326
19299660	1000143241
22249619	1000034228
21905547	1000089683
50027817	1000001653
22412376	1000138326
78944566	1000149713
22541249	1000071806
38132559	1000114098
21858647	1000020693
33870122	1000138326
60982568	1000123912
103524387	1000089683
38815826	1000116260
14220688	1000068981
27333959	1000138326
38132559	1000116260
14235180	1000029390
42292005	1000053765
208716386	1000045564
45524837	1000114600
27333959	1000089683
113443529	1000045564
65160329	1000022616
15574534	1000135520
197262168	1000088871
21932336	1000138326
99185252	1000034228
21086501	1000059899
33623812	1000089683
18720702	1000061512
17576144	1000088871
18720702	1000085963
109931110	1000089683
113443529	1000121133
268915110	1000034120
65388780	1000060619
19299660	1000059899
51992440	1000060994
140909641	1000108909
24661623	1000034228
19388771	1000061512
25422041	1000138326
20600708	1000125927
51992440	1000061512
21858647	1000024326
46537966	1000123912
93602034	1000135520
22651969	1000045564
27079708	1000144637
16824850	1000123912
23016199	1000060619
41653093	1000138326
38132559	1000138326
28511855	1000136072
17249653	1000085963
32102005	1000071634
213171360	1000060619
19299660	1000024157
57553172	1000138326
20541545	1000034120
19299660	1000039748
357210897	1000145530
28823640	1000060619
22249619	1000089683
19120191	1000024157
22541249	1000102319
32695475	1000089683
21741833	1000078624
45573849	1000062425
44908881	1000106784
20521978	1000149713
32667044	1000071806
8918012	1000032650
47982751	1000071175
21858647	1000110223
19299660	1000114098
22014324	1000016131
20600708	1000067595
23122371	1000024157
28511855	1000034120
99579214	1000149713
97174186	1000059899
268915110	1000089683
93854353	1000071634
19299660	1000071806
29990808	1000035591
33623812	1000078481
72393730	1000020693
32102005	1000114098
14334873	1000126920
17249653	1000064210
294404979	1000089683
109931110	1000116260
20696985	1000066089
22651969	1000085963
41653093	1000146176
117187783	1000123912
33623812	1000024157
43859554	1000089683
12830	1000126920
86572842	1000022616
18892611	1000149713
18776605	1000138326
56834816	1000071634
29043456	1000123912
33873372	1000078424
21905547	1000078481
19388771	1000024157
546994428	1000024157
201291433	1000061512
208716386	1000143241
65388780	1000089683
93854353	1000138326
18720702	1000035591
64579034	1000116669
18720702	1000125927
113645326	1000089115
38815826	1000089683
44908881	1000116669
18035682	1000121133
19299660	1000089683
21905547	1000017700
22613907	1000089683
28823640	1000114098
32959826	1000071634
18636599	1000089115
44850810	1000138326
140909641	1000138326
213171360	1000102319
25524289	1000034228
32695475	1000107000
14905961	1000099770
171677633	1000034228
15574534	1000114098
24661623	1000039376
22613936	1000116260
28511855	1000064210
33870122	1000078624
24661623	1000024157
22615824	1000153400
25020443	1000071574
6478202	1000123912
14905961	1000078624
17873937	1000149713
86572842	1000024326
25422041	1000135520
90984746	1000022616
99579214	1000016131
22615824	1000024326
23122371	1000089683
56834816	1000078624
208716386	1000059899
22613936	1000102319
108205076	1000034228
19122675	1000034228
487859640	1000071574
33060624	1000089683
43859554	1000060619
22651969	1000153400
497196045	1000138326
294404979	1000138326
25308195	1000078481
23122371	1000156489
32102005	1000017700
14456198	1000045216
140909641	1000114098
21858647	1000068981
37904681	1000114098
25308195	1000125927
22615824	1000149713
57553172	1000061512
302338004	1000123912
131251580	1000121133
22541249	1000078624
44465753	1000060619
21867449	1000096803
213171360	1000067595
128957132	1000045564
21905547	1000067595
546994428	1000102319
21858647	1000030146
86572842	1000138326
461493636	1000034228
22613907	1000020693
93602034	1000024157
22249619	1000030146
37807048	1000078624
41653093	1000059899
33873372	1000153393
22613936	1000078624
20541545	1000060619
72393730	1000102319
21086501	1000149713
47976929	1000088871
29818776	1000045221
153202207	1000123912
28823640	1000024326
32742776	1000143241
22613907	1000110223
28201911	1000089683
21905547	1000116260
72393730	1000079238
60598974	1000121133
20683482	1000071806
14993946	1000116669
21867449	1000089683
44962272	1000079238
51992440	1000089683
22651969	1000116260
38815826	1000150426
32959826	1000045564
22249619	1000022616
262706840	1000053765
86572842	1000125927
15978226	1000034228
22249619	1000048371
14905961	1000035674
99579214	1000138326
17019152	1000034228
477094958	1000143241
38815826	1000035674
103524387	1000114098
99185252	1000045216
44850810	1000034120
32401095	1000149713
19388771	1000089683
18035682	1000078424
37807048	1000071806
427686969	1000071574
15574534	1000017700
113443529	1000108909
14993946	1000079238
33060624	1000138326
25308195	1000089683
27333959	1000060619
15574534	1000108299
19299660	1000067595
546994428	1000089683
103524387	1000125927
3359851	1000123912
280875092	1000034228
51951241	1000146176
113443529	1000125927
20455445	1000102319
103524387	1000059899
33623812	1000135859
109931110	1000017700
64579034	1000060619
78944566	1000099770
19575884	1000149713
43859554	1000149713
19788525	1000020693
94898564	1000089115
37807048	1000102319
201291433	1000149713
32695475	1000102319
140909641	1000024157
93854353	1000135859
15147748	1000113708
21932336	1000114098
17873937	1000110223
245194221	1000062425
294404979	1000149713
113443529	1000017700
13007812	1000144637
546994428	1000116260
15528275	1000060619
28511855	1000135520
268915110	1000110223
37807048	1000138326
22014324	1000071806
113443529	1000078624
63051024	1000153393
28823640	1000135520
17249653	1000071806
14905961	1000149713
19388771	1000034228
19788525	1000061512
22014324	1000149713
32102005	1000019284
86572842	1000135520
75122101	1000153400
75122101	1000114098
159708091	1000125927
38132559	1000069613
78944566	1000138326
41653093	1000099770
45524837	1000089683
17933822	1000071574
37807048	1000079238
33623812	1000150426
23976386	1000034228
99579214	1000071634
20683482	1000020693
44465753	1000078481
21905547	1000024326
40942947	1000138326
86572842	1000114098
112035996	1000059899
47982751	1000024157
156280345	1000123912
22613936	1000148739
109931110	1000138326
32102005	1000143241
201291433	1000110223
15574534	1000102319
113443529	1000071806
17428742	1000114600
29818776	1000106784
86572842	1000108299
44465753	1000149713
21867449	1000017700
29807718	1000123912
78944566	1000030146
22613936	1000059899
14220688	1000149713
35093376	1000149713
22615824	1000114098
21905547	1000059899
32102005	1000116669
113443529	1000107000
37904681	1000064210
68099208	1000123912
14993946	1000089115
18776605	1000116669
44465753	1000143241
22615824	1000135520
32130294	1000138326
40942947	1000116260
29784580	1000138326
27333959	1000149713
19788525	1000145530
38815826	1000143241
28511855	1000110223
213171360	1000116669
22249619	1000135859
109931110	1000113708
213171360	1000078481
44465753	1000110223
22651969	1000089683
21867449	1000059899
17249653	1000139074
112035996	1000114098
22045347	1000034228
20600708	1000138326
18776605	1000078624
51973995	1000085963
51992440	1000071806
37807048	1000135859
20541545	1000071806
40587394	1000034228
32959826	1000114098
18776605	1000125927
99579214	1000039748
17249653	1000034120
158230569	1000123912
18181482	1000034228
213171360	1000143241
29818776	1000034228
22651969	1000078624
32695475	1000114098
25524289	1000089683
11907412	1000123912
323294607	1000071634
44908881	1000078481
44465753	1000125927
19788525	1000066089
44962272	1000024326
140909641	1000060994
57553172	1000125927
32742776	1000125927
22613907	1000138326
18776605	1000034120
17249653	1000068981
21741833	1000066089
22613936	1000031730
38132559	1000078624
17249653	1000138326
93854353	1000089683
37508790	1000078624
22613936	1000135520
20541545	1000024157
20541545	1000138326
86572842	1000034228
30808840	1000032650
268915110	1000071806
60598974	1000078624
546994428	1000150426
140909641	1000132133
22613936	1000064210
22249619	1000116260
28511855	1000024326
99185252	1000071574
32695475	1000068981
19388771	1000045221
29818776	1000138326
32102005	1000121133
28823640	1000078481
78944566	1000114098
25524289	1000060994
19299660	1000110223
285227634	1000034228
37807048	1000116260
45524837	1000060619
201291433	1000113708
21787625	1000034228
432093	1000089683
29784580	1000024157
28511855	1000061512
111270663	1000088871
9431932	1000123912
18776605	1000024157
50027817	1000069613
18776605	1000114098
103524387	1000078481
201291433	1000059899
22613907	1000017700
103524387	1000138326
22060084	1000045216
213171360	1000110223
93854353	1000067595
320894277	1000123912
14950232	1000138326
38815826	1000116669
8768422	1000116669
22615824	1000011289
27806987	1000138326
22615824	1000136072
22613936	1000024326
23122371	1000071175
323294607	1000125927
261001122	1000123912
23016199	1000069613
27476141	1000034228
22651969	1000121133
167505584	1000123912
208716386	1000125927
208716386	1000034228
21858647	1000067595
50027817	1000116669
19788525	1000138326
29818776	1000024157
22613936	1000138326
128957132	1000078624
113443529	1000089683
15147748	1000059899
14993946	1000114098
44908881	1000079238
37807048	1000024326
37904681	1000135520
99579214	1000019284
33623812	1000017700
323294607	1000149713
38132559	1000114600
17249653	1000034228
208716386	1000102319
38132559	1000016131
86572842	1000089683
323294607	1000139074
40942947	1000125927
19120191	1000125927
25422041	1000113708
41653093	1000114098
21741833	1000085963
17249653	1000150426
22613907	1000114098
22412376	1000034228
25524289	1000001653
22541249	1000149713
78944566	1000089115
20541545	1000125927
27840161	1000034228
19388771	1000068981
29990808	1000102319
93854353	1000078481
234966314	1000029390
41653093	1000045564
28511855	1000089683
323294607	1000048371
21932336	1000061512
19120191	1000138326
44465753	1000034120
57553172	1000067595
21905547	1000143241
