120891733	1000144238
42329014	1000075366
21394805	1000045960
184907407	1000148096
38188313	1000100371
225955146	1000105045
234091627	1000018189
85489560	1000075366
89728498	1000097559
14159148	1000020621
196713093	1000042828
127024694	1000033518
229834197	1000018189
8220792	1000020621
77843323	1000013447
30080133	1000144238
15741636	1000013447
206887176	1000129922
469792023	1000128479
338535630	1000054345
469047977	1000104688
279148521	1000054345
288231953	1000128479
18679467	1000110023
524015651	1000097559
339091355	1000018189
8070502	1000046379
320594858	1000128479
331037248	1000128479
24331056	1000062240
199819340	1000129922
314904998	1000018189
57714690	1000096598
267400351	1000105045
455697092	1000144238
106198153	1000009431
91270218	1000102237
86338519	1000133139
72955085	1000077217
329277121	1000030981
35026264	1000041017
6743	1000082854
128156853	1000105045
408890914	1000054345
8984572	1000089618
18201401	1000133139
18393773	1000055077
64691255	1000105045
5525	1000133139
19058681	1000133139
31504082	1000133139
237958553	1000124449
381451618	1000105045
234356169	1000104688
27268908	1000133139
94168710	1000062240
79594166	1000096598
165411431	1000079875
25339983	1000044833
379630957	1000020621
228464646	1000018189
135268094	1000144238
313401329	1000128479
41992925	1000140790
294207283	1000018189
24128501	1000104688
57026276	1000135053
107180853	1000003015
86697288	1000152712
41839767	1000085134
102045582	1000028819
29831007	1000097559
21111883	1000028820
367394994	1000105045
57333800	1000128479
15922433	1000133139
279251969	1000105045
225160584	1000054345
26083291	1000013447
243463543	1000054345
55443010	1000085134
282447785	1000030981
15500649	1000110095
199039532	1000047676
36100660	1000034174
264498030	1000054345
167506363	1000020621
163617802	1000128479
327185476	1000133139
55334410	1000136392
170029206	1000018189
226594115	1000133139
38523113	1000133139
33266813	1000067881
397673792	1000133139
108360635	1000054345
37759047	1000045857
556167733	1000054073
242533687	1000104688
34569838	1000100371
46685074	1000038904
44874760	1000105045
496669711	1000152958
19060726	1000009329
465024108	1000133139
453720662	1000097559
53543036	1000105045
19237585	1000133139
5484362	1000141094
225412476	1000018189
96768912	1000054245
7313042	1000054345
19571835	1000133139
4113261	1000085134
27642957	1000133139
9532402	1000045857
235513913	1000104688
73443014	1000054345
14532236	1000097559
62759402	1000097637
168462348	1000118495
147596311	1000148096
22108335	1000013447
14734870	1000055534
115997877	1000064941
24210601	1000054245
23452335	1000142079
187653177	1000018189
181721264	1000055534
18152995	1000100371
44783853	1000152712
16974245	1000013447
73439104	1000097559
179438692	1000104688
14347790	1000013447
19434247	1000014462
59199168	1000054345
807360	1000046379
110146442	1000124449
248748948	1000128479
170922633	1000018189
9984332	1000085134
123193555	1000118495
244537280	1000128479
26286713	1000105045
169977743	1000018189
71091067	1000026189
14998938	1000133139
205413754	1000097637
94685136	1000108667
284174632	1000128479
239454404	1000105045
451055860	1000054345
3505021	1000109062
15818301	1000142079
285055693	1000033064
328757900	1000018189
26300193	1000097664
586	1000133139
29031793	1000097559
362959360	1000133139
16625144	1000062240
103602549	1000055077
249914447	1000104688
175590261	1000144238
143513952	1000097559
373754240	1000128479
156831916	1000128151
211543116	1000020621
16193325	1000013447
59729434	1000133139
17744644	1000044833
15367053	1000110023
36302234	1000128641
16688083	1000077217
95797963	1000120481
19866631	1000067881
451642328	1000030981
127039075	1000105045
462573161	1000097559
175836252	1000105045
196619266	1000033518
35857983	1000013447
79297894	1000054363
14672503	1000141094
75321229	1000140790
234844327	1000018189
80188000	1000075366
282581707	1000030981
322766441	1000128479
22086078	1000054345
79518156	1000013447
309064372	1000128479
495017075	1000097559
35550131	1000097559
16892391	1000097559
153812978	1000009329
48797251	1000030981
101223853	1000075825
19790861	1000030981
20236477	1000046379
91527684	1000054345
19612870	1000097559
14456200	1000133139
362691320	1000079875
108158951	1000097664
265826890	1000054345
15958062	1000109062
25995230	1000128151
6082492	1000082854
113025559	1000047676
217046015	1000105045
346018154	1000075825
252403229	1000128479
83714337	1000105045
28136504	1000029331
209777421	1000054345
21642162	1000042828
75030755	1000017655
494422305	1000003076
58834557	1000054345
16339780	1000013447
78445609	1000136392
46537966	1000085134
522931277	1000128479
18989685	1000135366
15116903	1000085134
31088931	1000020621
57572404	1000033518
16337119	1000110023
188515289	1000018189
15777123	1000082854
87407997	1000142079
382897912	1000028820
18919970	1000013447
169901188	1000054363
265895977	1000092301
15495464	1000103271
18952429	1000033064
28200137	1000054345
246323257	1000054345
232466063	1000099118
44091902	1000028819
20717420	1000105045
14708049	1000133139
110569987	1000003076
7157132	1000054073
13094262	1000110023
16845406	1000097559
12343392	1000097559
386653673	1000054363
76393948	1000150764
254123924	1000104805
102255218	1000054345
86144506	1000135053
254661739	1000099118
429680415	1000097559
281025015	1000150764
14438306	1000011944
5848302	1000105045
58427526	1000104688
53524177	1000120481
296127352	1000028335
58019852	1000144238
241249160	1000017655
16021608	1000133139
23430454	1000144238
43041453	1000054345
17243158	1000110023
69980468	1000028820
174940279	1000104688
71706534	1000054345
73058561	1000003076
20823648	1000020621
343870559	1000128479
20632528	1000103271
27531390	1000054304
360999833	1000034174
19994555	1000133139
71614377	1000120481
18217117	1000135366
284674172	1000018189
20587510	1000064941
35269664	1000026189
132250094	1000102237
10394522	1000110023
174889139	1000003076
240302207	1000018189
24990215	1000108667
130104351	1000104688
15018214	1000013447
14711077	1000003015
92776652	1000038809
50342678	1000095001
20694533	1000089618
424187785	1000020621
102246277	1000097559
17177001	1000013447
244281485	1000054345
456686099	1000118495
375214274	1000028820
263361325	1000018189
21879024	1000133139
38753712	1000013447
115393803	1000020621
18794066	1000033518
16439443	1000020621
383044849	1000054345
19353181	1000105045
127026349	1000046379
14855064	1000110023
58912623	1000045960
270767794	1000104688
176412453	1000013447
16381804	1000152712
8178132	1000020621
48706233	1000152712
243176620	1000095001
178696627	1000105045
77057039	1000133139
179743459	1000030981
105585149	1000018189
69746051	1000054345
267408938	1000129922
144921222	1000152712
161678121	1000054304
18486746	1000020621
164220772	1000033518
265554862	1000054345
5849202	1000133139
124934043	1000038809
162749920	1000003076
356213389	1000142079
35023093	1000041017
135818099	1000028335
88706045	1000089618
280055561	1000105045
318035107	1000128479
197504076	1000018189
102787206	1000054345
243691549	1000108667
25209206	1000054345
19512493	1000029331
239208063	1000044833
282701186	1000030981
17817210	1000133139
15985960	1000038904
59081551	1000033518
18888483	1000013447
248861233	1000128479
17080459	1000105045
265931810	1000030981
45652524	1000110095
186878230	1000028820
201526384	1000054363
21062429	1000097559
331352753	1000128479
16060481	1000103271
322822476	1000128479
367443729	1000030981
278076269	1000092301
30440025	1000104688
430600375	1000028820
16298404	1000013447
25669438	1000105045
19848813	1000055077
124873061	1000054345
85579477	1000030981
56964483	1000062240
45827478	1000009329
15612654	1000110095
75316890	1000055077
70556127	1000097559
97011152	1000133139
19347576	1000009431
14794197	1000013447
32981735	1000054345
7377812	1000085134
15077314	1000110023
15134782	1000133139
176979102	1000105045
278116152	1000129922
28337536	1000110023
19898730	1000105045
21068781	1000054345
217472199	1000105045
298698796	1000105045
132120124	1000128479
116828777	1000133139
27935056	1000133139
138718669	1000054345
237316147	1000104805
83720294	1000013447
151304288	1000133139
304669638	1000054345
300080685	1000030981
73078007	1000100371
15310917	1000128641
168649641	1000152958
403518639	1000011944
81155662	1000014462
64554142	1000103271
15368404	1000152712
