440441510	1000015201
334217911	1000105137
22843068	1000045116
94209915	1000120600
35231986	1000105137
18634336	1000066100
19363528	1000064107
121685268	1000056199
75137937	1000027907
540209407	1000032354
69019134	1000010338
24589645	1000009886
52441862	1000062082
40127770	1000105137
183022206	1000064107
335982201	1000146233
55321197	1000056199
221966923	1000105137
62513269	1000009886
147155386	1000131413
39318718	1000105137
54680316	1000131060
51643837	1000045116
32736004	1000080740
35764723	1000105137
47481061	1000091271
38048560	1000150143
62895501	1000091271
269427088	1000117751
13801142	1000080033
15565871	1000064391
257905617	1000105137
70551097	1000105137
20329977	1000036409
17629425	1000070173
221966923	1000146233
380041356	1000080033
191133220	1000081360
16247469	1000055062
335982201	1000088188
16908562	1000065018
717313	1000070970
83952542	1000146233
15202239	1000070970
32933712	1000051331
28363255	1000066100
64058902	1000064391
93752624	1000131413
42988213	1000105137
73206956	1000045116
192423161	1000091271
8021722	1000112859
176163145	1000120192
57769060	1000091271
305275103	1000062082
16420913	1000027226
14176588	1000113133
28345417	1000051331
42917699	1000120192
17776295	1000027907
72450811	1000105137
18763909	1000105137
34353311	1000074809
35764723	1000010338
28609947	1000105137
27422462	1000045116
23126128	1000105137
31183437	1000045116
55321197	1000120600
88395509	1000150143
31766093	1000042275
7867072	1000091271
57769060	1000105137
42988213	1000070173
190254801	1000080740
19514039	1000070114
232032213	1000105137
124258711	1000065018
106637102	1000039498
46023	1000070970
32173691	1000105137
119320258	1000091271
23838506	1000032354
25516654	1000105137
17776295	1000120104
32736004	1000105137
135549198	1000105137
28345417	1000027226
16176755	1000062082
285137608	1000010338
234906656	1000123428
18393753	1000075826
14957252	1000070970
50571047	1000009999
21754399	1000105137
265122237	1000105137
32409483	1000105137
35764723	1000027226
14775759	1000146233
171542386	1000105137
16279105	1000120600
61311054	1000105137
43346568	1000010338
25534013	1000045116
142658872	1000051331
183022206	1000056199
335982201	1000105137
25486715	1000120104
94209915	1000105137
26165866	1000064391
22486728	1000105137
97478285	1000064107
64902044	1000105137
171542386	1000147012
257905617	1000088188
20114488	1000113133
50125820	1000150746
27043036	1000051331
3985381	1000070114
28363255	1000105137
21663950	1000105137
334217911	1000074809
35550131	1000027907
269042188	1000080740
47481061	1000011699
30802189	1000109455
28609947	1000091271
119320258	1000135262
29095324	1000056199
22486728	1000091271
281944010	1000080740
108979911	1000070970
19514039	1000131060
45743806	1000105137
22486728	1000065018
32933712	1000118502
64058902	1000009886
57769060	1000011699
172834226	1000051331
10792712	1000055062
172834226	1000091271
19363528	1000091271
97478285	1000025119
119320258	1000009999
40127770	1000120600
124258711	1000135262
21190085	1000070173
35764723	1000091271
31766093	1000056199
163449492	1000070970
47481061	1000010338
55892508	1000080740
131668045	1000064107
14329770	1000070970
109954164	1000130122
28363255	1000080740
14123301	1000117751
94209915	1000042275
55745414	1000081391
17850456	1000118502
16370635	1000070970
40676159	1000146233
8011702	1000070970
64058902	1000064107
114340234	1000117751
17850456	1000070114
17629425	1000105137
77908802	1000147012
18019121	1000103664
220045059	1000113133
336648016	1000123428
285774292	1000081360
44474671	1000039498
14512216	1000036409
119320258	1000009886
16296572	1000105137
22089915	1000103664
40944758	1000070114
14687984	1000105137
77908802	1000120192
1835411	1000070970
22035674	1000105137
62513269	1000105137
22839501	1000055062
24589645	1000080740
241205343	1000055062
192423161	1000081391
6705042	1000150746
471323	1000070970
171536167	1000120600
34514558	1000118502
47481061	1000105137
172834226	1000105137
17514171	1000120600
121685268	1000105137
40676159	1000051331
38730615	1000105137
45743806	1000080740
88395509	1000105137
62513269	1000091271
20475670	1000080740
109954164	1000105137
24180370	1000045116
111057593	1000146233
608993	1000070970
17776295	1000105137
8259712	1000070970
28609947	1000042275
3985381	1000080740
267090165	1000015201
111057593	1000066100
38730615	1000130122
34514558	1000105137
30298209	1000070114
16908562	1000109455
16279105	1000091271
14959843	1000075826
31766093	1000065018
73520317	1000131413
22035674	1000065018
171542386	1000009999
124258711	1000105137
6370862	1000070970
122154699	1000065018
88050619	1000105137
663463	1000070970
119320258	1000065018
43346568	1000066100
16296572	1000065018
7440462	1000070970
119320258	1000025119
269042188	1000105137
897	1000070970
24961671	1000105137
20832742	1000117751
192423161	1000064391
17776295	1000074809
11348722	1000117751
28609947	1000011699
14058831	1000070970
86180513	1000065018
10101462	1000065018
64058902	1000105137
281944010	1000042275
14965127	1000051331
88050619	1000091271
37005976	1000117751
54680316	1000105137
55321197	1000105137
336343	1000112859
21204424	1000070173
29095324	1000120600
10449602	1000103664
