231113565	1000105618
64557947	1000006518
20167953	1000031537
83882492	1000119678
13018112	1000031537
34903365	1000072072
38102814	1000108112
17665608	1000003662
23705010	1000126513
98952413	1000156261
37569283	1000126844
19412541	1000074434
123635269	1000072072
34115945	1000087445
30258963	1000134469
471357106	1000135075
14220163	1000031537
42162472	1000031537
7744592	1000031537
16631597	1000031537
325260518	1000031537
34594689	1000073713
529439047	1000087445
14135769	1000087445
217571971	1000003662
50760071	1000031537
20893127	1000031537
32129268	1000113414
6519522	1000031537
145745936	1000073713
125416988	1000156754
816214	1000032397
148435933	1000108112
16076965	1000122546
9921142	1000004678
140893518	1000082323
31583155	1000031537
17513533	1000122564
92241457	1000072038
16657699	1000063365
148435933	1000156754
20556015	1000108112
43180237	1000136597
19789439	1000134469
96915603	1000031537
19401296	1000126922
16135783	1000007172
14283545	1000108112
262230710	1000031537
1049981	1000119627
54092452	1000031537
44080327	1000113414
140093395	1000031537
46787681	1000031537
23275868	1000122546
39576002	1000031537
16379018	1000031537
16060342	1000128303
23622564	1000031537
883761	1000016132
18488014	1000045582
80113196	1000016293
22771839	1000123073
192726782	1000077785
258387742	1000031537
34903365	1000074434
89478035	1000031537
264614792	1000024842
24886570	1000031537
52937837	1000007172
160946337	1000108112
28215110	1000031537
18486881	1000108112
14660933	1000149842
15113565	1000108112
2253441	1000122546
19933146	1000031537
16892445	1000072072
38423691	1000003662
113666818	1000073713
45828719	1000031537
18016419	1000113858
46278612	1000122564
18364847	1000031537
14877628	1000146858
30230308	1000126844
237868194	1000031537
94367426	1000031537
34923403	1000074434
11996222	1000037169
47402452	1000126844
30614676	1000031537
17173775	1000113414
377030404	1000045582
316600075	1000122546
14218876	1000112922
30531905	1000031537
258145892	1000021738
4170491	1000007172
19994279	1000031537
15923118	1000146858
15175368	1000031537
5909212	1000126922
239607230	1000148975
19460714	1000031537
14435073	1000108112
30230308	1000112922
119714092	1000108112
17809581	1000031537
20578527	1000063365
18435438	1000108112
23279771	1000077785
15235288	1000031537
259379883	1000031537
119464925	1000108112
14506253	1000031537
175383671	1000072038
62547301	1000007172
18277655	1000031537
7885972	1000031537
2463721	1000031537
83451356	1000126922
140893518	1000037169
207794337	1000031537
12738892	1000074434
119897041	1000108112
22737560	1000031537
248568377	1000113858
203721052	1000126844
66965843	1000108112
28220035	1000042918
567339463	1000126922
20484394	1000119121
529439047	1000063365
33827435	1000031537
104107967	1000031537
32128783	1000031537
218768367	1000108112
20601836	1000062463
26227385	1000031537
15863915	1000031537
5516192	1000004678
282679871	1000031537
20109973	1000031537
471357106	1000126844
53985048	1000007172
121218827	1000031537
16063337	1000108112
10115402	1000042808
24493890	1000072072
418985576	1000031537
27430245	1000149842
17334672	1000031537
24189159	1000108112
125637896	1000122546
205242337	1000113858
378869947	1000042808
143491086	1000037169
15456235	1000037169
24001954	1000095220
19655069	1000013238
110541296	1000108112
69186606	1000031537
19684235	1000042808
480930665	1000031537
755756	1000031537
805254	1000019015
381680760	1000031537
1401881	1000032397
174497732	1000037169
443818797	1000134469
23311270	1000074434
61588416	1000031537
18324686	1000031537
21859563	1000042918
14336365	1000031537
172443193	1000031537
468517832	1000108112
42906429	1000031537
25697812	1000073713
17372274	1000113414
262238177	1000119121
147346704	1000108112
50656879	1000031537
18487428	1000108112
16582350	1000031537
33511055	1000007172
109450875	1000062463
49110693	1000031537
27940326	1000031537
35929086	1000072072
59166951	1000031537
29813477	1000042808
26369893	1000031537
17498493	1000031537
52070270	1000031537
90703732	1000031537
17780809	1000087445
28648043	1000031537
25119726	1000031537
22662642	1000126922
36719281	1000031537
7834692	1000003662
25155290	1000156754
13607	1000032397
30662150	1000031537
96808738	1000122564
52278768	1000123073
14886344	1000087445
21910137	1000031537
125637896	1000112922
26051676	1000108112
140487021	1000037169
148435933	1000126844
39245500	1000031537
484861674	1000122546
471357106	1000021738
18487054	1000108112
49990840	1000031537
16076965	1000072072
19412541	1000122546
49756585	1000062463
414998937	1000031537
14276320	1000126922
48400470	1000112922
19078387	1000031537
63494320	1000126513
237019614	1000062463
104568653	1000031537
14118444	1000019015
101875332	1000087445
289928386	1000072072
14276320	1000003662
61588416	1000063365
19566101	1000031537
20488308	1000108112
19915329	1000108112
211303345	1000037169
19118802	1000003662
19911588	1000156261
342072272	1000031537
34903365	1000108112
27091468	1000031537
509323	1000032397
12046252	1000113414
168537920	1000108112
15174798	1000031537
24933315	1000031537
14363806	1000149842
5909212	1000003662
178002918	1000122564
27911944	1000031537
129939387	1000031537
236652250	1000037525
34642919	1000031537
19532471	1000003662
13482222	1000031537
165817434	1000108112
48372456	1000136597
29232503	1000055115
26516402	1000031537
255619459	1000122546
16605276	1000031537
9921142	1000119627
326175038	1000031537
73146476	1000037169
239801558	1000024842
33692766	1000031537
282865138	1000037525
40137006	1000113414
414415556	1000122564
125835042	1000031537
20998647	1000108112
14342564	1000108112
236652250	1000122546
531574750	1000063365
15245470	1000031537
83882492	1000074434
148435933	1000072072
34961993	1000031537
15740491	1000112922
65108529	1000031537
15391752	1000146858
12738892	1000031537
35546775	1000031537
24864115	1000031537
50555558	1000087445
97730775	1000031537
14245378	1000031537
46715620	1000031537
9013562	1000156757
321589480	1000006518
19736257	1000072072
17114316	1000031537
325830217	1000031537
16060342	1000031537
15172643	1000113414
23018333	1000031537
83882492	1000037169
18697941	1000031537
15738180	1000108112
125637896	1000108112
501794095	1000031537
17447212	1000009368
140487021	1000082323
18643531	1000062463
546938582	1000031537
19641128	1000016132
35992925	1000062463
215785243	1000136597
29390293	1000031537
125637896	1000156757
143491086	1000108112
218768367	1000119678
6138492	1000072072
41238485	1000073713
125416988	1000108112
23279771	1000074434
21388284	1000108112
399793617	1000062463
140487021	1000108112
14218876	1000108112
79807791	1000087445
6519522	1000108112
236652250	1000074434
15819869	1000062463
41243039	1000031537
279135992	1000031537
222674612	1000013238
17316885	1000108112
266187076	1000031537
19574016	1000126922
16243938	1000031537
15445811	1000031537
16810393	1000003662
36681267	1000031537
19955398	1000072072
18092342	1000133868
29232503	1000135075
231113565	1000156754
27430245	1000108112
123584688	1000073713
7209642	1000113414
34138097	1000072072
18435438	1000007172
117809922	1000108112
364175324	1000037525
336586492	1000126844
10913042	1000062463
40305346	1000149842
158100913	1000031537
22432714	1000031537
97102414	1000148975
104868307	1000136597
985401	1000031537
21681809	1000031537
16284386	1000108112
19574016	1000003662
41259253	1000031537
25351908	1000126844
18399652	1000031537
15456235	1000045582
46278988	1000031537
12701412	1000031537
18486881	1000031537
15439882	1000087445
18021210	1000094484
16298462	1000031537
60094114	1000031537
20409281	1000087445
14245378	1000108112
18435438	1000072072
16406096	1000031537
80676273	1000031537
274091885	1000031537
26534772	1000031537
24021805	1000031537
18799695	1000156754
125416988	1000112922
67385109	1000031537
342872584	1000031537
14179319	1000126922
24493890	1000108112
264531347	1000097580
266110393	1000042808
17909306	1000031537
285073363	1000110366
203721052	1000021738
22859855	1000108112
65493023	1000031537
22324974	1000108112
52488565	1000031537
34594689	1000110366
17470801	1000031537
94203832	1000031537
24783836	1000031537
29232503	1000108112
16129920	1000031537
34406638	1000031537
26436019	1000031537
222477210	1000122564
155303400	1000031537
17028306	1000031537
83924063	1000094484
16739174	1000031537
125416988	1000037169
104148298	1000031537
97517561	1000072072
211264632	1000087445
14909968	1000007172
97469184	1000087445
28395347	1000031537
106737435	1000108112
16092645	1000003662
22822285	1000072072
24001954	1000149842
130536950	1000031537
18080534	1000072072
19780355	1000016293
336586492	1000045582
260523318	1000031537
20642310	1000112922
47090580	1000031537
18773630	1000108112
175767720	1000133868
17050876	1000087445
30230308	1000122546
83882492	1000105618
14515799	1000031537
14973634	1000032397
240803165	1000122564
25155290	1000108112
16190898	1000031537
35383950	1000031537
16076965	1000156754
22511482	1000108112
55009164	1000031537
16892445	1000108112
14890490	1000031537
40288561	1000009368
148868647	1000108112
64780470	1000031537
4265731	1000032397
19401296	1000003662
16379018	1000108112
41099665	1000031537
262909218	1000108112
9655472	1000031537
117525163	1000007172
21273459	1000031537
23279771	1000122546
231113565	1000074434
8108052	1000113414
251221957	1000126844
15639019	1000146858
18745350	1000031537
225159445	1000003662
47122287	1000072072
136380084	1000031537
26051676	1000031537
107128390	1000031537
29232503	1000037169
20958688	1000013238
42104649	1000031537
16892445	1000007172
27253366	1000007172
96141450	1000128303
14858704	1000031537
317256778	1000074434
22956502	1000133868
54300251	1000031537
25550323	1000031537
69818419	1000112922
2154171	1000019015
83882492	1000073713
54320332	1000149842
148435933	1000055115
15566901	1000031537
454313925	1000108112
128291307	1000133868
23279771	1000097580
258145892	1000037525
148435933	1000122546
19542638	1000031537
56359115	1000031537
36471939	1000072072
18488014	1000126844
236652250	1000072072
7764332	1000031537
15680097	1000112922
119499746	1000003662
11379362	1000031537
79238164	1000031537
114947295	1000031537
171329398	1000019015
103719755	1000095220
24886025	1000031537
203721052	1000108112
