20306597	1000066060
20946695	1000125279
479204126	1000157437
546510316	1000096334
369318938	1000137497
37138014	1000155144
19695687	1000027747
19119192	1000088424
67891810	1000107382
89676970	1000021930
153590386	1000065164
28926524	1000077089
30431409	1000055717
30097096	1000155877
5504482	1000109669
84353161	1000021358
20728561	1000015115
18023140	1000069171
256126425	1000017800
127612082	1000103293
109684818	1000070624
19120191	1000064676
17084155	1000133834
97722678	1000027449
17822419	1000088638
17471459	1000061961
16258457	1000137356
13056942	1000098758
35338217	1000103273
13294252	1000118930
36146253	1000002743
48737302	1000125977
34068984	1000040085
225886905	1000102522
28120317	1000069171
25376226	1000088424
75362374	1000030825
62829409	1000108774
305073376	1000088424
22680401	1000108585
256126425	1000035312
272496022	1000128463
21440254	1000003865
14844734	1000073095
15292446	1000086091
12609292	1000024166
80349019	1000091409
50555558	1000088638
37870827	1000028277
190701264	1000011214
35029445	1000015115
21044572	1000086091
24550057	1000097677
31202965	1000139016
696333	1000036418
51346710	1000103293
69027629	1000138134
133272665	1000023381
312269507	1000102766
220220703	1000133654
34775386	1000088932
14555893	1000037116
24498507	1000067315
3075021	1000098045
26812712	1000155877
22026934	1000102707
38955381	1000001781
134611939	1000046483
422950468	1000064588
14262199	1000102707
116141566	1000026772
19238557	1000106038
382641626	1000066708
32493647	1000149206
238308325	1000125349
274547164	1000047679
97531291	1000095504
60795370	1000040186
25228076	1000067315
223567648	1000133654
295788283	1000149082
384685422	1000149082
20364996	1000023381
43544882	1000068056
19569404	1000137356
60402167	1000093667
113058991	1000042264
39394680	1000133834
317853468	1000065164
61788140	1000069750
88182700	1000107266
168759944	1000067315
454405346	1000155877
23404076	1000049822
525778767	1000130723
101783153	1000072121
102642582	1000149082
27163774	1000111264
57553172	1000064676
16434310	1000041332
24661623	1000137603
42589903	1000088424
58697439	1000041112
20572883	1000102707
224285242	1000123520
27930140	1000061961
88363734	1000155877
15887110	1000147500
363665353	1000035979
121472925	1000088638
102519083	1000046483
15635812	1000149566
152403469	1000049822
485173961	1000088638
32552327	1000088638
30957246	1000118930
26315189	1000149566
276660376	1000072783
320593823	1000068877
377723508	1000050079
58829577	1000075204
9451052	1000088424
125400453	1000111264
280028950	1000067315
37981207	1000088932
40329238	1000125349
303600495	1000082820
183079085	1000042264
211785200	1000059970
18880970	1000000436
153968279	1000011214
260448021	1000011214
143125196	1000069086
19774817	1000105819
3217101	1000149206
7369882	1000139016
80400072	1000129635
373075571	1000125349
402994210	1000089187
25014145	1000088932
181711579	1000047714
821	1000072445
123639325	1000109066
61550723	1000125977
256583483	1000044001
62359006	1000006756
17815082	1000120018
22835308	1000096698
3230521	1000080805
18212352	1000058290
15955769	1000088932
443878173	1000048658
220173341	1000119118
10206162	1000108585
33464639	1000027955
23392028	1000088932
10068722	1000070515
17693063	1000155444
27837808	1000133052
7483632	1000072445
28125177	1000130723
6210762	1000037116
58287837	1000054587
86422542	1000061961
14165865	1000024166
35569745	1000017536
15782898	1000048105
14077911	1000032531
176302452	1000142490
190197065	1000140983
184765577	1000088638
8951502	1000069164
201711826	1000055854
14631433	1000032531
400475210	1000019341
18494981	1000125977
67974705	1000038558
14251443	1000111242
4664501	1000121497
110569987	1000088638
451250774	1000121152
588743	1000117714
16276471	1000088638
7082092	1000088144
364415811	1000027747
24331056	1000062240
37878528	1000073095
21062429	1000058088
37666026	1000088638
69860260	1000050079
314585181	1000086091
19478693	1000030909
19363528	1000124572
15997144	1000095504
170885608	1000049822
287906361	1000002611
69878323	1000088638
244692796	1000004550
23056311	1000097677
538592913	1000133052
47658184	1000102299
14305673	1000095103
181263883	1000103293
195855944	1000156970
19103793	1000024166
39281617	1000124728
61853389	1000069171
16642707	1000048035
8882	1000066716
3325171	1000065860
132672405	1000043313
116678226	1000149566
14804766	1000027655
19751083	1000057817
17349579	1000088638
63320588	1000088144
18467617	1000084741
15862493	1000093667
306023079	1000068056
256162982	1000011214
161061192	1000049822
394229278	1000011214
18047870	1000024083
10350412	1000080805
17619106	1000043313
18940840	1000041332
14334319	1000042081
255562173	1000088638
358775055	1000082820
322550039	1000157437
253850570	1000058088
438404622	1000130723
55655811	1000088144
250900294	1000098257
3365291	1000088144
453295090	1000150108
31120690	1000023381
15727419	1000140463
12343392	1000058088
86120331	1000101027
155688134	1000088932
14166219	1000133052
12835572	1000043313
26155411	1000043313
110431037	1000140463
15846682	1000061228
17815082	1000147940
297683673	1000125349
295206537	1000082820
17866414	1000034613
275790517	1000064324
18920834	1000118930
15220768	1000038120
262737309	1000049822
40981798	1000088932
52918943	1000049822
15375238	1000133654
14950586	1000140463
27501250	1000126895
177336885	1000118930
5410072	1000037116
17384099	1000070592
56449463	1000047093
336163417	1000072467
122555803	1000049822
208137778	1000011214
21992459	1000043313
7262832	1000030054
14442153	1000026772
245424983	1000132696
10697232	1000087835
227456879	1000069171
16739174	1000088638
15832861	1000113276
224385091	1000002617
412245293	1000011214
72356340	1000061961
74976267	1000088638
57375653	1000136114
15995577	1000066395
25381076	1000088638
281159810	1000125349
290223760	1000045927
373482357	1000131790
293202469	1000064324
240004539	1000011214
14278468	1000072445
19232121	1000133052
146984012	1000088424
18210222	1000122191
34578401	1000088638
61525167	1000155144
106946954	1000049822
15716046	1000027747
55917149	1000075006
37977732	1000149566
105250713	1000155877
332223001	1000008446
323981348	1000046483
346853701	1000048658
291	1000143321
64939829	1000133834
19745224	1000086388
7471152	1000149206
15149594	1000030054
14704192	1000140463
13311722	1000058952
237870401	1000049822
33579952	1000066060
24542441	1000088424
764123	1000110641
414236565	1000055854
85723644	1000020671
279251969	1000046483
16619988	1000134414
65269312	1000086388
17689692	1000034613
131615009	1000088932
798200	1000077421
3382	1000030054
14755105	1000140463
82932549	1000140463
59951125	1000136114
8220792	1000070515
467911442	1000011214
230214767	1000011214
7966682	1000088424
228698447	1000049822
11837232	1000035609
20329977	1000146032
245053518	1000131790
19181276	1000056627
123060433	1000075006
23392028	1000067315
20747847	1000064588
29500473	1000057575
12409312	1000047756
13180092	1000090925
21021166	1000123982
30309979	1000155877
9463382	1000121497
271602109	1000095504
81143575	1000118536
15940971	1000077421
21576334	1000149206
96505643	1000011182
121607917	1000043313
313519972	1000088424
53317887	1000080906
55803511	1000088932
34917790	1000069171
22640541	1000014913
80349019	1000145664
327910953	1000130723
799212	1000121497
14486811	1000105585
108883543	1000140983
4833	1000121497
25179560	1000108585
136396803	1000039997
3013511	1000061961
221639929	1000002118
35269664	1000049822
103015376	1000000436
305432574	1000133052
333575550	1000142751
47779423	1000061961
18475366	1000041332
192969516	1000146032
24514018	1000149566
19580003	1000008643
60962349	1000030054
28931188	1000011214
399527237	1000010044
14984003	1000088932
66020299	1000097677
12473952	1000093667
22273667	1000017201
15471060	1000102299
22520260	1000037116
104301012	1000004111
94168710	1000062240
38678127	1000153562
144278115	1000001097
60991516	1000134414
278746956	1000041332
65779486	1000004266
267090165	1000071102
139777412	1000133654
185335242	1000048035
35763275	1000103273
22038998	1000098758
153133767	1000041332
15259715	1000108774
75561738	1000088638
138854933	1000103293
27123985	1000031955
1434051	1000000436
21237766	1000088424
131599699	1000129402
17850456	1000124572
257285351	1000113276
14957147	1000050079
67231834	1000156787
14989833	1000155877
7465732	1000088144
63721252	1000149566
138222497	1000088424
18593319	1000093667
27906506	1000097677
354522101	1000046040
15647676	1000098758
272881486	1000082820
59369137	1000115268
31443631	1000002900
33080973	1000055641
24544821	1000046483
45310003	1000015843
28317115	1000143109
25988475	1000015091
66922881	1000101027
101574329	1000065164
364598207	1000146834
14672552	1000149082
852251	1000095103
161467027	1000140463
16273	1000140463
24239110	1000086091
158862966	1000097141
291145362	1000066060
93969417	1000119815
22466112	1000047756
14870627	1000000644
43775164	1000088932
84147262	1000069171
130604350	1000101027
102087933	1000097691
7860352	1000035609
17495434	1000043545
198732306	1000041112
16185731	1000028487
22811118	1000069171
16259415	1000118930
38678127	1000108585
221841481	1000127004
216871973	1000043313
124443269	1000131151
43076364	1000064324
328726293	1000156170
199044346	1000011517
234963367	1000155144
403632801	1000090977
216625028	1000017213
150825553	1000133715
82423836	1000124474
413223602	1000035312
459660595	1000122191
20106852	1000113276
261175763	1000118900
133756497	1000075006
60119583	1000055717
39524364	1000069171
14660297	1000000436
357984457	1000010044
16935292	1000050079
67665528	1000157437
274641222	1000006954
168350054	1000020599
94367969	1000088424
15683572	1000056917
21731779	1000144260
32418480	1000119815
61665504	1000088932
30548779	1000155877
58416003	1000049822
14397251	1000143736
19774817	1000124474
39607844	1000086091
424026661	1000046483
42253232	1000011214
75783213	1000106038
270643477	1000086388
54135604	1000049822
179279897	1000011214
12809062	1000136114
46195607	1000069171
269485905	1000046483
64605345	1000088638
10082492	1000143206
159163654	1000067315
23215572	1000125349
145845459	1000082820
102145825	1000057817
9534622	1000108585
20527135	1000047093
22883550	1000133052
387695947	1000002611
19830262	1000087835
8332992	1000088932
242771870	1000082820
111620335	1000066060
256801056	1000142751
80394322	1000149566
335493841	1000088932
33830368	1000102299
194142912	1000074019
181589093	1000154878
5722742	1000064407
27958687	1000027955
259315132	1000094721
398453569	1000002611
15317640	1000093667
8000842	1000093667
20717420	1000154170
236447296	1000049822
11591662	1000088932
20266076	1000088424
28283490	1000088638
19029871	1000049737
221010883	1000075006
299342862	1000149206
78525538	1000020692
65913144	1000064324
149300045	1000011214
30108965	1000006954
82030021	1000040085
419753021	1000143426
223545537	1000011214
16593859	1000149206
18023140	1000090977
22640541	1000093723
222148340	1000049822
1584511	1000066716
154227085	1000109066
386420143	1000046444
42964481	1000037740
43544315	1000056627
43196837	1000097586
23738785	1000049822
165797976	1000086152
15680204	1000155057
60991516	1000038120
14091113	1000125279
16105122	1000097973
293656692	1000088932
89377785	1000133052
8526432	1000093667
19434247	1000086091
80600800	1000049005
77126235	1000046018
33458113	1000140983
2156951	1000080805
54279612	1000155877
19886160	1000038120
23122371	1000019985
302762512	1000088638
226987914	1000086091
54918110	1000113276
71331671	1000125279
14145493	1000061961
33686884	1000084001
180853211	1000107382
97785626	1000097311
54845467	1000090925
6086752	1000124474
290906791	1000131790
111136252	1000027747
25541185	1000088638
16791717	1000097141
20495756	1000104313
11232732	1000086091
73036360	1000084691
15026162	1000047756
40644822	1000061961
44874760	1000003201
63253045	1000137497
226119951	1000090977
118877162	1000049822
5516192	1000133832
269398077	1000093100
119509520	1000155877
106144762	1000023381
7966682	1000155877
19019478	1000088424
414448377	1000133052
245394117	1000125349
45371275	1000032531
19673424	1000072874
433896952	1000088638
14836915	1000033211
16312576	1000042081
6281792	1000054747
17493051	1000088932
22439422	1000049822
82691638	1000125349
386434513	1000121152
245194221	1000128664
135039839	1000094235
46184114	1000123982
92306628	1000073095
275364904	1000150108
28914186	1000017800
65403323	1000097677
234562192	1000050079
15235672	1000069171
16465474	1000082601
250130924	1000108936
318967677	1000140492
497757255	1000027195
6810832	1000121497
430505924	1000105379
56387781	1000138134
94667801	1000073540
16883084	1000070695
7713202	1000065479
158636490	1000043313
198317541	1000113276
1338891	1000035979
349566230	1000133052
137277964	1000109778
277356805	1000032531
220434357	1000088638
39157827	1000087485
5541152	1000000436
19207045	1000069171
30989098	1000041332
52376868	1000042264
430486680	1000118900
57948772	1000109778
28375496	1000115540
87791392	1000123982
618593	1000113276
39796783	1000149206
410238229	1000048658
55651914	1000041332
35099519	1000125550
23152989	1000149864
16076272	1000050079
14038862	1000043545
267611336	1000066708
17850456	1000155877
11097752	1000118930
46970693	1000104716
6258042	1000041332
172887151	1000049822
142356013	1000105819
44908881	1000064676
14270527	1000088424
20161019	1000003943
246084423	1000049822
280919733	1000043313
195486430	1000113276
25083946	1000141210
116941776	1000011573
311053794	1000046483
113822046	1000027195
238795636	1000088424
27938549	1000032531
2695901	1000070952
12221852	1000049822
72697632	1000010672
321644371	1000066708
21038325	1000025930
528507656	1000024206
25011493	1000049822
32323398	1000067315
151112363	1000049822
13653812	1000149566
16201871	1000149566
14337677	1000118930
21683408	1000088424
17857716	1000088424
66156201	1000049822
31576681	1000148874
38132559	1000137603
169073656	1000113276
144885911	1000011214
28165790	1000015274
22465479	1000097677
23775896	1000111242
275190771	1000010130
26103051	1000098758
262952447	1000011214
144562609	1000103293
47393360	1000037116
253166428	1000069171
21637624	1000088424
19086603	1000043313
16296572	1000098758
267600342	1000130837
87525002	1000149566
177030011	1000155039
247461127	1000088424
291245327	1000137983
89791957	1000130723
16636947	1000155144
247031120	1000125349
37925973	1000011517
64676119	1000032531
340306206	1000065164
23279771	1000019160
8259712	1000069164
30910450	1000088932
16892481	1000134414
267133196	1000099769
7716792	1000133832
10162792	1000088932
33030256	1000032531
82853372	1000041332
392276430	1000068090
14512689	1000105819
200969056	1000069171
37281592	1000134414
29479373	1000119815
15299773	1000088932
18233897	1000006756
519965329	1000025743
41436687	1000102766
155998369	1000073540
174819367	1000113276
344758256	1000143109
469590968	1000097677
394561713	1000046444
27520806	1000136114
298757008	1000125349
184659882	1000047679
21272932	1000136114
130917777	1000125349
232430517	1000118930
291295571	1000082820
80882470	1000136114
58489029	1000043545
71383220	1000088424
142495880	1000103293
515877755	1000136114
17688601	1000088199
65769035	1000011214
393023774	1000046483
23942354	1000088424
29890699	1000035288
74615419	1000006954
385208831	1000114246
16020723	1000071911
131031879	1000017213
20177423	1000111264
13685122	1000037116
38135106	1000050327
29034979	1000125349
517682360	1000005415
7420772	1000088638
15361570	1000123520
43601041	1000133052
221573745	1000049822
117148684	1000151929
24125323	1000125349
78170871	1000038120
312937997	1000088424
19939261	1000127174
277245740	1000042264
257549385	1000050079
408156796	1000102766
15481789	1000088638
272085393	1000086091
174940279	1000040511
78902002	1000128664
104598979	1000041332
75282074	1000070568
18020120	1000145935
14446707	1000149082
118478047	1000088048
18815604	1000146455
77806232	1000125349
21327969	1000088638
409584473	1000033650
25179560	1000055641
46678012	1000124722
8336592	1000028218
260433129	1000057575
291295571	1000121152
17016709	1000124474
18035606	1000035979
129621176	1000050774
431983156	1000125349
59010637	1000132696
240429795	1000150108
328506640	1000046483
14253068	1000000436
30156154	1000049822
284530356	1000035312
21447349	1000017800
50835878	1000014126
26366952	1000088932
168759944	1000113276
134940306	1000019341
20597460	1000086091
20623926	1000006330
89931378	1000103249
39164865	1000103293
7650782	1000017201
12561452	1000066513
15402475	1000070952
376629559	1000133052
58829577	1000014913
92336981	1000042264
169219162	1000034568
17758229	1000071663
31994367	1000075006
11178672	1000138134
241635675	1000123982
40078827	1000000436
47824605	1000082684
113960294	1000136114
187818539	1000096334
274852501	1000025163
4838281	1000032531
20076000	1000151929
27998627	1000043313
103909707	1000014913
259963031	1000088424
21734241	1000024166
19623170	1000030272
21361256	1000088638
29016037	1000149082
44144385	1000088638
30782495	1000155877
18710889	1000088424
48623391	1000049822
318760490	1000035979
198392036	1000033521
18569484	1000139016
139664877	1000155877
143928271	1000043545
193918034	1000117908
3371581	1000147500
492681262	1000088932
63653875	1000014126
106323452	1000118930
25007375	1000111264
23112236	1000038120
6120952	1000037116
108393207	1000006954
494696880	1000135952
141313671	1000069171
252497652	1000015115
395395198	1000133052
192289693	1000098758
12133382	1000134414
17964866	1000073540
155968712	1000065164
163379277	1000124728
14909968	1000136114
80142557	1000043545
39636684	1000027747
17093148	1000013108
19915325	1000117714
12740542	1000093092
87044829	1000125349
182141321	1000130723
333290542	1000080906
50055701	1000135577
97722678	1000072490
74051281	1000024166
3272731	1000012801
84444817	1000103293
91008721	1000104313
15811779	1000046222
169156073	1000155877
1249751	1000149206
45573874	1000132696
15666138	1000049822
41605269	1000100407
14339287	1000004111
529675691	1000136114
40031821	1000090977
20157590	1000023381
253167456	1000046483
31143489	1000088638
298768740	1000128463
48177328	1000027747
191790175	1000118930
852041	1000036418
109445327	1000046483
214328887	1000082820
25123683	1000043313
81891054	1000117551
115360721	1000011517
280162221	1000125990
211428838	1000057411
59659495	1000080920
156760198	1000032531
76348185	1000090977
34929840	1000088638
24997470	1000146834
87254215	1000136114
312081237	1000011214
35616825	1000061961
7975582	1000072445
25087909	1000149206
51573	1000017201
15619503	1000003943
6376212	1000091116
84365556	1000140463
17864230	1000043313
26153865	1000088932
7858982	1000087835
44873222	1000088424
49164309	1000139016
34194891	1000086388
304961543	1000131790
14165300	1000032531
15642401	1000012172
18903729	1000088638
148445222	1000011573
21449197	1000088932
19344610	1000044001
174668520	1000122846
14467421	1000155364
217550112	1000046483
785555	1000043313
25181366	1000055717
16792916	1000152667
92586370	1000132987
1118781	1000133832
43426222	1000136114
148204565	1000064324
26568085	1000049822
486776304	1000021930
303003865	1000131790
139550054	1000145085
19908848	1000029583
62359006	1000043313
7446452	1000124474
115637846	1000041332
450287234	1000125349
261299380	1000011214
38920015	1000102707
90956395	1000150108
397688944	1000046483
79205511	1000155877
28823239	1000154632
121796208	1000069171
15411162	1000008643
264045662	1000061228
53194854	1000098758
52216611	1000088424
60353676	1000140463
278866937	1000133654
40190660	1000041332
387210978	1000067315
92336981	1000121152
6033232	1000134856
44820773	1000055854
18151650	1000080967
177355165	1000049822
65137552	1000088638
44820773	1000088932
557073881	1000072783
213626039	1000098399
16898856	1000013323
14180231	1000017536
33575373	1000088638
14977290	1000088932
51996187	1000133834
164218471	1000102299
46265109	1000105514
346600687	1000037740
51130734	1000088638
68022739	1000073524
129490768	1000023373
154007505	1000128664
265905719	1000036838
19010065	1000140463
376836211	1000069171
386697756	1000032531
226009011	1000049822
221921187	1000117039
375407274	1000102766
17693063	1000097973
22114631	1000155877
9887162	1000027461
32549094	1000015667
28471924	1000069171
92437145	1000069171
320784065	1000073524
157092782	1000092614
12118882	1000072467
98591908	1000088424
6889982	1000139475
4050671	1000069164
17389650	1000070515
23391738	1000155877
332776340	1000088424
54476281	1000136114
24879395	1000097691
25360971	1000088638
266133595	1000131790
380614137	1000102707
168865827	1000118930
19683967	1000152967
15310917	1000047756
164255174	1000103249
14600465	1000005525
24621955	1000155877
259052939	1000157437
81162072	1000133715
14351836	1000093667
13078	1000072874
24180370	1000034613
175113947	1000127703
88501703	1000105819
49410117	1000038120
39860984	1000049822
90970051	1000046483
8162312	1000009686
382689369	1000138134
50710294	1000097677
250716285	1000011214
24190981	1000069086
75974281	1000155877
25486715	1000086907
130458988	1000023381
50002463	1000049822
292648286	1000049822
242479442	1000088144
3779381	1000041332
1132461	1000140463
204080569	1000135952
777908	1000087835
21283935	1000002118
22733444	1000155877
15053372	1000136114
18720686	1000006756
195486430	1000067315
233674333	1000133834
14202246	1000025932
100301510	1000097973
76733474	1000145935
97271294	1000088638
10206162	1000127174
9916402	1000056627
16264006	1000061961
21246945	1000140463
14668120	1000155144
392929459	1000046483
33458339	1000061961
69049114	1000049822
124296976	1000133052
19073491	1000098758
19546657	1000070515
303895934	1000049822
4923341	1000140463
5145231	1000002128
18758218	1000106416
18174607	1000092883
40297195	1000075622
21801911	1000088424
6521222	1000088932
395703391	1000014226
49661271	1000017800
18677581	1000066709
221712794	1000033256
182429469	1000023381
15468834	1000155144
17441342	1000013323
111703164	1000143426
19494097	1000050279
39759443	1000140463
14239638	1000002900
19503627	1000064324
14335262	1000080967
97319539	1000145085
204691142	1000136114
1269251	1000133832
85454701	1000030825
203261300	1000064588
20591334	1000068889
491431687	1000125349
53474481	1000118930
81263393	1000128463
7636442	1000088932
207242224	1000101027
533426485	1000049822
15426099	1000036751
17652928	1000043782
288413922	1000125977
19828050	1000146032
337382388	1000049822
21155580	1000036751
13577212	1000037116
125523197	1000010384
21664207	1000117714
103080181	1000069171
15244831	1000038120
2691	1000046018
15518450	1000073524
78411917	1000001781
169982466	1000067315
204967633	1000133052
204104463	1000095504
310087940	1000133052
107830991	1000121152
37292105	1000075006
137747359	1000049822
33830333	1000105585
399157601	1000149082
18291786	1000088424
17878322	1000082601
823129	1000121497
15040299	1000037566
44697004	1000069171
222301042	1000076912
512896378	1000036833
182022503	1000113276
814256	1000088638
36074927	1000088638
283276737	1000027449
15115942	1000032531
7670202	1000140463
100581193	1000024206
15268771	1000028277
21076998	1000097141
279671781	1000050327
49533	1000076784
107589725	1000086091
16625144	1000072467
465243138	1000067315
127026358	1000051930
42427518	1000088424
18148724	1000119815
18622869	1000134414
104871512	1000135952
40895538	1000040085
14654965	1000088638
76570765	1000147979
91942557	1000097973
141598384	1000111264
211743260	1000145085
14443028	1000140463
287999850	1000121152
12245632	1000050079
397464131	1000137983
790205	1000096334
61693492	1000036838
164109529	1000044212
432784492	1000130723
327419621	1000155877
120222891	1000146032
299510049	1000136114
80130901	1000121152
7608352	1000070515
497314760	1000136114
385621090	1000125349
19726058	1000088932
22122372	1000049737
29047058	1000043313
3293391	1000000436
33402909	1000069334
36620039	1000088424
9447322	1000075622
287977299	1000155877
125689063	1000088932
322550039	1000019341
104482152	1000097677
94860638	1000104313
72648124	1000120536
31038110	1000088932
322903190	1000037116
48939443	1000125349
229564113	1000075766
324986860	1000072490
250441643	1000125349
458614522	1000102766
19038778	1000102707
296111313	1000006974
3339521	1000140463
75914648	1000064588
66182591	1000097691
763446	1000088932
7081402	1000113276
152564203	1000015115
119165547	1000088424
308324295	1000099271
15735952	1000096334
15151711	1000030054
765694	1000000436
30871552	1000041332
53717630	1000156170
152011250	1000011214
15128159	1000047756
378703574	1000125977
177761707	1000027747
991221	1000133832
113134752	1000152735
14337876	1000111388
267314405	1000136114
11320942	1000136778
30043463	1000001436
135552009	1000001956
15498185	1000027655
208280030	1000066513
87004822	1000133715
42967256	1000088424
312462914	1000082820
26099580	1000155877
172814396	1000150468
270968678	1000072490
146590216	1000073540
342887079	1000094558
40308864	1000038120
14163701	1000140463
17027960	1000088144
451044230	1000032531
68780864	1000092883
23501044	1000100548
23439801	1000092883
3301091	1000147500
93908584	1000049822
56438689	1000082601
761975	1000017201
22189918	1000038120
103159011	1000005415
111330891	1000072783
162157731	1000011214
416534303	1000024083
15256739	1000063210
1045141	1000133832
43075778	1000128463
54288013	1000113213
11250	1000035609
12251322	1000096334
23270710	1000061961
191467300	1000143359
96070676	1000050327
123738178	1000123463
16625144	1000062240
1586811	1000046861
161899539	1000149082
26315586	1000147940
104070525	1000136114
214493403	1000156970
325075680	1000011214
188039706	1000088638
410136449	1000054587
37849445	1000056917
18327788	1000024166
97465432	1000090977
33522957	1000035312
29504268	1000057575
11883602	1000063669
43025224	1000143487
119533484	1000150978
21028733	1000026721
14555887	1000044324
1507651	1000025932
7508212	1000098045
62905050	1000074019
14876672	1000149864
9532402	1000134414
266732369	1000011214
83558926	1000002743
106868518	1000088932
82562172	1000012172
24847059	1000130837
412728637	1000130723
247941569	1000156970
270949258	1000088638
296579625	1000002611
7196202	1000106836
281079128	1000118930
57315608	1000024166
495310756	1000049822
32421348	1000100407
26785608	1000086091
76398691	1000123982
15111683	1000155877
24785679	1000155877
429680415	1000018171
57895546	1000027955
19780355	1000069171
142450248	1000026466
101783271	1000033256
191790175	1000032531
106637102	1000137497
85243004	1000037528
22377107	1000086091
172442947	1000017201
76855088	1000127787
16295907	1000056627
153150671	1000086152
17765013	1000052702
26884913	1000072445
186914308	1000088638
253311453	1000156787
257789529	1000069164
43137449	1000069086
102737967	1000050079
102324450	1000092883
184215164	1000150108
46322933	1000001097
117778179	1000155877
201733435	1000151563
41060222	1000088638
27940326	1000133814
15471060	1000084529
14272991	1000104313
16910406	1000082601
17540485	1000091205
13527672	1000036710
430182387	1000002611
100063647	1000124474
257668899	1000005620
28054681	1000155877
259286437	1000062372
31502974	1000114246
23440052	1000140492
171401725	1000088424
342806740	1000041112
21731168	1000093723
64498671	1000111264
34046481	1000054587
256266672	1000010672
15029953	1000140463
36483794	1000118900
16132087	1000108774
64293519	1000125550
14957252	1000069164
18009781	1000136114
9411482	1000133814
35471392	1000049822
15186175	1000112573
15442781	1000097862
246360277	1000023373
13109502	1000140463
92079887	1000004266
30684471	1000088932
104771747	1000049005
7329652	1000155144
111136741	1000104619
254064752	1000127703
13027572	1000030054
211055738	1000050774
29318839	1000001097
18108742	1000091116
4641021	1000000644
376490638	1000140463
20464839	1000088932
171681366	1000113276
559072078	1000031532
97011333	1000097677
120790661	1000075006
47860056	1000099255
212808638	1000050079
299373263	1000098758
155968229	1000155039
368177717	1000046483
80317145	1000087019
7169892	1000118930
13610342	1000149082
215458899	1000043313
15735952	1000148466
13400992	1000000436
9532402	1000038120
26747930	1000049822
279848956	1000149082
7537992	1000116474
37692162	1000069171
36209655	1000153136
15934926	1000113213
9659992	1000077421
216760738	1000105819
184637613	1000076309
257509205	1000049822
130684893	1000094558
23838767	1000014548
6066602	1000032531
60246437	1000113276
19087011	1000088932
22200888	1000146886
40921171	1000030054
346409057	1000018171
74233	1000054747
174819367	1000067315
26518795	1000140463
256155587	1000049822
22536240	1000035114
14185814	1000046018
21154526	1000130837
253311453	1000128463
60204675	1000088932
45684049	1000073141
42841010	1000031532
14133447	1000149566
6471312	1000049036
18282577	1000133715
18673	1000089665
190399951	1000088638
29758446	1000088424
204447380	1000024083
22486728	1000124572
172752127	1000038558
41015424	1000086152
11458102	1000109669
146971893	1000011214
20738570	1000117714
82424936	1000088424
265781635	1000049822
67030961	1000086091
96628001	1000082601
77061950	1000049005
18285245	1000124474
20787272	1000088638
19732725	1000105819
193956929	1000102299
16395449	1000097973
3149631	1000005525
217422891	1000133834
39680464	1000143359
162442852	1000088932
16566306	1000006954
248879216	1000088638
22162854	1000050079
480466408	1000094558
49687435	1000003865
149538028	1000082820
34476699	1000010555
308220010	1000076309
15433228	1000070159
10202412	1000044001
8845372	1000049822
39974930	1000049822
185410444	1000042392
459861139	1000072783
96483973	1000135952
14228247	1000049822
211590874	1000041112
142690048	1000111264
108675409	1000025511
221185711	1000055854
187750684	1000045927
15335662	1000050079
24951388	1000028218
111961058	1000104313
22205493	1000097141
13134712	1000104313
154007505	1000123982
15731225	1000126288
321644371	1000047714
18093468	1000096698
176854913	1000009686
415025321	1000042264
357788048	1000072783
43148188	1000034499
22405166	1000072121
8066692	1000117551
481288716	1000121152
560482964	1000125349
2779821	1000140463
16888233	1000155877
1702611	1000095208
12520552	1000017201
50121891	1000149082
21164590	1000136114
228822613	1000155877
399793617	1000090977
266182056	1000155057
10742132	1000069171
221097670	1000011214
81460111	1000049822
32206777	1000123982
274151347	1000086091
49623615	1000024166
23506864	1000037528
15052446	1000048105
21134629	1000006954
17661605	1000087574
265062844	1000021358
20174326	1000069171
78184379	1000147979
471581708	1000046483
151138798	1000049822
317313520	1000133814
224803883	1000066513
125502743	1000084001
166366871	1000098758
15358350	1000146455
13693032	1000139016
383267303	1000015032
21941391	1000043313
437046863	1000087019
86347253	1000071663
26800967	1000125349
16358091	1000136114
32138488	1000113213
23946671	1000058290
5465672	1000126288
204140367	1000157437
69755134	1000082791
21808052	1000041332
215819586	1000069171
192976383	1000050327
94667801	1000101027
20861943	1000025932
105932849	1000047756
16145684	1000133834
56357458	1000052606
223526057	1000021930
19767193	1000149206
11980942	1000155057
9832392	1000140463
11856762	1000081713
24050278	1000134414
43544315	1000024166
16854206	1000069171
14147163	1000140463
441129326	1000088638
7940312	1000098045
41814686	1000056627
7916502	1000011670
54246944	1000069171
109299385	1000060326
17070013	1000120018
22509603	1000032531
48398960	1000049822
21224647	1000086091
245194221	1000123982
122424390	1000118930
14563857	1000088932
14971414	1000140463
17703765	1000054747
199172278	1000064695
47306483	1000033211
92751415	1000138153
40317006	1000021233
24017268	1000086091
128330619	1000024206
60193622	1000011214
54514600	1000064588
59876406	1000046483
270449528	1000047439
250903260	1000061961
116503700	1000088048
20469167	1000121497
38232487	1000064588
169692848	1000008643
342327238	1000020692
210294296	1000086091
225523146	1000118933
11622182	1000020671
142728897	1000041332
346409057	1000102593
277416020	1000121152
29324093	1000054747
59514972	1000002743
44874760	1000130723
141664648	1000049822
177932251	1000149566
21856863	1000049005
489264841	1000011214
21327969	1000098758
18892183	1000088144
16279527	1000025932
54624571	1000101223
261730700	1000043313
24529777	1000049822
18825668	1000136114
280055561	1000154170
14245378	1000088638
50648342	1000022247
211329226	1000006954
59514972	1000022247
237845487	1000079263
39584643	1000155329
22471294	1000061961
36441588	1000006330
425609450	1000130723
18949311	1000035114
124242102	1000011517
286323733	1000001097
320766727	1000088424
39948092	1000129635
550403208	1000049822
166732373	1000043545
18917554	1000010672
118360338	1000097141
5790132	1000070515
184594566	1000043313
16125867	1000088638
274055708	1000066484
146967448	1000019341
29551594	1000133715
138733132	1000043313
56767953	1000050079
27940646	1000123463
93816184	1000145047
109646364	1000020599
56155769	1000064588
34312352	1000155877
44930735	1000069171
19689707	1000010672
162045075	1000046483
163584436	1000049822
56814021	1000111264
42501345	1000024166
1000591	1000111242
124941509	1000042264
252770012	1000019341
166353732	1000155877
126119256	1000150978
17389650	1000054747
17610785	1000088638
26882352	1000043313
338017544	1000142490
313245134	1000024083
91830343	1000010555
80130901	1000042264
160817572	1000002611
243181897	1000069171
208353282	1000011214
18845200	1000139077
77845270	1000026721
25609804	1000143359
23256633	1000088638
272881486	1000001956
14094091	1000049036
381906238	1000046483
15139989	1000086091
19840198	1000017587
183472811	1000140983
81263393	1000143487
301863759	1000046483
468447294	1000041332
11161852	1000086091
18719196	1000108774
70965664	1000015115
48187029	1000152967
125378177	1000042264
135385447	1000055717
17803303	1000022916
533561304	1000024206
82719178	1000006954
14127551	1000088638
257203110	1000110055
41911743	1000155144
16651072	1000088424
21201351	1000021930
25316615	1000088638
44663999	1000022247
17461978	1000049822
79253197	1000157437
6143942	1000088932
16166046	1000155444
198186129	1000027747
5413042	1000136114
20499770	1000049822
146406287	1000021930
20065440	1000145935
205242337	1000061961
32177485	1000086091
299867828	1000069171
132489386	1000110641
328586266	1000011214
308763735	1000046222
44908881	1000137603
8904302	1000041332
45663323	1000069171
46002379	1000118930
339943969	1000125349
17813433	1000133715
264515814	1000015091
15172810	1000069171
41590595	1000069171
63192345	1000088638
109299385	1000027747
7483632	1000139475
57026351	1000125279
181723409	1000118777
1717291	1000095095
29785987	1000136114
35293	1000093092
58245520	1000125349
17690747	1000050079
533379103	1000049822
27802801	1000133052
18982840	1000069171
38824382	1000070592
72023	1000141210
199726254	1000043313
129443148	1000049822
78569026	1000050079
51643837	1000088638
14424667	1000088424
407640337	1000076309
26176694	1000019783
9534622	1000153562
6550132	1000133832
304566321	1000066484
8094152	1000056917
7738402	1000121497
22893572	1000008643
21871343	1000044324
5537492	1000148466
32998381	1000013108
128330619	1000038558
60163772	1000103293
157218534	1000113276
291468308	1000011573
7702232	1000066708
49164309	1000110311
336982110	1000105514
24985200	1000042081
329480749	1000014226
107830991	1000082820
14067114	1000037116
104070525	1000097691
58462957	1000124722
155356948	1000065164
17142160	1000087915
15299773	1000113276
165795009	1000125349
50322783	1000103293
45684049	1000016786
316327930	1000015032
23544596	1000136114
20479813	1000050079
17859912	1000024166
14306161	1000049822
353495411	1000131790
20718199	1000069164
252102135	1000050630
22889424	1000088932
21697900	1000066708
342243974	1000014226
193550086	1000069086
16594955	1000101027
45593345	1000064588
80226894	1000028487
42076539	1000088424
210554874	1000088932
123028422	1000091205
237851354	1000088638
368444160	1000131790
94052228	1000040071
562417383	1000081713
57152094	1000131790
12350092	1000088199
10233292	1000102406
21408610	1000149206
113721074	1000088638
22813738	1000069171
19116778	1000042081
22556717	1000032531
14572992	1000009686
161456486	1000008446
382232560	1000113276
102134994	1000049822
82368762	1000093667
245424983	1000062372
34633067	1000050079
15895115	1000032531
20863627	1000104313
77492951	1000049822
15444646	1000140463
318294041	1000097677
1452261	1000133832
15609136	1000049822
14118608	1000095103
16008212	1000061961
156489807	1000068056
1095691	1000088638
255290896	1000015115
45487007	1000118930
298736852	1000145085
778518	1000032531
24875696	1000127004
193356501	1000095504
23272358	1000069171
113464416	1000136114
18732289	1000105819
75887588	1000073095
248916246	1000108936
93258565	1000023381
354733764	1000082820
9902092	1000093667
90385486	1000054587
72233303	1000081599
155954125	1000033256
204115190	1000157437
146269168	1000118930
405960130	1000088638
16060735	1000070695
250274822	1000043545
14751366	1000094558
282345114	1000069171
309325161	1000125349
106816456	1000069171
154768007	1000102126
257110318	1000093723
14962670	1000155329
359075911	1000080906
395029889	1000137983
16650200	1000093723
174768030	1000088932
236189011	1000011517
119841489	1000098758
207653556	1000155877
284679104	1000011214
111199728	1000049822
116241869	1000149566
31767699	1000088424
44874760	1000046483
19405609	1000100548
115216851	1000127787
48564118	1000139016
263514193	1000086388
169760495	1000088144
643653	1000140463
19152160	1000138134
334140272	1000011214
40572559	1000155877
18715225	1000032531
90720074	1000075204
16623719	1000139016
108671131	1000044324
1919231	1000066716
21609473	1000123982
16926230	1000097677
19478383	1000133715
6727802	1000032531
9890492	1000155877
91411059	1000049822
18989685	1000135366
147324465	1000069750
242451214	1000067315
279372337	1000098399
20598586	1000088638
121463257	1000088638
68529131	1000000436
18197944	1000077525
13348	1000043782
334842514	1000072490
43024351	1000006974
35958311	1000042392
114946677	1000105514
408774041	1000055717
15335123	1000099598
166747718	1000064695
20669032	1000001436
414218279	1000136114
47502515	1000108774
285771269	1000049822
19321440	1000069086
182925539	1000004111
16891384	1000000436
95465386	1000148320
199278114	1000004111
57159564	1000086091
21436960	1000070592
382003518	1000102766
253841011	1000066708
196296685	1000011214
145844708	1000118777
17282378	1000087574
43278228	1000014126
14658627	1000047093
16650200	1000014913
36183	1000127787
101229118	1000088424
144881964	1000140983
14237099	1000027461
234056700	1000149082
87011511	1000150108
16228398	1000088638
401350043	1000133052
780050	1000073141
35846481	1000108585
80335579	1000098758
398679604	1000118933
14766418	1000140463
14222455	1000028277
46346835	1000118930
44790208	1000126895
35933926	1000113276
15868506	1000155329
1504011	1000066716
235573486	1000015032
268103467	1000055717
14379485	1000088144
33175115	1000049822
224285242	1000098758
104626792	1000002900
479820033	1000001781
85054503	1000088012
205448340	1000019341
9893782	1000115350
9980812	1000093667
70289448	1000155877
16247469	1000047756
388937181	1000019341
43196837	1000144100
17629015	1000116474
25482984	1000010672
10813822	1000136114
19553393	1000069164
18189237	1000063669
286329814	1000049822
269575931	1000149566
14863134	1000000436
354607164	1000036833
211318479	1000064324
21279256	1000025932
195083270	1000011214
39615044	1000068889
58919084	1000099255
220489538	1000011214
67060417	1000101027
18940844	1000146032
43433064	1000011214
180884045	1000088638
396193154	1000024206
175535957	1000038120
2822851	1000058952
75030755	1000097459
18957239	1000030272
14373220	1000011670
169325448	1000042264
51604309	1000055641
44434219	1000155877
359611670	1000117908
21956202	1000013108
245728691	1000155877
45373599	1000088638
9889292	1000052702
280846976	1000046483
22682503	1000049822
374887853	1000102766
525268196	1000118930
49997792	1000069171
76328462	1000027955
23391538	1000049822
58462957	1000111264
34707884	1000145047
30559094	1000065164
69961536	1000075006
3301091	1000071911
57625403	1000090977
21808052	1000021930
359749285	1000072467
62895501	1000155877
526921548	1000130723
11794902	1000071684
383471789	1000102766
441850919	1000021930
172589598	1000038558
258988172	1000077089
382180800	1000047679
190846012	1000040071
165989363	1000039997
18319945	1000118930
408596202	1000041112
110839495	1000043313
110895893	1000059214
19746351	1000118930
7065942	1000146032
10257182	1000093667
31201768	1000000436
27488658	1000044001
25846006	1000044315
65955164	1000042264
47273526	1000118930
42516022	1000071188
6254402	1000088144
7125712	1000127787
146059141	1000113276
14438306	1000080805
150779787	1000088638
39378322	1000001781
15281288	1000113276
12053132	1000012759
109614351	1000088638
49315012	1000103293
21218704	1000155877
102394172	1000046483
14242872	1000118930
384969872	1000010044
93699272	1000064695
278182556	1000066060
137672299	1000088638
40935299	1000005525
18646108	1000129402
66592150	1000118900
16694706	1000097677
38704926	1000117714
15486823	1000075006
191897977	1000072783
96071489	1000082820
72393730	1000137603
36064193	1000066709
6398912	1000088638
44166353	1000046483
5410072	1000134856
923811	1000097141
19785801	1000088638
208064959	1000080967
249914447	1000061961
17047105	1000099271
130249139	1000087574
110519857	1000069171
121208305	1000038120
407145053	1000005415
14195122	1000155364
36697854	1000088638
14555534	1000102406
62610707	1000088638
36245630	1000020671
24626969	1000115023
24214579	1000088638
14172588	1000028277
210890496	1000049822
254290698	1000049822
17159092	1000093667
12685	1000089665
23162917	1000067315
69890262	1000149206
181523036	1000099255
15413301	1000005525
17979038	1000086091
60683341	1000026466
103339619	1000094721
5515802	1000133832
305993254	1000055717
21951210	1000156787
30041411	1000088932
273782829	1000098758
7305682	1000017201
14452805	1000096334
22273748	1000081599
160096004	1000140463
139531245	1000044315
250151978	1000059214
222465144	1000154270
17275796	1000071102
193057124	1000011214
364598207	1000080805
364175324	1000019160
105595534	1000027655
104288093	1000061961
236665159	1000043313
88376880	1000014548
161045789	1000102766
19780355	1000138134
14580768	1000140463
63273064	1000017587
287999850	1000082820
8881	1000132163
22669563	1000040186
279573338	1000133052
93272806	1000071188
74759560	1000093229
344530529	1000097677
58930815	1000080906
358845982	1000038558
52091660	1000088638
317652921	1000133052
228270980	1000082820
102137866	1000048035
14413506	1000088638
27003337	1000122846
22688291	1000029583
54202611	1000144100
1116721	1000133832
15062340	1000017201
153150671	1000069171
16490974	1000082601
425512340	1000088424
247762087	1000075006
57240542	1000027195
262922606	1000017201
19087813	1000088424
359584365	1000150108
222411742	1000121152
61170034	1000155057
17651391	1000117039
529285233	1000052606
199291831	1000002128
58347421	1000155444
44104942	1000049822
90118718	1000103054
218032277	1000043313
25007375	1000124722
9379662	1000118930
14776297	1000046018
128585983	1000004591
18233168	1000140463
93793961	1000108774
553946273	1000098257
26871300	1000043313
189182951	1000136114
159061456	1000088424
17569292	1000035288
496149332	1000002617
166868181	1000128463
116930972	1000010672
19867072	1000140463
19814678	1000115350
165517106	1000133814
16367575	1000073540
18219812	1000047093
20119483	1000118930
23595873	1000041332
17221819	1000006954
18595582	1000098758
157652825	1000027955
57545605	1000118930
10519	1000028277
301577843	1000093229
34633067	1000108774
1633681	1000037116
9500942	1000140463
42424119	1000041332
16464746	1000017587
89483328	1000115268
152081953	1000000436
30719049	1000102299
21301903	1000118930
17064600	1000032531
89721512	1000011214
242617929	1000064695
172473058	1000004550
16401294	1000056627
6889982	1000072445
20050047	1000145935
289236003	1000038120
14328339	1000079263
433715649	1000046483
26585249	1000097677
100301510	1000155444
82134568	1000132488
19102458	1000032531
66542823	1000126895
316608577	1000027747
74291526	1000106416
480193712	1000140983
194746116	1000076912
163629705	1000010384
421683	1000017201
22411875	1000056627
276248696	1000133824
262310943	1000049822
47256730	1000155877
7867072	1000155877
97781431	1000087485
16170178	1000111388
14427975	1000143206
247380107	1000072490
18389670	1000065860
31525503	1000088638
41596377	1000049822
240506560	1000011214
114052770	1000155877
161305946	1000140463
239161478	1000002611
119767025	1000131790
121472925	1000125349
9741082	1000086091
384621304	1000019783
17344937	1000088638
182108867	1000073540
52182260	1000088424
33448600	1000050079
167099490	1000075377
193929402	1000045927
82208992	1000097691
114577942	1000118930
108350146	1000088932
317346166	1000049822
224532371	1000133052
16697527	1000094558
19246302	1000093723
264624779	1000155144
7975582	1000038605
16284697	1000072445
28142143	1000102522
76975124	1000072467
174429449	1000004111
128688675	1000086091
252415267	1000088638
247437412	1000097459
202710912	1000155877
61853389	1000145935
325106566	1000068056
19401487	1000131790
70725301	1000049822
18021210	1000069171
171202083	1000033521
16228408	1000025930
268133809	1000128463
19137828	1000155877
15905103	1000134414
13378422	1000077089
16613128	1000098758
87343366	1000128463
20289145	1000102707
410375479	1000112573
273570448	1000041332
18069824	1000149566
203258011	1000049822
270983805	1000020692
33080180	1000088932
357524793	1000041112
80483595	1000055717
802209	1000095095
47905520	1000064324
18805644	1000129402
137260976	1000064695
21164668	1000086388
70133208	1000048035
116831269	1000088424
790577	1000046958
15908942	1000005525
419036150	1000109307
215471823	1000133052
14357039	1000077421
268551780	1000049822
80815716	1000021233
10221	1000043782
66185823	1000069171
17167176	1000134414
38508404	1000118930
7710472	1000097677
277139373	1000125349
158862966	1000133715
41583318	1000033211
365124674	1000055717
35563383	1000157437
315671234	1000046483
160522286	1000097691
14532363	1000088932
234056092	1000004111
8215402	1000143321
214065051	1000049822
209622848	1000002900
43376991	1000133715
63670055	1000146032
331816614	1000038120
19033675	1000050327
26681152	1000088638
94147192	1000086091
383325622	1000069750
433896952	1000098758
64046315	1000097141
17473973	1000002558
77345438	1000043313
19034523	1000093723
41413470	1000088424
366167961	1000099598
211589989	1000046018
99378101	1000050079
79332579	1000080920
191211658	1000066484
104070525	1000110311
17564647	1000125349
59801352	1000103293
95357148	1000088638
315418321	1000068877
548539370	1000125349
15832861	1000067315
296218728	1000046483
73479926	1000047714
20600708	1000064676
28435200	1000088638
14283433	1000088932
20259508	1000143206
13395742	1000016786
157873303	1000043545
64901944	1000108774
36511031	1000010130
81460111	1000103273
47471628	1000002128
22150098	1000088932
146444543	1000099769
89595997	1000088424
34970516	1000086091
28163	1000036418
17975769	1000050079
106737435	1000008702
13920962	1000015274
74201802	1000088638
253212991	1000048658
171984468	1000047679
389574072	1000095208
46184114	1000128664
5493662	1000093667
73068829	1000088638
15532765	1000104716
354142522	1000092883
122155114	1000041112
251365157	1000050079
276038051	1000004550
90054448	1000040085
293906680	1000049822
25951504	1000061961
58844407	1000107382
268270621	1000046483
7471152	1000038120
13459652	1000121497
26055318	1000088638
36903731	1000020671
80410316	1000014548
34713280	1000023583
61168238	1000118930
18105493	1000093100
217839981	1000011214
18159189	1000140463
33933259	1000151393
458662989	1000133052
562417383	1000133052
167709705	1000155877
73206956	1000093229
14881937	1000066716
14338572	1000091116
301972630	1000086022
160728962	1000131790
14180105	1000140463
88066164	1000088638
15199097	1000098758
33964434	1000134414
64552499	1000149206
41384217	1000132987
185484498	1000136114
21066262	1000027747
155973801	1000101027
2257971	1000151563
16343974	1000149206
12543	1000093667
137549115	1000140983
455352405	1000046483
15528195	1000084529
14162415	1000140463
357647590	1000151393
157106615	1000125349
36093158	1000072467
17905715	1000115023
125262712	1000155877
16095207	1000047093
548539370	1000019783
31054154	1000027747
149660084	1000105514
46073276	1000024166
15403392	1000050079
204749735	1000071684
99571358	1000155329
115700178	1000049822
36593993	1000049822
22915745	1000017201
449462207	1000139016
107516840	1000014913
80929181	1000103293
15363706	1000102707
93906304	1000149566
19502592	1000033610
382861649	1000049822
18217117	1000135366
23204326	1000069171
62876563	1000014126
16020401	1000104313
354356571	1000108774
239019284	1000131151
12069912	1000097862
204472178	1000070624
109314113	1000004591
15032918	1000025932
16961384	1000049822
47205435	1000002743
222621758	1000048035
14267733	1000127787
343108171	1000095504
2996801	1000038120
113443529	1000064676
217684732	1000068056
6186692	1000097586
24838466	1000155144
196518052	1000104313
185910976	1000097691
25440543	1000050079
5838682	1000126288
791529	1000140463
22258315	1000088424
494276528	1000049822
34749146	1000111264
14800583	1000140463
125343375	1000051930
394830005	1000155877
23161696	1000049822
14198282	1000028277
48888718	1000033650
27948253	1000030054
45663323	1000145935
8051552	1000097677
56431113	1000149566
52866725	1000031955
22031488	1000049822
441110558	1000080906
33402909	1000069086
23544596	1000061961
43472595	1000155329
214603712	1000011517
18655567	1000139016
15782604	1000072490
172397400	1000113276
26060336	1000061893
468008488	1000090975
540912889	1000024206
189158296	1000113276
266749131	1000050630
17205884	1000043313
91585368	1000041332
21467722	1000060326
15595354	1000118930
278626813	1000082601
25957130	1000009686
107879573	1000084001
14507115	1000030909
24843679	1000045720
17786601	1000128664
71181708	1000034613
16987303	1000043313
30840927	1000118900
16175507	1000088638
425174347	1000072783
280204575	1000049822
14277395	1000084741
136359464	1000112373
459844006	1000155877
73930990	1000088424
74705029	1000015667
548679814	1000149864
16079941	1000088144
6076902	1000106836
114971521	1000088638
30001178	1000049822
19767193	1000097691
14921620	1000086091
16222737	1000136778
56813868	1000011573
548020172	1000046483
253838657	1000049822
327577091	1000134414
25313271	1000101027
18938248	1000102126
27978241	1000086091
231975020	1000046483
14877628	1000127379
92341486	1000002611
22476806	1000049785
15290441	1000049822
425996579	1000046483
29395230	1000088144
125656811	1000024166
243051640	1000113276
77306913	1000034613
26173611	1000043545
263514193	1000128463
14220606	1000002558
18680799	1000118930
15341629	1000038605
246691076	1000041332
248932073	1000128463
901651	1000017201
257268592	1000005620
268955147	1000088638
197375783	1000088638
24774950	1000138134
343147539	1000069750
37489947	1000061961
279675775	1000049822
20801691	1000045927
50774727	1000103293
31554743	1000125349
67807033	1000035114
20835692	1000061961
169982466	1000113276
4482541	1000047756
19780223	1000008702
254646743	1000069171
519907588	1000046483
256543277	1000075377
12833212	1000088932
128561981	1000015843
71213932	1000072445
255739834	1000103293
227037531	1000038120
144723379	1000149566
36444947	1000145664
162196112	1000005415
19720714	1000093723
203873539	1000102593
235441031	1000088638
340616432	1000157437
284304021	1000011214
25451979	1000137497
25416468	1000123982
169202544	1000034568
20463418	1000050079
88263492	1000093723
151129779	1000049822
26836092	1000140463
219454347	1000133824
246297626	1000125349
250364685	1000144260
20399209	1000073095
72885380	1000090977
170410154	1000049822
48174738	1000069086
313846689	1000064324
44527648	1000092883
25308195	1000064676
15997605	1000091409
61989945	1000046483
25578574	1000088932
262922606	1000036418
194439713	1000049822
295024698	1000057411
17541602	1000118930
44494276	1000098758
287500766	1000046483
28381412	1000017800
15857462	1000079263
356447837	1000125349
109931110	1000019985
260869225	1000103293
46742996	1000069171
12644102	1000113276
14199979	1000088638
54294549	1000075006
311575008	1000068056
175465379	1000046040
225897154	1000095504
15619526	1000043313
366244590	1000046483
139406844	1000086022
31203	1000050079
21310147	1000049822
16741826	1000032531
34668551	1000049822
15112961	1000088144
459633467	1000011214
349932090	1000137983
373909822	1000024206
23043210	1000123982
206004138	1000061961
27013261	1000088424
272429239	1000075006
189311104	1000023373
313168240	1000131151
182884883	1000088424
32491666	1000072445
229957308	1000088932
229194109	1000041332
382232560	1000067315
248521815	1000080805
5969122	1000070159
78701122	1000041332
51263711	1000030054
44436825	1000146886
14257869	1000097862
101204352	1000024206
316781055	1000131790
39803481	1000046018
203261300	1000022916
9275742	1000027747
1048661	1000133832
22659577	1000020671
69031877	1000065164
40039442	1000061961
118241252	1000146970
330512139	1000003201
16613314	1000155057
130264658	1000069171
16228997	1000154270
112426062	1000002743
1374411	1000070952
96585601	1000152667
7015112	1000070952
81449064	1000046018
270497886	1000049822
15637825	1000049785
18923282	1000113276
80854111	1000012759
21019702	1000088638
11739102	1000088012
506182213	1000130723
54083315	1000080805
175671498	1000082820
307467446	1000048035
43971053	1000049822
19955575	1000155877
149594787	1000068090
21145241	1000138134
14512216	1000146032
113254439	1000088932
15051439	1000087915
333882024	1000104313
133067266	1000045090
87305010	1000043782
33249457	1000149206
90016131	1000125503
5386032	1000054747
335402125	1000069171
17024790	1000098758
93479887	1000149566
70488960	1000088638
356963	1000088932
15757306	1000038120
338068011	1000125349
78133467	1000045090
3359851	1000149864
277160419	1000090977
128697443	1000084001
15762845	1000097691
30979533	1000088638
17099387	1000088638
21834510	1000088932
65360846	1000014226
204781394	1000067315
142450248	1000041332
91041719	1000086388
14720835	1000155444
26745476	1000082684
390660853	1000041332
126636867	1000088424
65707359	1000086091
4257571	1000140463
18024103	1000100407
30572722	1000041332
198392036	1000067315
23057107	1000027955
128561981	1000140983
29818776	1000019985
17044233	1000134414
356640381	1000113276
226671290	1000086152
71627462	1000135577
90703732	1000088638
433375144	1000157437
22942729	1000017201
90998968	1000137828
254240350	1000156970
360964430	1000032531
117129683	1000010672
44582972	1000149206
46073304	1000155329
36735522	1000140463
21075893	1000019783
7517222	1000049822
14861784	1000148874
280028950	1000113276
221712794	1000086840
17837652	1000067315
24608151	1000065164
19623170	1000076784
29293260	1000032531
44452802	1000014126
472533325	1000046483
85008170	1000125550
43872362	1000032531
77320158	1000133052
38239688	1000101223
173563315	1000095504
14099834	1000112373
17027960	1000037566
37616571	1000038558
360025190	1000049822
27038761	1000088638
274318725	1000045720
19774817	1000088144
15782607	1000056917
461493636	1000034926
18050996	1000149206
24660452	1000088144
19181276	1000138153
156349747	1000068056
156279258	1000019341
34563933	1000049822
14883700	1000138134
16193542	1000123982
17469283	1000010130
93224416	1000095504
14094091	1000072445
92724978	1000032531
233433627	1000082791
64041336	1000088424
15782607	1000027461
27615889	1000090975
13753642	1000038120
14750762	1000088638
186354564	1000046483
410375479	1000025743
10228272	1000049323
97244635	1000125349
19246302	1000070568
17382107	1000140463
383291526	1000133052
36107098	1000061961
262775327	1000125349
14675928	1000087574
82479240	1000131790
496149332	1000057817
75454766	1000018173
17244030	1000012801
15386611	1000050079
124842124	1000011214
9952802	1000133832
14197641	1000028277
184637153	1000102766
136288132	1000024166
26315349	1000054747
22714674	1000140463
7594982	1000063210
167505584	1000088424
15665127	1000099271
278955055	1000088638
15722647	1000090977
73518272	1000155877
133849674	1000055641
430311261	1000049323
14721260	1000006954
79294040	1000064695
18047870	1000093229
406628822	1000082820
89617904	1000154632
63006299	1000133715
13809612	1000122191
3442781	1000118930
28264662	1000034499
97690357	1000094235
25953115	1000134414
50478950	1000070952
17843533	1000149566
207295158	1000098257
104193161	1000024166
32032000	1000099271
58287188	1000047756
27065737	1000043313
434495246	1000047439
16573718	1000121497
36678907	1000093667
6223132	1000055641
169288646	1000049822
28737365	1000086091
20189970	1000130723
56272325	1000011214
60896075	1000065617
346166142	1000046483
17445959	1000093667
253322962	1000002611
27412294	1000088424
289738623	1000023583
337078576	1000046483
34534461	1000069086
440341213	1000042264
45573849	1000123982
459602372	1000098758
50367908	1000050079
365873889	1000133052
170009793	1000113276
15281288	1000067315
322550039	1000082820
14293780	1000073540
144036968	1000125503
262762201	1000049822
18914321	1000088932
26453558	1000128463
14371758	1000109307
118780449	1000010672
303338529	1000019341
18526944	1000049822
232026363	1000075006
18462729	1000069334
17846006	1000146032
18751439	1000025163
19623009	1000032531
16950058	1000088638
109175188	1000095504
26722961	1000061961
35343104	1000027955
70194980	1000136114
397537046	1000098758
89366493	1000092883
350530741	1000011214
93006320	1000041332
18212352	1000069171
186745799	1000019783
265398605	1000024166
237781557	1000043313
24405149	1000086091
2141321	1000088932
768197	1000000436
54997681	1000034613
205503380	1000047679
190819183	1000067315
15117984	1000037116
37853481	1000118930
276157645	1000136114
7588872	1000063210
1047451	1000133832
153216247	1000109066
20901102	1000155877
6479622	1000050167
480549803	1000115268
110481357	1000115268
53789489	1000032531
37869007	1000050167
59709745	1000025511
118321535	1000000967
516684756	1000088424
326964690	1000011517
60437369	1000115540
102483930	1000092883
56835468	1000057817
15526913	1000027747
103794042	1000028218
14349954	1000066395
211428838	1000041112
426469859	1000046483
23838506	1000069086
182503471	1000038120
7697812	1000027747
2115091	1000132163
446897410	1000049822
18433412	1000100407
26315586	1000088638
234903540	1000034970
69679166	1000105819
54779604	1000011214
240556504	1000155877
18554221	1000149566
41662642	1000132987
60896075	1000042264
296218728	1000003201
22283850	1000148320
823083	1000000436
771619	1000095103
34669164	1000005525
19588385	1000149206
19796557	1000061893
18907368	1000056917
24997470	1000066484
269004208	1000088932
506982155	1000137983
285910828	1000108936
189332215	1000011214
11393832	1000140463
16034002	1000046018
351671009	1000099271
85450354	1000104313
74671123	1000103054
54695584	1000059970
17225361	1000002128
14109485	1000037116
91667678	1000102766
139184296	1000011214
312574466	1000123080
6416652	1000033211
36041817	1000097677
18023868	1000035312
19920926	1000146032
814306	1000056917
220489538	1000023373
15827269	1000111242
132045014	1000088638
833571	1000080805
140928507	1000143736
35992925	1000090977
322822476	1000019783
51996944	1000002617
73405056	1000125349
411915972	1000034926
19582372	1000032531
117243641	1000128463
299776583	1000088424
18698454	1000010555
20187852	1000133654
16848203	1000088424
78019712	1000065617
14778991	1000140463
188422887	1000145047
38361482	1000086091
132923794	1000153136
25118264	1000149206
40165375	1000069171
1608991	1000004111
94454911	1000043545
54900565	1000120536
17790575	1000043545
14555428	1000123982
315249993	1000086091
34285639	1000035288
288413922	1000075766
205242337	1000086388
317973099	1000057575
17540485	1000110055
155876965	1000050279
229834197	1000042264
19728966	1000055641
376629559	1000105514
60459318	1000107266
243821406	1000149206
1847381	1000000436
17677636	1000086840
22638962	1000014913
54037230	1000088424
25144151	1000088424
224272024	1000040511
17313930	1000155877
152058391	1000049822
25837866	1000140463
58127020	1000077525
168507487	1000092614
214589522	1000079263
400107451	1000157437
197319848	1000128463
46719689	1000069171
216888261	1000054747
33235771	1000024166
33506176	1000054747
89186018	1000041332
18365777	1000155057
57387804	1000088638
93766326	1000097311
67441229	1000119118
277299883	1000013108
37871893	1000088424
155998369	1000101027
16660451	1000146970
15891115	1000155877
35012599	1000046222
15319993	1000088144
37723441	1000149566
32268884	1000088638
127381120	1000084001
83333300	1000088932
15714436	1000011182
17872613	1000125977
70779109	1000133052
67220892	1000088932
14587578	1000040085
6009212	1000046861
71384878	1000011214
21356261	1000149206
16384688	1000019160
29818776	1000137603
1526641	1000049822
56964483	1000062240
149791038	1000137828
41754227	1000000436
23215572	1000019783
105314792	1000072467
15180852	1000132163
36782237	1000086091
126351811	1000088932
123371682	1000019341
20315513	1000133052
143789961	1000042264
155796271	1000150108
334085494	1000088638
23827692	1000050079
342594918	1000031532
5445442	1000136114
133549185	1000095504
16658372	1000050548
5745122	1000063210
14506253	1000152735
18247409	1000088932
159259679	1000103293
168295477	1000134414
19382500	1000118536
162998586	1000088932
861201	1000097862
380047029	1000057817
6632012	1000080805
82963512	1000034970
18890624	1000014548
99570517	1000049822
60744539	1000108774
116400571	1000011517
437046863	1000150108
14093404	1000094558
4398351	1000088144
32309918	1000018173
18989685	1000050079
16683014	1000069171
77198677	1000073095
24502450	1000061961
15192772	1000032531
186354564	1000130723
58347421	1000090925
12371012	1000117714
125098615	1000088932
8151822	1000050167
48358776	1000069334
295062437	1000010044
301242956	1000150108
320527944	1000150108
66156201	1000088424
437300342	1000021930
327910953	1000046483
20063830	1000088424
15099384	1000034499
115313263	1000125349
15816424	1000123982
27725219	1000127379
15528195	1000102299
4191161	1000088932
224296503	1000072490
6408382	1000041332
270815369	1000155877
23392028	1000113276
23664028	1000133715
77175478	1000121497
63725198	1000155329
150080083	1000123982
27311044	1000065479
17027460	1000064324
532798407	1000002611
76733474	1000069171
34798068	1000098758
118899807	1000061961
210731960	1000125349
355572936	1000125990
5841	1000143321
75945675	1000004111
152341106	1000132987
22107372	1000136114
486955518	1000064695
25007427	1000033610
254103926	1000034499
27530905	1000131790
277834034	1000102707
35742108	1000069171
6804822	1000073540
14855932	1000050548
91105876	1000133052
80088141	1000118536
41394411	1000098758
61199499	1000086152
21061498	1000151563
18048496	1000088638
32713532	1000080967
19382657	1000032531
145288760	1000089187
118530377	1000132696
33175761	1000123080
19432203	1000034499
375971107	1000086091
30013010	1000134414
2361341	1000080805
14615462	1000140463
14256775	1000086907
19416225	1000065479
45297071	1000044212
61730210	1000003943
113939949	1000023381
18069427	1000017536
495380584	1000002611
121142586	1000121497
301297627	1000019341
19382657	1000104619
21868620	1000069171
125453344	1000149206
14787095	1000064407
77040752	1000084691
31354853	1000032531
16002470	1000035609
551072067	1000131790
331484683	1000113276
8079892	1000046958
66894577	1000126895
34428380	1000157437
44024932	1000032531
92899083	1000155877
507203986	1000155057
20698268	1000143359
280657342	1000121152
1979921	1000017201
395123452	1000130723
253902328	1000049822
221413264	1000011214
15321170	1000000967
14760624	1000041332
16320315	1000077089
36961077	1000124722
60273	1000066716
88587704	1000102766
19923765	1000032531
204781394	1000113276
512896378	1000137983
19605824	1000027747
236902298	1000042264
264481774	1000093667
18375977	1000108585
16320554	1000014126
20649962	1000132488
38748784	1000155444
135605269	1000049822
21065280	1000139077
113751683	1000088424
39511166	1000151393
252279328	1000122846
15731368	1000038120
18057459	1000036710
7772042	1000121497
156125022	1000068056
56860418	1000082820
14353392	1000088932
18438362	1000118930
315425802	1000088424
61426538	1000150468
82375443	1000072467
337721740	1000011214
13108932	1000059214
17693277	1000102299
172832752	1000069171
207409695	1000124474
17400667	1000104313
28267054	1000088424
16247469	1000136114
215471823	1000133654
121568065	1000156970
34886346	1000126895
28925243	1000049005
15661911	1000049323
267923399	1000133654
15227791	1000061228
14795731	1000073540
40992381	1000061961
14101066	1000149566
291193530	1000050079
14601788	1000121497
47429047	1000097677
415934400	1000105379
40796938	1000004550
439788025	1000024206
17936412	1000049822
173567682	1000131790
20484925	1000136114
252110572	1000086091
23379162	1000050279
161139688	1000020671
37723675	1000049822
178526634	1000086091
11232902	1000086091
206435365	1000154878
69548480	1000042264
533394907	1000049822
29265047	1000088638
74541441	1000107382
1044591	1000133832
27956824	1000124474
