82433	1000004472
17386985	1000097260
107236697	1000034162
36465626	1000077790
14322057	1000063550
174108566	1000072254
15878470	1000139061
13212522	1000005643
1295001	1000125782
15595963	1000031682
8552602	1000048977
106418338	1000023416
17157774	1000070003
17135931	1000121779
381023478	1000082999
79307850	1000082999
14503	1000013332
3133271	1000031682
651033	1000097743
35623	1000001649
16347561	1000039667
8501792	1000138218
5655872	1000073671
17386985	1000135244
14325247	1000120365
21369740	1000081400
19223919	1000021499
96247580	1000150935
15488968	1000057194
17659577	1000034202
245588569	1000094575
7398912	1000126961
18715225	1000057194
7780852	1000111386
60273	1000059861
18673920	1000151163
13567	1000013332
14934739	1000021499
30345417	1000057194
1768351	1000053572
16847294	1000138218
11208382	1000149888
31808570	1000004472
6053842	1000041530
7256262	1000013332
14296542	1000029084
6008962	1000125782
21811029	1000113204
791124	1000072704
64423563	1000013332
383362636	1000033071
103993750	1000123232
11463762	1000097260
822655	1000114877
138353711	1000053305
7256262	1000071357
22692146	1000139614
12685	1000069587
103891265	1000082380
14601788	1000113204
15759755	1000047187
7400342	1000116164
28124437	1000013332
24160080	1000140024
15386988	1000031682
12741	1000133206
14240103	1000103223
15454949	1000025553
243041690	1000098263
666073	1000113204
348429830	1000108489
13265572	1000004917
18673920	1000013332
13265572	1000053572
23700532	1000074535
260389485	1000013332
10951232	1000013983
38353	1000080147
5655872	1000107878
15720542	1000086916
8937792	1000072704
3286871	1000056342
14830184	1000058839
14444403	1000114104
730593	1000001649
24357998	1000024117
27306000	1000059610
18174861	1000029737
15030908	1000047247
12587	1000007300
15476915	1000033071
18342536	1000015733
182644865	1000088224
368516271	1000010934
35623	1000048977
17331589	1000088878
12830	1000050494
22697165	1000124525
12534	1000001649
14815732	1000031682
16740348	1000013332
14220606	1000005643
15391142	1000011604
17576659	1000038280
18895806	1000154458
14270830	1000066252
12533	1000072254
14445542	1000087160
18742918	1000007486
260389485	1000056342
24903302	1000058041
61558088	1000056342
32917372	1000135097
27814665	1000031682
54529782	1000125782
430598737	1000056342
20609086	1000012576
13265572	1000043091
1249881	1000072704
14310062	1000135652
19677696	1000095182
130262012	1000010116
25391676	1000126961
82488357	1000108242
16591188	1000013332
14334885	1000057827
8501792	1000114313
9395832	1000135804
18742918	1000134730
17630515	1000013332
15396961	1000086517
64619842	1000057194
60273	1000115172
15777123	1000056342
18363654	1000134189
15281463	1000004917
14704316	1000114092
11255982	1000114104
14240103	1000011240
18889063	1000031682
101345179	1000098138
2184161	1000140272
53870594	1000066658
113963	1000031682
23433394	1000053992
15393582	1000107878
5478442	1000053499
3339331	1000053572
14805097	1000113204
19312115	1000031682
13811562	1000012430
238595499	1000142784
869201	1000001649
16337631	1000072254
172961831	1000031682
17944084	1000152646
243041690	1000147092
454484422	1000072351
8308622	1000090169
7921582	1000149150
44130462	1000092948
7816912	1000013983
15396961	1000047187
174108566	1000149944
494538543	1000010116
101841500	1000028977
27595997	1000150935
167380894	1000038272
53870594	1000073671
45145944	1000114092
36465626	1000066252
11661	1000103764
6477852	1000088201
77175478	1000093422
14437310	1000033135
14993946	1000153393
82301437	1000013332
180680636	1000038958
138353711	1000108489
5995932	1000031682
204759632	1000135585
121597650	1000090055
35432643	1000013332
180680636	1000114877
267187200	1000142784
8634422	1000104074
15454228	1000118656
14627322	1000013332
14223705	1000097743
162388572	1000068335
23868470	1000033694
15905088	1000112374
17473973	1000013983
30528575	1000134653
12534	1000150383
15628682	1000077104
16560905	1000082380
15643073	1000113204
634163	1000108489
38482947	1000031682
656673	1000013983
13600352	1000138218
684983	1000040465
86173523	1000034162
14756822	1000126073
14756822	1000057827
15790802	1000097743
20437031	1000113204
27832575	1000039862
14498597	1000031682
13683312	1000031682
407403	1000059610
17090569	1000123232
15494342	1000077104
7495132	1000016703
14830184	1000066658
17157438	1000031682
14083718	1000031682
145271868	1000066439
15485242	1000031682
103862663	1000085697
168743241	1000034162
956501	1000041530
7372912	1000138218
8308622	1000116073
270652177	1000102029
18447641	1000121779
14791232	1000070003
17401682	1000031682
19610339	1000013983
13567	1000036737
14731905	1000033071
12830	1000123232
32823	1000123232
24854021	1000125490
243691549	1000085628
12244502	1000066439
15292410	1000123232
9655342	1000123232
16337631	1000123232
4833	1000114313
38113841	1000103223
14474034	1000125782
3325171	1000013332
14528246	1000031682
14554309	1000139144
14153283	1000139540
16822292	1000104579
13837042	1000138218
257456190	1000057194
14647871	1000114877
17648193	1000003682
14335160	1000149220
36048326	1000122066
14415835	1000081400
243966910	1000031682
14089309	1000134189
14601788	1000114313
16337631	1000056342
634163	1000019823
14306904	1000013682
14428413	1000135652
88793811	1000044082
16250607	1000053305
28195996	1000031682
38175589	1000031682
13265572	1000033135
95028210	1000005253
644463	1000103764
3149631	1000136280
42951128	1000094370
8634422	1000113147
15286368	1000151163
43253261	1000028999
15212750	1000123232
21446165	1000137166
131594600	1000013332
46537966	1000057194
676063	1000091850
137973863	1000031682
39584643	1000016063
7446452	1000134653
182644865	1000149944
14889964	1000077104
17066127	1000107878
38175589	1000053267
43472595	1000062349
6008962	1000007860
14405995	1000151647
20091908	1000020332
2039761	1000020424
11000562	1000034200
12555	1000097260
5489202	1000053267
21851226	1000031682
18047622	1000097743
51573	1000072704
197962366	1000031682
19863400	1000125782
22882670	1000093422
15077916	1000013332
55963	1000152675
230844990	1000082999
19615995	1000133350
637373	1000004917
8115462	1000114313
9243482	1000013983
1315011	1000068335
38113841	1000013332
11322372	1000041530
15043851	1000107349
16648488	1000118413
3640341	1000020668
5382252	1000007300
644463	1000123232
18166611	1000125782
16084728	1000081400
40930287	1000125782
10224132	1000043091
46845019	1000031682
16871637	1000077104
14246143	1000041530
14477161	1000001649
18179447	1000138218
11250	1000095096
13811562	1000125782
7738402	1000013332
17648193	1000068482
3286871	1000073671
1047311	1000082999
15774621	1000070968
348664405	1000056342
383362636	1000007300
170246516	1000108489
19814562	1000154644
2976831	1000122066
16115549	1000007551
12266272	1000125782
24562115	1000031682
17688601	1000009312
204516824	1000013332
13721662	1000020149
137982546	1000063550
16506255	1000104074
18623616	1000049360
18166611	1000151647
3325171	1000126073
15357608	1000125462
15529055	1000081400
113425681	1000031682
7780852	1000136280
8438932	1000072704
20469167	1000013983
32708554	1000087436
260389485	1000001649
24583	1000108242
15508191	1000151647
75482118	1000031682
90290559	1000013332
21240511	1000107878
10221	1000053267
14729317	1000056342
8197982	1000007300
12591	1000116164
6085372	1000077104
125348449	1000095182
4997041	1000131047
96255417	1000008769
8768832	1000031682
249359476	1000007078
1540191	1000138218
40809150	1000112329
291374532	1000072351
7646402	1000013983
16250607	1000113204
15442781	1000004472
18491595	1000077104
16616494	1000013332
616253	1000097743
204759632	1000156052
53792610	1000107878
19038849	1000034358
53870594	1000013332
25791837	1000126073
1260231	1000001099
799212	1000090169
21215111	1000104074
15637825	1000086517
14904652	1000150935
17556773	1000139061
90849125	1000083026
12520552	1000072704
20114488	1000114313
114284807	1000093422
13067342	1000138218
32129268	1000031682
185183954	1000068335
14193189	1000107878
36253	1000134730
17648193	1000001649
14132011	1000097743
16336800	1000011458
32270541	1000118656
68003	1000001649
6814192	1000013332
23095837	1000077790
681333	1000046238
2087371	1000135804
56352678	1000013332
15428643	1000143170
15279698	1000135652
799212	1000113204
14207200	1000100230
15077916	1000055822
14282124	1000121779
52484614	1000031682
8113702	1000097743
17554387	1000002458
4833	1000113204
112296194	1000035195
726273	1000003585
442575789	1000013332
42951128	1000028999
4265731	1000072704
16623244	1000133206
12633712	1000013332
2727051	1000097260
21747416	1000013332
187323360	1000041299
19464402	1000013332
3380291	1000134653
796155	1000005373
793830	1000001649
615813	1000123171
14849723	1000031682
118533460	1000019823
9632752	1000113204
15396961	1000097743
187259758	1000031682
14132011	1000041530
95064358	1000116341
96621419	1000151163
14870627	1000000644
16832672	1000013332
35857983	1000102029
17191474	1000031682
6018292	1000021499
16847294	1000010116
639013	1000041530
14240103	1000140116
10221	1000031682
18359862	1000057827
372475592	1000047247
26179487	1000022385
14306904	1000121779
35943	1000056342
14246143	1000080147
14207200	1000059610
358163988	1000135097
12678392	1000013332
20926806	1000082999
16123519	1000031682
17533559	1000012255
19283723	1000082999
14372143	1000139540
11132462	1000055879
27832575	1000033694
520538133	1000013332
18742918	1000125782
28642084	1000107349
18776131	1000001649
14207200	1000013332
135201019	1000043091
17135931	1000143484
1311951	1000100230
648873	1000013332
128189715	1000090169
58063	1000047247
61133	1000001649
72097691	1000034162
14254504	1000087436
9085252	1000032965
56439852	1000097743
24160080	1000002458
27884585	1000154644
4664501	1000053572
61133	1000097260
33923	1000138218
18389670	1000020149
16807882	1000057194
8197982	1000149944
14791232	1000073671
16463326	1000037401
1586501	1000072704
17759701	1000003750
50597693	1000116073
217300535	1000003750
93694557	1000154458
153566648	1000030669
7738402	1000123232
8605362	1000068335
8115462	1000101123
14176588	1000013332
373610804	1000126961
616253	1000049360
14112756	1000068335
149791038	1000046819
1540191	1000066252
12591	1000047247
24765829	1000056342
11255982	1000125782
30863	1000097743
23260973	1000031682
13860742	1000151868
409823	1000153389
8132642	1000091850
8752622	1000150383
16790036	1000107878
34163	1000116164
16389359	1000121496
33923	1000050515
17688601	1000125782
225142835	1000064798
19814562	1000096964
10962862	1000120365
10224132	1000056342
50373	1000126073
14949810	1000021499
5721662	1000057194
13459652	1000097743
122424390	1000082999
20469167	1000090169
16599654	1000150935
12564622	1000057194
11231232	1000020424
53870594	1000012576
18742918	1000083026
8308622	1000155160
138353711	1000066252
9555772	1000154458
29430034	1000117764
12161	1000013983
19028099	1000091702
15476915	1000094370
20170060	1000056342
23189787	1000082999
23555995	1000034162
22375745	1000056342
142791352	1000039667
1233821	1000053572
40930287	1000042330
11961352	1000111752
15780792	1000031682
8197982	1000087436
8054392	1000143170
20794158	1000031682
14351575	1000147078
37902551	1000013332
14756754	1000125782
7743842	1000113204
18988675	1000154644
217780802	1000034162
14351836	1000139614
9655342	1000150973
20898328	1000021499
454484422	1000122309
18997022	1000013332
15736190	1000056342
164657710	1000031682
45803348	1000123232
9632752	1000033071
18122642	1000082099
389465565	1000095182
14731905	1000005643
3286871	1000152216
60033	1000123232
6545732	1000053305
41605269	1000062349
11922692	1000140116
7125992	1000057194
15077916	1000007300
34543	1000072704
18695316	1000088739
19218552	1000072254
13857762	1000035934
134363864	1000140116
10877	1000091850
10312392	1000142753
149775173	1000013332
14904652	1000011240
15454228	1000036737
166601166	1000067908
14876536	1000070968
15345111	1000080263
10682202	1000116164
13811562	1000123232
12108	1000072704
28596139	1000013332
770545	1000068335
17652410	1000143170
771712	1000072416
6229562	1000037401
18363654	1000143484
31525143	1000025553
71176885	1000013332
390101431	1000039667
681333	1000138218
18815604	1000037401
25993	1000124824
17596468	1000057194
27595997	1000054915
22915745	1000072704
3339331	1000031682
46716477	1000097743
35821839	1000086517
288113759	1000135097
12678392	1000107415
42951128	1000057827
115491854	1000039608
14805097	1000033071
7093352	1000137252
146525713	1000033071
18443018	1000149944
2897431	1000097743
10682202	1000004472
14892191	1000090169
22327921	1000097743
792690	1000072704
87725109	1000016063
274951551	1000082999
18363654	1000051468
15567042	1000043091
226184738	1000094575
17365270	1000063036
16116572	1000072704
14437310	1000009312
14729317	1000139144
823129	1000039608
243041690	1000053499
8197982	1000081198
289738351	1000005047
23006821	1000067567
65098725	1000082999
14275130	1000154458
2059301	1000125782
32460344	1000100453
14531269	1000021499
789068	1000001649
16125363	1000013332
15396961	1000057827
12652382	1000121386
14857437	1000131400
14437310	1000104579
14386518	1000031682
3286871	1000013332
36253	1000013983
47263945	1000116341
869201	1000056342
15937155	1000140474
25115934	1000057194
813637	1000114313
15421224	1000062987
8752622	1000138218
90849125	1000123232
3611941	1000041616
13837042	1000098263
20546557	1000137166
17157774	1000058839
19237585	1000011240
1295001	1000123734
5569522	1000138218
16909728	1000046456
1277041	1000136280
1233821	1000113204
19126688	1000114877
861201	1000033694
72023	1000013983
15087277	1000081400
14652452	1000031682
3302	1000139540
18363654	1000153080
220212905	1000040465
809010	1000094136
734353	1000031682
17346623	1000097260
14471007	1000149888
6994542	1000052482
318487295	1000013332
15241012	1000013332
13459652	1000043091
774280	1000138218
7161172	1000031682
11922692	1000070763
3379461	1000031682
24026819	1000097743
14217022	1000085697
3286871	1000011240
1271901	1000138218
16386490	1000135652
15643073	1000126045
15043851	1000021499
17179180	1000057194
16336800	1000006521
20268299	1000077790
30863	1000072704
17505622	1000041530
14731905	1000007300
38500106	1000090169
24974216	1000074167
14176588	1000113133
7738402	1000090169
15153	1000123232
10255262	1000080147
17365736	1000031682
14180345	1000066439
631503	1000066439
15386988	1000114313
15524324	1000140474
14176588	1000107878
12069912	1000125782
18122642	1000150935
16977640	1000125782
14173190	1000072704
9243482	1000053305
14262796	1000136280
40729957	1000001099
18742918	1000095358
7537992	1000011604
60033	1000038271
2703041	1000080147
150999442	1000031682
22604296	1000058041
265383563	1000037408
30065033	1000090169
25211780	1000033135
637373	1000152675
60033	1000150650
13811562	1000058791
22852321	1000008769
14166886	1000013332
22273667	1000097260
4461451	1000114877
16822292	1000003682
102193655	1000107878
5723862	1000077790
15432049	1000117261
19380307	1000051480
2898611	1000140272
85514383	1000013332
93008425	1000118413
17630515	1000072416
7646402	1000125782
83098062	1000013332
15881468	1000068149
32823	1000093422
24000067	1000108261
24562115	1000053305
648873	1000050515
68003	1000056342
18214171	1000007486
11000562	1000104579
3279901	1000143484
19119804	1000107878
36836787	1000022385
8308622	1000124824
15459980	1000048977
14275130	1000007300
3279901	1000004917
3325171	1000118656
40930287	1000070763
11250	1000042330
19028099	1000033135
15088016	1000133350
9463382	1000123232
82533	1000114313
4833	1000070763
157640113	1000031682
260077133	1000003750
2735631	1000139540
811303	1000114313
670843	1000053572
799212	1000056342
15865172	1000050740
96593097	1000082999
82433	1000041530
14572992	1000047187
27884585	1000013332
6545732	1000104579
142208286	1000034162
42092597	1000082999
9395832	1000033071
14943627	1000068149
60125871	1000077104
210758676	1000047187
11965442	1000100996
31296704	1000057194
9980812	1000041530
20765126	1000095182
3286871	1000058839
53792610	1000091784
9916402	1000137166
15030908	1000152675
16272448	1000126411
25578574	1000077104
615813	1000086517
45673	1000056342
12196	1000135804
42951128	1000007300
245487159	1000035941
14670548	1000149944
10263002	1000035351
16623244	1000013332
9243482	1000118656
43273	1000138218
254617618	1000031682
149775173	1000150935
15377059	1000056342
11779882	1000124525
11541192	1000114313
72379466	1000013332
17384206	1000031682
20958304	1000057141
22064697	1000134189
16865502	1000125462
23962769	1000053305
19313250	1000022385
22697165	1000066439
14849487	1000053992
15373276	1000080147
5655872	1000120126
6321322	1000072254
869201	1000072704
12587	1000115172
15349708	1000043091
16310290	1000137166
100591206	1000013332
15764490	1000086517
21184394	1000082999
14132011	1000013332
19181488	1000126337
656673	1000135804
14199979	1000057194
30863	1000150383
33501239	1000125782
9267332	1000138218
1271901	1000087436
7256262	1000035195
9555772	1000013332
35933502	1000114877
12678392	1000063462
41553	1000033071
19752962	1000114092
20469167	1000124824
20152728	1000125782
19814562	1000013332
15629200	1000041530
243041690	1000070327
14303205	1000094575
23006821	1000120126
17210612	1000013332
5553152	1000041530
12350092	1000009312
39069544	1000153998
24020949	1000113204
264438198	1000057194
9742462	1000066439
65987807	1000035934
14051156	1000031682
527938842	1000077104
15777123	1000139614
2039761	1000108489
14254927	1000031918
1491971	1000007551
48263	1000088166
6321322	1000043091
356640381	1000084418
7738402	1000123734
10865992	1000019650
131594600	1000024117
23549240	1000077790
16126913	1000058041
109966028	1000013332
7646402	1000135804
14791232	1000011240
259446460	1000122066
14703882	1000067908
14852981	1000053572
15399070	1000057194
202037047	1000057194
14153283	1000152675
19119804	1000059610
1753061	1000024117
15241012	1000070003
27832575	1000150973
82488357	1000044871
47976929	1000084418
53870594	1000100230
58063	1000080264
21531222	1000046456
202571491	1000041453
20609086	1000011240
41653093	1000153393
15267898	1000097743
662323	1000031682
10079052	1000036607
20452293	1000108489
141632956	1000031682
813232	1000084867
16284144	1000031682
644463	1000151647
56619909	1000031682
14275130	1000152675
164857912	1000031682
126996478	1000118413
11922692	1000017397
1523501	1000138218
37902551	1000125782
14830184	1000086517
10422602	1000137166
14334873	1000123232
236545207	1000058605
14629115	1000087436
128620610	1000097260
8308622	1000134730
7772042	1000114313
92417163	1000121779
17756596	1000031682
8940282	1000149888
22025910	1000057194
7233772	1000041453
77175478	1000072704
16865502	1000007551
16913151	1000013332
12534	1000139144
99843	1000036737
13035	1000091850
15345111	1000066658
36311369	1000057194
15454228	1000123171
15764490	1000153998
247352819	1000106530
16069900	1000149944
5868362	1000123232
14089309	1000013682
696453	1000072704
61558088	1000113204
18677569	1000034162
12678392	1000131707
14187717	1000149944
169899130	1000050515
14392183	1000062971
15834599	1000137252
14240103	1000063462
8791662	1000076727
14306904	1000151163
14601788	1000043091
24974216	1000013332
19132347	1000011240
51178438	1000123734
18610961	1000057827
89426863	1000075903
18673920	1000006521
14501084	1000066252
19237585	1000035138
41580772	1000013332
13265572	1000108489
71140400	1000035934
20904050	1000046819
220045059	1000154458
2059301	1000134730
18359862	1000097743
48463781	1000063550
7860352	1000035351
9632752	1000097260
9179362	1000149944
30412010	1000057194
14477161	1000053572
15777123	1000046169
16411697	1000097743
13559692	1000057141
24239110	1000037408
16302736	1000095830
14625534	1000130364
795244	1000072704
12741	1000033135
16154047	1000067294
12591	1000138218
7082092	1000143170
15149594	1000031682
16477291	1000031682
21822567	1000003585
53792610	1000070003
331484683	1000020781
858071	1000020332
12034532	1000077790
22055996	1000040540
402811902	1000005047
14554309	1000046238
9085252	1000066252
793830	1000056342
14324319	1000077104
12587	1000012796
14465898	1000056342
38411747	1000053267
152035207	1000135804
5382252	1000113204
24530820	1000097743
104469678	1000013332
1774501	1000097743
25791837	1000053305
648873	1000047247
17264467	1000031682
29039876	1000038280
187056975	1000113204
46581112	1000076556
166601166	1000001649
14108346	1000013332
14882684	1000033135
109966028	1000113204
16434105	1000040540
644463	1000039652
11718	1000001649
308120216	1000099641
9632752	1000033135
774280	1000097743
137447314	1000063036
8197982	1000056342
11826672	1000077104
12652382	1000013332
16985092	1000091850
14112756	1000013332
143786262	1000156052
20268299	1000097743
24990215	1000085628
12069912	1000080264
14362294	1000123874
45539871	1000082999
362333431	1000035934
134960312	1000013332
710563	1000097743
18359862	1000033135
7233772	1000090169
133431061	1000095182
6740642	1000072254
8046872	1000097743
30949085	1000091850
16690802	1000135652
19119804	1000013332
153172543	1000043091
6740642	1000032965
7738402	1000013983
18757859	1000091850
17282256	1000096964
805215	1000013332
465024108	1000013332
8367882	1000068335
16250607	1000154458
6183972	1000041530
10135132	1000149944
17058403	1000011532
13436432	1000031682
132083251	1000058041
23095837	1000070763
74233	1000031682
14456948	1000083108
14228488	1000031682
14153283	1000057827
13041272	1000120409
409823	1000036737
14248719	1000082999
6352152	1000127503
32445507	1000153998
162331424	1000125782
36417354	1000068335
16847294	1000076727
14566674	1000114877
14149937	1000087436
48903	1000101123
357750891	1000031682
14904652	1000140116
53792610	1000066658
17157774	1000013332
290921816	1000088201
16307230	1000000156
23487693	1000097743
14240103	1000013332
13721662	1000123734
6814192	1000143114
949521	1000072704
749463	1000140272
32445507	1000012576
39069544	1000011240
166601166	1000135804
13567	1000125782
1230801	1000013332
14053254	1000113204
5436192	1000057194
65114531	1000013332
14275130	1000033071
109864747	1000058086
26348640	1000031682
16054090	1000031682
128997414	1000058605
21102601	1000031682
26816731	1000031682
6740642	1000011532
19790861	1000152646
370024566	1000151647
60470066	1000097743
14215070	1000125535
131594600	1000152427
17135931	1000071357
12069912	1000001649
16337631	1000116164
14756754	1000080264
220045059	1000118656
14109423	1000031682
8207832	1000067908
823525	1000091850
17210612	1000082099
13931982	1000097743
2334221	1000068335
17092592	1000136928
12555	1000114313
54323714	1000034162
756975	1000140272
211089576	1000031682
18389670	1000123734
166601166	1000053305
18742918	1000047247
149721099	1000034162
128662158	1000088166
15581082	1000063462
7400342	1000118656
18324221	1000094136
15089988	1000138218
5191441	1000114877
12741	1000115172
14850356	1000039667
226364572	1000039003
20018109	1000066439
7826472	1000039652
67393327	1000082999
68003	1000133773
151252407	1000149944
12369602	1000136280
19938167	1000113204
19903	1000062971
4781951	1000013332
11922692	1000013332
14193189	1000063462
15211175	1000020332
23006821	1000140116
9632752	1000090169
16250607	1000118656
212720604	1000034162
14595552	1000033071
265479915	1000082999
89426863	1000083812
70466897	1000117477
15861559	1000082999
18022068	1000101123
656673	1000116164
20883980	1000097743
11718	1000138218
49629418	1000057194
16853802	1000116616
25791837	1000033071
14176588	1000053992
14361071	1000013332
23135992	1000111412
14477161	1000033135
22977196	1000057194
39445335	1000013332
65370701	1000031682
114554087	1000007300
11922692	1000120126
37992666	1000093879
83186987	1000135097
259394959	1000125782
154648125	1000121496
31949053	1000011240
135201019	1000053572
20437031	1000086825
167375916	1000013332
16690802	1000028977
10732962	1000036737
17453598	1000013332
5530472	1000056342
60919433	1000087436
53792610	1000073671
621713	1000031682
12602932	1000056342
77175478	1000007300
637373	1000108489
8308622	1000135804
10951232	1000125782
777908	1000100478
14552063	1000072704
233456037	1000013332
14227938	1000080407
9655342	1000013983
21671131	1000035121
14330849	1000072254
13862162	1000131400
11255982	1000032965
14250702	1000082999
14104637	1000056342
30008826	1000150935
238595499	1000121496
5386032	1000136280
21811029	1000125535
9463382	1000070763
17549729	1000028977
9771562	1000031551
315418321	1000149944
14209885	1000020668
1491971	1000125462
17401682	1000148727
18497606	1000064323
84534359	1000152216
74482188	1000031682
13600352	1000092811
50321599	1000114313
10877	1000072704
58802066	1000056342
3286871	1000082099
16046338	1000081400
24020949	1000108489
89426863	1000121779
15349708	1000118413
624683	1000013332
31631020	1000123232
136879221	1000031682
14334873	1000090169
21179744	1000053305
16902354	1000035941
55532048	1000122066
16002470	1000068335
16054090	1000053267
31631020	1000026838
12606852	1000017397
51039981	1000135097
66499322	1000081962
97984818	1000079442
14254504	1000013332
19315174	1000031682
5650332	1000003750
80725856	1000121779
7495132	1000059867
42951128	1000032965
14325247	1000149944
68003	1000013983
1523501	1000097260
668253	1000152675
267187200	1000121496
7620312	1000091850
14220606	1000113204
19532471	1000119308
15582769	1000057194
51154947	1000154644
16535484	1000104074
14444403	1000091784
9179362	1000013332
19661706	1000013983
81181438	1000115172
19132347	1000091742
21199489	1000013332
17688601	1000040812
14112756	1000150650
272099201	1000034162
20519938	1000031682
14341663	1000007300
18359862	1000113204
35082414	1000021499
16506255	1000013332
18934825	1000066658
14159087	1000031682
5259111	1000097260
60591163	1000094575
18740669	1000020332
61133	1000057927
6955662	1000116164
5471	1000091850
10886522	1000060556
36072013	1000031682
14552063	1000013332
409	1000072704
18196758	1000091850
6994542	1000152675
24763	1000068335
1311951	1000013332
23277227	1000034162
12591	1000113204
50597693	1000007300
30065033	1000072254
13420	1000011532
19384641	1000146673
6798592	1000013332
1095691	1000031682
133882331	1000066252
35943	1000149220
14601788	1000053572
17552020	1000094323
8220792	1000031682
79518156	1000102029
7104532	1000094370
15445811	1000039667
9866582	1000097743
139185720	1000060556
383362636	1000108489
16791717	1000042068
17573316	1000071357
629463	1000031682
172751496	1000095358
14595552	1000154458
3551171	1000048977
84534359	1000013332
12938	1000113204
2627491	1000007551
31631020	1000149944
14207200	1000011240
35175280	1000097743
65139172	1000112374
18670342	1000053305
17688601	1000126045
15637825	1000135804
885321	1000133773
861201	1000056342
27008424	1000095209
14803701	1000031682
17142827	1000134189
11133442	1000072254
4664501	1000114313
34569838	1000074535
17872874	1000082999
13600352	1000097260
118360338	1000152856
242156852	1000070003
8405632	1000115172
168537920	1000037408
9789492	1000057827
229041842	1000053305
16729915	1000062971
93950835	1000072704
18443018	1000097260
7826472	1000035195
18122642	1000107415
20898328	1000107349
78453	1000149944
14608831	1000081400
17673	1000123232
17056447	1000057194
6503412	1000149944
14185988	1000138218
639013	1000028999
14220606	1000134730
63032799	1000086517
9796452	1000123232
15831762	1000133350
11231232	1000033135
18359862	1000154458
4641021	1000000644
3325171	1000012507
38593159	1000036425
5530472	1000042330
47263945	1000036275
22981846	1000082999
71261579	1000097743
15736190	1000097743
23917224	1000095182
109864747	1000094323
3452911	1000138218
804100	1000056342
14554309	1000001649
14503	1000036737
99571358	1000063550
23638980	1000031682
12534	1000047247
14240103	1000058839
634163	1000093603
5259111	1000125782
14843763	1000012516
18939033	1000079442
21394594	1000070003
169899130	1000118656
110588832	1000114283
245487159	1000054764
21249293	1000140474
18118645	1000083812
1277041	1000123874
163449492	1000031682
172751496	1000114313
48903	1000070763
135741105	1000031682
177824859	1000094323
14220606	1000114313
18826638	1000057194
775336	1000149944
656673	1000123734
14839862	1000093422
9085252	1000033071
109864747	1000013332
5751832	1000031682
34163	1000139144
14334885	1000046238
15030908	1000013983
29410181	1000119232
20690398	1000136928
25993	1000114313
50321599	1000013332
6742582	1000148727
362959360	1000035138
12741	1000113204
14756822	1000113204
2384071	1000087160
111932442	1000117764
43899109	1000150935
7400342	1000068335
279573338	1000087436
370136412	1000068335
9796452	1000125782
16587023	1000052435
42338280	1000057194
63032799	1000063462
32270541	1000033071
1105741	1000013332
177824859	1000121779
813637	1000046819
14098398	1000149944
2060631	1000125782
15345111	1000139061
16616494	1000121386
3562341	1000013332
14471778	1000057194
756242	1000108489
9085252	1000019823
5870082	1000072704
46716477	1000007300
14729317	1000116164
18854250	1000029737
22605632	1000016063
2537471	1000031682
109683367	1000034162
8948032	1000125782
16105217	1000097001
86734680	1000029737
14282124	1000134189
193016389	1000117764
14303355	1000031682
28596139	1000139614
14807898	1000037408
245369690	1000108489
15053372	1000077104
85278058	1000007450
42979224	1000126961
13473852	1000012430
81168843	1000095868
14749755	1000114092
14270830	1000055879
138564626	1000031682
18997022	1000127837
11320942	1000041530
6114492	1000048977
13420	1000087160
20114488	1000113133
13931982	1000143114
15777123	1000138218
14437310	1000013983
14176588	1000150935
33508350	1000112329
13276422	1000128142
28177543	1000118413
14176588	1000057827
14444403	1000013332
18214320	1000111752
42951128	1000113204
14955456	1000036737
309041549	1000135097
30529238	1000011240
30863	1000056342
14552063	1000033694
6613122	1000091850
100133245	1000109030
5905672	1000148723
149680650	1000034162
15062954	1000005253
18776131	1000013332
40071926	1000058041
15094527	1000031682
22677962	1000031682
9854542	1000135804
14690944	1000114092
47837613	1000077104
12938	1000138218
129614275	1000114877
70096167	1000082099
70096167	1000107878
14756822	1000068335
109864747	1000143484
113223946	1000139614
14166886	1000123232
15643073	1000013983
45690012	1000003750
95030839	1000087436
12196	1000134730
24081780	1000142770
12514	1000091850
36465626	1000013332
54971112	1000016063
15813218	1000077144
28177543	1000038280
20437031	1000126045
12376	1000097743
158862966	1000097256
158862966	1000042068
14093238	1000084867
285061989	1000125782
14327577	1000052435
11231232	1000019084
16991717	1000031682
9632752	1000097176
14805097	1000097743
23006821	1000059867
41358507	1000013332
756126	1000046169
12938	1000043091
1045521	1000057194
13831522	1000031682
14240103	1000073671
4047941	1000138218
18214171	1000095358
793830	1000041530
2006261	1000019084
6814192	1000138218
20469167	1000147092
29061876	1000028977
9742462	1000124525
24765829	1000118656
166601166	1000086916
1065921	1000037839
18742918	1000118656
24765829	1000053305
14151096	1000013332
30008826	1000063462
15031577	1000080147
16250607	1000066252
118533460	1000057827
14280313	1000043091
14240103	1000107878
816954	1000113204
14928404	1000138218
14257869	1000134730
18189237	1000024117
33456706	1000013332
5870082	1000114313
168453874	1000094575
12069912	1000013983
16337631	1000150383
177824859	1000107878
3382	1000114877
14797160	1000125782
14690944	1000126411
770545	1000013983
8231962	1000013332
17552020	1000140024
15567042	1000118413
5827	1000041530
18022068	1000114313
106418338	1000069104
3364401	1000031682
14552063	1000039862
197867309	1000053267
45673	1000138218
14220606	1000135804
654163	1000097743
23082430	1000013332
47263945	1000113204
13276422	1000034200
19983	1000138218
18363654	1000058086
185433686	1000104074
14538913	1000116164
15454228	1000047247
172020392	1000031682
14830184	1000073671
6814192	1000114313
7400342	1000134730
14220606	1000007300
849101	1000050494
14207200	1000150935
22064697	1000143484
98440716	1000013332
258814154	1000118413
14112756	1000114313
14089309	1000076556
19315899	1000138218
14417969	1000080263
14888584	1000003750
14089309	1000143484
5878592	1000036275
2365831	1000152627
8501792	1000123232
20437031	1000013983
12368532	1000076556
27832575	1000059867
10877	1000138218
15296610	1000035351
35432643	1000059867
12591	1000036737
3249	1000031682
14083355	1000031682
7772042	1000113204
407403	1000013332
14282124	1000094323
18638800	1000077790
57948772	1000071901
4708351	1000072704
4664501	1000090169
14756822	1000152675
172751496	1000077790
40093037	1000121779
20309234	1000097256
18610961	1000121779
14544190	1000003682
10951232	1000123232
53486730	1000031682
14166886	1000007450
8438932	1000138218
696163	1000068335
112296194	1000139358
182644865	1000087436
7772042	1000149944
670843	1000101123
62336571	1000091742
739223	1000007551
14444403	1000094323
85618686	1000154644
102193655	1000073671
4781951	1000046238
19028099	1000066252
12158	1000036737
17135931	1000140024
215471823	1000111475
11818	1000113204
14185988	1000114313
11961352	1000123232
127624680	1000139061
8852072	1000036737
14240103	1000070003
47305516	1000095182
9500942	1000081400
46985792	1000088739
18823495	1000057194
20643889	1000020332
18647609	1000057194
34163	1000036737
9395832	1000139540
14456948	1000138218
14805097	1000033135
1692881	1000072704
12555	1000062987
25083946	1000149944
60273	1000072254
18447641	1000013332
53870594	1000096964
158862966	1000016063
15241012	1000140116
272185609	1000020781
187056975	1000077790
6082492	1000086266
892061	1000138218
14791232	1000091742
465024108	1000100453
10682202	1000126073
14083355	1000107878
9655342	1000072254
3367771	1000114714
302947882	1000011240
33923	1000133206
11000562	1000086517
221892875	1000053305
29569786	1000097743
14629115	1000097743
9227962	1000134653
7620312	1000066439
15053949	1000012255
14477161	1000125782
4981271	1000138218
28966878	1000068335
16197036	1000052435
3388481	1000031682
21134235	1000100453
7801032	1000021499
12538472	1000136280
370215382	1000031918
5774552	1000068335
39069544	1000091742
21744903	1000090169
18359862	1000033071
19893177	1000035934
50373	1000013983
67949745	1000143170
18742918	1000152675
12307282	1000031682
138353711	1000152675
15386988	1000056342
19132347	1000013332
78190623	1000057194
12606082	1000103223
90849125	1000023416
24020949	1000088739
71239180	1000125782
55963	1000108489
14601788	1000097260
5244631	1000056342
793830	1000123232
14536491	1000057194
14760567	1000126073
16337631	1000114313
219115830	1000013332
6994542	1000068335
10859	1000031682
12069912	1000016158
3286871	1000126073
74523	1000138218
17090569	1000118656
38113841	1000031682
18895806	1000070763
7632	1000031682
162770758	1000152646
48344583	1000013332
8367882	1000149944
140577562	1000113120
41615133	1000108348
45803348	1000013332
5478442	1000114104
50356964	1000046456
77483	1000001649
11794312	1000108489
6740642	1000028999
14381520	1000114877
177336302	1000082999
644463	1000047247
15508834	1000151647
43121315	1000125294
130249527	1000140272
18679467	1000057927
3325171	1000090169
39061140	1000153998
9655342	1000056342
9085252	1000154458
54966644	1000019650
12506	1000116179
80149492	1000031682
10379542	1000126961
42663679	1000055822
55985307	1000015733
14240103	1000016753
17135931	1000094323
83048001	1000034162
61558088	1000097176
6955662	1000125782
14110750	1000155160
81583141	1000012576
13837042	1000004917
24020949	1000097260
15112961	1000057194
58063	1000067986
14518625	1000139614
16874037	1000013332
15386988	1000013332
17135931	1000013332
18022068	1000113204
36983125	1000081400
15828403	1000037839
15386988	1000118413
69223973	1000134189
9027	1000072704
21053653	1000116073
5868362	1000068335
11911082	1000140474
2060631	1000134730
319737064	1000003750
17948250	1000039003
17673	1000050515
153492935	1000066658
458940984	1000003750
6740642	1000125782
2060631	1000020149
5774552	1000007300
168453874	1000013332
19218552	1000013332
69728569	1000031918
386209891	1000138214
16882660	1000067538
332232530	1000125782
8197982	1000013332
18359862	1000042330
16216465	1000116157
20452293	1000149944
18389670	1000108489
14197132	1000082999
158849832	1000082999
12740542	1000068335
28124437	1000108489
14151096	1000140116
219115830	1000116164
11779882	1000066439
9463382	1000072704
43899109	1000063462
220220703	1000111475
53792610	1000016703
9632752	1000139540
32077619	1000031682
139990251	1000035934
31179985	1000116073
690083	1000072704
15159694	1000097743
136002468	1000034162
19760380	1000082999
23543726	1000047187
15567042	1000038280
102193655	1000135804
14112756	1000052482
15442781	1000123232
768197	1000087436
20548629	1000137166
11231232	1000056342
152035207	1000086916
39588492	1000116616
14566674	1000013332
14104637	1000001649
15454228	1000068335
27994823	1000031682
10335822	1000031682
16805290	1000031682
21179744	1000066252
418944014	1000058041
46581112	1000066252
17163743	1000083812
33220336	1000031682
26789088	1000031682
248793917	1000094575
82375443	1000031682
20114488	1000057827
14544190	1000073164
52223021	1000044082
201681255	1000135097
105269306	1000057194
164412502	1000046173
69608119	1000070763
7215452	1000138218
14538913	1000004472
813637	1000097743
12587	1000048977
17473973	1000090169
23105968	1000058605
1154511	1000066439
2106161	1000137166
8438932	1000007300
20607165	1000114313
105924719	1000095182
50597693	1000113204
12552852	1000013332
17648193	1000056342
11758542	1000097743
10682202	1000114313
18742918	1000087598
221892875	1000013332
770545	1000138218
23045297	1000057194
3286871	1000107878
205815029	1000000338
15396961	1000053572
6537492	1000082999
146525713	1000113204
14089309	1000032944
16514761	1000057194
11758542	1000033135
22020453	1000138214
12735712	1000107878
30402662	1000057194
7714502	1000113204
17473973	1000123734
18959020	1000004917
331382633	1000149944
17558555	1000125782
14090859	1000057194
14288386	1000056342
235351801	1000034162
799316	1000142753
18776131	1000101123
6104	1000091850
16965145	1000013332
14544162	1000070003
12602932	1000001649
33873372	1000153393
13041272	1000153998
2060631	1000123734
21278515	1000031682
348664405	1000001649
506342927	1000003750
1919231	1000113204
14763	1000033135
756126	1000084867
20437031	1000114313
2727051	1000134730
56166348	1000154644
1714531	1000118413
45673	1000114313
15212750	1000114104
15083606	1000077104
21094472	1000082999
12069912	1000010116
10336822	1000104579
64423563	1000150935
58914651	1000057194
3824401	1000134653
26021668	1000063462
7695342	1000036737
18227869	1000126411
3749371	1000134653
13889622	1000056342
14220606	1000041530
76133	1000084294
7858982	1000100478
17346623	1000031682
87305010	1000031682
77483	1000114313
15643073	1000134730
224879926	1000047187
15224402	1000095830
86400696	1000031682
171159684	1000058605
10336822	1000013332
8033482	1000082999
20296015	1000031551
14791232	1000013332
1504011	1000090169
16965145	1000149944
14303355	1000077790
61558088	1000033135
43273	1000048977
37766063	1000013332
17191474	1000072254
14110750	1000033071
16287561	1000031682
14402753	1000033135
305275103	1000039667
17137927	1000127837
30529238	1000016753
9884622	1000136280
15736190	1000013332
61558088	1000007300
287693117	1000031682
18718094	1000080147
16616494	1000103223
9796452	1000077083
20543729	1000001649
151252407	1000024117
15030908	1000036737
24974216	1000041530
17007447	1000039667
15637825	1000107878
53921137	1000013332
20925179	1000020332
6545732	1000152675
18908280	1000013332
63044831	1000013332
13348	1000031682
189758276	1000030487
81135904	1000116616
14110750	1000005643
19610339	1000068335
6186692	1000080147
892061	1000097743
14166886	1000026838
1584511	1000074167
106418930	1000053267
17688601	1000063362
14075571	1000034202
17058403	1000039608
11907412	1000143170
16541868	1000140474
14316850	1000136280
12605122	1000086266
16176755	1000031682
8752622	1000101123
1254381	1000056342
89041913	1000116073
348429830	1000067908
48933962	1000029749
17885184	1000097743
12491	1000116164
14417969	1000067567
666073	1000091850
12555	1000012796
14563144	1000152646
24974216	1000153389
35205963	1000092948
18959020	1000051468
34771668	1000107349
15056202	1000031682
763446	1000031682
17687495	1000084294
41222853	1000057194
16072024	1000033071
14381520	1000126337
397673792	1000031682
167375916	1000011240
35933502	1000111412
82375443	1000013332
935221	1000133773
12158	1000123734
14231756	1000042068
64624131	1000134653
13811562	1000097743
72499513	1000137166
656673	1000039652
5504482	1000080147
16616494	1000011240
6015962	1000066439
39445335	1000114104
23962769	1000013332
5967812	1000031682
7738402	1000012430
17090569	1000036737
14708203	1000057927
112296194	1000044871
115236840	1000082999
73113327	1000125490
22123987	1000107349
21406317	1000067294
68073207	1000035934
11961352	1000125782
34543	1000056342
167441789	1000000338
17453598	1000073671
19725959	1000095868
8308622	1000097260
53792610	1000154644
89617904	1000037408
29734071	1000103223
783675	1000116164
220045059	1000113133
111719271	1000114714
21420090	1000077104
17275604	1000031682
17329936	1000119308
19254264	1000016063
793219	1000031682
152035207	1000079870
74273153	1000113120
22481212	1000123734
892061	1000087436
143786262	1000108489
15178133	1000013332
16373526	1000114877
14362294	1000111386
16552794	1000043091
19218552	1000004472
16105217	1000032944
27008424	1000073671
182644865	1000077144
765	1000031682
18214320	1000086825
15815339	1000031682
14538913	1000125782
16002470	1000125782
77872010	1000077466
42951128	1000033071
793830	1000101123
3028161	1000031682
765285	1000082999
29414439	1000019650
95064358	1000001099
14763	1000157435
14681621	1000033071
6503412	1000097743
12069912	1000139144
17556773	1000013983
14908175	1000031682
70451488	1000096964
21744903	1000148727
15820160	1000013983
2418101	1000031682
83749658	1000114092
12277182	1000013983
157681435	1000013332
383362636	1000053305
5530472	1000139144
16582191	1000121779
85618686	1000063462
799212	1000114313
10011372	1000031682
17499580	1000113120
383362636	1000046819
58735635	1000035934
548034974	1000003750
14601788	1000031682
15878470	1000033071
10876852	1000053267
1504011	1000115172
12970892	1000057194
14109797	1000088224
19312115	1000046819
17673	1000125782
17558555	1000126073
50035439	1000116164
6183972	1000113204
14736912	1000063550
69872125	1000034162
14193189	1000016703
637373	1000068335
250243273	1000067908
20609086	1000013332
18389670	1000068335
131594600	1000114313
70900318	1000065186
90849125	1000062971
16616494	1000150935
16489427	1000117261
69608119	1000123232
10951232	1000097260
77483	1000113204
90984746	1000125294
22544880	1000046456
13265572	1000087436
38411747	1000031682
61558088	1000154458
33923	1000114313
15345111	1000070003
2087371	1000149944
14187717	1000024117
18705914	1000153998
15281463	1000070327
479981193	1000013332
23819371	1000126411
14630468	1000056342
2334221	1000013332
24020949	1000152675
14955456	1000123232
8501792	1000091850
6356652	1000016158
20452293	1000056342
229286623	1000149944
60463	1000077083
51178438	1000013332
10079052	1000045285
15351100	1000095358
14652452	1000121386
16265412	1000077104
3475	1000031682
9555772	1000036425
57903424	1000057194
7104532	1000033135
14187717	1000013332
9056202	1000148727
281890919	1000149150
12652382	1000031682
6503412	1000007300
93017945	1000031682
10753362	1000143170
11922692	1000040465
31808570	1000123232
5905672	1000115172
60591163	1000117272
189520887	1000042068
10498942	1000031682
56166348	1000121386
389171421	1000010934
40829802	1000035941
14240103	1000120126
247904541	1000068335
1491971	1000062812
17652928	1000031682
178296119	1000082999
61133	1000036737
19732725	1000021499
24644909	1000116073
9215532	1000031682
949521	1000097260
14609321	1000057194
18673920	1000011458
7646402	1000118656
21555789	1000013332
14280977	1000038958
756242	1000001099
12244502	1000124525
681333	1000116164
98773736	1000117764
17577445	1000082999
18024103	1000062349
20607165	1000053572
9453872	1000013332
14852981	1000013332
115443377	1000121496
10545	1000138218
13837042	1000123232
11541192	1000148727
12439972	1000123232
38347814	1000095182
15752932	1000086916
13027572	1000013332
21381048	1000113120
725363	1000003585
30289889	1000114092
69223973	1000094057
16601823	1000135804
14185988	1000156052
9463382	1000125782
50321599	1000074167
9655342	1000125782
55963	1000123734
55963	1000135804
11963132	1000087160
13837042	1000033135
14647871	1000066252
7860352	1000114313
117177522	1000093879
15493608	1000031682
15428643	1000021499
15345111	1000108261
9015112	1000013332
788250	1000053305
8852072	1000013983
20289145	1000025553
823129	1000013287
85618686	1000070003
6743	1000125535
61313724	1000007300
18122642	1000058839
17157774	1000120126
12028	1000056342
14475298	1000050740
30065033	1000013332
20543729	1000056342
813232	1000125535
479807457	1000031682
115443377	1000086916
16822292	1000063362
15153	1000125782
178246193	1000139061
48463781	1000120126
2334221	1000125782
15581082	1000121779
6545732	1000013983
6082492	1000139614
19594367	1000117764
27272199	1000115172
18214171	1000059867
14062332	1000033071
14554309	1000116164
16582191	1000134189
9085252	1000067908
18122642	1000013332
21603325	1000126961
770545	1000097743
154648125	1000142784
14477161	1000097260
17473973	1000002558
45922275	1000013332
43253261	1000154458
13917292	1000008769
14417969	1000103223
104469678	1000067567
23095837	1000121779
22835308	1000109030
14362294	1000007551
2334221	1000056342
29569786	1000046819
5871202	1000033135
15178133	1000053267
38056900	1000082999
16616494	1000063462
12741	1000149944
15435471	1000097743
14949810	1000143170
1540191	1000013332
7256262	1000039652
14297121	1000111412
16847294	1000087436
877421	1000138218
12552852	1000031682
1185971	1000031682
18776131	1000056342
670843	1000138218
14275130	1000067538
14103331	1000031682
15396961	1000114313
15698507	1000011532
123185534	1000047187
15878470	1000057827
127624680	1000086955
77231766	1000117764
20477352	1000111412
11752272	1000098138
19809876	1000038272
63051024	1000153393
16371223	1000087436
10669942	1000093422
14815732	1000054915
17688601	1000013332
18359862	1000094370
9946842	1000072704
18776131	1000114313
36465626	1000015733
8202882	1000097743
14077911	1000100996
5879952	1000031682
198675113	1000030487
14849487	1000138218
15281463	1000098263
19622462	1000003750
21179744	1000050159
13264182	1000016158
28185459	1000000156
196676183	1000066252
15653423	1000077466
43119832	1000108348
656673	1000097260
601283	1000044470
5309462	1000131047
14760567	1000128142
14474034	1000020149
11677	1000114313
25979812	1000126961
143303	1000031682
16129336	1000005373
23082430	1000142784
14652452	1000140116
14254504	1000057827
16822292	1000125782
372475592	1000083108
7534242	1000153998
204759632	1000113204
23570090	1000097743
18724041	1000031682
104469678	1000091742
14207200	1000082099
15077916	1000034994
14083857	1000125782
215364191	1000125782
33923	1000125782
308551554	1000139144
13473852	1000013332
15396961	1000138218
3286871	1000156052
6183972	1000157435
14472428	1000046819
2727051	1000113204
61133	1000116164
129466947	1000003750
6503412	1000028999
28215110	1000031682
14185988	1000013332
419356073	1000047187
10983152	1000041530
16882660	1000036737
20787272	1000114877
14518625	1000041530
2324551	1000108489
33923	1000123232
19814562	1000094323
18118645	1000032944
23154642	1000022385
771712	1000123232
15581082	1000120126
863101	1000138218
27008424	1000113204
13027572	1000114877
7323602	1000138218
1692881	1000097260
17688601	1000104579
14306648	1000080147
8791662	1000067986
15442781	1000116164
799645	1000031682
16273	1000081400
9632752	1000146673
253955065	1000020332
20491561	1000031682
15820660	1000126961
20469167	1000135804
5973352	1000001099
17576659	1000118413
639013	1000134730
17019871	1000107878
3657081	1000072704
20796121	1000090169
3279901	1000153080
8162032	1000031682
23250198	1000013332
14839862	1000001649
16364983	1000031682
40674458	1000154458
28459102	1000139540
5478442	1000114313
14763	1000012507
33233	1000150973
128662158	1000047187
1657131	1000138218
14176588	1000149944
96621419	1000103223
13638292	1000095182
14351575	1000053572
783675	1000081198
9015112	1000107878
7695342	1000114313
684983	1000148723
814304	1000091850
22162585	1000140116
14155850	1000097743
23082430	1000113204
7495132	1000107878
7400342	1000114313
34163	1000125782
15345111	1000120126
28106656	1000013332
2039761	1000113204
169899130	1000062971
720843	1000125535
246993264	1000106530
14805097	1000097260
178520977	1000034162
8752622	1000004953
14227938	1000070968
17090569	1000076727
14565565	1000029749
65682128	1000047187
12741	1000047247
6531772	1000072254
468126625	1000097743
93694557	1000066658
15454228	1000062971
12938	1000114313
90849125	1000118656
9789492	1000059867
14306648	1000041530
57315608	1000137166
61598133	1000021499
7206432	1000087436
12196	1000072704
56006076	1000013332
10545	1000087436
7646402	1000108489
14417969	1000121386
14971237	1000097743
407403	1000100230
14282124	1000057827
204759632	1000053305
128679043	1000062971
9523892	1000039667
9019482	1000031682
10048062	1000013332
15396961	1000004953
10336822	1000020149
109864747	1000032944
21067991	1000044470
193563775	1000116164
14945780	1000116157
86204900	1000119623
34163	1000001649
14246892	1000013332
17473973	1000134730
234526497	1000149944
8605362	1000069587
15567576	1000077104
23006821	1000011458
14446902	1000074535
12439972	1000013332
32445507	1000120409
16601823	1000094575
14220606	1000002558
16518860	1000114104
13085502	1000126045
13594872	1000007551
145821990	1000013332
18742918	1000062971
245833420	1000072254
16616494	1000154644
61558088	1000033071
18108742	1000031682
14783047	1000140474
14092963	1000077790
18742918	1000123232
18087370	1000111386
16616494	1000031682
9085252	1000057827
12069912	1000134730
15764490	1000150935
4833	1000072254
11541192	1000090169
1753061	1000036275
129643876	1000034162
17688601	1000123232
11987122	1000097743
644463	1000036737
5655872	1000076556
16239185	1000031682
21752600	1000031682
16535484	1000114092
15781032	1000037401
14477161	1000104579
86359799	1000053267
96247580	1000013332
18189237	1000020424
14261086	1000091702
14417969	1000066658
4812381	1000057194
19938167	1000152675
14711640	1000082999
13783772	1000046173
5871202	1000053572
129446245	1000031682
24180922	1000037401
16616494	1000096964
14889964	1000057194
38437420	1000090169
243013128	1000031682
430598737	1000013332
5657162	1000095182
4833	1000041530
14107142	1000080147
155968712	1000022385
169234952	1000041616
34543	1000150973
16866701	1000068335
24160080	1000083812
14261086	1000086517
1315011	1000080147
14284372	1000080407
17473973	1000108489
70096167	1000121779
1864381	1000031682
335493841	1000081962
9972002	1000072254
8115462	1000087436
54643571	1000150935
8791662	1000007860
88153175	1000112329
308911400	1000035934
14849130	1000013983
14053254	1000043091
107626582	1000116616
14595552	1000033135
11463762	1000097743
132256619	1000135097
15790496	1000126411
9840472	1000072704
10682202	1000138218
93008425	1000032965
14498597	1000051480
202571491	1000013332
17386985	1000123734
19081905	1000098774
2727051	1000051480
6608332	1000077104
9884622	1000111386
221892875	1000135585
18742918	1000113204
190757318	1000003585
10694562	1000086517
27217496	1000047187
816954	1000013332
14319958	1000064323
6320592	1000041530
16716904	1000041530
60463	1000125782
60463	1000123232
348429830	1000053305
8162312	1000047187
111658937	1000013332
4833	1000035351
12555	1000149944
18214320	1000003682
40328729	1000031682
5537492	1000152627
615813	1000053572
16908938	1000039667
202571491	1000007300
13420	1000149944
873411	1000149220
1008591	1000114313
18359862	1000067908
407403	1000024117
11661	1000147092
10682202	1000069104
168453874	1000071357
1271901	1000013332
15403	1000138218
794069	1000083108
19867072	1000074535
17874118	1000013332
18359862	1000108489
19335591	1000047187
799212	1000116164
143786262	1000053305
12277182	1000125782
266224320	1000125782
14396204	1000077790
19830262	1000100478
165877375	1000013332
44004358	1000094575
24020949	1000135804
9413072	1000003750
16424736	1000013332
14112756	1000077083
20	1000072704
30855843	1000068335
13811562	1000152675
1584511	1000114313
14942713	1000133350
15432049	1000013332
17222223	1000013332
201425087	1000063036
18742918	1000052482
6166932	1000116179
244928743	1000031682
615813	1000133773
96621419	1000083812
351687278	1000057194
37992687	1000137166
82433	1000056342
10682202	1000139144
16865502	1000013332
14167197	1000047187
4781951	1000076556
799212	1000138218
14094091	1000082999
15809173	1000096964
18673920	1000107878
27832575	1000125535
12069912	1000094575
84534359	1000126073
5530472	1000046238
12678392	1000120126
19380307	1000046238
11794312	1000126073
14420887	1000108489
15276289	1000011532
75225711	1000031551
727813	1000001099
9779032	1000149944
99843	1000013332
15388305	1000142770
15431118	1000056342
34543	1000093422
7735752	1000122066
19619047	1000020332
1277041	1000007551
15811487	1000081400
13594872	1000125462
125733169	1000125782
14928404	1000072254
9085252	1000147078
22481212	1000047247
17573316	1000013332
120564529	1000097743
9911362	1000031682
5489202	1000031682
14257869	1000113204
1066011	1000139540
14562714	1000089219
14053254	1000086266
16582191	1000094057
15813218	1000153389
28442858	1000058041
10345112	1000035121
20543444	1000135244
14223705	1000033135
127570045	1000057194
133339804	1000126961
14933478	1000067567
19380307	1000066252
43899109	1000013332
14327450	1000097743
31631020	1000086517
2448501	1000031682
9972002	1000072704
166601166	1000050159
17556773	1000086955
20466150	1000057194
9453872	1000013983
145271868	1000124525
10951232	1000134730
14089309	1000058086
143786262	1000007300
31158933	1000065186
60033	1000095096
16276471	1000107878
14233500	1000004472
7400342	1000080264
14240103	1000059610
11231232	1000097743
377622968	1000125782
7860352	1000097260
877421	1000114313
14538913	1000139144
18258732	1000016158
20212580	1000077104
174108566	1000013332
13265572	1000072416
18705914	1000053992
47897905	1000040540
17959695	1000104074
15077916	1000097743
1540191	1000033135
5530472	1000116164
14756754	1000073164
11085852	1000031682
204422008	1000013332
16119090	1000031682
12266272	1000113204
24021805	1000039667
5870082	1000033135
14176588	1000114313
113991520	1000016063
17019871	1000013332
1857421	1000031682
14187717	1000057927
7161172	1000096554
8852072	1000126045
46581112	1000013332
19315899	1000097260
238965032	1000053305
6163232	1000056342
15977848	1000003750
18769380	1000107021
31162267	1000073671
15085406	1000015733
15039065	1000081400
5868362	1000135804
152663943	1000082999
51094763	1000040540
14538913	1000001649
103993750	1000125782
29906221	1000057194
125996244	1000042068
16352615	1000013332
15777123	1000101123
7646402	1000033071
8126022	1000138218
17903594	1000057194
861201	1000041530
15442781	1000056342
14763	1000073164
15831762	1000095209
8940282	1000072704
14852981	1000057827
20963773	1000050740
388330545	1000118413
42720039	1000152646
15531582	1000095182
15802378	1000095182
61133	1000068335
101656067	1000082999
18963503	1000054764
1008591	1000115172
15637825	1000088739
1295001	1000047187
228539107	1000135652
17401682	1000068335
10224132	1000150383
169899130	1000013983
14554309	1000150383
12266272	1000066252
786983	1000091850
16882660	1000066658
14852981	1000113204
1995371	1000123232
2366281	1000120365
12313162	1000021499
5391852	1000031682
16655768	1000097743
17630515	1000156646
16002470	1000013332
17130137	1000021499
12196	1000116073
22428396	1000057194
5871202	1000011532
21220972	1000050740
18999896	1000119623
20609086	1000082099
14251225	1000087160
16905553	1000082999
27832575	1000013332
18610961	1000134189
24763	1000039652
101530408	1000064798
19218552	1000125782
15820160	1000059861
1295001	1000134730
348664405	1000036737
14215070	1000095868
36588177	1000135652
21215111	1000114092
17979066	1000025553
17416267	1000008452
19814562	1000032944
13837042	1000053499
14601788	1000101123
16063991	1000068335
132519763	1000135097
14151096	1000031682
31808570	1000120126
46642288	1000013332
248858493	1000031682
20114488	1000033135
17037854	1000135097
5340042	1000090169
1233821	1000125782
14206082	1000082999
14858086	1000013332
147269043	1000013332
18448243	1000150935
12715	1000138218
1671811	1000076556
11794312	1000113204
18110921	1000013332
5790132	1000031682
17526132	1000021499
14828249	1000113120
11255982	1000147092
129614275	1000013332
2627491	1000136280
14756754	1000038271
15442781	1000041530
12633712	1000152675
245275091	1000125782
5868362	1000118656
30529238	1000133350
170246516	1000053305
13809612	1000114092
16489427	1000013332
14681621	1000121779
50597693	1000125782
9179362	1000072254
14110750	1000053572
27306000	1000087436
14703882	1000033135
794069	1000115172
22481212	1000036737
202571491	1000033071
14214977	1000148723
14849130	1000070763
111658937	1000011240
35293	1000048977
15153	1000118656
17652928	1000053267
14544190	1000152675
19119192	1000031682
19610339	1000087598
15643073	1000125782
58802066	1000013332
7256262	1000134730
11000562	1000152216
18338485	1000071901
112245929	1000034162
16940704	1000112329
19416143	1000135804
16977640	1000031682
308551554	1000116164
6531772	1000139540
20469167	1000114313
55963	1000125782
18270268	1000046456
12193342	1000087160
29039876	1000118413
40437117	1000031682
18166611	1000123232
343683427	1000003750
377230858	1000031682
50597693	1000135804
18359862	1000007300
14517478	1000049360
20609086	1000063462
20437031	1000152675
18122642	1000066658
8308622	1000013332
14595552	1000032965
284353592	1000099641
13212522	1000090169
39069544	1000013332
15936736	1000119232
85618686	1000011240
7695342	1000055879
969441	1000025553
13567	1000059867
15743570	1000151163
95064358	1000142784
16909728	1000104074
14240103	1000100230
17959695	1000114092
16144669	1000053992
14079172	1000031682
5637652	1000087436
45753733	1000031682
12534	1000056342
12368532	1000059867
48745282	1000082999
6281792	1000111386
14406208	1000031682
36417354	1000068482
8634422	1000126411
7104532	1000120126
14118878	1000055275
32445507	1000154644
86359799	1000031682
16866701	1000013332
42639788	1000070003
5965332	1000031682
12442992	1000077104
11463762	1000138218
20894095	1000092948
4829901	1000072704
154648125	1000013332
14453798	1000077104
51154947	1000058839
14471007	1000151868
36743910	1000060556
6724092	1000021499
3657081	1000091850
34543	1000138218
816954	1000041530
44343	1000077790
2223571	1000138218
69679166	1000057194
44004358	1000107021
204115202	1000113204
153674101	1000082999
19398142	1000031682
55014158	1000037408
12555	1000125782
17142827	1000013332
22481212	1000013983
4206131	1000139614
784078	1000149888
26056873	1000117764
788245	1000048977
350384598	1000111475
14183255	1000068335
727813	1000007078
5340042	1000041299
13039722	1000072704
799212	1000062987
6089182	1000030669
15222083	1000077104
14198282	1000005373
4833	1000086517
38505396	1000082999
3460221	1000124525
8207832	1000134730
14176588	1000093603
14787392	1000053305
24583	1000139358
116888317	1000035351
3325171	1000013983
14763	1000012516
107626582	1000089219
10788872	1000113204
14185988	1000032965
146159608	1000082999
15184513	1000031682
257326698	1000114313
17630515	1000070763
21500054	1000031682
30008826	1000013332
7104532	1000104579
25993	1000019084
23613776	1000062812
104708526	1000057927
744313	1000138218
35623	1000091850
35383	1000097743
54643571	1000013332
40961474	1000031682
14825237	1000077104
45029862	1000076556
18899103	1000095182
14904652	1000103223
15030908	1000150973
14960451	1000122309
26174692	1000084867
14217937	1000152427
28756240	1000127503
10373972	1000098138
106418338	1000116164
11718	1000013332
14327450	1000013332
227286098	1000082999
783032	1000053572
9085252	1000033135
13370272	1000149944
51154947	1000070763
9313022	1000053499
7646402	1000114104
14420887	1000046819
31188700	1000093879
167375916	1000103223
656673	1000138218
16591188	1000113204
20114488	1000066658
16595296	1000114092
1271901	1000097743
48295727	1000138218
17900339	1000113204
648873	1000013983
15813218	1000156646
16882660	1000013332
74523	1000048977
14676716	1000095868
44080327	1000098774
1671811	1000056342
16866701	1000123232
14124529	1000062349
20452293	1000013332
20018109	1000124525
12491	1000138218
18742918	1000072254
786983	1000072704
38514229	1000057194
3440721	1000143170
42951128	1000072254
87407997	1000130364
146250354	1000034162
18940999	1000068149
60321100	1000029084
9779032	1000013332
18443018	1000097743
638323	1000068335
220045059	1000126073
14402753	1000053992
26741765	1000149944
29771314	1000113147
53870594	1000091742
23575194	1000067908
14637048	1000103223
11963132	1000116164
5478442	1000032965
61558088	1000094370
8407952	1000088878
1401881	1000072704
18118645	1000121779
74523	1000097743
794069	1000081198
9463382	1000013332
15790802	1000138218
46716477	1000034994
236560399	1000031682
681333	1000113204
14275130	1000057827
14351575	1000007300
17636405	1000011240
16263407	1000025553
8501792	1000081198
17558555	1000013983
10876852	1000096554
55705687	1000034162
13801142	1000056342
14187249	1000091850
744313	1000125782
113509970	1000029693
6814192	1000092811
14830184	1000011240
16729915	1000125782
64423563	1000107878
19315174	1000053267
18924203	1000037839
14288386	1000068335
96255417	1000031682
12190382	1000139614
13041272	1000131707
14373435	1000117477
18610961	1000058086
9232572	1000098138
21810648	1000008452
14319981	1000011532
14628988	1000072704
211614808	1000029693
8501792	1000113204
613313	1000082999
7256262	1000152675
92417163	1000075903
16552089	1000013332
96621419	1000143484
2087371	1000013332
64423563	1000011240
47173960	1000138218
34543	1000041530
7400342	1000126073
207695851	1000005047
20229241	1000090055
14372143	1000036607
176854913	1000047187
68003	1000097260
16316738	1000001649
13265572	1000046169
294026738	1000135097
64423563	1000086517
23914011	1000143484
1699641	1000087436
84142850	1000114283
10090902	1000020332
25292544	1000097743
14830184	1000103223
102193655	1000149944
31800086	1000013332
12602932	1000139144
2224331	1000091850
775336	1000013332
16847294	1000125782
27795930	1000102029
9533042	1000056342
494538543	1000041511
19045458	1000045285
12707	1000114313
20437031	1000125782
14538913	1000056342
5382252	1000134730
9814222	1000031682
877421	1000013287
15351100	1000013983
19965455	1000082999
37849445	1000088878
60591163	1000107021
201753600	1000135097
793830	1000013332
16822292	1000040812
5743852	1000086266
8844862	1000097743
15765156	1000029737
25820177	1000125782
37170886	1000082999
15153	1000138218
14217937	1000114313
260389485	1000134730
12277182	1000139614
15632835	1000041511
15813218	1000013332
33456706	1000031682
36253	1000097260
185433686	1000013332
42639788	1000001649
77483	1000097743
14061863	1000126073
18447641	1000076556
7552082	1000058791
14763	1000041530
14490962	1000097001
1295001	1000097260
17733320	1000000338
31618280	1000021499
12418482	1000074535
16591188	1000138218
51303	1000088166
14882684	1000113204
3279901	1000032944
35933502	1000031682
10224132	1000101123
14262796	1000007551
32881068	1000082999
91285471	1000116616
794069	1000138218
12555	1000007300
45803348	1000135804
16952499	1000070968
9085252	1000114313
15345111	1000107878
11922692	1000086517
21497096	1000114092
112628165	1000003750
187056975	1000019823
16616494	1000053267
115443377	1000079870
14501084	1000053305
299861390	1000074535
7552082	1000070763
12069912	1000068335
451044230	1000077104
55963	1000068335
25344641	1000003750
9786072	1000033694
12266272	1000046819
14652452	1000070003
17558555	1000153389
9655342	1000117272
20755177	1000048977
332803989	1000152856
132809440	1000011532
17041577	1000151163
17398347	1000077104
223442231	1000058041
14849130	1000101123
15770476	1000055275
18448243	1000013332
14132011	1000087436
12491	1000150973
637373	1000113204
14444403	1000035138
68003	1000150650
43899109	1000103223
27609219	1000111386
41421889	1000095182
5391852	1000053267
4833	1000138218
106198153	1000034358
23082430	1000135804
14109423	1000114877
10682202	1000046238
23914011	1000134189
12161	1000128142
23433394	1000058041
15153	1000126073
656673	1000125782
18895806	1000033135
30529238	1000120126
24765829	1000126073
24765829	1000036737
