36749860	1000027795
21474310	1000070760
5746402	1000130578
172161833	1000054237
361605431	1000026022
15444822	1000085280
23179472	1000008714
2869531	1000067515
225955146	1000105045
17494046	1000142014
17859912	1000010754
17468528	1000136007
357414777	1000124230
384434554	1000124230
61677534	1000125740
282282694	1000053017
288839906	1000095239
22026934	1000102707
52922310	1000103931
362706405	1000095239
130247458	1000004502
14262199	1000102707
15873841	1000090537
23206141	1000100912
84369537	1000125328
25492883	1000006968
15533771	1000121273
304795131	1000124230
14683764	1000130578
27163774	1000111264
27091468	1000099249
64122735	1000114212
20572883	1000102707
177478817	1000022741
115313263	1000089449
78034746	1000095239
26699287	1000124230
7697472	1000075547
356606395	1000134608
125400453	1000111264
274641222	1000007122
18228075	1000142014
211264632	1000125537
127060651	1000022741
22614904	1000095239
20617205	1000022741
293202469	1000095239
1045751	1000130578
8452342	1000022741
311582506	1000095239
29620091	1000075547
62928614	1000056368
21062429	1000058088
374258792	1000031655
119121697	1000130120
99699180	1000124230
389351403	1000134608
143363196	1000134608
486450371	1000134608
144466161	1000152817
267400351	1000105045
18262659	1000153201
14108564	1000056368
253850570	1000058088
16951769	1000099249
23161445	1000100912
555309058	1000132375
12343392	1000058088
237874491	1000075221
367946968	1000106380
297683673	1000089449
20084966	1000053638
18611614	1000121273
160839015	1000025937
415766744	1000124230
96605784	1000130120
5746452	1000130578
20673385	1000022741
10697232	1000087835
38711721	1000099249
215328630	1000130120
823234	1000027795
3442781	1000025937
31637198	1000009772
128156853	1000105045
333880256	1000124230
871411	1000126241
136776312	1000009772
20804649	1000095239
73077189	1000025937
15716046	1000153201
130962408	1000132375
2050661	1000112753
7376382	1000153201
17703765	1000104367
271827739	1000134608
222264418	1000060488
28142143	1000152817
16669075	1000035558
64691255	1000105045
233668983	1000039935
10241	1000039987
268107349	1000148093
18314308	1000110616
17571515	1000124658
381451618	1000105045
88323281	1000032976
28478859	1000089449
280222550	1000075221
228539107	1000124658
158116443	1000130120
88582001	1000130120
67751089	1000095239
36618690	1000124230
14589257	1000026514
27822864	1000042958
21728134	1000075221
45297071	1000135710
101633847	1000130120
18680799	1000103931
72998217	1000125328
177360312	1000013766
158862966	1000097141
21436960	1000157296
35324363	1000110616
205207199	1000103931
76016010	1000152817
12095912	1000146033
756975	1000142014
219291900	1000095239
15614285	1000022741
268414482	1000009772
163576195	1000125537
14655436	1000025937
466830475	1000134608
25553606	1000092713
357796621	1000124230
14308908	1000022741
15257015	1000025937
73206956	1000067515
19029070	1000085280
28709290	1000124230
168207942	1000095239
526819492	1000095239
324305626	1000134608
209008102	1000091572
14677919	1000058073
21731779	1000144260
339519777	1000124230
22543796	1000009772
26320150	1000142014
367394994	1000105045
31808762	1000152458
174541760	1000056368
279251969	1000105045
191656494	1000067515
55649679	1000095419
18541188	1000124230
19830262	1000087835
140795202	1000134608
116141566	1000072931
14784831	1000130900
454348166	1000095239
54922636	1000022741
7537032	1000095239
124233222	1000075221
96531876	1000124230
115808851	1000150957
14182222	1000130308
17073902	1000130308
352728465	1000095239
155507136	1000006968
272157267	1000124230
271668181	1000124230
48992951	1000055674
16034502	1000129745
36214717	1000150757
81053602	1000089449
16791717	1000097141
3475	1000130578
133155578	1000124230
31377059	1000095239
225886905	1000152817
334462090	1000134608
24211848	1000053638
14755300	1000134608
137454485	1000008714
16905329	1000095239
24339535	1000150957
30310904	1000130578
175229187	1000009772
17918629	1000095239
211329226	1000007122
14815739	1000022741
21686566	1000124230
24680280	1000070760
11009852	1000027795
451586190	1000130578
67378554	1000035558
7453822	1000056368
516992269	1000022741
54185484	1000058595
3007041	1000101716
17363890	1000043563
57026276	1000095419
259849221	1000024332
30978101	1000025937
1175321	1000056368
44874760	1000105045
6773822	1000124230
124246212	1000075221
18256851	1000022741
20177423	1000111264
34739714	1000124230
20910568	1000095239
53543036	1000105045
2529971	1000130578
27609219	1000153252
18501299	1000134608
34543018	1000016409
311200785	1000124230
45319299	1000006968
39636618	1000009772
44578405	1000095239
350384598	1000006206
291586372	1000155443
16516351	1000070035
14948898	1000026514
56699979	1000109947
90827431	1000124230
19344585	1000043563
86830602	1000016409
116023675	1000095239
29639131	1000009772
15906640	1000153201
14303355	1000104367
14442153	1000072931
14789070	1000022741
72399069	1000132375
17750917	1000019249
27597492	1000063322
107608604	1000151545
16894839	1000056368
183511926	1000151545
91517091	1000019249
43769029	1000009772
25007375	1000111264
41415484	1000075221
240833716	1000124230
124634906	1000078245
16690802	1000124658
18797336	1000025937
16700878	1000042958
130686234	1000095080
86834627	1000042958
14416507	1000133499
111777598	1000022741
16292537	1000025937
67237134	1000095239
24221229	1000095239
182272960	1000075221
28524099	1000095239
7858982	1000087835
37721930	1000022640
19019478	1000081210
185154825	1000124230
82932549	1000075221
213223554	1000124230
17723880	1000124230
192023970	1000122548
80611468	1000025937
73429193	1000095239
15189157	1000124230
38920015	1000102707
86563606	1000022741
14106344	1000095239
36749860	1000130578
106742496	1000025937
20106852	1000092713
19705819	1000103931
16898856	1000013323
272077982	1000152817
27805740	1000124230
21069600	1000095559
64349812	1000095419
5637652	1000130578
21993653	1000025937
172768013	1000126241
54791004	1000130120
380614137	1000102707
15851640	1000146033
16908436	1000056368
471648646	1000016409
59084143	1000010955
108205076	1000124230
187312218	1000124230
37297131	1000095239
13539002	1000130308
28296969	1000063322
396315244	1000130120
14162415	1000075221
777908	1000087835
188851362	1000009772
18813482	1000058073
38907408	1000136007
17819033	1000053017
269085895	1000124230
17441342	1000013323
361345526	1000124230
52285847	1000095239
21713078	1000151545
235216483	1000095239
14672552	1000095239
26286713	1000105045
195934431	1000025937
216941274	1000089449
239465333	1000025937
14759617	1000022741
5971232	1000022741
19409376	1000151545
49724623	1000130578
20333936	1000124230
101310789	1000124230
14658627	1000112753
164722405	1000013766
266182056	1000124230
21076998	1000097141
177984545	1000092713
244154650	1000124230
141598384	1000111264
59775073	1000130900
92905910	1000124230
77404713	1000027795
11009852	1000130578
131583233	1000098214
37601193	1000124230
457793400	1000032976
357750891	1000115270
87415678	1000095239
37679126	1000095239
19038778	1000102707
296111313	1000006974
62515169	1000095239
239454404	1000105045
1966	1000130578
15566901	1000099249
555328808	1000025937
15069245	1000095239
62610201	1000022741
37219422	1000039987
12123092	1000095239
53721400	1000152817
7626162	1000025937
17457839	1000099249
283762107	1000095239
144308393	1000095239
221105122	1000101716
5868402	1000125328
52122017	1000124230
315486725	1000095239
14377838	1000022741
380663874	1000032976
312358396	1000124230
21225078	1000130120
18867883	1000075221
14291326	1000153252
97174186	1000052296
42587673	1000025937
27087844	1000084389
327635075	1000134442
20611320	1000025937
5963542	1000103931
156822490	1000150957
64483385	1000095239
129755376	1000095239
15346177	1000095239
16613670	1000100912
12998732	1000075221
12109952	1000153252
13109502	1000130900
28215110	1000027795
45887221	1000125328
22207071	1000095239
68721382	1000095239
181288376	1000122548
134549649	1000006968
64498671	1000111264
18939033	1000153252
231456006	1000095239
340354184	1000124230
16234759	1000095239
19637761	1000142014
19637779	1000130900
2156951	1000155102
370553364	1000130120
14425825	1000022741
91405401	1000021888
54759613	1000124230
69440797	1000150957
461173072	1000095239
82838063	1000095239
127039075	1000105045
37692939	1000009496
175836252	1000105045
31812497	1000086857
83904567	1000095239
301046905	1000124230
317658862	1000134608
149418303	1000124230
19852483	1000136007
15727578	1000142014
618593	1000092713
14946893	1000022741
208425042	1000130120
43196716	1000124230
14426048	1000022741
19672395	1000025937
20291791	1000095239
142690048	1000111264
18884601	1000025937
5668942	1000058595
22205493	1000097141
85676461	1000031639
74841144	1000151545
122430130	1000130120
16033621	1000025937
157406727	1000095239
525087536	1000134608
36768736	1000130578
45371884	1000095239
47530681	1000084349
16101545	1000125328
14363390	1000056368
137524817	1000021888
40832800	1000124230
124560973	1000084349
235246701	1000124230
18939033	1000104367
517716973	1000151545
36850842	1000089449
131319392	1000025937
6463842	1000075547
18860989	1000135710
75670153	1000095559
205609317	1000152933
5702	1000130578
17476953	1000075221
20009703	1000075221
185387445	1000098214
16120265	1000130578
200713206	1000009772
759679	1000022741
225140058	1000022741
349264605	1000113138
37744442	1000013766
73485731	1000013766
30992735	1000095239
131613714	1000039987
19596174	1000095239
17797990	1000006968
116400571	1000095239
354733764	1000022055
170729553	1000025937
396328071	1000095239
118360338	1000097141
47911367	1000152458
21111883	1000099476
56814021	1000111264
43170475	1000022741
96072188	1000058073
22301259	1000041019
247437412	1000134442
9218342	1000125328
126351811	1000092713
226545575	1000124230
14259641	1000042958
442669685	1000130120
16233123	1000056368
96070676	1000095239
14139971	1000026022
116590602	1000095239
6339822	1000130578
269930499	1000106380
15154217	1000022741
210758676	1000081907
15949610	1000085280
21390170	1000130120
196823075	1000042958
40671703	1000075221
29962952	1000099249
19753864	1000027795
21983436	1000025937
150856762	1000025937
352534407	1000039935
16652792	1000039987
112846894	1000124230
14936142	1000130578
14860850	1000022741
217046015	1000105045
319625617	1000106380
33486917	1000075221
761290	1000022741
14600116	1000130578
83714337	1000105045
215549374	1000155443
28048857	1000095239
14180249	1000095419
82580241	1000095239
240769735	1000130120
781730	1000095419
23645599	1000025937
10233292	1000102406
17560863	1000144762
54888193	1000130900
7738402	1000081907
32177742	1000075221
35096740	1000027795
57214985	1000095080
423892453	1000124230
18988524	1000025937
392197972	1000151545
40717768	1000025937
201831678	1000067515
256941896	1000022055
313232208	1000095239
16462623	1000130900
110157900	1000049258
341747053	1000124230
309381552	1000124230
23452335	1000025937
68189495	1000022741
308795969	1000025937
43024351	1000006974
17027460	1000095239
819999	1000027795
360149797	1000053792
14636367	1000022741
221530304	1000085280
11364932	1000095239
281929850	1000134608
5879952	1000130578
783214	1000115270
330892519	1000124230
46254908	1000013766
14911211	1000056368
21111787	1000056368
139557270	1000124230
14415986	1000126241
2747211	1000124230
229033478	1000037670
341840097	1000054237
1424001	1000142014
43196837	1000144100
35828971	1000016409
16809588	1000009772
16123519	1000027795
69049114	1000021888
83285096	1000124230
174904516	1000134608
292432955	1000084389
402394026	1000006206
159916388	1000130120
7839622	1000022741
33364234	1000095239
58462957	1000111264
14413075	1000022741
286078489	1000095239
14827979	1000056368
14051156	1000130578
273186916	1000134608
16429626	1000008569
20240002	1000026022
101875332	1000125537
88349752	1000037670
99786872	1000002714
2803191	1000125328
293850289	1000099249
58101355	1000039987
89593035	1000025937
15047955	1000075547
17122048	1000075221
393170964	1000134608
15158441	1000130578
923811	1000097141
179517986	1000095239
43366650	1000124230
20717420	1000105045
14555534	1000102406
24626969	1000115023
16682506	1000109947
25629019	1000100912
182141321	1000025937
209323541	1000098214
44068841	1000099249
58447555	1000130120
113532278	1000152458
54202611	1000144100
133704697	1000099327
431983156	1000089449
68110057	1000132375
73019162	1000095239
12551	1000013542
162775226	1000030090
24586098	1000124230
15154767	1000124230
776434	1000022741
15846949	1000022741
18849368	1000022741
20106337	1000095239
107383619	1000025937
6480732	1000085280
138639107	1000124230
34183606	1000124230
76980293	1000126241
19637761	1000146033
13096852	1000075221
19889841	1000025937
239110599	1000124230
107413645	1000022741
59507002	1000097122
5848302	1000105045
246403992	1000095239
138072063	1000090537
22264073	1000152817
118932885	1000022741
58525541	1000095239
10202412	1000133499
16372635	1000075221
20289145	1000102707
755068	1000095239
184787996	1000130120
349872060	1000106380
557143602	1000009772
433179952	1000010955
74393692	1000067515
38243700	1000126241
251448412	1000013766
209389644	1000130120
64046315	1000097141
64784661	1000125537
31767699	1000081210
9520512	1000134608
15663318	1000025937
146229225	1000150957
9826772	1000112753
86144506	1000095419
770729	1000130578
27802662	1000072931
88506347	1000152817
121063287	1000134608
24384878	1000095239
1378	1000027795
213855080	1000100912
11136132	1000056368
18648424	1000125328
397724855	1000124230
222505706	1000075221
14597044	1000022741
976521	1000041019
22556717	1000124230
184810567	1000125740
15804837	1000095080
416702970	1000060488
17905715	1000115023
238012205	1000124230
15362015	1000039987
142928512	1000136000
73271762	1000095559
62258313	1000091572
471212171	1000095239
417771496	1000134608
15363706	1000102707
19603091	1000099249
95980722	1000130120
143928271	1000025937
16372635	1000130900
15938936	1000024332
21174285	1000124230
34749146	1000111264
18714842	1000010754
61450361	1000002714
91130013	1000125537
40804186	1000022741
78453	1000081907
403101513	1000151545
120459837	1000134608
11826672	1000022741
19738805	1000103931
28144741	1000130120
206540971	1000095239
273737280	1000124230
208469691	1000010754
36257808	1000060488
140127695	1000124658
102137866	1000095239
306361167	1000130120
26115919	1000095239
15861199	1000055674
236946858	1000025937
18858188	1000095239
56357458	1000006968
21470979	1000095239
22843337	1000130578
522434045	1000124230
5906322	1000025937
133002726	1000095239
432164512	1000025937
5704082	1000022741
79563865	1000152933
242038666	1000009772
311214131	1000134608
45509346	1000025937
250900294	1000124230
250364685	1000144260
44315448	1000092713
8950222	1000153252
83969382	1000130900
34021457	1000095080
76611461	1000115270
82157642	1000113138
64880749	1000070035
27488658	1000133499
67649834	1000124230
19014279	1000129745
14792677	1000022741
274116905	1000124230
19161407	1000022741
14629339	1000022741
44794171	1000095239
141958303	1000099249
18212352	1000010754
14643059	1000131395
15040648	1000022741
220627116	1000124230
48467556	1000130120
55315205	1000013542
16407679	1000022741
13837812	1000151545
19353181	1000105045
297595216	1000099249
9151842	1000130578
19040598	1000130578
17464070	1000075221
120448031	1000025937
236840136	1000095239
79677215	1000130900
313370618	1000095239
14680381	1000027795
136341512	1000095239
14207199	1000025937
19086456	1000142014
257795306	1000124230
178696627	1000105045
38920015	1000134608
69980468	1000099476
12309582	1000114212
15706062	1000146033
26964910	1000150757
14781169	1000124230
32981735	1000136007
98691205	1000095239
33845113	1000004502
14188390	1000022741
358346423	1000110616
94881967	1000022741
36519354	1000115270
31183437	1000085280
177471917	1000022741
15192772	1000131395
25227537	1000134608
36735522	1000130900
249900020	1000025937
11094232	1000130578
19298387	1000085280
178808199	1000130120
20603058	1000025937
75749026	1000151545
131038612	1000130120
228198725	1000032976
14964953	1000130308
301301902	1000056368
156136958	1000085280
83883736	1000075547
142155231	1000060488
386434513	1000022055
9254272	1000142014
175151673	1000025937
14220688	1000052296
60995819	1000097122
1053221	1000103931
123340731	1000099249
147298311	1000075221
55247921	1000099327
280055561	1000105045
97005518	1000009496
170410154	1000021888
17948254	1000099249
160574703	1000016409
2112	1000130578
199392015	1000092713
1502111	1000142014
78909518	1000053792
347501598	1000124230
176514161	1000095239
219716744	1000130120
61040299	1000095239
95887503	1000078245
55389285	1000095239
23410046	1000095239
439160027	1000124230
32578648	1000056368
113184907	1000125328
8596922	1000022741
339527983	1000134608
25060362	1000136000
254659730	1000157296
14377387	1000075221
17080459	1000105045
130540077	1000058073
200713206	1000016409
26326756	1000022741
217234313	1000086857
102021986	1000009772
16386490	1000101716
272629343	1000095239
19695687	1000067515
13434622	1000099249
18104778	1000075547
44186632	1000095239
27803827	1000022741
64219788	1000056368
14573745	1000022741
12576702	1000008569
19793454	1000124230
17227259	1000056368
18156837	1000010955
849101	1000081907
59603406	1000022640
61197041	1000010754
41400635	1000042958
25669438	1000105045
174697966	1000075221
362685767	1000095239
21311706	1000053792
616843	1000075221
195981712	1000095239
15372333	1000101716
18323672	1000110616
47480137	1000010754
105258238	1000125537
22815141	1000125740
47453784	1000031639
466868194	1000144762
245993716	1000032976
17516821	1000030090
17088729	1000130900
15488811	1000075221
200913899	1000136007
349514926	1000124230
145910123	1000106380
328643106	1000089449
182019463	1000130900
176979102	1000105045
15716046	1000056368
356541836	1000026022
74978782	1000125740
36637295	1000153252
66893852	1000095239
181010533	1000124230
47282396	1000092713
14869988	1000095239
19898730	1000105045
217472199	1000105045
232206987	1000095239
277834034	1000102707
83710425	1000142014
15085591	1000148093
40885168	1000134608
298698796	1000105045
161748535	1000124230
356281451	1000124230
42804677	1000130120
216888261	1000153252
31504082	1000010754
25341571	1000130578
16334550	1000130900
7568282	1000095239
14971414	1000130900
263693700	1000124230
183443754	1000031655
30324434	1000125328
55879768	1000099249
28215110	1000130578
369830135	1000049258
472280764	1000067515
419271809	1000095239
15727507	1000142014
17041577	1000095239
23626520	1000124230
113751683	1000152458
303600495	1000022055
60725654	1000095239
370024566	1000025937
24634006	1000075547
15939253	1000095239
344979906	1000032976
16541868	1000155102
1797531	1000056368
21048044	1000136007
97499658	1000152817
