348393652	1000127938
280325571	1000009405
16523741	1000082766
218443914	1000057547
262762201	1000012065
27943005	1000019552
80845451	1000135468
32124771	1000009405
298376225	1000030232
378144630	1000154873
363221040	1000009405
32230901	1000011591
535437378	1000105448
286951179	1000035579
281390508	1000035579
21319801	1000032434
43137472	1000030973
182351572	1000072810
14208611	1000051272
23989491	1000045388
60366113	1000058524
38438398	1000035579
265732976	1000011591
119551241	1000061382
260808818	1000138800
327861573	1000058522
94575635	1000058524
221521761	1000157649
473328098	1000011591
116470549	1000030973
325293657	1000011591
247031120	1000035579
129575180	1000045388
44273770	1000035579
262077808	1000023774
250903260	1000047325
10779412	1000077002
20449993	1000009497
123862119	1000035579
140560158	1000035579
417770713	1000030973
355127118	1000035579
25637481	1000007100
346208047	1000009405
30105662	1000135468
148056967	1000035227
5817632	1000051272
223442231	1000096063
48428535	1000009405
52295753	1000007100
40399652	1000030973
297578568	1000110658
8904302	1000035227
102124948	1000090523
17600181	1000111030
140970624	1000034052
25577874	1000011591
143488903	1000011591
152966047	1000097659
25756519	1000148732
263533393	1000035579
61060345	1000037374
73617403	1000011591
16387569	1000009405
21390170	1000060640
88097712	1000127938
25411867	1000058214
89989652	1000113193
7826492	1000035579
18086960	1000061382
17519093	1000056305
19614067	1000100440
18916728	1000078527
393242944	1000011591
19920585	1000106166
76745164	1000106166
148388027	1000058214
23850013	1000035579
153406892	1000035579
84404016	1000035579
439935069	1000011591
15680204	1000155057
36019123	1000058524
110880380	1000011591
324662307	1000028768
295355360	1000030232
305784506	1000009405
113184907	1000005411
10295842	1000037374
318434640	1000152637
18428353	1000035579
17454769	1000035579
16292380	1000136140
116511302	1000077002
68189495	1000035579
21989389	1000017142
94667801	1000073540
34527622	1000035579
16096942	1000058524
96424027	1000152637
338126088	1000035579
227126986	1000088391
400422784	1000011591
755068	1000129423
273069036	1000030232
17133188	1000026263
157475200	1000027207
344780440	1000011591
15053949	1000038668
297256499	1000129423
115360721	1000011513
14700944	1000027207
14154640	1000005411
294463523	1000035579
114280167	1000035579
16888233	1000027207
155998369	1000073540
314273466	1000127938
256651717	1000035579
42326800	1000000014
163257434	1000009405
14148601	1000035579
307651474	1000035579
20392369	1000076811
471281387	1000157649
1586811	1000002613
273452154	1000030232
112462984	1000011591
58951711	1000035579
83262511	1000135468
183116083	1000058214
280365428	1000047325
149292003	1000111558
81263393	1000106257
19108968	1000035579
64840773	1000035579
14230524	1000097703
21225078	1000088391
87508937	1000096063
17964866	1000073540
258427967	1000035579
23494080	1000097081
50898430	1000035579
25913404	1000129423
349258539	1000129288
278342214	1000011591
275803903	1000011591
41284429	1000009405
99885625	1000011591
18730575	1000017142
491431687	1000035579
20203701	1000035579
16140347	1000049803
87630675	1000027207
204408267	1000154873
18496986	1000049803
30747059	1000056305
102269946	1000030277
22643137	1000035579
232063130	1000012893
292995395	1000035579
147091051	1000026263
487859640	1000027207
166739762	1000035579
21915666	1000148732
269215610	1000035579
244741908	1000028768
20654052	1000000014
72100259	1000035579
1876801	1000150807
73583439	1000035579
58252570	1000060640
292767542	1000009889
41045573	1000058524
368205353	1000035579
17689692	1000019552
33548291	1000066866
102510292	1000135468
129984134	1000035579
131394097	1000035579
15460081	1000009405
193998015	1000129423
47785747	1000087824
20456848	1000037374
22126763	1000010851
303566403	1000011591
66574677	1000058524
32309773	1000027207
98345808	1000132630
278291599	1000154873
22680926	1000035579
327267369	1000017811
373627392	1000011591
46647885	1000010851
182824991	1000001401
14884472	1000001401
294430454	1000077002
52419551	1000077002
252791673	1000011591
25118264	1000035227
308324295	1000099271
15521300	1000035579
427686969	1000027207
146590216	1000073540
197731654	1000111834
57654855	1000035579
36025832	1000058524
28146305	1000129423
408172581	1000088391
8735592	1000027207
18497302	1000035579
318653596	1000034243
168884851	1000035579
24117694	1000088391
289091220	1000035579
14994544	1000027207
106614991	1000077002
411952258	1000138800
555521357	1000035579
30694402	1000011591
21314814	1000078527
214684567	1000009405
34402885	1000011591
291468308	1000035579
347508389	1000011591
184391654	1000099797
15600481	1000035579
37201612	1000009405
82482121	1000035579
19849160	1000011591
359757400	1000138800
53864572	1000058214
132634690	1000058524
55422789	1000087824
6416652	1000127938
83506209	1000009405
72998217	1000034052
50223887	1000058214
254883790	1000078527
34178980	1000011591
99885625	1000035579
98821255	1000011591
153282838	1000009405
20189970	1000035579
145281097	1000128670
40286484	1000045388
293836859	1000129423
266182056	1000155057
424891673	1000028768
451642328	1000011591
62848121	1000087824
322550039	1000138800
280222550	1000041864
16628964	1000103613
21818737	1000097081
11980942	1000155057
271753649	1000030232
71627462	1000001401
20078845	1000027207
145573392	1000066866
151940305	1000111834
107377990	1000035579
424426848	1000011591
92694295	1000011591
13378422	1000037374
107830991	1000138800
344930023	1000035579
16434960	1000035227
2241411	1000032434
104203516	1000009405
57661420	1000035579
18892611	1000049803
259604936	1000035579
300085310	1000009405
18057465	1000111162
11738772	1000106166
244243477	1000045388
102903198	1000077002
396721965	1000113193
22168968	1000035579
326902165	1000009405
171422127	1000009405
48029066	1000001401
220859230	1000088391
93914024	1000035579
19948735	1000007100
150856762	1000035579
13531122	1000035579
63957137	1000129288
32211060	1000027207
68918792	1000035579
91418218	1000032434
108686216	1000106166
14847667	1000077002
16161210	1000049803
15040500	1000037374
315770095	1000106257
15587500	1000035579
26221897	1000009405
23418356	1000035579
18027124	1000038668
110840720	1000045388
169836435	1000035579
33904223	1000035579
69463057	1000035579
130262012	1000053649
209081337	1000111030
59420092	1000127938
259074589	1000106579
89396896	1000009405
517682360	1000058214
19407682	1000026263
30626987	1000035579
18586178	1000035579
321644371	1000009405
239224629	1000027207
463952369	1000105448
143568410	1000057547
15006743	1000150807
47170374	1000035579
72646886	1000106166
378494343	1000009405
29236032	1000035579
6009212	1000002613
16134308	1000049803
159223855	1000011591
249308032	1000035579
498443549	1000009405
21068919	1000113193
432784492	1000035579
443808779	1000110658
60215523	1000097703
223688574	1000011591
285930225	1000011591
456052391	1000028768
37931906	1000035579
286491862	1000076811
26280712	1000088391
91854189	1000007100
255562173	1000012893
26053643	1000027207
135704870	1000011591
27853708	1000060640
87693728	1000127938
17047105	1000099271
381451618	1000034243
234927940	1000088391
13007812	1000035579
80042805	1000087824
28291139	1000058214
16953157	1000150807
278286687	1000154873
130155510	1000116761
46789018	1000010851
209806284	1000035579
253180641	1000009405
214328887	1000105448
61170034	1000155057
74230564	1000009405
41305464	1000035579
16367575	1000073540
41099665	1000148732
82922462	1000072810
43757877	1000035579
97585509	1000011591
182108867	1000073540
143232050	1000035579
191613738	1000045626
755035	1000038668
295175946	1000035579
3108351	1000012404
82726142	1000078527
430289891	1000129423
71015564	1000035579
348849349	1000035579
60869127	1000105448
38505396	1000035579
207650884	1000027207
173557788	1000111162
352937448	1000034243
22828618	1000096063
123371537	1000011591
113587153	1000005411
90118718	1000132630
210839744	1000088391
15759755	1000005471
107845146	1000129423
306309033	1000060640
172933437	1000111162
394653242	1000034243
125543887	1000011591
181449033	1000009405
147580943	1000001401
102506966	1000035579
314738283	1000035579
72687319	1000087824
153166651	1000035579
263527613	1000106257
74651704	1000071729
93920315	1000035579
25596763	1000035579
466153206	1000001401
21010214	1000001401
19088161	1000038668
479204126	1000105448
27891216	1000027207
114546178	1000011591
16185731	1000038668
14337313	1000049803
14299203	1000150807
454340464	1000034063
92409018	1000106166
39479178	1000009405
243283086	1000113193
245490751	1000009405
22048152	1000027207
84833093	1000035579
144810832	1000030277
24479656	1000041864
22857369	1000090523
19934731	1000009497
48372456	1000035579
165908478	1000027207
57917441	1000035579
182115802	1000035579
88891580	1000009405
50342678	1000095001
106257440	1000009889
7826492	1000027207
72655702	1000100531
24273412	1000035579
18908280	1000035579
247520516	1000078527
22089103	1000100440
18727238	1000008954
50982971	1000156690
62591415	1000027207
21981231	1000009405
16613314	1000155057
42128596	1000009405
424582518	1000129423
248837329	1000001401
271139098	1000111558
60980240	1000035579
123028422	1000003022
183417908	1000035579
243176620	1000095001
221521761	1000009405
284681556	1000030232
20391646	1000008954
139809370	1000156690
77222430	1000019552
237621061	1000045388
17588772	1000049803
26878302	1000113193
61170034	1000077002
22534408	1000045388
161319475	1000045626
75454766	1000018173
19784567	1000154873
506839281	1000030973
15665127	1000099271
205915163	1000009405
51984232	1000106166
32032000	1000099271
36836939	1000035579
20460449	1000129423
344855986	1000009405
425336303	1000129423
327851931	1000011591
68611837	1000035579
14293780	1000073540
790302	1000035579
39052491	1000035579
15410701	1000035579
18384469	1000053649
78311082	1000058524
116400571	1000011513
28317115	1000128670
40076725	1000027207
102770635	1000071729
152967331	1000097659
387401772	1000111558
19789865	1000035579
300021044	1000030232
365256576	1000011591
32032000	1000077002
330512139	1000099797
31353077	1000058522
5771142	1000035579
5516372	1000077002
16799063	1000035579
351671009	1000099271
15648137	1000103613
15070932	1000035579
282581707	1000011591
8312422	1000023774
117095825	1000030973
25551246	1000009405
348212732	1000035579
82726142	1000009405
306023079	1000035579
13446242	1000136140
18050996	1000035227
47306483	1000127938
56420584	1000030973
134549649	1000035579
18365777	1000155057
97486589	1000082766
42287824	1000038668
507731256	1000012404
434433610	1000035579
15922115	1000035579
18991614	1000100531
170512878	1000035579
32309918	1000018173
27958635	1000035579
197594920	1000032434
151460592	1000035579
6001592	1000005471
59659495	1000012065
36049916	1000058524
8220792	1000017811
30433454	1000127938
20115397	1000027207
186472507	1000035579
7900182	1000106166
30459621	1000019552
82394469	1000011591
25276905	1000116761
15738180	1000113193
98633794	1000003022
253038668	1000058524
109695217	1000035579
120952684	1000009405
6804822	1000073540
91270218	1000019552
131170751	1000027207
195305346	1000035579
116710152	1000106579
85174915	1000035579
156276767	1000035579
8759332	1000009405
290075064	1000034063
18251778	1000096063
24585670	1000035579
507203986	1000155057
9955652	1000077002
43230677	1000129423
19958283	1000077002
138831722	1000088391
338068011	1000035579
122402280	1000071729
195316132	1000129423
14795731	1000073540
523820651	1000009405
