19081905	1000101011
85561166	1000086001
112263465	1000022843
325954622	1000113092
14397546	1000108353
21380640	1000042259
257372581	1000042259
16372635	1000002975
18652836	1000143870
42641124	1000069543
191072739	1000125818
96150272	1000042259
260743800	1000008495
6053842	1000041530
395029889	1000152774
26952274	1000002975
33547457	1000156087
80755329	1000053999
22366469	1000008495
25592814	1000086001
8103982	1000022747
4207961	1000123461
29592491	1000118201
403473415	1000143837
49086693	1000108353
40623024	1000156618
189789436	1000011211
44100037	1000129190
20512260	1000092982
167449308	1000023927
210731717	1000086001
278142809	1000042259
118787251	1000008495
334217265	1000063926
52405864	1000133579
14515799	1000022747
375010934	1000129190
27430995	1000007520
107568836	1000108750
2187	1000059897
11836402	1000008495
224051393	1000064082
18020652	1000028823
21614669	1000108750
19149421	1000122347
40885168	1000086001
26843564	1000149780
367946968	1000143870
83590349	1000030602
454313925	1000061129
57026931	1000051377
18577777	1000129190
14958919	1000008521
532562821	1000130855
134746906	1000042259
136288884	1000112159
215254878	1000074068
197473452	1000022747
170264346	1000069543
271452947	1000030602
36124348	1000028823
292030309	1000143870
2425151	1000022747
23772272	1000083373
19224081	1000008495
525087536	1000086001
38815826	1000086588
106044009	1000008495
149726145	1000057609
373627392	1000128319
51085851	1000042210
46581868	1000154498
61966978	1000022747
16483141	1000022747
189494586	1000007520
290522055	1000000769
67186641	1000055444
327861573	1000058522
11211372	1000104719
48480162	1000039924
18898232	1000108353
10755542	1000022747
85891683	1000104719
5960932	1000129190
12782472	1000108353
14116222	1000108353
132784018	1000042210
956501	1000041530
22506222	1000067625
39056518	1000136898
24587967	1000022747
796742	1000108750
284133650	1000016379
33548291	1000069543
155949717	1000059897
668423	1000059897
92542842	1000128319
124077669	1000108750
17787502	1000042270
120176950	1000043201
138043344	1000042259
554003471	1000143870
71140400	1000042259
57741304	1000156087
14154082	1000022747
329277121	1000030981
67625279	1000052776
384353180	1000042259
118237998	1000108750
18497606	1000052776
53524419	1000129190
274791635	1000086001
20851642	1000083373
11322372	1000041530
34798623	1000092982
446776794	1000080289
237874491	1000002975
14592523	1000129190
14246143	1000041530
233364902	1000123461
300465643	1000143870
376242600	1000042259
219070649	1000104719
24482886	1000156618
32493647	1000123461
132560993	1000008495
9636632	1000108750
466830475	1000086001
175126493	1000022843
849131	1000022747
38034789	1000013802
7429892	1000067625
398271367	1000123461
35251183	1000038478
278695868	1000023927
42464314	1000134915
15472368	1000002975
307821954	1000042259
96194704	1000042259
31525143	1000136898
229370656	1000069543
29247964	1000011226
21548362	1000086001
180463340	1000143870
16300951	1000130392
33523417	1000022747
31037985	1000129190
5838402	1000049705
256474569	1000113882
24732185	1000122802
10497032	1000022747
263483937	1000129717
58692686	1000022747
370024566	1000132863
190957611	1000086001
44955522	1000057609
6889982	1000129190
14132011	1000041530
120296068	1000129190
26442123	1000022747
18859819	1000151133
220752305	1000069543
639013	1000041530
298376225	1000152774
19148708	1000080976
15743810	1000067625
101314979	1000022747
69688997	1000132863
15717356	1000011211
61627015	1000108750
17419160	1000007520
57695187	1000104719
33022088	1000108750
14586723	1000028704
257483238	1000042259
15393582	1000084591
33006171	1000007520
218768367	1000061129
142391105	1000026246
262551007	1000077049
25001048	1000022843
257461063	1000128319
19471190	1000084425
31076895	1000136898
20560246	1000086001
137471526	1000104719
20456848	1000028704
44080327	1000101011
21797072	1000030602
48293859	1000106106
50042330	1000143870
8082302	1000067625
30090568	1000022747
282447785	1000030981
73271762	1000024475
339336382	1000133609
50901147	1000129190
17338082	1000108750
107412282	1000129190
90956395	1000007520
23480093	1000100756
42251044	1000022843
17813885	1000086588
15235815	1000097538
345930964	1000117960
20612033	1000156087
25282841	1000086001
294185420	1000086668
45391155	1000074068
16883084	1000022747
194685536	1000094680
23646603	1000008495
135020073	1000057609
261619553	1000086001
118847783	1000022747
20322929	1000083373
43053908	1000022747
380616097	1000042259
307008485	1000063920
284261833	1000022843
16879321	1000108750
45297071	1000003205
191499153	1000022747
67370542	1000094360
132368524	1000055444
20753669	1000108353
21663580	1000151133
17998052	1000042270
198431877	1000108750
1689591	1000127120
203868162	1000132863
10519	1000127120
142690048	1000011226
59785628	1000086001
17038054	1000008495
26178743	1000156618
82525569	1000129190
3228691	1000130392
17505622	1000041530
15629200	1000059897
24909358	1000092982
17301926	1000116064
59885925	1000007520
15025631	1000022747
124424508	1000042259
15456235	1000061129
19933621	1000013155
33712465	1000024475
277880296	1000042259
18320546	1000072340
273101322	1000086001
16126913	1000050206
168670705	1000086212
148770143	1000084425
113939949	1000069543
46901607	1000042259
26112438	1000107781
414950555	1000042210
45318901	1000069543
249221058	1000080289
32337883	1000042259
82433	1000041530
383493565	1000022747
18898232	1000072027
9980812	1000041530
17674378	1000072027
16365403	1000136898
16893880	1000093435
20033726	1000136898
33022088	1000022747
38920015	1000086001
8845642	1000151133
128496483	1000086001
327577091	1000123461
24910422	1000042014
15341629	1000108750
34843478	1000022747
18927441	1000022747
17979131	1000022747
78435131	1000132863
33454142	1000118201
14607214	1000022747
152866991	1000007663
22175924	1000112159
15231413	1000104719
14632632	1000127120
362646600	1000092982
15862848	1000129190
94454911	1000151133
15629200	1000041530
20495653	1000042259
39465431	1000051903
5553152	1000041530
62531110	1000069543
18980714	1000069543
231504942	1000022843
33644693	1000143837
170104691	1000147061
15186688	1000136898
11404142	1000015140
378428747	1000152774
90618895	1000086001
65176852	1000151133
124451036	1000151133
15745674	1000116064
170921507	1000147061
345949124	1000092982
291353700	1000022747
16213352	1000067625
787489	1000050952
84094747	1000136898
254613572	1000069543
300085310	1000156948
42967256	1000151133
55631487	1000156618
403339965	1000089658
417771496	1000086001
17174309	1000156087
3298931	1000022747
294290268	1000143870
42883800	1000012403
69886289	1000086001
207331711	1000125818
106470768	1000042259
21363027	1000052776
16254920	1000136898
18645812	1000123461
435923452	1000152774
100269373	1000077049
73510396	1000042259
18676369	1000007520
223560516	1000067625
15819869	1000038478
25492883	1000069543
235377567	1000128319
271452947	1000123461
9389142	1000100756
212314309	1000069543
21364520	1000088965
6183972	1000041530
271827739	1000086001
48706233	1000067625
102636539	1000086001
49221139	1000140609
121849626	1000042014
16463326	1000067625
389351403	1000086001
264531347	1000061129
16652792	1000022747
756145	1000129190
39839316	1000143837
137179994	1000094680
359749285	1000107781
89018859	1000108750
282865138	1000061129
15895373	1000151544
99330079	1000108353
31268794	1000039924
203296633	1000134915
1717291	1000123461
113205038	1000104719
55384770	1000022747
43041675	1000086001
359799323	1000042259
527163603	1000059897
6567572	1000084591
38078047	1000108750
18745350	1000136898
21247776	1000022747
24278900	1000057609
105170873	1000136898
12096202	1000100756
288404606	1000143870
159904799	1000123461
364175324	1000061129
15249171	1000022747
56423330	1000147061
168152689	1000126219
188805360	1000012403
466311355	1000152774
327267369	1000017811
4052871	1000022747
216343061	1000086001
84646933	1000022747
3940871	1000093435
141632956	1000108750
16599695	1000156618
35732628	1000086001
165520703	1000074354
282843710	1000086001
19736984	1000061129
26451647	1000108750
16417241	1000015140
41339210	1000012403
4893411	1000022747
20027082	1000156618
30013010	1000108750
25404897	1000069179
46346835	1000129190
17725192	1000088965
301721565	1000143870
242013901	1000136898
33617320	1000133609
236782567	1000069543
7409232	1000151133
55943201	1000016856
104136870	1000016379
15989423	1000059897
219675048	1000069543
348664405	1000091750
16134428	1000151133
336223722	1000113882
35777574	1000007520
34534461	1000143837
273782829	1000083767
258442066	1000078996
15641097	1000000769
169693203	1000080289
190830215	1000022843
16028265	1000067625
365110774	1000086001
632343	1000114428
29147299	1000022747
393170964	1000086001
295062437	1000143870
240201827	1000086001
14681605	1000022747
56809023	1000078996
155661154	1000023927
17640392	1000128002
22278898	1000022747
25227537	1000086001
20225875	1000156087
20851642	1000057609
1937751	1000151133
49673103	1000134915
301282103	1000091747
501724209	1000022747
176379217	1000129190
24581361	1000149780
370352650	1000091747
77267637	1000093435
47611626	1000106106
42759454	1000108750
25817020	1000127120
311214131	1000086001
54415804	1000084425
451642328	1000030981
8207832	1000022897
44144385	1000077049
30258963	1000104719
554402185	1000113092
7445102	1000022747
171267380	1000126703
320995385	1000143870
18917203	1000067625
255619459	1000061129
241069405	1000042210
16910977	1000129190
36683668	1000007663
319760538	1000128319
253643084	1000134915
30426021	1000045643
61721843	1000134915
12095912	1000067625
242624244	1000156087
14539153	1000042259
304538673	1000113092
17994536	1000028823
102400865	1000022747
15726053	1000007520
15979376	1000129190
281929850	1000086001
393763802	1000042259
11320942	1000041530
137818683	1000108750
14477161	1000022747
348982091	1000069543
15205600	1000016379
282581707	1000030981
39803481	1000028823
14326849	1000011211
33174357	1000086001
240740059	1000042014
101653958	1000129190
22288871	1000088965
140116652	1000011211
107537952	1000126703
386699190	1000042259
18021641	1000037783
49698116	1000140609
9389812	1000156618
42972408	1000042210
19575977	1000007520
474259064	1000013802
115436607	1000069543
131289713	1000050206
793830	1000041530
38389325	1000053999
94433124	1000128319
130736405	1000108750
1295001	1000022747
33998183	1000043201
25810548	1000042259
5827	1000041530
16246081	1000129190
43289545	1000147061
98916038	1000123461
14132011	1000022897
15851618	1000022747
58170602	1000107781
48797251	1000030981
394216985	1000108750
14109423	1000022747
55488516	1000086001
81982975	1000022747
119897041	1000043201
96551826	1000042259
19107667	1000074068
983991	1000022747
117576644	1000149780
174697966	1000002975
14722311	1000053999
19790861	1000030981
2691	1000022747
274962574	1000069543
157165662	1000156618
54368387	1000028823
279836991	1000042259
13459652	1000059897
19716086	1000063926
69624952	1000011211
140795202	1000086001
325116715	1000152774
43365692	1000108353
113138247	1000134915
226598682	1000045643
2992751	1000028823
11612722	1000061129
367946968	1000152774
270654014	1000147061
194120226	1000022747
18825961	1000037783
345092064	1000024475
144663771	1000133579
177259094	1000128002
21337712	1000088965
21162492	1000002975
357227113	1000152774
27751751	1000133609
9213832	1000074149
284681556	1000113092
469663656	1000086001
486450371	1000086001
8852072	1000091750
16573941	1000022747
26334909	1000133609
83943787	1000126219
19063323	1000156087
17368405	1000022747
18891379	1000022747
217361703	1000074068
31401966	1000089658
54528491	1000051903
162204428	1000107781
37826504	1000128319
388443878	1000023858
233436404	1000092982
14880200	1000030602
30133638	1000156618
15758060	1000022747
21728134	1000136898
8952492	1000022747
110007196	1000007520
290929161	1000143870
38636545	1000003205
338380084	1000156087
75662577	1000104719
18220386	1000007520
84257378	1000022747
164847679	1000133579
175131110	1000022747
11752272	1000127120
222674612	1000061129
18525154	1000104719
96070676	1000042259
26817106	1000028823
27299575	1000022747
17830009	1000105543
82158709	1000080289
169322977	1000057609
124543446	1000022747
37813010	1000069179
360268721	1000152774
96752704	1000132863
30230308	1000061129
98519324	1000042210
7933102	1000022747
61061751	1000022747
94147192	1000022747
172747510	1000129190
18247409	1000022747
18359687	1000011211
7180132	1000013155
28054681	1000057609
384031846	1000156087
179965984	1000147061
5645502	1000022747
139734373	1000022747
14220606	1000041530
42419420	1000034011
982601	1000022747
80898271	1000088965
15608761	1000059897
282862692	1000042259
208541451	1000045643
62069145	1000156948
16116713	1000067625
241006920	1000042259
298412616	1000083767
24974216	1000041530
339650637	1000092982
117530918	1000133579
224491023	1000093435
120163364	1000022747
78482616	1000022747
121063287	1000086001
28755851	1000086001
354607164	1000152774
17469332	1000097538
360999833	1000039924
113425681	1000122347
370308076	1000147061
18758218	1000074068
27512951	1000093435
163802710	1000042259
19637144	1000061129
324305626	1000086001
437057710	1000086001
275386256	1000063920
14118878	1000022747
149387229	1000114312
421848829	1000042210
38424051	1000108353
379644023	1000152774
77126235	1000028823
18345193	1000151133
1584511	1000022897
21637624	1000022747
8335182	1000105543
63253045	1000072340
246253124	1000092982
18362008	1000022747
284715436	1000108750
18160106	1000123461
58442136	1000136898
77000938	1000143870
19777398	1000086668
121296475	1000136898
25982774	1000022843
20861428	1000007520
421694439	1000136898
323029090	1000022843
120459837	1000086001
15740491	1000061129
191948440	1000123461
21726134	1000045483
259641511	1000086001
1635121	1000008521
76393948	1000150764
30520303	1000136898
455060666	1000091747
168591594	1000069543
45318901	1000008495
200942593	1000007520
1749311	1000028704
22363892	1000129190
18435438	1000061129
20988841	1000072027
56026822	1000156618
20695144	1000045483
23279771	1000061129
51264814	1000147061
192888231	1000069543
32772541	1000086212
14172588	1000127120
21409122	1000108353
281025015	1000150764
90683293	1000022747
143363196	1000086001
47433131	1000136898
27013261	1000022747
45040038	1000118201
263224927	1000080289
82838362	1000129190
18860989	1000003205
276991796	1000069543
19207045	1000051377
272173354	1000023927
30910450	1000022747
787555	1000050952
15782607	1000028704
321648148	1000147061
7335912	1000042259
356606395	1000086001
26451647	1000049705
292608038	1000152774
43121315	1000012403
329071929	1000064082
9549022	1000002975
232762581	1000154498
334462090	1000086001
148204565	1000092982
24203500	1000108750
14085473	1000067625
268414482	1000078996
299370086	1000063920
196603269	1000069543
178835600	1000077049
119171551	1000147061
15779622	1000022747
26810542	1000067625
85166539	1000016856
273186916	1000086001
23457085	1000108353
426182072	1000086001
6456482	1000104719
14134456	1000129190
283609878	1000042259
117776588	1000136898
19224439	1000123461
14615871	1000067625
82617725	1000042259
14463592	1000022747
257145854	1000042259
536893070	1000152774
80335579	1000147061
380493275	1000108750
10983152	1000041530
14518625	1000041530
512638904	1000143870
18912594	1000067625
49253437	1000022747
16384688	1000061129
5818852	1000022747
189494586	1000057609
18179447	1000059897
17787312	1000022747
32855583	1000052776
262326533	1000089943
28925243	1000069543
21004979	1000156618
14520151	1000022747
25573732	1000077049
384385772	1000042259
48648511	1000022747
17001435	1000067625
10946132	1000049705
250590425	1000042259
47905520	1000042259
14413441	1000136898
46241448	1000108750
14306648	1000041530
211223471	1000086212
6450322	1000067625
21388284	1000061129
82661220	1000136898
471357106	1000061129
14123430	1000022747
117606553	1000059415
17141178	1000008521
22602433	1000129190
15207550	1000069543
21642976	1000106106
18517910	1000108750
29301034	1000156618
545100948	1000069543
40688267	1000156087
50223887	1000086212
18609003	1000107781
14075571	1000103519
32177742	1000002975
29255412	1000059897
126061257	1000022747
5259111	1000022897
41689267	1000080976
20596035	1000093435
26742630	1000094360
23970971	1000136898
18559978	1000122802
293802222	1000143870
4833	1000041530
14047098	1000028823
58697439	1000042259
15381688	1000108750
21502768	1000147061
301366849	1000042014
35116297	1000077049
34578401	1000077049
492253390	1000043201
211318479	1000092982
432164512	1000129190
6320592	1000041530
16716904	1000041530
62905050	1000089943
108338186	1000022747
31236655	1000022747
136023366	1000101011
328557314	1000128319
342362815	1000042259
19738813	1000093435
127480942	1000008495
241282494	1000128002
48417988	1000084425
91279682	1000136898
15328942	1000007520
71573	1000157587
90835040	1000022747
177635184	1000132863
69349768	1000026246
103532942	1000069543
392468646	1000113092
16326742	1000108353
389347172	1000022747
188046098	1000104719
16144669	1000059897
20657448	1000077049
17521689	1000067625
14880359	1000114312
153069336	1000108353
273134609	1000147061
14704192	1000022747
437102741	1000086001
223467843	1000069543
381071120	1000022747
143534405	1000084425
213832879	1000042210
197600651	1000042259
179743459	1000030981
21284708	1000108750
223586053	1000154498
201143849	1000151133
309041549	1000034011
34387055	1000140609
366585100	1000030602
110716444	1000069543
98675361	1000129190
33040475	1000022747
375080088	1000069543
389355069	1000086001
271658840	1000143870
339527983	1000086001
19573773	1000112159
312217057	1000152774
115236840	1000129190
280817624	1000022747
117910673	1000022747
20958688	1000061129
19672395	1000129190
89539124	1000156087
316214273	1000022747
21801911	1000022747
207411960	1000132863
176565308	1000022897
76093054	1000042259
861201	1000041530
17400133	1000022747
20098260	1000136898
45067533	1000084425
190122893	1000129717
20425367	1000049887
25209787	1000086001
323292633	1000022747
37900255	1000129190
53474481	1000022747
94218482	1000004417
73925653	1000151133
15564045	1000028823
169322977	1000007520
14412710	1000069543
128455261	1000022747
15442781	1000041530
18475300	1000022747
98916038	1000030602
109094189	1000024475
9632752	1000022747
1473101	1000104719
282701186	1000030981
252795535	1000002975
317658862	1000086001
165580617	1000129190
14326805	1000093435
91730730	1000129190
130460474	1000106106
31353077	1000058522
227363279	1000059415
265931810	1000030981
389153	1000022897
14499788	1000136898
99003454	1000004417
13128392	1000022747
372917532	1000022747
20565770	1000022747
24130648	1000022747
24974216	1000022897
40522554	1000003205
795244	1000074354
6089182	1000151133
816954	1000041530
33097422	1000128319
221135570	1000043201
38435267	1000049887
8732542	1000022747
16521996	1000022897
33529138	1000151133
5541662	1000022747
22700969	1000117960
367443729	1000030981
91985735	1000059897
50288539	1000136898
183300976	1000002975
179065820	1000069543
175633082	1000042259
40173945	1000147061
85579477	1000030981
25014145	1000022747
305271158	1000086001
394807966	1000123461
30065770	1000022747
17034884	1000067625
42683651	1000042210
24041413	1000069543
22997147	1000022747
8786402	1000151133
453290398	1000091747
18544639	1000103519
37569283	1000061129
458845777	1000152774
43196837	1000114428
49706919	1000067625
8220792	1000017811
145673509	1000088965
128662158	1000022747
143994962	1000147061
49086693	1000072027
362685767	1000042259
402184935	1000069543
157461057	1000128319
39496703	1000023858
73181712	1000043201
71396349	1000007520
49015640	1000133579
336586492	1000061129
34543	1000041530
14299000	1000022747
338458786	1000136898
42304252	1000022747
296171243	1000152774
347701169	1000042259
338614678	1000152774
202003	1000022747
16524385	1000022747
30885462	1000151133
378450578	1000086001
15662133	1000104719
15649735	1000028704
378898898	1000042259
15905103	1000123461
46006331	1000149780
167025048	1000067625
14763	1000041530
702333	1000157587
30013010	1000156087
521112781	1000130855
9160152	1000059897
433848788	1000043201
20483876	1000050952
153069336	1000072027
19501545	1000057609
300080685	1000030981
17900339	1000022747
31208684	1000129190
119771348	1000030602
39699931	1000022747
19613737	1000147061
193806318	1000147061
394830005	1000007520
71600096	1000128319
15619821	1000104719
234698512	1000042259
19800344	1000080289
110765351	1000022747
253296586	1000074149
379630957	1000069543
14789563	1000022747
17411748	1000151544
