87725109	1000099943
18433412	1000066571
20458823	1000043509
20047103	1000133820
129880152	1000086960
16791717	1000086993
21062349	1000099943
26087034	1000086322
10221882	1000043509
129880152	1000007260
16966832	1000125932
15402623	1000053237
66803871	1000173846
21062349	1000119939
14231756	1000061751
332803989	1000099943
238691230	1000004893
22205493	1000157197
22205493	1000060196
18024103	1000043509
8471852	1000129465
41605269	1000115889
20458823	1000060196
25476249	1000102512
500125656	1000086960
7921292	1000125932
36876401	1000144041
58479193	1000125932
37242870	1000161168
105043054	1000128207
192386281	1000155005
527831741	1000007260
18024103	1000100367
14585318	1000103454
26050947	1000086322
39584643	1000102512
217931270	1000122475
61335115	1000004893
18897157	1000155005
41605269	1000119939
801057	1000048361
25565646	1000135253
801057	1000128207
28823239	1000053237
15619589	1000119939
21816442	1000061751
67013898	1000115214
28823239	1000031008
19647878	1000043509
38347814	1000099943
20458823	1000133820
25791837	1000156457
86908540	1000086960
17767841	1000135253
21556678	1000060196
38347814	1000100367
21556678	1000161168
20576633	1000141082
45561740	1000173846
14231756	1000099943
43529972	1000053237
18433412	1000133820
21556678	1000100367
500125656	1000007260
20026604	1000100367
87004822	1000136790
98513781	1000136790
15619589	1000035770
115335924	1000095678
125996244	1000043509
22205493	1000102512
217931270	1000098833
21411794	1000099943
39584643	1000063653
16440181	1000115889
99571358	1000060196
9829852	1000053237
43412421	1000007260
8471852	1000141082
22205493	1000100367
1584901	1000135253
118360338	1000119939
83731215	1000144041
26077872	1000100367
156602922	1000060196
115335924	1000088162
1282781	1000129465
81062204	1000063653
115335924	1000020780
115335924	1000099943
17678587	1000023086
80837233	1000045027
21556678	1000133820
76059222	1000086960
17678587	1000173846
137982546	1000063653
18197299	1000098833
23057107	1000155005
801057	1000099943
90743606	1000045816
22709659	1000004893
67013898	1000161168
18024103	1000061751
22605632	1000119939
87004822	1000119939
76642236	1000119939
85114893	1000099943
131615009	1000053237
23917224	1000115889
21556678	1000144041
198157799	1000136790
21396104	1000086960
745823	1000133820
21076998	1000088162
15606086	1000128207
19962319	1000099943
21182763	1000174389
16399704	1000129465
12606082	1000118488
56408416	1000141082
21076998	1000115889
7710472	1000155005
19677696	1000136790
26947525	1000115214
7123452	1000053237
67013898	1000115889
21396104	1000053847
19962319	1000136790
22605632	1000060196
67013898	1000140563
200227389	1000004893
189520887	1000060196
21182763	1000119939
41954598	1000099943
5423502	1000155005
18024103	1000133820
15407619	1000058384
15465602	1000121910
20458823	1000100367
97743746	1000173846
200227389	1000161168
3554721	1000135253
245588569	1000103454
305146023	1000004893
20458823	1000099943
229064949	1000004893
97743746	1000058384
16440181	1000161168
125996244	1000170754
34222931	1000136790
332803989	1000020780
123324789	1000004893
29237801	1000140563
22205493	1000173846
14231756	1000066571
14602681	1000123461
25846006	1000155005
33456706	1000136790
87725109	1000100367
18024103	1000119939
14231756	1000100367
80837233	1000099943
27076650	1000086960
20765126	1000099943
89460492	1000045816
120356530	1000007260
326175038	1000135253
64840773	1000004893
21076998	1000133820
18959020	1000118488
21556678	1000172914
80837233	1000115214
217931270	1000174389
16251528	1000121910
19527919	1000133820
32421348	1000072779
299738354	1000004893
229969254	1000129465
23098582	1000152767
16240539	1000119939
125996244	1000058384
224296503	1000007260
37898592	1000048361
19962319	1000048361
7921292	1000007260
21132431	1000086960
19750255	1000042777
137982546	1000102512
33136115	1000174389
100614511	1000119939
36993767	1000007260
48463781	1000100367
18024103	1000066571
21396104	1000125932
37242870	1000119939
29237801	1000099943
19612058	1000129465
19612058	1000125932
32421348	1000172914
37177143	1000173846
20255162	1000135253
30184735	1000115889
84662078	1000035770
33595881	1000086960
16743138	1000060196
85114893	1000128207
923811	1000122475
14231756	1000045027
158862966	1000119939
923811	1000133820
85114893	1000117255
158862966	1000018490
98513781	1000060196
15215771	1000004893
23917224	1000117255
123355272	1000128207
255694820	1000099506
21816442	1000099943
20026604	1000133820
43472595	1000122469
40245758	1000135253
18024103	1000048129
25214064	1000129465
189520887	1000119939
137982546	1000045027
85114893	1000100367
65294835	1000133820
133297907	1000102512
19273960	1000125932
21182763	1000099943
21076998	1000115214
22821175	1000135253
23917224	1000060196
36876401	1000021937
789286	1000053237
8471852	1000004893
23480504	1000173846
98513781	1000043509
259834925	1000152767
393852070	1000135253
16240539	1000100367
18024103	1000115889
190617923	1000128207
22205493	1000045027
21076998	1000102512
76059222	1000086322
14586604	1000004893
23917224	1000119939
21396104	1000007260
67013898	1000086993
97743746	1000045027
348429830	1000156457
20765126	1000153768
43412421	1000086960
85114893	1000119939
21182763	1000043509
56408416	1000101636
15983991	1000087733
801057	1000141082
20970926	1000119939
23480504	1000023086
7908272	1000161168
21076998	1000119939
18433412	1000099943
106039696	1000086960
41605269	1000072779
15702262	1000122469
158862966	1000086993
26077872	1000119939
21411794	1000066571
78759118	1000004893
46073304	1000122469
21324483	1000098833
324583691	1000136790
34527622	1000141082
923811	1000136790
745823	1000119939
34953095	1000053847
129880152	1000125932
42481418	1000100367
21556678	1000095678
18408647	1000170754
98513781	1000133820
65034069	1000086960
16670539	1000004893
7296332	1000053237
21182763	1000115889
189520887	1000133820
41605269	1000117255
48323182	1000103454
21556678	1000048129
48463781	1000119939
71557397	1000128207
73872981	1000119939
227775362	1000119939
114280167	1000004893
21556678	1000119939
39614123	1000153768
76059222	1000004893
360737269	1000135253
20576633	1000161168
21816442	1000144041
14231756	1000115214
21132431	1000053847
18024103	1000099943
14231756	1000098833
14333974	1000053237
85114893	1000144041
20906991	1000155005
21076998	1000099943
18024103	1000172914
133297907	1000133820
88353395	1000004893
7839622	1000103454
42003019	1000043509
17438876	1000129465
15088253	1000031008
32421348	1000119939
19161466	1000004893
90366230	1000119939
131615009	1000031008
105030602	1000128207
39584643	1000115889
26947525	1000119939
67013898	1000174389
421763123	1000047453
86268045	1000119939
16013055	1000102512
16440181	1000063653
14368459	1000161168
923811	1000161168
77351627	1000100367
360060570	1000047453
23911853	1000123461
21411794	1000174389
31388042	1000053847
24889529	1000144041
786148	1000129465
3440421	1000035770
16029780	1000135253
64046315	1000060196
48323182	1000133820
27062975	1000086960
108395462	1000045816
125996244	1000122469
15169116	1000125932
217931270	1000119939
76059222	1000129465
21556678	1000099943
415901390	1000135253
16371668	1000129465
115335924	1000140563
16791717	1000119939
19612058	1000007260
194397899	1000121910
40913222	1000135253
125996244	1000119939
48463781	1000115214
43412421	1000004893
37242870	1000100367
20808669	1000098833
21185720	1000102512
745823	1000100367
923811	1000119939
322795486	1000004893
16197343	1000007260
89617904	1000053237
36876401	1000141082
18433412	1000043509
245588569	1000133820
16240539	1000099943
10982992	1000129465
114280167	1000087733
31388042	1000007260
20458823	1000066571
97743746	1000117255
16454701	1000135253
24889529	1000100367
32421348	1000133820
12285702	1000135253
16910315	1000128207
310006225	1000129465
39584643	1000119939
16743138	1000099943
14231756	1000122475
43472595	1000140563
19286338	1000004893
22452056	1000004893
14231756	1000115889
19612058	1000086960
332803989	1000100367
97722678	1000004893
15619589	1000043509
32421348	1000060196
217931270	1000043509
133297907	1000066571
224296503	1000086322
90743606	1000004893
26063063	1000135253
48463781	1000141082
332803989	1000043509
38347814	1000045027
9527392	1000086960
15646657	1000119939
31388042	1000125932
133297907	1000099943
97374601	1000128207
58937467	1000053237
87725109	1000060196
14962670	1000099943
217931270	1000099943
20026604	1000060196
21411794	1000100367
789286	1000031008
98513781	1000119939
53556571	1000004893
26077872	1000099943
24176502	1000086960
76642236	1000100367
20047103	1000119939
21076998	1000153768
16791717	1000136790
16440181	1000174389
801057	1000115889
15646657	1000018490
31957731	1000129465
16743138	1000100367
227390518	1000135253
90366230	1000133820
99571358	1000100367
18599061	1000155005
33136115	1000119939
16791717	1000174389
923811	1000174389
22205493	1000099943
217931270	1000063653
20765126	1000119939
32421348	1000021937
48323182	1000119939
7718082	1000053237
18433412	1000119939
39584643	1000133820
21076998	1000170754
19962319	1000119939
16906715	1000135253
20727819	1000135253
332803989	1000119939
224296503	1000053847
52594536	1000128207
54341995	1000155005
15984510	1000129465
34222931	1000066571
325203020	1000004893
15010721	1000053237
674873	1000086993
69291994	1000004893
5484572	1000129465
9145492	1000053237
21556678	1000115889
9631832	1000053237
99571358	1000119939
16743138	1000174389
20309234	1000035770
39584643	1000174389
923811	1000086993
42003019	1000141082
97743746	1000119939
83731215	1000048361
17941825	1000053237
19316845	1000129465
16051404	1000095242
21150703	1000125932
117891523	1000099506
18197476	1000098833
132539191	1000004893
23917224	1000133820
48463781	1000122475
129339102	1000004893
85114893	1000174389
16743138	1000119939
38347814	1000119939
29237801	1000122475
19647878	1000173846
7718082	1000031008
18408647	1000174389
15169116	1000053847
19962319	1000133820
21062349	1000117255
19962319	1000061751
39584643	1000060196
200227389	1000045816
32421348	1000136790
36325964	1000042777
457382905	1000157197
14089309	1000118488
5647742	1000122475
85114893	1000115889
113991520	1000133820
37177143	1000101636
21816442	1000133820
97743746	1000100367
48463781	1000174389
26357267	1000135253
219365298	1000047453
19962319	1000144041
39584643	1000122469
97743746	1000141082
21556678	1000066571
36993767	1000004893
148821019	1000004893
20734411	1000135253
80837233	1000133820
108395462	1000004893
42486688	1000133820
99571358	1000043509
217931270	1000100367
20026604	1000119939
212986176	1000121910
97743746	1000061751
15407619	1000119939
99571358	1000045027
21816442	1000066571
5647742	1000133820
158862966	1000115214
114280167	1000129465
22709659	1000129465
18024103	1000144041
161830936	1000098833
118360338	1000174389
63644709	1000004893
91008721	1000095242
20458823	1000119939
86908540	1000125932
361560139	1000004893
1074431	1000155005
65034069	1000004893
31388042	1000086960
39488895	1000133820
15215771	1000129465
227775362	1000133820
16440181	1000060196
361560139	1000045816
39614123	1000119939
