96403071	1000116487
117521286	1000126668
6352152	1000036788
90076446	1000015831
76768149	1000015831
31216367	1000156502
156984830	1000112966
18254355	1000168534
39056518	1000106836
27855773	1000091104
16803215	1000048231
90071403	1000175796
14377387	1000149804
96824115	1000153546
18089875	1000077939
15323979	1000027936
44217174	1000165036
2717891	1000076199
24644909	1000156970
20787623	1000113921
235312180	1000041732
217416589	1000079653
475134373	1000134376
14659051	1000081801
171384512	1000076199
16250607	1000063746
14585386	1000050830
121826856	1000020720
18324678	1000079653
217571971	1000125511
2713351	1000076199
11133442	1000134032
19753033	1000138396
12409312	1000132945
16983297	1000031916
51643837	1000020720
9955112	1000130263
17996177	1000019470
9389812	1000087897
14501084	1000063746
14197022	1000173761
295939052	1000091104
252415267	1000148109
162145099	1000093743
75654575	1000073242
36292086	1000071811
601283	1000076199
480102482	1000077564
213670984	1000098732
18254355	1000020720
39470007	1000165526
14579546	1000076199
19383358	1000126243
10456772	1000031462
71956658	1000037288
295939052	1000076199
8941332	1000076199
77351627	1000013327
213969309	1000020999
30331404	1000058313
16932590	1000104520
45862504	1000042750
38998805	1000076199
22222000	1000076199
10716292	1000086941
14118444	1000112801
32645151	1000173513
161723588	1000103219
24000067	1000059824
127036157	1000099181
44217174	1000047765
12986172	1000077939
17173775	1000132097
33347285	1000015831
20229241	1000132097
26235236	1000099511
527938842	1000039525
14807093	1000054368
37491476	1000001623
30520303	1000106836
47346403	1000061538
16415588	1000148109
78400205	1000048532
14655351	1000095595
72343437	1000046031
15095331	1000087917
16893880	1000099181
15671529	1000079235
8194122	1000115252
5281191	1000138891
1438651	1000018846
461736934	1000134376
14224219	1000041732
14427911	1000076199
18981325	1000048231
40671703	1000102569
118902602	1000031916
16657098	1000036788
988911	1000157270
16568227	1000095595
16175118	1000020720
14411449	1000173513
15672076	1000091104
1277441	1000035303
36770749	1000091104
14341655	1000076199
119155683	1000042720
68954719	1000080829
11740902	1000018846
135918180	1000127198
81501774	1000140904
17634892	1000046031
53126140	1000091104
23236865	1000061538
15931534	1000065489
30520303	1000142495
22684584	1000019470
23179472	1000090711
33398862	1000125511
19837036	1000064365
31035336	1000039194
15901309	1000098311
20921327	1000131039
16594064	1000059285
9638882	1000151103
27512951	1000031747
18679467	1000042750
17783026	1000022847
19371099	1000048231
17185109	1000057825
97131715	1000064058
27517761	1000098732
52758588	1000048231
17386985	1000134032
52238172	1000031916
18801923	1000115906
43540843	1000039194
17351972	1000079653
65607838	1000162533
19421355	1000076199
12730882	1000036788
185504488	1000086786
116678226	1000099181
47433131	1000106836
24270610	1000063557
15625377	1000085348
36103261	1000144124
16517711	1000126668
18917156	1000020159
18679467	1000126668
81401251	1000109700
27612936	1000044873
203827751	1000062145
17802647	1000018796
58219780	1000022847
162145099	1000007812
207199149	1000046592
187512368	1000134376
32213158	1000147538
15901309	1000039983
17918891	1000062438
232430517	1000058313
20643889	1000077795
46179487	1000041732
28774039	1000086607
97130984	1000173513
7446452	1000019470
14202579	1000008300
21793918	1000137685
755756	1000076199
15961191	1000031112
18785030	1000127321
1175321	1000115359
15128159	1000124779
142690048	1000098732
16536215	1000127321
14050619	1000007812
41553	1000059824
63307960	1000091104
50597693	1000156970
21403848	1000047270
17568500	1000066895
36770749	1000142495
142320786	1000031916
14172588	1000018846
613313	1000109139
38761811	1000136125
60699802	1000094735
21818383	1000061974
111523654	1000098534
10292772	1000093743
22839501	1000132945
21793918	1000091166
15296610	1000107413
6164682	1000048231
17415916	1000141394
14257226	1000042720
14921620	1000069811
2717511	1000131039
32423136	1000048231
14217624	1000130263
29631105	1000099553
16018937	1000076774
3359851	1000148109
6164682	1000175796
17057271	1000095595
6153732	1000008300
115130647	1000020159
14751366	1000132023
60970625	1000095595
30559094	1000069271
1114911	1000138854
14402753	1000131584
1837051	1000091104
14867567	1000132097
108353251	1000086786
79312296	1000053579
186558800	1000028887
1045751	1000002090
15289446	1000019470
1106501	1000099181
375994515	1000062338
15639110	1000091104
1827071	1000114754
17030680	1000031916
84298716	1000098534
25993	1000134032
23164604	1000133740
17108182	1000018846
23799441	1000165036
90975466	1000127198
252750461	1000069170
1566521	1000147901
14067559	1000153153
61842249	1000006921
53661644	1000129437
36964520	1000097487
224809136	1000010780
16401294	1000123538
114573122	1000125511
89230366	1000002054
240362823	1000087699
90366230	1000045815
3360411	1000008300
1026321	1000054368
255232484	1000045541
18843259	1000076199
301511905	1000015831
15826432	1000173513
14876672	1000132945
217931270	1000098833
59884027	1000043585
338458786	1000106836
14865325	1000018796
262927986	1000037714
73935943	1000015831
12567072	1000134277
193553877	1000009733
18506975	1000132097
71312918	1000019470
147298311	1000036788
22168987	1000129392
501794095	1000165036
16676450	1000100978
17769620	1000107185
527938842	1000042720
29551594	1000074291
65543003	1000154484
15290730	1000019470
4519121	1000077939
412785835	1000087897
18745350	1000106836
14363806	1000168556
5447732	1000096366
319424488	1000162533
16365403	1000106836
14980781	1000138891
167884066	1000091104
43909874	1000013327
43338999	1000069811
12998732	1000036788
34783473	1000142495
1702611	1000041732
18729020	1000140574
799645	1000130263
46828073	1000168556
18492576	1000087917
16505296	1000017365
16830572	1000068989
657863	1000012836
6604002	1000041732
376960659	1000132023
172751496	1000140777
41080898	1000087438
18638460	1000153036
76436811	1000036788
9005442	1000076199
61842249	1000013586
235573486	1000039194
18322185	1000126918
170246516	1000144119
132651477	1000036788
62359006	1000165526
20228975	1000098534
19607654	1000082925
32475118	1000090138
111172527	1000165526
107516840	1000020720
398005717	1000098468
58283657	1000061538
89616724	1000101252
39839316	1000002775
18880638	1000087917
225490101	1000012675
24827422	1000114519
14712874	1000061811
653623	1000076199
441129326	1000079653
22408167	1000151103
14185671	1000109139
18197299	1000098833
19507251	1000140904
18755518	1000059131
18168324	1000115906
38318973	1000041732
31383146	1000137438
32780085	1000065489
8254452	1000163940
243706735	1000112966
18190756	1000141394
19233593	1000172678
18084906	1000007990
24479656	1000130263
11884732	1000009733
219771529	1000168534
22739224	1000132945
16158636	1000130263
14270396	1000028887
21127620	1000042750
47841677	1000009905
102731584	1000162533
52127980	1000058898
21728134	1000106836
14803372	1000042750
114864028	1000126632
60179528	1000111011
82433	1000134032
19837036	1000133740
139108740	1000086334
16453001	1000165526
55631487	1000087897
14721658	1000151103
16398821	1000031112
320037355	1000158882
18485009	1000086941
18393773	1000109139
50680206	1000095595
28297041	1000024496
15417293	1000076199
76691119	1000048231
50680206	1000010248
14183255	1000109139
44449776	1000095595
20313039	1000010248
5992502	1000144882
48946627	1000020720
4833	1000107413
9863222	1000076199
18411716	1000162533
19148708	1000002775
145344776	1000126668
20351608	1000013327
87821661	1000153546
72499513	1000168245
14173608	1000062076
11107172	1000047085
22025814	1000061413
182387569	1000147538
36770749	1000130263
18196758	1000114754
89931378	1000065538
22747182	1000020999
885611	1000019470
32793160	1000087917
18867883	1000036788
59181076	1000068989
16578299	1000146374
22931493	1000076199
16175118	1000043636
23563495	1000087438
87004822	1000074291
29110975	1000077939
38366272	1000099511
30391420	1000006921
13957392	1000092941
421591789	1000132945
14179098	1000151103
132948409	1000020720
528	1000152148
23815359	1000059285
30520303	1000091104
294106552	1000069170
20572411	1000098732
15814666	1000091104
16595732	1000113921
41954598	1000113921
18705914	1000088424
331700229	1000046031
2049781	1000076199
17137927	1000021386
90636410	1000127198
75873850	1000080829
21226684	1000173513
14070744	1000076199
10367	1000018846
100868651	1000086786
91382753	1000130263
386209891	1000128325
14413441	1000106836
788250	1000065538
34620751	1000059285
17009231	1000148109
23236865	1000044873
14439168	1000109139
33860739	1000030578
15625377	1000064365
88957553	1000042750
63847591	1000136143
14306843	1000076199
81501774	1000090347
42739048	1000026993
28740832	1000053579
174697966	1000036788
16650023	1000064365
2869531	1000091104
81894512	1000081801
113463725	1000086607
19421355	1000064365
321029318	1000048231
16522668	1000125511
24427165	1000162533
33326659	1000071741
37387919	1000090119
2059301	1000059824
21818383	1000037989
16931625	1000128721
15863571	1000027386
23491365	1000141394
20838196	1000085348
64403845	1000098311
171329398	1000112801
44292278	1000092941
14888128	1000140574
7434272	1000087897
22595031	1000165501
18402199	1000059824
16233123	1000142495
18735898	1000031462
469718467	1000020720
33845113	1000130730
14065819	1000030361
47293	1000099181
15106982	1000054368
16024323	1000018796
17568500	1000048231
14708203	1000041416
103896200	1000048231
199122609	1000151103
290921816	1000031112
16438279	1000126668
16944995	1000151103
33326659	1000169223
17769620	1000080223
84298716	1000134277
63006299	1000096461
16813989	1000046598
57615926	1000143790
785766	1000030361
34239340	1000090898
16453001	1000153153
41073372	1000076199
370943664	1000111011
77668252	1000069271
26947525	1000153153
111523654	1000086786
24004172	1000077939
17854366	1000047085
1586871	1000076199
44385724	1000162533
27803827	1000151103
1899161	1000092941
18695316	1000134032
15142243	1000059285
16568227	1000062438
16536215	1000068989
63579865	1000125511
389236388	1000069146
15933993	1000122930
11587712	1000151103
150802319	1000126632
508263861	1000158882
14718085	1000076199
50680206	1000020720
8051552	1000019470
15995226	1000010248
15868506	1000007990
22368290	1000143790
162145099	1000062438
20466609	1000134277
3828311	1000041732
17802363	1000162533
118899807	1000069146
17258115	1000018796
16788263	1000138161
18190756	1000152712
45045443	1000020712
16743138	1000153153
31216367	1000046299
18989685	1000144882
823360	1000136143
1586871	1000031462
79184073	1000110759
17813433	1000074291
107742853	1000079653
129614275	1000059824
86434118	1000039194
7617502	1000041732
11794902	1000172678
34067225	1000129437
26364857	1000100978
14621504	1000087917
14741804	1000091104
26037881	1000086786
74480870	1000086607
55631487	1000109139
50483419	1000151103
16129336	1000041566
15308331	1000019470
32517808	1000039194
91279682	1000106836
19106293	1000053579
19421355	1000032467
16267101	1000126668
481654752	1000162533
19748371	1000058898
178997867	1000093115
14416404	1000132945
84873155	1000148109
10812122	1000148109
19668592	1000076199
106423037	1000020720
32232965	1000018796
33051040	1000101252
76786777	1000031462
13699792	1000031112
290879947	1000122444
17055465	1000165501
15458602	1000009905
62169807	1000064758
200969056	1000157270
284071322	1000162709
15901309	1000019470
16926230	1000019470
19678610	1000065489
33399095	1000087438
12120272	1000157270
21769593	1000165036
16599695	1000148447
15235672	1000157270
15466056	1000077939
7099462	1000076199
6339822	1000046598
19049162	1000175252
19043902	1000082925
14849723	1000092941
14737363	1000124472
19028615	1000095595
18247813	1000131039
1271901	1000134032
22127274	1000168245
422308221	1000069170
23543993	1000001623
16284697	1000109139
7921582	1000108585
82504166	1000069902
18630326	1000041732
1801791	1000020031
15351100	1000140777
36525774	1000115367
119509520	1000020999
66331720	1000019470
131200327	1000013586
17167771	1000086786
32270541	1000059824
17663756	1000092941
14335143	1000095595
21826190	1000081374
37898592	1000120785
57615926	1000152433
16247469	1000132945
19536422	1000027131
16666617	1000159168
15244831	1000099181
105485632	1000073242
21411794	1000042720
213089141	1000148447
30802352	1000015831
134165449	1000098534
57325288	1000086786
52122777	1000148109
17873493	1000153036
28104897	1000046598
79591754	1000132945
56927820	1000026993
14069559	1000172678
15065065	1000069170
40230115	1000046299
21208444	1000002775
16479286	1000074374
64619842	1000013327
22161096	1000014232
45877354	1000090711
20605481	1000134376
108171720	1000090711
70942679	1000128721
816532	1000092941
19837036	1000058313
20472941	1000086786
15826343	1000173513
16373202	1000076199
37238862	1000036794
17973950	1000054368
57187605	1000090715
22055996	1000010248
102510292	1000175796
188196198	1000042720
7005942	1000087917
14780759	1000098912
20649406	1000141394
24621955	1000015831
57325288	1000039525
30953528	1000018846
108838926	1000086786
219771529	1000043636
22992832	1000166319
755756	1000008300
20787623	1000165526
14721658	1000009733
30008116	1000064758
18481641	1000002775
18071855	1000086786
16337119	1000019470
7826492	1000076199
1118451	1000090138
19353750	1000126918
16441489	1000098732
23913056	1000069146
12712332	1000013327
177430030	1000151103
265935150	1000125292
90862054	1000050830
105932849	1000132945
70587360	1000041732
156904764	1000080098
313916789	1000076199
16856006	1000142372
10373972	1000018846
10191	1000162533
82821653	1000137685
23138301	1000046592
23788393	1000064365
99177834	1000081237
132919800	1000112660
136200118	1000046031
26642006	1000048231
23390284	1000072012
805311	1000077939
23988681	1000092941
17001189	1000130263
81162072	1000091166
7093352	1000039194
17486351	1000048231
48933962	1000106088
21182763	1000045815
48400470	1000132097
989	1000018846
84404016	1000141394
118279350	1000041732
18131949	1000125511
552110505	1000125511
16019597	1000020720
37491476	1000064365
28359405	1000062145
20548629	1000123538
29993931	1000036892
375898136	1000013327
33977772	1000101252
18235160	1000148109
16114437	1000092941
191982243	1000046031
19661706	1000019470
20970926	1000045815
20160153	1000162533
2891131	1000001623
81801765	1000134277
16191902	1000076199
1004	1000018846
24785679	1000020999
332857636	1000173087
14558385	1000022847
19104727	1000077939
17682939	1000019470
45753733	1000019470
14791162	1000002775
23148826	1000012199
160393061	1000076199
11439162	1000130263
18691824	1000062438
71651335	1000090711
9964732	1000153194
3820911	1000009733
84404016	1000027386
121563557	1000151103
15473413	1000087917
15186688	1000106836
71213932	1000148109
177252285	1000031462
10680412	1000065489
162145099	1000132452
6739022	1000076199
184985588	1000090711
353370148	1000162533
23057736	1000158882
101608829	1000104520
14231891	1000001751
194529984	1000050830
30520303	1000129392
16999210	1000062338
14067559	1000078726
12800212	1000058313
63579865	1000096461
14659051	1000027131
16060735	1000076199
26601490	1000020720
4070181	1000162533
165833036	1000076199
15199296	1000039983
252274930	1000086786
9635642	1000076199
12804422	1000059285
7804612	1000115252
225491959	1000110759
144881964	1000087438
211230952	1000098534
16856006	1000020159
22961914	1000099181
21247776	1000151103
387055878	1000094178
51211899	1000079653
87729173	1000080223
17833262	1000148109
47465882	1000076774
8007092	1000076199
91279682	1000091104
45629136	1000087897
24604037	1000079653
21771720	1000173761
20351289	1000143532
633523	1000019470
32423136	1000093115
126210634	1000132945
78453	1000138891
23148826	1000007990
16813989	1000014787
7591562	1000041732
13130412	1000076199
4519121	1000076199
40230115	1000012199
29993931	1000086786
16019597	1000097748
942671	1000018846
79005580	1000071405
9532402	1000092941
14659051	1000155596
10716292	1000038634
23483324	1000143532
22666034	1000020999
20469167	1000134032
294949330	1000086786
7434272	1000140855
15322256	1000046592
21406257	1000076199
50468526	1000122444
23179472	1000004854
32639070	1000132097
25948843	1000033774
19621110	1000079235
1045751	1000092941
20611320	1000013327
309762859	1000164522
14158710	1000097741
10716292	1000133740
176430467	1000039508
34543	1000134032
17506082	1000019470
11057242	1000019470
38419922	1000122891
386994844	1000151977
70900318	1000019470
16669932	1000007028
18679467	1000004358
16536215	1000020720
14308857	1000141394
43472595	1000122469
58442136	1000106836
6608332	1000126243
19837036	1000038634
45391155	1000098468
21744518	1000056349
59524045	1000076199
140132026	1000092941
12393702	1000031462
17576762	1000044873
81162072	1000074291
17789672	1000019470
14344011	1000076199
19151489	1000153036
26234692	1000125511
18976948	1000113921
7098022	1000062076
23179472	1000158212
18940840	1000149027
33080973	1000048231
83969382	1000077939
1833561	1000162709
31941241	1000147538
147298311	1000102569
10716292	1000127321
14807093	1000009733
56030318	1000080829
331700229	1000114754
130314799	1000076774
15393649	1000090898
98976495	1000144882
14462724	1000001623
89351577	1000132945
70645019	1000165526
15013686	1000148447
65114379	1000080829
3094401	1000076199
24020949	1000059824
16002412	1000159168
14149937	1000005691
113463725	1000031112
63006299	1000061974
32855657	1000107185
200306441	1000012675
15351100	1000059824
14804898	1000076199
20861428	1000138161
16939148	1000064111
21375853	1000045541
10449602	1000019470
17430220	1000012836
23911853	1000042720
16630098	1000095595
336608394	1000091104
18072740	1000071405
170028171	1000086786
1118451	1000162533
14397792	1000020031
130262012	1000041107
28481474	1000090892
30133638	1000087897
823615	1000108585
21149090	1000002054
14199499	1000074374
22207520	1000020720
19164186	1000030578
58219780	1000058374
28297965	1000020999
22022795	1000094594
15446126	1000046598
33080973	1000002204
77890950	1000095595
40705032	1000077939
7115872	1000112966
11174882	1000083551
17105214	1000130263
31561072	1000165859
14102943	1000169560
212969172	1000125511
8820652	1000027936
6236172	1000031462
26836092	1000077939
15805171	1000059824
18688051	1000064365
60814115	1000076199
13169322	1000153194
15252359	1000132945
84094747	1000027386
250395792	1000083551
162775226	1000086786
13145012	1000152148
18282577	1000074291
191750596	1000168245
172102099	1000076199
19812671	1000163062
66244710	1000026924
39211986	1000161105
17105214	1000010780
20114488	1000059824
20268553	1000091104
761	1000147901
243293725	1000013327
27781725	1000090711
15489491	1000017365
20414967	1000026924
791124	1000076199
15314652	1000126711
11991892	1000091104
16363082	1000165526
439779382	1000047270
190710346	1000127198
133507164	1000019470
17568500	1000112966
14741804	1000142495
41954598	1000059834
509257237	1000098732
16004232	1000132097
90636410	1000098468
15529747	1000148109
153710970	1000112801
16536215	1000064365
26868515	1000076199
41814686	1000090711
15367053	1000059285
64783035	1000148109
15861746	1000066895
16154047	1000126345
16388703	1000073242
778446	1000124779
14110750	1000059824
15938093	1000041732
18610936	1000020999
14892191	1000046031
18688051	1000093743
123862119	1000157270
41883646	1000026924
17464070	1000036788
19349718	1000063557
29114279	1000032467
62737652	1000127198
26392468	1000141394
19231155	1000061413
14996995	1000009733
5387212	1000076199
20649406	1000113921
14474034	1000059824
111457306	1000076199
14444413	1000162533
12294382	1000126711
111129351	1000125511
6486752	1000102569
85721484	1000039194
17576762	1000106088
38824382	1000131881
111364887	1000098732
14655351	1000059285
5380672	1000142495
17918491	1000059824
24262849	1000091104
19031023	1000126668
28635233	1000095595
18408253	1000020999
14538541	1000077939
14996995	1000151103
104469678	1000088424
15217406	1000077939
10669942	1000031462
19353750	1000141394
462357211	1000062076
681333	1000134032
64516431	1000072012
1501	1000061811
15702262	1000122469
14191184	1000095595
14565565	1000086786
1966	1000018846
16832685	1000041732
43273	1000134032
55006025	1000031916
355044643	1000148447
5644962	1000031462
789314	1000046598
3583951	1000091104
542819567	1000077939
63006299	1000074291
21437656	1000031462
82932549	1000036788
57791589	1000053444
20943534	1000091104
18631169	1000043585
30913636	1000048532
24553251	1000094251
778446	1000033774
41388967	1000031462
8768832	1000096366
19637779	1000077939
16674691	1000156278
19812671	1000140116
221892875	1000163380
60037975	1000090711
68549971	1000041566
23236865	1000069902
6238012	1000076199
50193	1000018846
255490025	1000077939
25179560	1000105138
15057943	1000068989
54806215	1000163062
15907760	1000127321
46073304	1000122469
284333926	1000151103
307259829	1000048231
203410283	1000033774
14655351	1000109233
20327122	1000013327
27079087	1000076199
128561981	1000087438
64783035	1000036788
19958283	1000020159
162269614	1000017365
15446126	1000046592
19668592	1000048231
398874773	1000046598
21324483	1000098833
52613032	1000023275
52127980	1000019470
15199296	1000043636
348470727	1000012675
9724232	1000076774
28874345	1000031112
19837036	1000127321
13357022	1000033774
135918180	1000098468
103909707	1000014787
31525143	1000039021
48174738	1000047510
20217659	1000019470
25476249	1000113921
111523654	1000113921
16568227	1000041416
11781142	1000020720
17369528	1000076199
40875267	1000157270
18573267	1000151103
29710825	1000052245
58025433	1000151103
19760382	1000091177
15881026	1000041732
16153317	1000071405
105043054	1000013327
178510929	1000090892
21915474	1000020999
299448712	1000015831
59884027	1000132945
22442001	1000148109
25890506	1000076199
32213158	1000175796
103896200	1000036794
48259431	1000059285
23152989	1000148109
31606867	1000019470
104661219	1000058313
35162371	1000062908
12730882	1000031112
21103145	1000147538
37491476	1000097748
193483797	1000031916
18914321	1000009733
14263368	1000133740
20649406	1000086786
21406317	1000126345
47802716	1000091104
38094287	1000077939
17576762	1000148253
48933962	1000148253
19668592	1000126243
13310912	1000140855
18720686	1000086786
81201609	1000091104
15479902	1000127198
14217286	1000076199
23561301	1000173734
12804422	1000168534
20755177	1000046598
19478383	1000074291
40150421	1000132945
188844665	1000046592
15300604	1000076199
15127748	1000059285
5722742	1000041732
2106161	1000090711
116888317	1000107413
982601	1000151103
12196	1000156970
196735589	1000131039
10716292	1000132452
94881967	1000151103
9916402	1000090711
284071322	1000031916
199819340	1000082240
7614292	1000043636
40252336	1000093029
22269570	1000004358
18079495	1000035303
10394522	1000100066
47860056	1000077729
14074466	1000076199
31487712	1000153194
16019597	1000045541
11703722	1000125325
104996918	1000020720
30109507	1000175796
24923100	1000162533
117776588	1000106836
14620422	1000047085
413855525	1000047270
15907760	1000058313
21411327	1000098732
117891523	1000013327
96795915	1000015831
12561172	1000115359
20631142	1000101233
25027806	1000077422
17544803	1000048532
17811047	1000116838
20466609	1000163062
841791	1000091104
403901932	1000041732
43376991	1000074291
17324058	1000019470
18196758	1000152148
36743910	1000080098
1801791	1000031462
6595682	1000019470
15142243	1000095595
35908173	1000086607
17055465	1000156502
28583197	1000048231
36617968	1000031112
27781725	1000043636
204759632	1000163380
81162072	1000137685
440314273	1000174246
22839233	1000046031
15829144	1000014787
16301806	1000039428
14558385	1000124700
38748784	1000142495
210157467	1000097741
7373292	1000173761
16102671	1000130263
83880850	1000042720
18852278	1000080829
34373923	1000095595
20509649	1000165526
18233897	1000086786
198941747	1000151103
124215277	1000077939
15322256	1000168534
27512951	1000099181
390660853	1000046031
267375308	1000104520
9313022	1000076774
494811734	1000151103
23002488	1000100066
14999344	1000059834
90724176	1000042720
1277441	1000103219
281196299	1000092941
31216367	1000124700
14067559	1000086786
53709155	1000035482
137454485	1000004854
21053653	1000077795
14785495	1000071405
64659424	1000116838
74262901	1000041732
88130368	1000031112
29676657	1000087438
185308330	1000020720
14397792	1000076199
17275604	1000007028
112578026	1000125511
82504166	1000141394
37104266	1000092941
118864539	1000009733
45460579	1000125511
76940234	1000095595
18785030	1000133740
10237	1000019470
37972286	1000151103
19837036	1000020720
208693185	1000115367
14690813	1000016476
511121728	1000041732
33903608	1000054368
39460101	1000129392
14231756	1000098833
16267101	1000109233
17893290	1000086334
14575107	1000014787
21053653	1000156970
5380672	1000091104
50498805	1000114519
12998732	1000148109
441252694	1000132945
92465590	1000002054
48473	1000134376
33233	1000134032
15826099	1000173513
29693074	1000168534
32840591	1000127198
19311539	1000039508
23238377	1000041732
26033281	1000010248
24449798	1000074374
70798741	1000173513
31664653	1000026101
19568509	1000082925
185826688	1000071405
233048634	1000131584
13265572	1000091104
43165749	1000035482
51573	1000076199
282198216	1000109139
151831261	1000026861
25027806	1000138161
15940523	1000020999
28186838	1000017871
479816150	1000132945
31949053	1000046592
73113327	1000110759
29634406	1000042750
41719612	1000080829
69671186	1000048231
15332302	1000018846
18025973	1000136125
2717891	1000031462
18012833	1000041107
229154336	1000105138
6931262	1000036794
16151999	1000076199
16267101	1000039983
14333974	1000076199
10476462	1000147901
42700866	1000087917
17886882	1000152712
14176624	1000076199
193104147	1000162533
14308857	1000173967
18108742	1000124472
422063235	1000039525
18189855	1000165526
11965402	1000159168
20038690	1000091177
18169053	1000069811
31291086	1000099181
28532263	1000128721
106856883	1000076199
16168089	1000019470
17561826	1000006921
19181276	1000168245
799640	1000076199
50059478	1000052245
17900339	1000134032
14675928	1000132945
27781725	1000001623
14965981	1000162533
6339822	1000046592
5994452	1000147901
14677919	1000020720
17205884	1000165859
14544190	1000059824
94938313	1000053166
103896200	1000048532
14812771	1000080559
115130647	1000165526
17402697	1000128325
53518563	1000042750
77998729	1000020720
39264421	1000023275
15724110	1000173513
15142243	1000085348
65467398	1000093743
735983	1000076774
30391420	1000045541
8766122	1000019470
21818383	1000096461
48669511	1000091104
65505759	1000091104
19624071	1000098534
14887698	1000013327
28299971	1000154484
65774480	1000144882
26392468	1000059834
16928541	1000090711
6403332	1000046598
14202711	1000020720
220827191	1000102180
20880197	1000043636
31889268	1000152702
41814686	1000168245
14363806	1000087917
75093	1000008300
15324553	1000074374
74515945	1000173734
17243913	1000064111
237483035	1000054368
30662150	1000099511
15939644	1000168245
40167282	1000165526
91854189	1000112660
111424758	1000122444
14287474	1000087917
81162072	1000111130
14628409	1000132945
185319925	1000071405
10422602	1000087917
423901581	1000136125
18958606	1000019470
15150828	1000016476
24424030	1000173967
781568	1000008300
103902438	1000119574
14882455	1000087438
167429242	1000041732
17634892	1000030361
45082357	1000091104
40732410	1000130263
54415804	1000173734
15128159	1000132945
64333425	1000035728
17571169	1000019470
49046862	1000173513
786981	1000080829
19027832	1000046598
38984750	1000041732
36465626	1000063746
104070525	1000031916
53789489	1000041732
14971237	1000005691
15142243	1000042750
158862966	1000074291
125996244	1000122469
17813433	1000071741
16001206	1000087917
91942557	1000077939
17662117	1000077564
257921349	1000127198
212760779	1000077939
46279004	1000020720
14995806	1000080559
42634830	1000087897
806133	1000128721
19837036	1000132452
99330079	1000153036
11718	1000134032
104019971	1000098732
21004979	1000109139
82488357	1000023010
14103291	1000041732
163910493	1000143078
42937777	1000020999
15472368	1000077939
285447843	1000009733
19287097	1000041732
58347421	1000126711
34986425	1000073242
15584619	1000148109
52758588	1000095595
15258562	1000077939
305931821	1000006590
6840332	1000026101
14779526	1000047765
27612936	1000044052
25027806	1000020999
35102879	1000046592
15583257	1000152148
240179326	1000151103
20449133	1000092941
19134143	1000152702
2138441	1000132097
114908886	1000015831
18688051	1000024493
40230115	1000022847
7826472	1000023010
81162072	1000071741
3828311	1000042720
16734382	1000099511
125996244	1000002575
108338186	1000138854
15783150	1000033774
51873970	1000019470
57424032	1000130263
36206094	1000048231
14804898	1000031462
124233813	1000013327
15529747	1000091104
26392468	1000173967
30096240	1000019470
86204900	1000125325
15057943	1000020720
21409122	1000097487
7352872	1000138891
3101811	1000013821
15458554	1000099181
250911289	1000014787
16944995	1000009733
78489442	1000143078
150575070	1000162533
63006299	1000170456
16254920	1000106836
16974572	1000099181
43196650	1000137438
20808669	1000098833
20033726	1000106836
38395010	1000090347
20091908	1000134277
18740669	1000023920
24644909	1000134277
219771529	1000010248
7331992	1000041732
23002488	1000168534
373481542	1000132945
14336173	1000077939
40230115	1000156502
15866188	1000076774
45629136	1000148447
22453	1000134032
18519668	1000141833
91037749	1000161105
5865222	1000126668
14267393	1000020720
1808381	1000104520
149726145	1000020999
19185916	1000062076
26392468	1000039525
20117822	1000069146
282198216	1000104520
17069288	1000095595
21555499	1000141833
23664028	1000074291
82661220	1000106836
18214171	1000140777
41954598	1000078726
19596074	1000031916
165372857	1000035238
20152005	1000076199
115597733	1000087917
252274930	1000148109
19547038	1000018846
15394663	1000046592
6477852	1000130263
13118492	1000102569
19424888	1000076199
14876672	1000148109
12266272	1000144119
18354504	1000126668
148505770	1000059824
19809876	1000163062
150978009	1000127198
24202643	1000042720
87771546	1000037177
30097096	1000015831
82922462	1000048231
38650406	1000087917
195513751	1000062076
79276242	1000076199
153710970	1000087917
30156154	1000091104
118975084	1000039194
16119090	1000087917
48463781	1000153153
15473390	1000002054
14306568	1000111011
385078582	1000076199
15671066	1000061538
19730211	1000037177
15200846	1000076199
14308857	1000152712
15080902	1000041732
18256851	1000080559
1578141	1000162533
111523654	1000141394
421694439	1000106836
41741273	1000019470
15906950	1000076774
124077669	1000132945
164857912	1000031462
2154171	1000054368
21771720	1000111011
14946893	1000151103
14516492	1000031462
14332493	1000019470
15246639	1000018796
5644962	1000076199
10032112	1000095595
15067045	1000076199
43365692	1000020712
16365403	1000129392
17004618	1000092941
132446955	1000057825
15142243	1000126668
63579865	1000170456
133750016	1000081237
18393773	1000091104
29993931	1000141394
682463	1000109139
6073782	1000031462
18679467	1000095595
11740382	1000041732
212307779	1000131039
26392468	1000086786
13310912	1000087897
45684049	1000125325
235446476	1000015831
45310003	1000087438
12950662	1000018846
20643889	1000134277
19573773	1000039194
16818049	1000173513
14608831	1000014232
19093649	1000062438
15839528	1000072467
24449798	1000057587
17654287	1000131039
262838126	1000019470
13310912	1000115252
27612936	1000106088
81894512	1000155596
211613289	1000048231
18994771	1000112966
67692728	1000027386
12640502	1000019470
77890950	1000014787
21963179	1000062908
16594064	1000046598
15955069	1000077939
18168324	1000141394
14719968	1000109139
175771708	1000002204
11828432	1000041566
9367832	1000031462
48933962	1000125019
24268592	1000094178
14519984	1000151751
23815359	1000046598
18254355	1000059285
16036058	1000136125
770759	1000087917
14090849	1000134032
14263368	1000038634
16102927	1000069146
41689267	1000002775
15057943	1000126668
21039860	1000102180
22269151	1000152702
80349019	1000071405
854291	1000018846
23164604	1000132452
40646766	1000141394
31076895	1000106836
481654752	1000076199
18997022	1000021386
95822575	1000148109
216520299	1000019470
9299032	1000076199
176579587	1000077939
60179528	1000130263
1010181	1000076199
22595031	1000036892
87273337	1000134277
33658564	1000076199
20688961	1000126668
27421232	1000013327
43604169	1000087897
16878507	1000036788
17844854	1000058313
28521141	1000072012
23962323	1000039194
285356696	1000018796
19017100	1000010248
14519984	1000077939
43514656	1000130263
37972286	1000009733
17813433	1000111130
18368859	1000062076
53600863	1000175796
113169264	1000039194
5380672	1000148109
20838196	1000095595
852251	1000109139
16019597	1000158212
63006299	1000037989
818155	1000076199
1081	1000018846
10859	1000153194
3820911	1000151103
14444476	1000162533
18742918	1000140777
30963856	1000008369
9740572	1000046592
7860352	1000107413
28743644	1000125511
71317882	1000035728
16599695	1000109139
16740151	1000165859
18362008	1000013327
18104778	1000076199
19412366	1000020720
28846498	1000031916
18812947	1000009905
49445813	1000039194
18715225	1000041732
100360503	1000001751
15859033	1000031916
206887176	1000130730
18370918	1000148109
19371099	1000147538
15939644	1000045541
15431107	1000041732
144735154	1000098912
14991920	1000043636
14297788	1000173761
94583129	1000015831
17342842	1000062145
54890813	1000014787
25973266	1000042750
88956373	1000098311
120296068	1000042720
17219108	1000119574
779715	1000130263
13341	1000076199
40065793	1000081914
27697207	1000015831
31525143	1000106836
129614275	1000088424
175771708	1000147538
8955702	1000072467
16650023	1000168534
17464070	1000134277
11737342	1000163940
10292772	1000062438
175083017	1000017871
183400076	1000013821
31664653	1000155596
23070306	1000059285
111523654	1000056349
18087961	1000031462
23970971	1000106836
31203	1000048231
407484655	1000046592
124560973	1000098912
73514272	1000041732
23204397	1000076199
16119090	1000019470
39486292	1000125292
14538541	1000091104
17342515	1000023275
44217174	1000042750
23070306	1000007812
41522105	1000062076
23563579	1000087438
21265930	1000142372
12912	1000023275
76586150	1000053563
34182036	1000132945
82017157	1000130263
16669932	1000061538
40672070	1000081237
36325964	1000022847
23815359	1000058313
19596074	1000151977
20098260	1000106836
17576762	1000125019
179278975	1000130730
237874491	1000080559
50292965	1000165526
285447843	1000151103
22946999	1000039194
19988587	1000020720
68344653	1000076199
648523	1000134032
100829891	1000087917
615213	1000080829
284715436	1000161105
15115942	1000122444
118864539	1000151103
9451052	1000126243
8263132	1000053444
31665210	1000076199
123607075	1000091104
37916113	1000151103
20649406	1000039525
25053716	1000127198
248324850	1000082925
35547308	1000015831
15907760	1000038634
16267101	1000020720
14575107	1000095595
48669511	1000035728
121826856	1000076774
43287595	1000151103
440314273	1000087699
16743138	1000086786
16594064	1000020720
123702913	1000080223
16363082	1000069902
19371099	1000112966
21659297	1000173761
22310859	1000102569
15557717	1000076199
17631225	1000020999
14163141	1000006921
33080973	1000175796
16443393	1000036794
57729132	1000019470
7614292	1000126668
87821661	1000037288
153069336	1000110759
10263002	1000107413
4058321	1000030361
44217174	1000095595
377862490	1000013327
36350289	1000058313
169477894	1000020720
10716292	1000162533
14942713	1000088424
18354504	1000024493
17802647	1000130263
16396588	1000042750
15223433	1000091104
15907760	1000133740
82283114	1000134277
17241895	1000087917
28990676	1000079653
7081402	1000091104
21683202	1000002775
134165449	1000152433
15246639	1000116838
41954598	1000044052
57277648	1000125511
79676276	1000152712
243483285	1000013327
148264208	1000062076
18646010	1000023920
8087662	1000105213
46501487	1000141394
99330079	1000091104
12442992	1000041732
14602681	1000013327
8955702	1000039021
20398474	1000099553
42047882	1000132945
22992832	1000015831
15128159	1000043585
31184726	1000031462
19353331	1000062076
288383423	1000087897
17415916	1000173967
816532	1000002090
16175118	1000048231
15962388	1000020999
646533	1000023010
8501792	1000134032
50174777	1000173513
9212052	1000099553
17468481	1000047085
48473	1000138891
83880850	1000041732
117776588	1000035303
21769593	1000042750
123083228	1000013327
14795731	1000173513
7304782	1000018846
3558801	1000046598
15384741	1000076199
17576762	1000069902
43150711	1000109700
252795535	1000041732
94485134	1000076199
24416272	1000080829
40892020	1000030391
18598585	1000002775
114864028	1000023275
7233772	1000059824
171420027	1000041732
17813433	1000061974
8308622	1000156970
22881265	1000134032
309605958	1000041732
14804898	1000072012
70720488	1000175796
19299909	1000076774
8213742	1000076199
14326849	1000057587
15839528	1000169977
7410792	1000013327
14708203	1000032467
4833	1000134032
57325288	1000141394
15698507	1000059824
14720416	1000151103
113254439	1000041732
18976948	1000141394
57249277	1000095595
15833768	1000147538
15040500	1000132097
3030301	1000035303
14649689	1000041732
14499788	1000106836
31291086	1000031747
55631487	1000104520
7434272	1000115252
11893812	1000090119
23236865	1000008369
50288539	1000106836
20787623	1000094594
24121791	1000031112
1801791	1000076199
39601084	1000060789
45028431	1000082240
19988587	1000133740
35773039	1000048231
107296416	1000099181
20091908	1000077795
10450	1000008300
271176554	1000159168
18282577	1000096461
19181276	1000090711
9535182	1000080829
14284668	1000102180
142575652	1000132945
15745674	1000065489
27051975	1000059285
63776934	1000064058
16538815	1000112839
14500711	1000013327
17006579	1000007812
41034831	1000082240
47799910	1000077939
96402946	1000056349
60459836	1000072572
9638882	1000009733
14991920	1000058313
121594709	1000056441
18914321	1000151103
12560402	1000019470
64590892	1000041732
57615926	1000094735
16390557	1000144124
150825553	1000017365
30963236	1000091104
31179985	1000156970
158377605	1000131881
219150098	1000173734
20838196	1000126668
18197476	1000098833
16158636	1000033774
155968712	1000174246
37992666	1000002575
15199296	1000020720
5736632	1000175796
21818383	1000137685
138763943	1000071405
19447898	1000165526
14297788	1000111011
84094747	1000106836
43742834	1000175252
14823126	1000086786
13134712	1000169560
38740909	1000087897
34637377	1000116487
16102671	1000151751
19353750	1000044873
12491	1000018846
129748637	1000046598
158862966	1000019470
24181001	1000122930
17243158	1000098311
16536215	1000133740
46530267	1000098732
285441837	1000036788
89481728	1000097487
17382568	1000047085
14719129	1000054368
6253982	1000162533
21918310	1000026861
131200327	1000045541
5281191	1000134376
16552089	1000136143
16144132	1000035482
15747590	1000149027
15855519	1000058313
42338280	1000053166
260438170	1000046592
14266637	1000099181
5627542	1000092941
41533816	1000098311
19809876	1000058374
40807518	1000112839
27612936	1000069902
17522846	1000132945
18269449	1000035238
29993931	1000086607
30670112	1000015831
16007812	1000144882
28124437	1000046592
284476407	1000013327
17069288	1000026861
18982884	1000132097
213722368	1000036794
42669548	1000010248
14108346	1000059824
463592621	1000139099
18717527	1000031112
92435040	1000077939
15866188	1000020720
32652567	1000130263
16657098	1000134277
8194122	1000109139
28649796	1000079653
98917418	1000094178
21251300	1000036794
7614292	1000168534
110308535	1000081914
49445813	1000031916
31889268	1000024496
14386631	1000033774
157840589	1000132945
33486917	1000148109
18062400	1000020720
19623170	1000172678
252274930	1000142372
163527638	1000006590
17336102	1000136411
16650200	1000030391
19134143	1000165526
66131891	1000056441
17243158	1000042750
59702336	1000047270
229064949	1000013327
22512172	1000046031
15866188	1000138891
33097422	1000015831
22089455	1000076199
9085252	1000134032
6153752	1000077939
18475335	1000009141
130540077	1000020720
10436072	1000148109
15826127	1000173513
237513458	1000062076
91099887	1000095595
14455837	1000151103
8867702	1000169977
17844854	1000127321
72918810	1000090892
20437975	1000122891
15127990	1000047085
34560904	1000013374
16389472	1000053563
49126146	1000166319
15106982	1000151103
89041913	1000156970
18104287	1000132945
162145099	1000058313
28297041	1000141394
295368995	1000151103
13208432	1000009141
22852321	1000112801
57187605	1000131039
338458786	1000076199
27052339	1000062076
9651102	1000127198
40646766	1000142372
4058321	1000046031
56699979	1000094735
11341982	1000148447
16712268	1000077939
20098260	1000156278
47790323	1000097741
15407699	1000144882
350628549	1000020999
67807033	1000099553
39584643	1000122469
10860762	1000001623
18812947	1000041732
16517711	1000085348
36451558	1000046598
17728989	1000046031
17415916	1000086786
117848769	1000023275
81501774	1000153036
100301510	1000091104
11963282	1000046031
785	1000076199
14445209	1000076199
21076998	1000153153
311657687	1000039194
774096	1000054368
13126382	1000077939
15814666	1000148109
177932251	1000081374
17522521	1000173087
119235720	1000048532
22269570	1000058313
150825553	1000074291
19418918	1000101252
37046756	1000014787
20649406	1000165526
15595832	1000076199
234464405	1000077729
15814666	1000077939
18733164	1000077939
17191474	1000134032
86400696	1000058313
111492860	1000041732
242184744	1000151103
52467575	1000039428
130617778	1000099181
20802277	1000090711
193553877	1000151103
14944855	1000046598
10798802	1000087897
15988175	1000092941
47897905	1000138396
105170873	1000106836
82821653	1000071741
19382761	1000094251
33235951	1000048231
16788900	1000019470
134968136	1000131039
15080902	1000009905
15446746	1000018796
12193882	1000031112
17415916	1000012199
14973634	1000134032
6990562	1000146374
16008212	1000069146
14590081	1000151103
661403	1000030361
9243482	1000091104
20305096	1000136411
32213158	1000093029
70895207	1000132945
206822528	1000132945
28104897	1000059285
15671066	1000069902
121296475	1000106836
48933962	1000144124
4087691	1000092941
47256730	1000015831
313825894	1000107185
17174484	1000039983
10437	1000162533
4838281	1000041732
8001572	1000059131
59599890	1000019470
44698296	1000047085
23389509	1000076199
291670881	1000093743
327281170	1000139099
18917281	1000120785
3030301	1000086607
27726303	1000039194
67092832	1000082925
88340943	1000020720
6688272	1000143678
19049162	1000173967
14256927	1000125511
108686216	1000037714
18825668	1000105213
83649051	1000130263
21721401	1000013821
11884732	1000151103
172212566	1000072572
13735572	1000031112
189174040	1000125511
30348363	1000001623
11969	1000076199
16910406	1000077422
14314746	1000031462
21778405	1000143678
16239715	1000173513
33407219	1000047270
79634827	1000019470
16435321	1000162709
242013901	1000106836
942671	1000041566
14263368	1000132452
23164604	1000127321
16988220	1000018846
48833	1000134032
265650538	1000041732
23588746	1000098534
44217174	1000085348
161830936	1000098833
38763817	1000031112
10284152	1000090715
109826992	1000019470
33402909	1000060789
14585581	1000019470
92525197	1000059824
551124967	1000151103
13626882	1000142495
15851057	1000173513
18232198	1000125511
32721199	1000077939
18324678	1000020999
16536215	1000058313
15666380	1000076199
77351627	1000165526
11461532	1000094251
95008645	1000125292
46582537	1000091104
33254505	1000015831
12804422	1000058313
15162136	1000048231
10422602	1000019470
22080450	1000077939
20530770	1000130263
14263368	1000007812
132672405	1000073242
10877	1000134032
2952871	1000010248
19507251	1000148109
18985562	1000125511
55631487	1000148447
774096	1000112801
14519984	1000148109
116886222	1000090711
37358508	1000132945
5746452	1000092941
19242105	1000101233
13018112	1000002775
12567072	1000149804
15396961	1000134032
17228988	1000065538
67954005	1000087917
285865563	1000164522
91927876	1000162709
14416552	1000132945
21793918	1000169223
33047165	1000054368
161549784	1000046598
330750164	1000132945
22636462	1000026924
15383	1000076199
48713560	1000047085
7424642	1000087438
7861312	1000076199
15906950	1000138891
13141442	1000147901
143812589	1000020720
381548848	1000147538
157165662	1000148447
94881967	1000009733
48804659	1000132945
16119767	1000152148
126478472	1000132945
4467271	1000047085
2317861	1000130263
6608332	1000041732
17783026	1000140116
269422518	1000019470
107525887	1000147538
2172	1000076199
20880197	1000090711
47346403	1000153153
255392715	1000046031
16043344	1000112839
15826120	1000173513
17844854	1000038634
19693602	1000018846
18168324	1000113921
15625377	1000013374
23236865	1000141394
30938926	1000047510
24482886	1000148447
10436072	1000033774
46501487	1000153153
8111912	1000109139
46565466	1000036794
11208382	1000076199
68732646	1000132945
255232484	1000026861
28297041	1000113921
19798969	1000082925
37759047	1000092941
90799898	1000125325
67928003	1000153194
6588842	1000041732
11740902	1000087917
153582704	1000071811
62059086	1000044873
15706128	1000126711
