14400748	1000137585
15492041	1000027428
267383914	1000022108
26603533	1000041333
756975	1000149974
16299317	1000071712
388118627	1000137585
26518795	1000022448
323896067	1000137585
289738351	1000129321
80349019	1000026573
7753922	1000116708
30306043	1000136596
178808199	1000071712
15497577	1000129321
15378805	1000121394
16372635	1000022448
16522244	1000022448
82856093	1000026573
141328659	1000116708
9406452	1000162952
17587207	1000022108
20517668	1000095569
19509918	1000172845
15365998	1000057858
56352243	1000032897
10054742	1000120481
14185977	1000162952
260433129	1000104821
17037417	1000116708
82030021	1000071712
15921464	1000027428
14245846	1000109304
136373285	1000033719
14366976	1000034030
19613737	1000026573
18867883	1000014644
29876323	1000071712
16119771	1000026573
19590631	1000162787
15741636	1000041333
21111304	1000071712
105251590	1000143679
8845642	1000014188
21369856	1000096533
27759841	1000116576
11210802	1000109304
7932422	1000146032
3321441	1000027428
19186071	1000034030
14155052	1000137585
15877164	1000026573
15993038	1000062614
16912257	1000088469
13777782	1000020055
158699598	1000001558
12562202	1000109304
14217830	1000041333
7434902	1000137585
648523	1000034030
14059411	1000160391
38682272	1000026573
21834510	1000034030
15060582	1000041333
15057943	1000054011
15220205	1000071712
6438	1000028751
24997470	1000116708
30207757	1000014188
21740428	1000027844
3380291	1000027428
17948947	1000012298
211633957	1000064557
150086351	1000026573
11969	1000028751
8362412	1000034030
28332086	1000027428
15440806	1000012298
817166	1000034030
70796019	1000116708
60025762	1000129321
19274813	1000027428
33486917	1000022448
14047459	1000027844
31360120	1000160391
87478141	1000012298
130155510	1000120481
214328887	1000001558
15768928	1000121394
129389222	1000022108
202003	1000034030
36777024	1000027844
16587023	1000014782
2269731	1000071712
14336173	1000026573
8501792	1000004925
18666846	1000012298
87729173	1000110300
164582509	1000001558
21954529	1000041333
18952022	1000022448
4356351	1000027428
143225969	1000110773
16365707	1000146032
14664346	1000026573
14163701	1000022448
29631105	1000129321
8858632	1000022448
321459483	1000022108
35646585	1000034030
31547129	1000114158
877421	1000126170
178808199	1000053205
36770749	1000129321
9723672	1000116708
17070938	1000053328
17925547	1000071712
21633	1000041333
15252359	1000014782
15819632	1000129321
27050042	1000041333
19088161	1000146032
10699462	1000027428
14313712	1000034030
465171795	1000071712
17092592	1000014188
70307776	1000160826
18342768	1000014188
31518536	1000071712
390903946	1000034030
41719612	1000137585
20333302	1000014644
46542867	1000137585
14782859	1000134929
202528015	1000000526
28478859	1000137500
179510652	1000027844
17844415	1000041333
13049362	1000129321
30900841	1000137585
475134373	1000034030
8468542	1000129321
36444947	1000026573
25456246	1000063372
140630058	1000116576
276997688	1000047842
7377812	1000116708
33868543	1000047842
167552021	1000071712
69728569	1000128387
431983156	1000137500
3096071	1000137585
18949311	1000026573
26441126	1000027955
123004655	1000027428
14683518	1000116708
177678652	1000022108
3496641	1000034030
17836026	1000022108
39373784	1000063372
14614567	1000034030
7745472	1000034030
26535267	1000041333
242058793	1000034030
19873252	1000071712
12038842	1000034030
6008962	1000086907
14411797	1000034030
126444583	1000116708
25123683	1000012298
30345417	1000137585
18217098	1000149974
29631105	1000026573
16955141	1000116708
130914103	1000034030
12970892	1000137585
7614292	1000054011
118162552	1000063372
25061884	1000047842
1628691	1000034030
14394689	1000008083
389116454	1000137585
18891379	1000000526
81229871	1000071712
172366206	1000014188
14213350	1000172845
94130182	1000104821
15577411	1000055934
18288772	1000071712
18484733	1000007798
47490207	1000001558
24804973	1000096533
9208562	1000022108
14317839	1000160826
70133674	1000104821
792537	1000028751
72915249	1000027844
370215382	1000128387
49105052	1000027844
20469167	1000004925
275069760	1000082122
46876341	1000063372
862681	1000034030
106419866	1000034030
31537029	1000129321
167552021	1000116708
243013128	1000027955
17052055	1000137585
25041430	1000071712
61949499	1000090426
65974071	1000001558
7409232	1000090426
15379409	1000000526
17069288	1000054011
385813764	1000071712
15177790	1000104821
116308543	1000041333
20789819	1000071712
1241441	1000116708
16987303	1000012298
21351236	1000071712
19566708	1000071712
3001341	1000160826
354299701	1000071712
155945134	1000104821
19686097	1000071712
297683673	1000137500
25344777	1000110773
29561751	1000071712
18893423	1000034030
80349019	1000129321
14300025	1000137585
16472748	1000034030
173958524	1000012298
47569242	1000041333
58497291	1000116708
40915934	1000063372
263315511	1000071712
14884097	1000026573
30657354	1000162787
75370828	1000027844
188174957	1000026573
265255123	1000001558
186635253	1000149974
41269447	1000153003
36850842	1000137500
348883850	1000027844
14209885	1000055934
19092024	1000034030
14804898	1000134929
291455672	1000160391
14615462	1000022448
15574667	1000129321
13275962	1000007798
19224252	1000027844
317973099	1000104821
210923753	1000071712
21041523	1000129321
216871973	1000012298
22472008	1000016647
15917762	1000027428
143786262	1000086907
16131833	1000034030
9283312	1000034030
62483650	1000027844
58416211	1000022108
17862154	1000027428
15620292	1000032897
7305682	1000027955
6540712	1000028751
49857631	1000027844
180514648	1000047842
149674174	1000000526
99661289	1000071712
16101560	1000041333
75877618	1000022108
15108101	1000121394
94261822	1000026573
16275037	1000034030
115313263	1000137500
293353298	1000071712
31201768	1000055934
10450	1000149974
22451282	1000041333
486153508	1000034030
211230952	1000110300
18716004	1000014188
280817624	1000071712
77270979	1000129321
15679119	1000032897
16956955	1000041333
19120420	1000071712
19210424	1000071712
185676799	1000110773
23792942	1000022448
15399070	1000027428
194354261	1000130677
6045332	1000062614
25179560	1000105138
7614292	1000137652
96890549	1000041333
259446460	1000027955
337694536	1000026573
458655133	1000034030
16741381	1000034030
14456948	1000123767
16267101	1000137652
29518331	1000162952
20777047	1000138536
5374	1000120481
18951206	1000129321
216941274	1000137500
133507164	1000014782
25106800	1000137585
661403	1000034030
32910351	1000001558
48598420	1000000526
11228092	1000071712
16110819	1000095569
95339302	1000028751
141569475	1000129321
9406452	1000014782
130251374	1000071712
221917979	1000027844
17222674	1000041333
27787101	1000034030
3462421	1000137585
6310522	1000137585
933201	1000041333
35329667	1000162787
28895742	1000082122
216126534	1000014782
805549	1000041333
28049508	1000027844
6376212	1000125322
17872114	1000137585
346914253	1000110773
643613	1000034030
13029	1000034030
14295267	1000027844
14239354	1000160826
15142243	1000137652
29480700	1000026573
69745037	1000027955
17693063	1000026573
135397331	1000090426
14327577	1000014782
16119771	1000129321
59228196	1000022108
21992459	1000012298
92341486	1000071712
256596567	1000129321
60025762	1000026573
353466012	1000034030
59814196	1000022108
8867692	1000041333
38682272	1000129321
229154336	1000105138
47170374	1000080504
15819632	1000026573
33641840	1000026573
16158636	1000026573
49253437	1000022108
284715436	1000032897
214000046	1000090426
42338280	1000014188
18812795	1000068495
27167977	1000012298
16824073	1000071712
40587394	1000022108
437814890	1000104821
86852711	1000120481
96890549	1000012298
29561751	1000053205
303881441	1000121394
219449657	1000026573
239257866	1000053205
38372738	1000071712
196277177	1000022108
4398351	1000090426
101370287	1000012298
18922581	1000137585
65433996	1000134929
125295646	1000001558
73707412	1000071712
19210424	1000116708
21188490	1000081057
88717547	1000027955
134517120	1000022108
35422993	1000090426
18647609	1000116708
94720411	1000057858
1084	1000041333
121281725	1000116708
36982940	1000027844
31513494	1000032897
13535762	1000034030
17243874	1000172845
16517711	1000137652
5865222	1000137652
12922082	1000034030
18301663	1000034030
16407679	1000104821
25293931	1000071712
16895468	1000153003
14355627	1000028751
14445209	1000047842
44217174	1000137652
262077808	1000027844
14337876	1000048657
7058202	1000055934
28611918	1000041333
165250863	1000086198
19777424	1000027428
60727070	1000064557
2269731	1000053205
2576401	1000022448
17864230	1000041333
131601987	1000071712
62989927	1000071712
18191231	1000160826
10441	1000120481
18210263	1000034030
32675894	1000136596
15446746	1000026573
193884566	1000026573
758185	1000055934
28501963	1000129321
16197036	1000014782
36767299	1000001558
19010065	1000129321
213924346	1000160391
370943664	1000026573
151727301	1000138536
490557566	1000081057
20398474	1000026573
19566708	1000116708
167113443	1000012298
35963522	1000162787
11113	1000034030
81229871	1000116708
67574905	1000063372
329480749	1000022108
15741636	1000068014
15997605	1000026573
46678012	1000054011
16296057	1000034030
82134568	1000053328
849131	1000034030
138892360	1000022108
15040500	1000109304
16102815	1000137585
14347790	1000034030
16183380	1000129321
4085561	1000055934
14062808	1000137585
119879374	1000150735
14573745	1000116708
44826982	1000041333
75693902	1000086907
23161696	1000129321
16043008	1000007798
15997605	1000129321
27326000	1000138536
5995932	1000090426
16214530	1000034030
261541945	1000137585
8291	1000034030
61420787	1000041333
18234247	1000012298
17714569	1000032897
215328630	1000071712
2735631	1000041333
47481061	1000143679
17216468	1000022108
36593993	1000129321
16338327	1000027428
212487413	1000062614
204851368	1000104821
15801052	1000134929
17936793	1000022108
10456772	1000008083
85701883	1000012298
3296721	1000027428
5623612	1000027428
15947380	1000033719
26871300	1000041333
11361262	1000034030
5698342	1000034030
22704248	1000034030
57629490	1000048657
379422741	1000022108
96160877	1000138536
291455672	1000027844
28459102	1000016647
27390180	1000041333
173338730	1000022108
299024653	1000116708
250395792	1000129321
12277182	1000086907
15497577	1000026573
231975020	1000071712
8126322	1000041333
25541185	1000137585
255802087	1000110300
13055	1000034030
71020987	1000034030
84200495	1000071712
14683518	1000071712
18692078	1000014644
16079245	1000047842
18924203	1000137585
30972259	1000041333
2049781	1000134929
71085454	1000071712
23057736	1000026573
15112961	1000137585
14145493	1000071712
15165677	1000009952
49143711	1000022108
18698454	1000022448
68257605	1000137585
277880296	1000027844
37103386	1000027844
6165372	1000121394
20943986	1000027428
39299806	1000041333
305279466	1000068495
56517028	1000063372
23990894	1000104821
31360120	1000027844
19993686	1000121394
30101604	1000041333
174768030	1000071712
26915634	1000022108
21625307	1000027428
41436687	1000022108
74903868	1000104821
7344392	1000027428
15268048	1000125322
14087328	1000014188
14428430	1000034030
15982882	1000000526
18545675	1000022108
19370748	1000120481
174768030	1000116708
16229997	1000071712
79119341	1000027844
19953346	1000027844
27702153	1000022108
59814196	1000138536
60338351	1000127805
22784458	1000116708
32722373	1000068495
80022606	1000068495
8525402	1000034030
129080258	1000027844
91127753	1000130677
17139227	1000034030
69660246	1000027844
17673	1000086907
15668559	1000071712
20452435	1000026573
330612123	1000022108
20293613	1000026573
64356419	1000000526
14675928	1000007798
17360686	1000160826
15361298	1000068014
898371	1000028751
60741908	1000026573
15727419	1000022448
28008791	1000001558
230348941	1000116708
16158636	1000129321
13085462	1000034030
255209309	1000071712
246013406	1000022108
53512422	1000063372
30050228	1000047842
5969122	1000026573
318495026	1000129321
20624600	1000027428
36444947	1000129321
19120420	1000053205
757502	1000088469
13955432	1000041333
10260682	1000120481
73707412	1000116708
70466897	1000126170
19849160	1000027844
794069	1000123767
328643106	1000137500
22585445	1000137585
465187155	1000071712
15485242	1000149974
277623919	1000116708
14378300	1000127805
151397321	1000022108
22222000	1000134929
26882352	1000041333
456104299	1000129321
16901455	1000162952
14112294	1000028751
36169530	1000153003
15112249	1000138536
68618051	1000027844
42562874	1000053205
17602045	1000071712
540185565	1000121394
161396346	1000149974
17836026	1000138536
19991859	1000026573
29406557	1000071712
34953908	1000063372
37752699	1000090426
24911468	1000027428
81053602	1000137500
231205842	1000012298
120952684	1000086198
28482819	1000071712
732073	1000034030
47142133	1000080504
16807882	1000027428
269682829	1000008285
8437922	1000001558
280817624	1000116708
16464746	1000008285
351378266	1000063372
239257866	1000071712
190928861	1000027844
12561172	1000008083
53096698	1000020055
20353953	1000014188
96160877	1000022108
19208457	1000150735
14587578	1000071712
219076100	1000137585
15177163	1000104821
16032577	1000116708
10350412	1000071712
249842778	1000034030
23564865	1000071712
33423	1000041333
14228118	1000027955
20398474	1000129321
494210762	1000071712
203410283	1000026573
309120192	1000071712
16662956	1000034030
31137807	1000104821
293034407	1000071712
46025145	1000129321
26684668	1000027955
29480700	1000129321
358416105	1000071712
19089252	1000116708
12950102	1000134929
17769620	1000110300
173338730	1000027844
15853073	1000134929
47779423	1000022108
15398974	1000012298
24604813	1000146032
167113443	1000041333
28878624	1000114158
91889723	1000009952
21771720	1000026573
27941766	1000034030
14706267	1000149974
15052002	1000160826
106514999	1000160391
49737738	1000001558
9243482	1000086907
22689867	1000149974
46533328	1000138536
