58930815	1000100243
59682940	1000111844
162686169	1000107778
19745863	1000129590
37870827	1000041098
20875384	1000149326
14298557	1000092301
17975563	1000163680
27306000	1000024333
11845912	1000111807
137502234	1000129590
720843	1000169547
16535455	1000111844
14234493	1000169547
223247584	1000079635
257456190	1000159595
37555491	1000108590
259516003	1000039801
467171076	1000107778
39699931	1000029205
61060345	1000163680
109826992	1000172127
80102911	1000007609
18475300	1000175381
323896067	1000111807
377760382	1000083755
145756137	1000037195
101956358	1000100243
18327902	1000071386
608853	1000023253
16552794	1000169547
1864381	1000071386
20192882	1000135053
236840136	1000079635
102262267	1000172127
16513332	1000159504
286139806	1000114191
14501084	1000049165
3283901	1000163680
14533116	1000031509
244938842	1000100243
43695113	1000111807
36311369	1000159595
68270773	1000100243
416534303	1000140408
1116721	1000055534
20477352	1000151067
16820575	1000007609
28372535	1000031509
23738785	1000032116
18955413	1000107778
272064390	1000111807
15859268	1000092301
3245291	1000088092
82389071	1000175292
15040500	1000169547
77198677	1000083074
70736039	1000121790
25014145	1000079635
423188726	1000079635
49273095	1000129590
284071322	1000107778
9952802	1000055534
26858764	1000012069
16415588	1000168812
38514229	1000159595
368943658	1000100243
414027682	1000100243
14412605	1000088092
137502234	1000175381
197602850	1000129590
90460131	1000172127
9232572	1000100660
21345893	1000050124
26055318	1000017134
53792610	1000139592
15805261	1000155329
175083017	1000118325
16667262	1000036091
16006630	1000157836
22222000	1000036813
404328207	1000100243
105099308	1000065095
305073376	1000032116
320527944	1000083755
52742774	1000175963
14417969	1000121815
129866635	1000079635
14458280	1000163680
25115934	1000159595
46537966	1000159595
1175221	1000031509
273570448	1000083074
51757505	1000111844
30008826	1000092301
11317392	1000107778
1247691	1000032116
18420291	1000172127
246529857	1000100243
14202246	1000071386
46537966	1000134415
15753937	1000031509
127570045	1000159595
48473	1000071386
1045521	1000159595
14234493	1000144997
88717547	1000092066
32893732	1000164432
362959360	1000061291
15357608	1000073780
14277428	1000069963
124339940	1000137619
149292003	1000169015
133583134	1000092066
207242224	1000079635
15712812	1000158702
94667801	1000129590
30529238	1000144416
11318452	1000062740
67157376	1000175381
311657687	1000107778
166299213	1000175963
9555772	1000108020
13229902	1000045444
21897370	1000107778
170675435	1000100243
37542077	1000106316
15582769	1000159595
47766490	1000079635
5520332	1000163680
16097061	1000169547
94454911	1000032116
11922692	1000139592
25313271	1000129590
15420011	1000050124
17232551	1000071386
56733951	1000134225
14158600	1000133249
495160679	1000079635
14503291	1000159504
16190278	1000055580
31045542	1000142912
24262849	1000106268
121721121	1000172127
493155108	1000172127
17459208	1000073814
15595354	1000032116
125138145	1000129590
36198161	1000045444
14791232	1000040666
25591573	1000083755
80688804	1000032116
16699166	1000079635
18006705	1000100243
99211591	1000035989
15870918	1000039122
112784664	1000079635
16262275	1000169547
15053949	1000033520
65454772	1000111844
22850930	1000079635
27444893	1000116377
3715	1000031509
16838515	1000089398
14176588	1000139592
29906221	1000159595
45218129	1000073780
33923	1000027749
50369998	1000165598
14183551	1000169015
15931605	1000071386
80886321	1000060932
105269306	1000159595
166732373	1000032116
15859268	1000089398
30096240	1000172127
449462207	1000107778
17630515	1000092301
73619718	1000157836
109481454	1000172127
18709570	1000088092
227238239	1000079635
213414358	1000034277
23810165	1000111807
368943658	1000060932
14444403	1000061291
30402662	1000159595
17457100	1000166811
80100872	1000007609
223636089	1000092066
82387890	1000040143
14339261	1000039796
15775613	1000097678
67976245	1000107778
19517661	1000054308
223530150	1000164432
14550264	1000092301
206402409	1000118429
264438198	1000159595
134838382	1000135053
17484168	1000083074
10363842	1000066856
14877628	1000142912
2148071	1000163680
67060417	1000044411
9856232	1000118325
90452330	1000109886
21032575	1000163680
64674727	1000083074
14130107	1000098575
247032164	1000109886
407403	1000024333
88788576	1000111844
24672263	1000065095
72842277	1000107778
1047451	1000055534
156744048	1000079635
19181276	1000111534
41222853	1000159595
19300461	1000079635
204240348	1000032116
108341871	1000050124
336463060	1000079635
264011729	1000109886
207242224	1000129590
58914651	1000159595
236827933	1000079635
57903424	1000159595
14609321	1000159595
7023592	1000095148
21672825	1000144997
67692728	1000116377
73393871	1000114191
8197302	1000069963
14544162	1000092301
19663483	1000092690
17827085	1000163680
14577594	1000071386
351687278	1000159595
23168621	1000172127
14410605	1000071116
15470236	1000157836
19622462	1000163680
67574905	1000108590
14182224	1000133249
38593159	1000108020
31061079	1000045444
16250607	1000049165
311268617	1000100243
18647609	1000159595
278777228	1000111807
107404132	1000172127
25325913	1000050124
93932889	1000039796
490607306	1000079635
10299912	1000079635
166472213	1000172127
132233272	1000039122
45877354	1000111534
15295809	1000121790
4997041	1000099155
28149095	1000130184
20205471	1000130184
17453598	1000040666
17903594	1000159595
28851186	1000088092
12916	1000169547
286139806	1000100243
389111108	1000079635
64619842	1000159595
17982105	1000062740
16550480	1000062441
14411907	1000163680
19374558	1000164432
759003	1000133249
102193655	1000040666
20466150	1000159595
1000591	1000163680
16514761	1000159595
24233495	1000115161
9297182	1000089398
53870594	1000040666
49629418	1000159595
39588492	1000071116
91473579	1000001357
155660609	1000140408
17792251	1000106316
180680636	1000089398
30345417	1000159595
16912257	1000175381
25742478	1000071386
216447439	1000071386
259516003	1000118429
4921131	1000092868
20193243	1000055580
195232660	1000130184
883761	1000106316
232206987	1000111807
70587360	1000088092
185709045	1000079635
231571333	1000039796
16175118	1000111534
19965811	1000107778
32445507	1000046018
9921142	1000055534
15448233	1000079635
16606585	1000079635
10621792	1000092301
14467098	1000159504
792537	1000007059
16281943	1000106149
20114488	1000139592
16063991	1000135053
17533559	1000033520
105918870	1000107778
20073774	1000172127
288095664	1000172127
37784171	1000156991
18715225	1000159595
17474531	1000071386
49273095	1000111844
45156251	1000106316
218565522	1000172127
11752272	1000092301
12095912	1000031509
24562115	1000092301
24862758	1000107778
14266637	1000115161
211213004	1000165598
125311700	1000172127
69679166	1000159595
16433562	1000031509
7982802	1000071386
19595820	1000031509
46715620	1000036091
922	1000083939
202037047	1000159595
10621792	1000089398
5436192	1000159595
88508559	1000042113
14246892	1000089398
15692925	1000111807
19220724	1000135053
484813312	1000079635
167313316	1000100243
18232304	1000045444
72499513	1000111534
125523197	1000039801
90984237	1000155329
246944501	1000007094
60321100	1000163680
17673	1000027749
817288	1000071386
14498387	1000130184
96150272	1000111807
17833262	1000029205
22850570	1000062740
18822024	1000092301
18574885	1000066856
152580711	1000034277
156574449	1000055316
99727844	1000157016
134348059	1000172127
15680097	1000169547
88119895	1000157016
16446837	1000111844
28228172	1000100243
41077970	1000062441
33432904	1000172127
5653212	1000055534
271188987	1000100243
418	1000083939
18483612	1000079635
25428210	1000062284
9641832	1000071386
16988220	1000007059
95383690	1000172127
18826638	1000159595
404328207	1000114191
5721662	1000159595
74523	1000163680
23970971	1000169015
14830184	1000040666
16650656	1000040476
40328833	1000039122
510089389	1000172127
106407309	1000027633
23045297	1000159595
648873	1000027749
16815990	1000089398
134735765	1000092868
133754672	1000111807
22046728	1000089398
17457100	1000092301
130767899	1000109886
47976929	1000079635
7753772	1000035989
197262168	1000079635
12649792	1000107778
15112961	1000159595
12564622	1000159595
364076609	1000079635
28108411	1000036091
15633118	1000066856
30080131	1000107778
22481442	1000172127
469928841	1000172127
1239671	1000027633
11828432	1000100660
19142649	1000049165
23067784	1000079635
140233276	1000029205
17827085	1000040143
80886321	1000100243
11666142	1000071386
1043241	1000055534
14378048	1000012069
471963	1000116187
155998369	1000111844
14536491	1000159595
19628775	1000050124
791124	1000071386
22378524	1000172127
329048731	1000107778
14654965	1000111807
5191441	1000163680
13352012	1000036813
28755471	1000114191
17596468	1000159595
155998369	1000129590
178240545	1000106268
16560905	1000121790
1047961	1000055534
19237585	1000061291
18500777	1000118325
12589692	1000149326
338682642	1000079635
414027682	1000114191
1857421	1000149218
17576144	1000129590
13185852	1000111807
17822644	1000139153
52442002	1000001357
55033745	1000080975
27595997	1000092301
26889413	1000163680
66182591	1000012069
19028099	1000049165
65647594	1000147871
38400067	1000111534
16815990	1000092301
2217251	1000055534
22428396	1000159595
402041445	1000083074
80886321	1000114191
34767211	1000100243
18946688	1000032116
187144700	1000100243
16745015	1000139153
32548772	1000164432
16296704	1000037195
66691804	1000129590
122221870	1000122314
14154172	1000089398
118975084	1000107778
244938842	1000114191
222953824	1000031509
197310509	1000079635
57214985	1000109886
26303689	1000106316
14298557	1000166811
22946999	1000107778
14207200	1000024333
32270541	1000049165
293284363	1000114191
454484422	1000007094
16172482	1000111534
13024182	1000066856
16273	1000133249
386175131	1000139153
42338280	1000159595
82387890	1000163680
147386402	1000027633
14106930	1000055534
69960885	1000163680
9232572	1000135053
113241406	1000100243
18361967	1000111807
386994844	1000107778
300842571	1000079635
193126850	1000158702
63240389	1000100243
59018016	1000036813
21970278	1000137619
20682302	1000142912
120358020	1000152933
329956132	1000079635
6877722	1000163680
15323979	1000089398
71370562	1000139252
17582887	1000106149
1452261	1000055534
31296704	1000159595
11253262	1000116187
823234	1000071386
84250304	1000092301
5309462	1000099155
48459300	1000050124
13041272	1000046018
18569484	1000012069
191750596	1000111534
220212905	1000092301
11224342	1000073780
119766848	1000134415
65454772	1000044411
73078007	1000157836
17179180	1000159595
20621897	1000149326
85923804	1000151067
32548772	1000159504
204447380	1000140408
49445813	1000107778
8584	1000071386
250274822	1000114191
17262744	1000088092
122221870	1000169015
53792610	1000040666
368943658	1000114191
14946695	1000168812
186909056	1000172127
150751008	1000163680
9856232	1000159504
1049111	1000055534
16099291	1000153795
28389479	1000032116
205115952	1000092066
45516390	1000107778
38403025	1000035989
18600956	1000088092
14240103	1000040666
263292498	1000161847
28846498	1000012069
17056447	1000159595
30412010	1000159595
14512689	1000088092
90385486	1000114191
14471778	1000159595
33432904	1000057635
31045542	1000040476
253823543	1000073814
1951731	1000163680
219419701	1000079635
4812381	1000159595
14647570	1000107778
33193831	1000109886
25566593	1000032116
180664797	1000003965
28644277	1000114191
138986189	1000079635
101670728	1000039122
39465431	1000083074
30096240	1000057635
16295907	1000111534
12680112	1000149218
25313271	1000111844
17027590	1000071386
298724999	1000139252
22025910	1000159595
14103291	1000088092
21360185	1000062740
822655	1000089398
5655872	1000040666
15245470	1000118325
5768872	1000007059
822655	1000135053
147389943	1000106316
114589165	1000045444
14090859	1000159595
17132311	1000083074
31443503	1000107778
14298557	1000041098
43877891	1000134225
296609425	1000098436
37933762	1000100243
327623069	1000032116
118975055	1000088092
14889964	1000159595
169899130	1000027749
2857831	1000133249
167313316	1000114191
164731122	1000129590
20889680	1000079635
20603058	1000029205
35601269	1000003965
14110750	1000139592
14405111	1000163680
29293260	1000088092
36969875	1000045444
14199979	1000159595
16807882	1000159595
18753000	1000111807
2622521	1000079635
8070502	1000163680
194312420	1000100243
35012277	1000100243
5854882	1000097678
31162267	1000040666
84774312	1000007609
164843387	1000106268
19119804	1000024333
24702660	1000042113
92751415	1000111534
10621792	1000135053
14267595	1000107778
185910976	1000089261
21957583	1000156991
16733141	1000163680
21438668	1000106268
19709033	1000083074
14676716	1000169547
123655316	1000098436
14499788	1000122314
5603992	1000088092
15010418	1000147871
3365291	1000032116
23179472	1000111534
150256656	1000079635
822655	1000092301
14795731	1000129590
418160414	1000079635
47161442	1000045444
636833	1000023253
317932183	1000079635
22977196	1000159595
14298557	1000007059
21065280	1000092690
66922881	1000129590
14056632	1000071386
66182591	1000089261
21123806	1000139153
17547990	1000111807
41713	1000071386
15651700	1000163680
10203	1000007059
118975084	1000089261
510089389	1000057635
266427361	1000079635
14957902	1000106316
15676492	1000095148
15398191	1000062284
108558650	1000079635
379449789	1000079635
14952378	1000088092
249392656	1000079635
18823495	1000159595
35937007	1000080975
466919194	1000092868
16129336	1000089398
78190623	1000159595
244938842	1000060932
15510569	1000071386
24992454	1000116187
19000369	1000091558
14240103	1000024333
11619622	1000149326
196917975	1000161847
53512422	1000108590
33266813	1000100243
214618570	1000032116
163629705	1000039801
118975084	1000012069
19078387	1000107778
3286871	1000040666
179065820	1000055316
14711077	1000159504
123160974	1000133249
16785028	1000100243
14227559	1000169547
12970892	1000159595
5722742	1000139153
15340220	1000135053
15269276	1000142912
28249901	1000012069
167375916	1000163680
44978552	1000172127
39358333	1000098339
49943475	1000055580
138273945	1000172127
15378041	1000092301
265527695	1000172127
36231321	1000175292
271535475	1000172127
14116247	1000164432
9232572	1000089398
10367	1000089398
298412616	1000017134
170113817	1000045444
16978258	1000089398
130604350	1000129590
180680636	1000092301
19663483	1000054308
92525197	1000139592
25843787	1000172127
1044771	1000055534
101956358	1000114191
1143031	1000092301
241109716	1000111534
86120331	1000129590
15488968	1000159595
81757807	1000079635
432557242	1000172127
81757807	1000111844
14066988	1000163680
243283086	1000161075
104148298	1000161075
2896251	1000098575
59682940	1000129590
32445507	1000121815
12863602	1000098436
27008424	1000040666
17596622	1000062441
10638782	1000163680
7125992	1000159595
36999171	1000111807
9247852	1000066856
26376491	1000079635
14134942	1000027633
205019662	1000079635
19687995	1000091558
68033540	1000106268
14066276	1000106316
17576144	1000111844
51263711	1000031509
17424872	1000029205
19245182	1000100243
202003	1000071386
12606852	1000139592
15399070	1000159595
71037361	1000079635
16010789	1000031509
45083343	1000152933
14600465	1000169547
33488260	1000172127
200247298	1000100243
194312420	1000114191
3321441	1000032116
336463060	1000100243
16434105	1000098339
71658533	1000083074
14098332	1000144416
90385486	1000100243
658353	1000088092
814256	1000153795
38486209	1000109886
