22691574	1000049673
190846012	1000086471
25389194	1000077675
27963524	1000096212
11326272	1000053609
17918629	1000116617
1378	1000164433
17872613	1000121611
9462782	1000164433
9721232	1000168131
48177361	1000119637
279810574	1000086781
14520049	1000001572
19918047	1000120025
108973008	1000001572
94367426	1000086781
66695966	1000121611
9557352	1000059652
85824938	1000124704
6519522	1000042493
46241448	1000001572
19028344	1000086781
29038088	1000035724
234467536	1000019793
15927623	1000093149
5520332	1000164433
15538795	1000051050
21341094	1000023919
15191029	1000053609
44873497	1000023919
8493562	1000001572
213849301	1000042493
161862779	1000086781
22843068	1000001572
34145908	1000124704
28583197	1000023919
9921142	1000101058
40735380	1000142653
22273748	1000116902
191190039	1000001572
15658980	1000001572
116529568	1000053609
135281645	1000160208
86697288	1000086781
12661142	1000095001
14992890	1000131845
17387932	1000035724
95048311	1000001572
233693208	1000059652
16099472	1000042493
15627381	1000168131
250280345	1000001572
29137880	1000160208
23156671	1000001572
14722564	1000051050
21411794	1000134136
74791999	1000096212
106814909	1000001572
67713651	1000086691
15235235	1000152568
91359384	1000116902
20794158	1000001572
15077314	1000124704
15416485	1000168131
21101923	1000166610
20695474	1000168131
239550644	1000121611
8560212	1000164433
16945960	1000053609
14343185	1000086691
22811118	1000001572
39373412	1000023919
108874176	1000121611
20967815	1000079217
26320150	1000001572
59603406	1000053609
80082990	1000093149
5252591	1000164433
767396	1000059652
17093617	1000051050
144881964	1000079217
106198153	1000158757
14467104	1000109971
765548	1000001572
50393960	1000035724
15745394	1000097730
16029705	1000121611
43996908	1000001572
23800611	1000001572
16330339	1000116617
38103344	1000052361
71701833	1000046905
36711022	1000023919
16365636	1000132626
145122783	1000117041
40796059	1000042493
49587343	1000124704
16723958	1000121611
132495563	1000094981
21891867	1000001572
15134057	1000121611
39763737	1000001572
90655480	1000001572
20400704	1000001572
62829579	1000158075
59110488	1000023919
25454410	1000001572
14673985	1000108215
16630098	1000001572
91962741	1000001572
275370651	1000116617
451669236	1000001572
20174197	1000001572
28124437	1000023919
61602233	1000001572
360882965	1000001572
20787272	1000059652
166293108	1000035724
41859177	1000001572
17179368	1000053609
15870311	1000017635
152350037	1000152568
72842277	1000051050
2529971	1000004077
14883401	1000001572
16399949	1000013708
128960879	1000023919
17395881	1000059652
234767974	1000001572
9179472	1000001572
19733653	1000124704
30310904	1000124704
44156753	1000023919
349968484	1000125408
260389485	1000121611
7376382	1000152568
763699	1000035724
32048725	1000059652
31366138	1000001572
485173961	1000039377
119235720	1000051050
289390002	1000053609
18895142	1000079217
14061015	1000121611
19304788	1000001572
1438651	1000018846
28598978	1000055715
35773039	1000023919
14336365	1000001572
28271492	1000001572
27394027	1000001572
24021805	1000121611
44303725	1000086781
65774480	1000039494
250222226	1000001572
17573253	1000001572
195785338	1000102123
221104583	1000006831
42959221	1000053609
15040500	1000055679
125984459	1000086781
186398060	1000023695
74772315	1000124704
21182763	1000134136
35764723	1000084598
15955862	1000050327
82694047	1000126782
189376144	1000023919
17897744	1000121611
306232814	1000125408
14251443	1000054456
20611743	1000107623
16529006	1000042493
76518929	1000001572
17659879	1000001572
11740902	1000018846
271027935	1000059652
12436442	1000001572
14208611	1000059652
19028344	1000001572
24057172	1000124704
7921352	1000053609
15487326	1000124704
8768832	1000152568
40781118	1000079217
40297195	1000086781
16573941	1000001572
19766751	1000059652
19038778	1000086691
125400908	1000001572
21196272	1000023919
16311369	1000001572
36528203	1000124704
15076390	1000121611
22310881	1000121611
26348640	1000001572
141982955	1000035724
7682452	1000035724
173843123	1000001572
8438932	1000144756
23148232	1000001572
14114899	1000001572
19733653	1000001572
8126022	1000029232
21065280	1000059652
83720294	1000166610
16336800	1000078072
26190261	1000156147
13298072	1000042493
17159569	1000108215
64423563	1000016436
26516402	1000001572
15370553	1000059652
31536491	1000125408
92527340	1000001572
16116288	1000158075
113436175	1000086781
37060788	1000121611
15358350	1000124704
300313876	1000033738
50779149	1000035724
821042	1000029232
1594501	1000121611
19921113	1000051050
368743147	1000174127
1779201	1000131173
14461282	1000059652
20927666	1000086781
20811033	1000023919
182497200	1000001572
1090561	1000121611
18333506	1000121611
272087341	1000086691
23398228	1000049673
71666839	1000001572
92615922	1000121611
197962366	1000168131
38815826	1000154121
64498695	1000124704
271887174	1000053609
188039706	1000096212
57094856	1000079408
22720424	1000091655
16041332	1000059652
1050111	1000001572
6745742	1000101058
33456706	1000134136
14955620	1000001572
13322182	1000023919
261559166	1000158075
141340085	1000019793
33952755	1000151737
14177966	1000121611
90778418	1000051050
349267378	1000053609
41641782	1000124704
127331913	1000124704
88501400	1000001572
345503478	1000052361
14172588	1000018846
16235209	1000096212
26063063	1000023919
1047961	1000101058
8771162	1000053609
18353241	1000016436
22490684	1000117192
14745283	1000001572
20207789	1000148320
55630037	1000166610
39588192	1000124704
19868934	1000124704
811027	1000059652
319689907	1000052361
14687523	1000121611
124944912	1000046905
14435488	1000121611
32482335	1000121611
18399652	1000001572
11954462	1000001572
38097767	1000086781
18193009	1000009583
80663030	1000001572
241847792	1000042493
33536874	1000001572
14216517	1000128687
27285214	1000001572
47090580	1000121611
34713716	1000001572
19538782	1000086781
151304288	1000017622
20794158	1000053609
20	1000059652
274091885	1000051050
16551214	1000167421
6022982	1000050327
6731422	1000001572
629463	1000121611
108915866	1000086781
51154947	1000121611
19407053	1000046903
103184693	1000086781
216918832	1000106205
30170259	1000121611
3379461	1000042493
127900746	1000001572
57387804	1000023919
75277816	1000124704
112283476	1000001572
24571622	1000086781
16373526	1000124704
15680097	1000001572
2735591	1000113950
75277816	1000168131
59959694	1000121611
77388904	1000023919
15454228	1000123526
15181087	1000124704
39569182	1000086781
15308331	1000001572
65375759	1000023919
5469512	1000059652
37397428	1000086781
213796133	1000001572
15149594	1000095001
7101692	1000166610
27814665	1000121611
154632372	1000053609
112550509	1000001572
177472593	1000059652
6666312	1000051050
20861943	1000019793
281196299	1000086691
1452261	1000101058
211194146	1000164433
5854882	1000059652
75341075	1000168131
41583318	1000074603
15600527	1000155052
30459621	1000011927
3475	1000164433
73992972	1000042493
4622401	1000125408
17108182	1000018846
192742048	1000086781
83941972	1000102123
47719591	1000053609
15533823	1000166610
40492559	1000121611
84943892	1000107623
14870627	1000164433
99832401	1000059652
13460312	1000093149
171735092	1000036638
255165846	1000142653
37692162	1000053609
80145924	1000129624
15154811	1000001572
15923118	1000049334
16378486	1000086781
258609209	1000001572
466979336	1000023919
39462935	1000019793
18101470	1000168131
1585	1000073877
15199097	1000108215
14246979	1000025539
33458113	1000079217
26829176	1000001572
37397428	1000053609
90849125	1000030686
90982638	1000125408
112283476	1000077675
7123902	1000127398
17669882	1000001572
38108292	1000152568
14424405	1000121611
271970590	1000053609
19371099	1000023919
15345111	1000129624
8401202	1000121611
96865911	1000001572
6163232	1000121611
32540685	1000124704
50986270	1000001572
11775382	1000023919
36505486	1000023695
835261	1000124704
9759932	1000168131
9447322	1000001572
15933346	1000059652
17049146	1000059652
36961077	1000001572
21024360	1000001572
258814154	1000093149
158179658	1000116902
21185126	1000113950
3034251	1000086781
19028615	1000042493
140741639	1000033738
23095315	1000166610
2366121	1000001572
97743746	1000168131
22798591	1000023919
184841185	1000001572
23204269	1000001572
814256	1000001572
8007092	1000156147
45132254	1000023919
16933590	1000041902
17586128	1000042493
2349251	1000164433
26155776	1000125408
20178847	1000124704
9532402	1000019793
84510198	1000166610
1585	1000113950
5749162	1000001572
17633994	1000035724
17613432	1000167421
2138441	1000059652
14135009	1000125408
33964434	1000001572
18679467	1000001572
10692272	1000124704
20178500	1000086781
107116098	1000023919
86168300	1000001572
3032	1000084069
16365983	1000001572
674873	1000168131
27791181	1000174655
82635253	1000025539
17387932	1000001572
18546186	1000001572
5252871	1000035724
17294887	1000121611
43448738	1000021264
14470019	1000096212
14134265	1000124704
15386988	1000093149
35096740	1000004077
15255503	1000168131
40935299	1000018342
18774477	1000023919
25082055	1000121611
770545	1000123526
5668172	1000121611
14552720	1000023919
24265368	1000152568
102193655	1000016436
23116280	1000023919
20279370	1000001572
10671602	1000096212
119829799	1000166928
15695013	1000067116
40979038	1000124704
16228398	1000145470
2154361	1000001572
8845642	1000152568
15433693	1000124704
14310583	1000131845
15109000	1000121611
56505125	1000127398
27052339	1000166610
89539124	1000023919
18546186	1000030948
84624486	1000023919
18895794	1000121611
1714531	1000093149
23084598	1000124704
113763153	1000116902
14882455	1000079217
74286565	1000086691
103386775	1000001572
17598413	1000121611
20212580	1000024311
16551214	1000001572
13875162	1000168131
60962349	1000025539
142320786	1000109971
386640755	1000001572
15640254	1000121611
14856348	1000051050
14714825	1000019793
1044591	1000101058
43510041	1000116617
68189134	1000059652
88968182	1000001572
500125656	1000051050
113468486	1000124704
318028501	1000023919
17698956	1000015388
14471778	1000152568
427424201	1000001572
9567972	1000166189
160964014	1000041307
15180386	1000121611
23563495	1000079217
79011908	1000023919
63006299	1000136727
126342026	1000026865
174292801	1000023919
23899556	1000001572
19623009	1000125408
5746452	1000004077
19208825	1000051050
21769127	1000001572
30013010	1000106205
191927203	1000121611
28448705	1000133673
18546186	1000153019
87305010	1000053609
16017251	1000124704
81192849	1000001572
8039442	1000059652
16444606	1000035724
23649104	1000126244
22867790	1000093149
56413858	1000009583
14962080	1000086691
18815604	1000039377
10450	1000121611
16406096	1000042493
17669882	1000073877
122186614	1000152568
220081296	1000077675
29359583	1000159091
14416109	1000001572
96140805	1000001572
86626845	1000001572
228747444	1000001572
16203952	1000059652
22843337	1000051050
5379992	1000121611
26533227	1000051050
277124730	1000025216
21601337	1000166610
39358333	1000026744
5848412	1000019793
158129535	1000046903
8962882	1000051050
568770231	1000046905
105008365	1000060812
278777228	1000116617
32227347	1000124704
22689867	1000001572
14051156	1000001572
19656918	1000145470
22263651	1000046903
14491008	1000023919
33408118	1000001572
129811020	1000001572
40423885	1000001572
6556922	1000001572
19103296	1000001572
12011422	1000023919
646893	1000053609
44086682	1000152568
15648137	1000032570
17003765	1000127398
14620315	1000001572
14251443	1000053609
14589051	1000001572
37141338	1000001572
118756393	1000001572
6480252	1000058045
277834034	1000121611
60961634	1000168131
9720292	1000001572
17027836	1000051050
466979336	1000001572
18619404	1000001572
14982804	1000076315
24189159	1000021264
317291424	1000086781
218540692	1000092088
10367	1000018846
50630316	1000039377
110517297	1000124704
40767944	1000109571
184524050	1000168131
9733542	1000124704
23670349	1000125408
16256245	1000124704
23545207	1000059652
88996186	1000121611
18655567	1000023919
211921304	1000121611
463723508	1000023919
239550644	1000001572
16378727	1000001572
18191483	1000049334
14227559	1000055679
84692450	1000059652
18666844	1000046905
19789294	1000035724
32213158	1000023919
22476321	1000001572
168295477	1000106205
19824536	1000121611
5908232	1000023919
43366489	1000107623
16631597	1000001572
38500966	1000051050
17454341	1000124704
18995500	1000111781
5667002	1000042493
15640254	1000001572
31153819	1000001572
17004492	1000125408
52832085	1000152568
18977822	1000001572
18215560	1000129624
5879952	1000001572
47337365	1000126782
123926499	1000032670
41868049	1000001572
19058681	1000121611
3249	1000074433
14619707	1000124704
5017	1000164433
21891867	1000051050
17576659	1000093149
24660452	1000046905
81030409	1000086471
179589734	1000001572
291670881	1000171034
16581861	1000023919
18342768	1000152568
81575608	1000084370
84365116	1000129070
16178511	1000023919
132495563	1000124704
37132429	1000001572
190197065	1000079217
17365695	1000067116
858051	1000001572
17889970	1000059652
19038849	1000158757
141982955	1000130284
39126269	1000050327
351036202	1000059652
305888449	1000049243
17790265	1000023919
91964287	1000042493
18811710	1000001572
77951180	1000001572
22196442	1000023919
16028750	1000023919
16991717	1000042493
18843227	1000001572
121213529	1000042493
40767944	1000001572
78708196	1000059652
154070583	1000033738
1495	1000001572
10359172	1000059652
485924782	1000053609
15557717	1000121611
42637650	1000156492
15519274	1000097175
44080327	1000097730
14327450	1000121611
48483283	1000001572
101569095	1000023919
90778418	1000001572
8847392	1000032520
5511932	1000164433
26642006	1000129624
21406257	1000121611
7713202	1000001572
16890632	1000035724
19774817	1000046905
389236388	1000069146
67669057	1000001572
287713	1000059652
10755542	1000001572
15955862	1000125408
13368342	1000051050
37297803	1000077675
14835608	1000001572
222953824	1000001572
19507576	1000121611
73234942	1000114728
15627381	1000001572
781674	1000055317
21674969	1000059652
36724802	1000121611
19949262	1000114844
14425692	1000001572
10400902	1000113950
15934340	1000133744
370136412	1000053029
118899807	1000069146
44156753	1000124704
205754331	1000121611
176824927	1000168131
140925207	1000001572
3714971	1000164433
817977	1000025539
14777215	1000059652
15959868	1000116617
144003355	1000129624
23449774	1000086781
10449602	1000119637
158862966	1000134136
13565472	1000001572
300635077	1000001572
3840	1000001572
14219877	1000086781
14220510	1000086781
41662642	1000166928
46650831	1000059652
38026874	1000001572
22719696	1000158075
18486038	1000037018
36041817	1000001572
361683510	1000024311
20178144	1000001572
17386985	1000051050
19338101	1000001572
61640711	1000151894
12483772	1000168131
50304777	1000121611
23112565	1000121611
38108292	1000044848
16343608	1000041902
5357362	1000001572
4449041	1000086176
62975155	1000098359
30331404	1000124704
12161	1000168440
819284	1000121611
13398422	1000093149
19885400	1000001572
16377959	1000023919
19850967	1000121611
16892481	1000042493
20880197	1000053609
10755542	1000051050
10318712	1000001572
2713951	1000019793
14503316	1000168131
5645142	1000042493
73147282	1000001572
246947831	1000124704
21251300	1000051050
11085852	1000124704
173992307	1000132626
209154676	1000049243
16444606	1000136932
24189159	1000137605
17806284	1000130284
14061015	1000042493
16352286	1000167971
17859912	1000023919
24021805	1000174191
33080180	1000001572
41534429	1000121611
5410072	1000039377
814256	1000149690
11883602	1000121611
21268897	1000001572
23365790	1000023919
15698507	1000001572
17897772	1000109571
46650115	1000126244
10342142	1000121611
40532389	1000107701
48336721	1000001572
171735092	1000023919
1678471	1000023919
22734080	1000001572
10323582	1000030948
17815591	1000129070
19051030	1000001572
116529568	1000023919
14629948	1000121611
22041467	1000091655
5334	1000059652
527938842	1000152568
158828907	1000124704
11752272	1000144629
819284	1000124704
58291529	1000042493
15162136	1000001572
136293558	1000127398
79721137	1000047591
8584	1000164433
22981318	1000124704
532942513	1000116617
1671811	1000093149
17997789	1000001572
11348282	1000001572
19231155	1000124704
14601788	1000047439
20576633	1000121611
161801527	1000035724
18077699	1000001572
44666348	1000039377
101782947	1000039839
15381737	1000026865
25756519	1000051050
17375281	1000001572
344114452	1000124704
5709442	1000121611
12502842	1000001572
27706979	1000121611
19911491	1000108215
386175131	1000001572
46696817	1000059652
53280402	1000121611
47306483	1000074603
127026349	1000124704
85513062	1000121611
14278964	1000168131
19789605	1000001572
16874037	1000168131
34222931	1000134136
18637003	1000001572
258237492	1000089492
16896485	1000168131
14063016	1000001572
16628964	1000001572
23559586	1000001572
24626969	1000086781
29269216	1000124704
735983	1000168131
17198373	1000059652
390658067	1000086781
185319925	1000108215
234903540	1000001572
17601086	1000001572
48336721	1000053609
15524324	1000121611
9479492	1000023919
14881968	1000059652
202003	1000001572
25150349	1000001572
68498073	1000001572
133061661	1000001572
18087961	1000108215
6022982	1000042493
35357461	1000121611
1717291	1000164433
176824927	1000010830
7458942	1000001572
68999404	1000121611
6002562	1000144756
19478383	1000168131
177593483	1000124704
266622539	1000023919
681813	1000042493
30953528	1000018846
64901944	1000039377
18982884	1000168131
189065376	1000047591
21408610	1000023919
16243441	1000124704
72619148	1000053609
271970590	1000073877
24224268	1000158371
2729061	1000039494
15554021	1000059652
1501471	1000001572
270778236	1000001572
10212	1000164433
123627170	1000001572
23913056	1000069146
4829901	1000160807
39525929	1000023919
43448738	1000001572
76369773	1000121611
85928734	1000001572
387013671	1000047591
29242152	1000115640
49164309	1000023919
165786567	1000124704
20774852	1000168131
37156851	1000049673
7861622	1000156147
48742856	1000001572
111961058	1000124704
10373972	1000018846
3549531	1000093149
20738326	1000124704
242366566	1000120786
77800503	1000121611
236488883	1000166189
16409752	1000166610
15437804	1000035724
14049145	1000001572
78464875	1000121611
29282768	1000059652
23996836	1000046905
6385432	1000164433
52197044	1000028736
29242152	1000001572
14600465	1000018342
166845078	1000001572
17324205	1000001572
28392516	1000001572
14800270	1000030948
12998242	1000114844
326821147	1000051050
141279345	1000121611
24021805	1000168131
19753033	1000168131
498182878	1000023919
105220344	1000140603
15824288	1000141008
17029186	1000131493
89085091	1000158371
17674423	1000079408
19394188	1000001572
3940871	1000001572
53358442	1000108215
212808638	1000039377
46139542	1000001572
48742856	1000086781
546128934	1000086781
62936951	1000001572
113960294	1000166610
369107986	1000140603
20212580	1000044848
989	1000018846
380877574	1000121611
125996244	1000134136
21348554	1000049673
182747810	1000156548
184636315	1000001572
441125598	1000168131
16378727	1000121611
20400704	1000053609
14603166	1000053609
338587716	1000001572
153886406	1000153508
18257270	1000151737
263342687	1000001572
18345193	1000152568
19253485	1000019793
33511856	1000129624
2384071	1000164433
259834925	1000124704
15909010	1000086781
22255654	1000001572
59603406	1000001572
120176950	1000001572
7304782	1000168131
1004	1000018846
15329910	1000046905
15975916	1000086781
242155735	1000001572
17091688	1000001572
2341001	1000001572
6017542	1000051050
68107503	1000082994
92670346	1000124704
33964434	1000053609
8501792	1000047439
33952755	1000152568
2552891	1000121611
972651	1000023919
299799703	1000001572
15960386	1000108215
15367156	1000042493
36544954	1000121611
20009906	1000023919
15428227	1000001572
28999283	1000174127
13018472	1000023293
282282694	1000035724
104324860	1000001572
18986524	1000001572
16991717	1000097175
20400704	1000086781
90219306	1000084642
15101375	1000053609
19954842	1000156147
89484164	1000124704
21381048	1000124704
14120151	1000102123
266187076	1000051050
24262849	1000124704
13332922	1000101058
1378	1000001572
26535027	1000023919
22843337	1000004077
33925672	1000023919
44156753	1000059652
19538782	1000121611
171171584	1000023919
28711373	1000121611
72619148	1000001572
14620315	1000053609
20114072	1000121611
93816184	1000023919
15517662	1000124704
16020435	1000051050
130894825	1000001572
19024819	1000023919
21575175	1000023919
17466492	1000001572
33254505	1000001572
29057694	1000116617
35012277	1000152568
59494613	1000137605
178997867	1000121611
32421348	1000134136
189686155	1000124704
19606528	1000124704
13010422	1000001572
27814665	1000001572
21793918	1000136727
18099058	1000121611
10172802	1000086781
39614123	1000134136
18141016	1000166610
29347608	1000166610
16744984	1000004077
21982720	1000130840
14589051	1000152568
16399949	1000019793
35357461	1000124704
54083315	1000083726
176854913	1000166610
14297121	1000030834
69878323	1000023919
13455472	1000144629
14160121	1000001572
31483387	1000158075
942671	1000018846
22263651	1000168131
11504382	1000042493
61040299	1000116617
32628749	1000001572
7884282	1000001572
14090017	1000059652
19657422	1000059652
18737731	1000130840
20279370	1000158371
17899109	1000035724
201882918	1000001572
30207757	1000152568
35383	1000001572
45310003	1000079217
26281395	1000166610
78613092	1000001406
24773177	1000124704
542886134	1000001572
21811029	1000093149
20981595	1000084370
437163259	1000148753
130649891	1000001572
27587475	1000124704
14622630	1000042493
22764407	1000168131
16369845	1000063844
56413858	1000001572
14344319	1000086781
10869942	1000121611
2735591	1000121611
15947499	1000125408
30863	1000124704
285713629	1000152568
24594152	1000096212
11752272	1000001572
14921836	1000046905
17401682	1000174122
14151096	1000121611
208062005	1000001572
130510920	1000022967
133784059	1000116617
21010214	1000051050
10273462	1000001572
7325452	1000164433
91950604	1000001572
15139502	1000001572
9692022	1000051050
30244233	1000158075
802932	1000121611
161801527	1000084370
42776524	1000042493
14412905	1000042493
36159887	1000158075
137089291	1000049243
19210957	1000059652
18261013	1000023919
15249171	1000166610
332803989	1000134136
237071168	1000059652
57490497	1000086781
14225267	1000001572
14245659	1000001572
21383585	1000125408
377389059	1000096212
169921002	1000152568
59268383	1000124704
15445828	1000004077
12468982	1000164433
69718702	1000116617
1192	1000124704
20536157	1000127398
78193349	1000124704
16494857	1000001572
2803191	1000004077
8584	1000019793
39811799	1000023695
22575307	1000158075
14318471	1000102567
22708797	1000023919
16991717	1000086781
16377959	1000042493
2800521	1000059652
10400902	1000053609
35933502	1000030834
179980928	1000042493
110866528	1000001572
16262275	1000059652
86697288	1000001572
68163	1000124704
14467403	1000059652
14202711	1000051050
16827758	1000121611
355203	1000019793
14124000	1000168131
27118364	1000001572
16336509	1000059738
19729995	1000023919
15349708	1000093149
17979066	1000086691
24014317	1000174127
9424732	1000023919
44886859	1000132626
2317921	1000019793
128960879	1000001572
22760252	1000023919
21128334	1000023919
210244045	1000001572
169610198	1000001572
174741544	1000086471
101938691	1000001572
14745283	1000124704
14850356	1000168131
14090558	1000124704
19246461	1000001572
544372964	1000052361
16296057	1000023919
51079493	1000096212
791124	1000059652
18995500	1000145898
164998160	1000033738
17882881	1000108215
14550221	1000042493
16977640	1000050327
14777649	1000097175
306604708	1000053609
17610785	1000096212
117429053	1000082994
59455021	1000033738
48465624	1000063844
16628964	1000066859
96815716	1000121611
6730222	1000158570
681813	1000073877
147590684	1000130284
20127953	1000121611
18639738	1000053609
140132026	1000000142
54528491	1000047591
38752792	1000002942
33235771	1000001572
98916038	1000019793
60321100	1000063844
16628964	1000032570
14548316	1000059652
1833561	1000164433
263016303	1000042493
111740993	1000111781
14676716	1000166610
193726581	1000001572
33964434	1000019793
626973	1000059652
5668942	1000164433
20794158	1000086781
59603406	1000019793
19396923	1000023919
18159633	1000105596
18058668	1000001572
91139330	1000121611
20221159	1000035724
15827269	1000082846
34731203	1000116617
7022572	1000158371
184010593	1000140603
11340982	1000059652
157601911	1000117041
15177982	1000121611
500125656	1000168131
24224268	1000053609
45914299	1000059652
14682731	1000059652
89593573	1000019793
256554165	1000001572
804100	1000001572
36441588	1000001572
17930811	1000121611
9692022	1000001572
68294790	1000001572
16184358	1000086781
1566521	1000073877
18160106	1000019793
15595963	1000164433
185808991	1000035724
239660783	1000109971
15683572	1000059652
108874176	1000001572
11367172	1000105596
72607500	1000001572
17078632	1000001572
40137006	1000113950
42336153	1000059652
22605665	1000046905
28177543	1000093149
10406172	1000001572
17871414	1000164433
14565861	1000053609
40767944	1000030948
16080467	1000164433
20642066	1000059652
16645589	1000158075
419063222	1000053609
75341075	1000001572
14161531	1000001572
36728196	1000046903
14932753	1000121611
105223	1000001572
23951197	1000155052
360864191	1000046905
19269120	1000001572
94414805	1000116617
36999437	1000037018
19078387	1000023919
48847011	1000121611
242073660	1000158075
50760071	1000166928
83987092	1000001572
17598413	1000001572
47090580	1000124704
218747180	1000079217
14670548	1000124704
18364847	1000124704
15750667	1000166928
10478722	1000121611
16120265	1000001572
16219871	1000124704
69671186	1000023919
11107172	1000164433
22613936	1000154121
69231483	1000001572
83941972	1000166610
22017602	1000001572
31186367	1000048855
161372707	1000023919
86117573	1000156147
720843	1000055679
40628950	1000116902
5854882	1000004077
254106507	1000001572
15535730	1000066859
193726581	1000051050
19468147	1000059652
119771348	1000086781
16469338	1000152568
22420134	1000166928
113241406	1000152568
29057694	1000115640
39811799	1000046905
15220205	1000124704
244622783	1000062384
32540685	1000121611
29738476	1000158371
35765068	1000086781
5357812	1000001572
45974457	1000166610
22255654	1000042493
43540843	1000142653
246117481	1000066494
120157205	1000124704
354847710	1000124704
11348282	1000121611
32002507	1000145470
15988175	1000000142
289390002	1000001572
23006821	1000078072
16545444	1000170121
13783982	1000001572
164548075	1000033738
15819085	1000035724
6740642	1000039377
31620282	1000001572
123939509	1000111781
15738725	1000024311
143568410	1000039839
319036126	1000046905
1966	1000018846
15989218	1000121611
16621525	1000158075
6296472	1000107623
5744702	1000086781
16800811	1000035724
52441862	1000121611
23799441	1000023919
14657289	1000121611
11253982	1000124704
24129206	1000001572
20212580	1000152568
17001646	1000001572
9507322	1000164433
149775173	1000124704
558569332	1000086781
38678127	1000144506
7332192	1000059652
28472888	1000001572
19824536	1000145898
10865472	1000059652
13039372	1000001572
29469225	1000001572
203642974	1000124704
817288	1000082846
33881023	1000130284
143140700	1000160492
15463671	1000130840
141313671	1000053609
10069612	1000039377
303631031	1000129607
14589051	1000168131
54092452	1000051050
14520049	1000168131
79190503	1000001572
46681100	1000001572
50193	1000018846
14835652	1000036638
86359799	1000053029
23705423	1000001572
81432354	1000114844
16029780	1000121611
20397258	1000046905
237566129	1000121611
221712794	1000086781
823234	1000082846
17029640	1000001572
14996867	1000001572
23962323	1000023919
17819033	1000035724
1585	1000030948
18688051	1000023919
38026874	1000168131
17596468	1000152568
37720263	1000124704
26575697	1000166610
227468469	1000023919
16120265	1000063841
92350971	1000140603
23107116	1000059652
151768355	1000039377
18840531	1000125408
885	1000164433
31477608	1000121611
112237162	1000023919
14021902	1000001572
21550459	1000133673
86280347	1000074603
163598915	1000001572
18946982	1000001572
18291786	1000086471
14677117	1000023919
134964313	1000160208
94682674	1000050327
17837184	1000001572
28676476	1000001572
158070493	1000001572
117016997	1000059652
811027	1000035724
19515424	1000001572
193090142	1000142653
24189159	1000124704
9724232	1000113950
126342026	1000059652
14565861	1000001572
149994738	1000152568
14857677	1000001572
38113841	1000053029
32230901	1000116617
384564131	1000001572
5722742	1000164433
35895696	1000001572
17613432	1000001572
76377195	1000063841
16648488	1000093149
14326840	1000164433
5751832	1000004077
15169635	1000023919
16817883	1000121611
15050433	1000152568
15758488	1000166610
111691454	1000106205
216918832	1000015388
16938503	1000126782
35715105	1000001572
4413741	1000121611
16856928	1000023919
22946999	1000142653
23769493	1000124704
14928123	1000001572
44698296	1000153508
23549240	1000059652
28473587	1000121611
14285990	1000001572
14777649	1000001572
24285091	1000164433
16330585	1000001572
56783101	1000001572
178997867	1000023919
6163232	1000124704
21159399	1000023919
16727787	1000001572
15726053	1000159091
8951502	1000086176
14874499	1000001572
368205353	1000033738
15149594	1000059652
18555244	1000001572
374007416	1000001406
59238436	1000001572
755756	1000166610
18345986	1000019793
47256730	1000168131
68540316	1000001572
27706979	1000168131
16103067	1000124704
263016303	1000001572
38026874	1000124704
23890475	1000121611
22190185	1000166928
257703545	1000086781
15460572	1000001572
14209461	1000121611
243041690	1000053029
7471152	1000054456
18308219	1000121611
14109797	1000093149
19078387	1000001572
7209642	1000097730
3337441	1000121611
19364382	1000001572
18914321	1000059652
16120265	1000086691
66436334	1000019793
42226885	1000001572
50193	1000168121
67030961	1000140603
16526462	1000086471
6601622	1000160807
5471	1000001572
817288	1000164433
109679926	1000124704
161691033	1000001572
289928386	1000001572
8946142	1000074433
13298072	1000121611
20192882	1000168131
2151021	1000051050
15335809	1000023919
19028615	1000001572
150774780	1000053609
29039876	1000093149
88109378	1000044848
231490540	1000001572
24186199	1000001572
15330373	1000059652
14630648	1000001572
24566633	1000124704
94682674	1000059652
27733550	1000053609
27683085	1000024311
21842705	1000059652
6612402	1000001572
18623616	1000001572
39354595	1000059652
20178847	1000121611
103316833	1000023919
23841960	1000059652
109299385	1000001572
15667666	1000059652
15770873	1000001572
17669882	1000124704
71721432	1000164433
246947831	1000168131
21447349	1000035724
14394958	1000093149
295897315	1000001572
21770611	1000053609
82081908	1000001572
3006981	1000124704
16791717	1000134136
77444951	1000086781
949521	1000144756
15413301	1000018342
107125748	1000001572
88535224	1000001572
23145316	1000082846
16330339	1000166928
14197022	1000108215
27669935	1000053609
39569182	1000035724
471963	1000116187
108394665	1000086781
11703722	1000107623
5996402	1000164433
135187648	1000035724
40209732	1000047591
24626969	1000156548
349267378	1000034838
231584757	1000041307
5439702	1000124704
17316879	1000141008
268405507	1000001572
14217740	1000121611
8570392	1000086781
17025613	1000053609
101608829	1000023919
9232572	1000134922
295	1000149690
10400902	1000001572
15727406	1000156548
16679681	1000051050
14802692	1000158075
14304642	1000124704
18645812	1000001572
19752773	1000121611
19010065	1000108215
16423109	1000023919
54275319	1000166928
14075836	1000001572
52441862	1000174191
14650808	1000023695
17891623	1000001572
44494276	1000121611
77226369	1000023919
2672931	1000121611
27814665	1000124704
135316691	1000023919
14475021	1000121611
16336077	1000025539
17294887	1000124704
86626845	1000023919
17416571	1000121611
69480815	1000086781
38150711	1000107623
6427892	1000124704
294180303	1000166610
363830568	1000001572
14518625	1000093149
1586501	1000164433
86139446	1000023919
14392347	1000096598
9535182	1000035724
18028703	1000035724
26203847	1000023919
12533132	1000059652
19959017	1000167971
31968180	1000001572
24571530	1000023919
65691824	1000053609
19594367	1000174493
20740042	1000001572
68456106	1000053609
2483701	1000023919
15715317	1000121611
58550415	1000001572
28215110	1000121611
20178847	1000168131
428333	1000086781
165730790	1000166928
43933796	1000125408
14989975	1000024311
43448738	1000156548
89518080	1000124993
21010214	1000001572
19088244	1000120786
28352370	1000046905
92586370	1000166928
19732725	1000152568
22737560	1000059652
37955193	1000166610
78193349	1000001572
16457010	1000011163
161372707	1000051050
69480815	1000038609
12798452	1000164433
18498878	1000124704
349267378	1000001572
24742040	1000023695
20333461	1000023919
16191902	1000023919
82962658	1000124704
97743746	1000134136
16242081	1000049243
16316738	1000023919
34669164	1000018342
17916175	1000035724
5746452	1000001572
14364779	1000096212
17634603	1000001572
261015235	1000117041
15332302	1000018846
7592642	1000086691
22109106	1000158075
22588936	1000001572
235573486	1000094981
313070057	1000019793
817288	1000153508
36681590	1000023919
23145316	1000001572
57122023	1000001406
783705	1000107691
14364705	1000001572
48428463	1000001572
14148308	1000059652
15301803	1000073877
20928893	1000001572
33399095	1000079217
15135214	1000019793
14366976	1000023919
56619909	1000168131
58462957	1000001572
11794312	1000123526
22841103	1000024311
35169299	1000086781
61063478	1000023695
26033920	1000046905
149387229	1000079217
113206484	1000023919
249835030	1000124704
109241118	1000098825
295	1000164433
27718312	1000023919
426044697	1000107701
991221	1000101058
47090580	1000001572
1903371	1000051050
271228562	1000001572
53853197	1000158075
317291424	1000053609
82694047	1000127598
335402125	1000158371
11461102	1000046905
263423255	1000042493
15827269	1000001572
23951197	1000001572
19458216	1000087830
15519274	1000042493
36350289	1000121611
6730222	1000164433
344914507	1000086691
8845642	1000044848
126460092	1000158075
4449701	1000097730
292354838	1000121611
15465602	1000001572
157947389	1000140603
24186199	1000124704
64876717	1000001572
15595832	1000164433
231490540	1000053609
16689804	1000124704
219370782	1000116617
25007427	1000001572
21842705	1000121611
147812313	1000166928
8184892	1000124704
14120151	1000166610
16444606	1000001572
20491561	1000001572
17975563	1000156492
35357461	1000001572
7651042	1000059652
9741082	1000001572
24262849	1000168131
61311054	1000166610
5819322	1000001572
15753937	1000040821
1004	1000059652
8596022	1000084069
3149631	1000018342
54380204	1000152568
20015903	1000001572
7040692	1000168131
203226736	1000051050
22946048	1000170121
47359057	1000164433
153842256	1000001572
15832293	1000030948
5033381	1000001572
282280747	1000120025
19253485	1000001572
41209663	1000001572
20201427	1000136727
194132159	1000016436
70642332	1000160208
34370797	1000045376
264438198	1000125408
20954408	1000001572
17756596	1000124704
21787042	1000001572
14959843	1000124704
18432349	1000001572
11740902	1000059652
16093289	1000125408
260935147	1000116617
64444175	1000121611
14197641	1000144629
7194892	1000024311
15397003	1000084044
17179368	1000164433
14267595	1000001572
17851032	1000001572
9255722	1000124704
852251	1000153508
209154676	1000001572
8642002	1000121611
1807861	1000017635
60744539	1000039377
99571358	1000134136
182914092	1000001406
61856458	1000158371
18243413	1000059652
146262918	1000001572
814253	1000164433
52758395	1000001572
16541868	1000128317
32423136	1000168131
87741382	1000121611
23462787	1000121611
56413858	1000077675
14373435	1000042493
19024819	1000001572
10117562	1000125408
28481147	1000121611
89539124	1000106205
24180922	1000124704
22026934	1000001572
273201528	1000158075
172437312	1000121611
15494342	1000152568
15450789	1000005563
26376491	1000121611
259516003	1000023919
34115945	1000001572
22708797	1000124704
30952156	1000134096
17898187	1000121611
7434252	1000035724
19208626	1000023919
14439168	1000019793
14654965	1000116902
18407019	1000108215
53751973	1000098359
5401942	1000001572
97089019	1000121611
19478383	1000129624
18224194	1000001572
54900565	1000124704
15768141	1000023919
14287474	1000010830
16882660	1000168131
18366472	1000023919
19538782	1000156548
21672825	1000055679
12685742	1000001572
15169116	1000001572
1585	1000121611
18913039	1000019793
17294887	1000001572
34669164	1000166610
87165420	1000124704
14313332	1000145470
16436515	1000001572
5879952	1000121611
36134410	1000005563
21793918	1000035980
14413715	1000001572
102647672	1000042493
26010360	1000023919
26533227	1000001572
19261202	1000124704
172366206	1000152568
59503113	1000023919
136373285	1000166189
34713716	1000004077
18791763	1000001572
25957130	1000001572
42070873	1000152568
36998859	1000023919
14198282	1000144629
108874176	1000124704
11830332	1000001572
507731256	1000001572
21534164	1000168131
235636925	1000025539
17328919	1000001572
16892481	1000001572
20073589	1000001572
5378272	1000158075
2803191	1000121611
306604708	1000024311
246505331	1000009583
152341106	1000059958
14622850	1000001572
6179202	1000035724
16977640	1000174122
284280195	1000152568
885	1000124704
19606528	1000021264
1559991	1000036309
6978642	1000001572
14727207	1000001572
24626969	1000023919
109233627	1000152568
862481	1000124704
220086346	1000114728
62922402	1000001572
18713759	1000035724
263016303	1000124704
16689804	1000035724
13920962	1000050327
15108101	1000086781
17157774	1000121611
460244499	1000053609
15903746	1000059652
30003842	1000023919
76649729	1000001572
4558	1000004077
5634142	1000001572
11253262	1000116187
73716850	1000158075
9840472	1000131173
25220741	1000132505
626433	1000086691
35946769	1000001572
165786567	1000121611
351564837	1000142653
201422341	1000148320
14109423	1000168131
18364790	1000121611
17134268	1000059958
16404379	1000001572
17756596	1000001572
102402496	1000023919
233364902	1000001572
84208385	1000001572
16021231	1000124704
47337365	1000127598
5446522	1000001572
16991717	1000121611
34669164	1000102123
232535915	1000033738
141705597	1000001572
18979227	1000051050
39584643	1000134136
40796059	1000051050
80082990	1000001572
14332493	1000035724
172437312	1000086781
25593516	1000001572
19038395	1000164433
48336721	1000124704
19606528	1000156548
21627411	1000042493
12039052	1000144756
20117822	1000069146
284580854	1000023919
12072102	1000001572
26552440	1000051050
7329652	1000108215
20271926	1000131493
18946982	1000046903
140132026	1000053609
57026351	1000086691
59602642	1000001572
19102458	1000023919
183472811	1000079217
40137006	1000121611
337742544	1000001572
19547038	1000018846
43137449	1000001572
11667452	1000039377
246947831	1000053609
246947831	1000086781
20271926	1000004761
11518842	1000153508
7142392	1000124704
393719606	1000152568
6365662	1000121611
766347	1000121611
15518450	1000087830
24626969	1000051050
14327715	1000023919
6218162	1000023919
9402622	1000048855
14321959	1000124704
15548933	1000035724
3475	1000059652
210185719	1000158075
19080361	1000023919
28119407	1000086781
218732775	1000001572
180505807	1000001572
19753864	1000001572
16583999	1000023695
12298152	1000116617
15813140	1000127398
22812734	1000084642
27457788	1000121611
270736655	1000116631
14892191	1000121611
14608670	1000001572
38833974	1000001572
9733542	1000113950
25088527	1000073877
14435488	1000124993
16034502	1000088518
29516013	1000001572
14622630	1000121611
15381737	1000059652
9499992	1000149690
6626162	1000023919
22255654	1000053609
64241189	1000053609
311657687	1000156548
30043994	1000164433
42712551	1000166610
107426505	1000001572
16301957	1000121611
17663756	1000121611
15852140	1000125408
25389194	1000009583
139185720	1000076315
88706045	1000096212
14355920	1000001572
133452130	1000084044
41591401	1000023919
13298072	1000053609
12680112	1000105758
22883726	1000001572
152341106	1000166928
20660609	1000129624
20783	1000023919
84250304	1000121611
9814222	1000167963
19245182	1000152568
13842232	1000107623
236560399	1000001572
16365983	1000042493
187016618	1000121611
27003337	1000120025
382079502	1000052361
14095706	1000001572
40766251	1000079075
14112294	1000164433
46957051	1000086781
87000843	1000121611
22184271	1000128687
8962882	1000001572
19478383	1000124704
204145356	1000046905
105242077	1000001572
795649	1000164433
22062165	1000048724
26265033	1000051050
12950662	1000018846
14936142	1000001572
193090142	1000124704
14278978	1000001572
15716039	1000001572
372300760	1000148753
781568	1000059652
28130246	1000001572
17813899	1000036638
22509548	1000001572
47043006	1000168131
4826261	1000001572
32266874	1000001572
18598585	1000001572
2529971	1000158570
11253982	1000121611
301715055	1000023293
23664028	1000129624
250280345	1000059652
16926637	1000001572
17795930	1000125408
298402374	1000152568
15382307	1000032520
15184513	1000166610
112550509	1000121611
15184513	1000121611
151191680	1000156548
109271023	1000124704
16102927	1000069146
681813	1000059652
15600527	1000001572
116729192	1000121611
20607165	1000059652
854291	1000018846
19027176	1000166610
35094823	1000086781
40532389	1000164433
16739711	1000040821
49022240	1000023919
24709803	1000051050
36089423	1000168131
24709803	1000001572
18994661	1000001572
668473	1000166610
84129740	1000001572
29147299	1000124704
60125871	1000152568
10751252	1000166610
21319801	1000131493
2020351	1000019793
9089942	1000019793
11100902	1000001572
14409428	1000116617
17294887	1000030948
15200846	1000059652
5659662	1000001572
18262659	1000108215
5659662	1000121611
23066372	1000047591
15568127	1000158570
29469225	1000124704
17134268	1000166928
300948783	1000001572
5746452	1000136932
22843337	1000001572
1034621	1000039377
20538090	1000001572
18645812	1000019793
1175221	1000019793
5691532	1000124704
16063378	1000001572
220006826	1000006831
20095865	1000053609
14292458	1000053609
33782099	1000001572
14550264	1000121611
46519925	1000121611
18424493	1000013708
22019881	1000023919
15255503	1000110137
27696993	1000001572
17573253	1000084069
500125656	1000124704
87711945	1000023919
4958131	1000035724
208943268	1000026744
146867357	1000164433
17802071	1000168131
6368102	1000164433
30973513	1000158075
33977772	1000046903
43124446	1000051050
1081	1000018846
44983234	1000023919
16311483	1000001572
13763552	1000171034
419105704	1000066494
16935292	1000053609
95495913	1000166610
15921173	1000001572
21664207	1000121611
41435895	1000001572
67727882	1000023919
45561740	1000134136
91407203	1000046905
28215110	1000042493
21451151	1000042493
112471133	1000001572
151191680	1000001572
15595832	1000004077
173890161	1000168131
292004117	1000151344
2552891	1000124704
28059115	1000158075
161372707	1000121611
16261552	1000156548
21904217	1000166610
211955846	1000001572
136841649	1000156548
17756596	1000168131
20023867	1000164433
148375516	1000001572
186330242	1000046905
11004772	1000002942
16021231	1000121611
21674969	1000073091
219069857	1000001572
235573486	1000156548
7047322	1000121611
56619909	1000124704
10878852	1000053609
28711373	1000001572
25026165	1000116617
24728058	1000134096
35038857	1000124704
71331671	1000086691
133240655	1000023919
23983226	1000001572
11852522	1000053609
8132642	1000023919
37721930	1000001572
1118781	1000101058
42718137	1000045388
11884342	1000121611
3530911	1000086691
86626845	1000121611
1259861	1000093149
15299983	1000096212
33995409	1000158075
15454949	1000116617
33454142	1000001406
426044697	1000001572
104717582	1000152568
16739711	1000053609
18981325	1000001572
21159506	1000001572
13994032	1000105758
71721432	1000001572
22661707	1000121611
192289693	1000001572
15139097	1000121611
14997105	1000053609
262070184	1000124704
14718229	1000059652
507731256	1000051050
21000248	1000129070
26546403	1000023919
15781032	1000001572
20201427	1000035980
14081084	1000035724
19261202	1000121611
279175933	1000158075
86277174	1000121611
30802189	1000084598
660633	1000079217
351564837	1000156548
92837266	1000035724
12491122	1000167971
98535426	1000059652
59503113	1000001572
819284	1000135828
1436851	1000023919
115911638	1000023919
9759932	1000084069
110823581	1000086781
19260349	1000124704
59541594	1000001572
6398252	1000001572
29057694	1000045388
242894622	1000001572
16079941	1000023695
40256499	1000023919
40252336	1000023919
311657687	1000023919
18044352	1000130284
28215110	1000001572
35867690	1000001572
15667666	1000144629
162145099	1000124704
65774480	1000023919
37759047	1000051050
211194146	1000019793
47837613	1000152568
28215110	1000059738
115637846	1000047591
6595682	1000086691
18099058	1000168131
209154676	1000021264
81192849	1000086781
14192958	1000125408
121176530	1000001572
23743796	1000001572
174741544	1000151737
17960338	1000042493
238892982	1000001572
114971521	1000096212
52441862	1000168131
34739408	1000106205
41384217	1000166928
50055701	1000001572
14413506	1000059652
22764407	1000121611
3337441	1000168131
16444606	1000004077
64498695	1000001572
154619001	1000023919
14888584	1000152568
85824938	1000001572
54275864	1000152863
205302299	1000158075
158070493	1000019793
33220336	1000121611
33971020	1000086781
1116721	1000101058
224896214	1000023919
16377959	1000121611
174145542	1000001572
70794696	1000166610
39727570	1000023919
49684446	1000001572
16264003	1000174191
17058403	1000059652
14087951	1000124704
17048233	1000151344
117541123	1000089492
735983	1000121611
42951053	1000001572
32311190	1000023919
271970590	1000001572
30003842	1000051050
1294231	1000086781
188025840	1000059652
30216040	1000023919
150774780	1000001572
21433097	1000001572
59521437	1000158075
20077017	1000049334
31584502	1000001572
17401682	1000164433
147808148	1000001572
161761859	1000152568
98035778	1000153508
94052228	1000151737
36541636	1000121611
19780462	1000023919
203070845	1000166928
150423176	1000001572
19662823	1000091655
8442372	1000001572
42993311	1000044848
14143533	1000059652
336188151	1000039377
15450789	1000001572
19260349	1000001572
19207045	1000055715
322303756	1000001572
68459447	1000023919
90892746	1000023919
28366439	1000023919
17891623	1000117192
104568653	1000001572
24623159	1000001572
24773177	1000019793
27178298	1000158075
68033540	1000121611
7047322	1000023919
6839652	1000116617
26829539	1000001572
35998346	1000001572
5879952	1000053609
18792482	1000001572
18036441	1000036638
15183798	1000042493
5773532	1000125408
165786567	1000023919
621713	1000168131
17794004	1000152568
17993516	1000152863
295175946	1000033738
6752812	1000101058
18169053	1000001572
229969254	1000164433
17568500	1000023919
69757018	1000001572
96828017	1000116631
169610198	1000132505
18215560	1000001572
43448738	1000124704
16723958	1000001572
73291288	1000001572
1088601	1000001572
74161330	1000001572
36163202	1000001572
30340726	1000053609
19224439	1000164433
24626652	1000001572
80523	1000124704
46239813	1000168131
7713202	1000053609
18228898	1000158075
15947380	1000166189
153886406	1000023919
42869411	1000168131
20695474	1000001572
16404379	1000055317
1585	1000001572
66021490	1000023919
24726732	1000051050
285973967	1000001572
14153020	1000001572
185498905	1000116617
29534967	1000164433
343797833	1000130840
172872617	1000053609
17946886	1000083726
151304288	1000042493
20109973	1000001572
420588509	1000001572
3806441	1000168131
18148724	1000126782
16168089	1000059652
15725851	1000001572
108394665	1000124704
95749490	1000096212
116678226	1000023919
289380312	1000086471
8095292	1000121611
34720571	1000001572
15999465	1000059652
41721520	1000051050
15908942	1000018342
17482071	1000121611
28366439	1000001572
9952802	1000101058
31631020	1000121611
9179472	1000059652
34370797	1000166928
14503316	1000124704
17832278	1000086781
70843031	1000001572
27630891	1000092088
266084180	1000001572
4119741	1000023919
19418918	1000028736
17521244	1000042493
73303753	1000001572
45132254	1000053609
65589378	1000129624
15589735	1000001572
54616608	1000053609
14589809	1000059652
16055778	1000121611
140395153	1000107623
118360338	1000134136
17874118	1000121611
17232000	1000058045
14179545	1000166268
30013010	1000051050
498306782	1000023919
19685124	1000107623
17466492	1000046903
69316577	1000035724
21909890	1000001572
15387839	1000151344
17179368	1000001572
14620190	1000086781
42718137	1000115640
42869411	1000121611
25376735	1000009583
23102522	1000001572
1807861	1000164433
14843763	1000093149
352503542	1000001572
20726422	1000088518
58530623	1000053609
58530623	1000001572
19400611	1000077675
60594135	1000023919
10117562	1000121611
28366439	1000053609
39524936	1000130840
23145316	1000053609
188412002	1000001572
45550705	1000130284
9402622	1000001572
802209	1000107701
7717612	1000001572
7304782	1000018846
34038820	1000125408
121471735	1000039377
27642957	1000124704
24562115	1000016436
14444530	1000046905
29390293	1000121611
74784532	1000174493
19509627	1000121611
313070057	1000164433
15750667	1000001572
7141572	1000135169
33658564	1000086691
14889964	1000166268
128561981	1000079217
18572379	1000059652
85606078	1000001572
14337326	1000044848
41259067	1000174655
57741304	1000106205
41721520	1000121611
34373923	1000001572
71627462	1000001572
47502515	1000039377
81544911	1000001572
2349251	1000042493
170002037	1000053609
465403720	1000053609
16679681	1000001572
17666819	1000053609
17698956	1000019793
141279345	1000168131
9523892	1000085954
15207626	1000001572
21447349	1000025216
16504652	1000124704
27042513	1000084370
40767944	1000124704
237758412	1000049673
22190185	1000045376
85396297	1000001572
21842705	1000001572
26341298	1000001572
14063426	1000096212
91033239	1000160208
163449492	1000004077
15109000	1000001572
19798969	1000062384
20442312	1000001572
14191945	1000001572
28590240	1000116617
113615592	1000048724
28488052	1000117041
18726245	1000086781
20405932	1000125408
153750117	1000046903
16980009	1000053609
17194296	1000164433
10924902	1000121611
255528673	1000098825
96865911	1000011927
17351197	1000005563
327185476	1000017622
819999	1000164433
3108351	1000001572
500125656	1000042493
17909140	1000121611
9814072	1000059652
21769593	1000001572
412273115	1000053609
25233746	1000158075
21534164	1000124704
110709693	1000066264
20571531	1000124704
767396	1000121611
18822634	1000125408
120163364	1000116617
173890161	1000121611
388330545	1000093149
2386761	1000135169
987681	1000001572
8539632	1000023919
82635253	1000168131
23237512	1000144506
16729099	1000001572
14134265	1000073877
15365579	1000168131
14471125	1000001572
10168082	1000001572
89484164	1000121611
94643346	1000116617
44783853	1000086781
21381048	1000168131
9279652	1000001572
586	1000049243
15900112	1000121611
46519925	1000037018
32148035	1000121611
274160433	1000166928
24992454	1000116187
57741304	1000019793
26153445	1000001572
47257805	1000107623
16284386	1000124704
15127990	1000001572
48416851	1000120025
34373549	1000001572
211588974	1000001572
233094065	1000124704
18396825	1000107623
148115885	1000166610
14710479	1000001572
10032112	1000121611
25351908	1000001572
30905120	1000008978
2706021	1000121611
16874037	1000121611
15827269	1000053609
37360915	1000096212
300635077	1000168131
19086456	1000001572
20536157	1000121611
2703041	1000093149
14098332	1000129624
62646404	1000049334
19530134	1000084642
12491	1000018846
112565354	1000160492
16652792	1000001572
5473642	1000107623
17005456	1000042493
21909890	1000124704
76968686	1000124704
14251443	1000149690
14165096	1000108215
88109378	1000152568
266187076	1000001572
24608909	1000158075
24186199	1000168131
29704327	1000001572
6909932	1000124704
20490561	1000121611
20707966	1000077675
15567042	1000093149
524463	1000131173
14167197	1000166610
20989759	1000049334
68033540	1000001572
185306056	1000084642
10922752	1000001572
30003842	1000001572
15807856	1000001572
7458942	1000121611
26954698	1000053609
17027836	1000001572
21619519	1000001572
15667666	1000134922
46650831	1000001572
115004315	1000001572
14858284	1000001572
14478046	1000001572
2112	1000133744
20575149	1000042493
103925618	1000023919
22090170	1000168131
10439482	1000001572
15332302	1000168121
15255503	1000085954
527831741	1000124704
15653423	1000152568
19367815	1000127398
14153020	1000166928
1265091	1000168131
39182784	1000121611
130808369	1000126782
16286560	1000035724
64969242	1000151894
8596022	1000025539
14381520	1000097175
15648137	1000066859
213796133	1000059652
407475086	1000121611
38541734	1000121611
296387378	1000001572
19848777	1000008978
27427798	1000001572
32148035	1000042493
42703075	1000086781
18811710	1000086781
33136115	1000134136
19181488	1000121611
16197343	1000001572
12231142	1000107623
16116812	1000121611
28882615	1000051050
24004172	1000166268
27719762	1000086781
22234861	1000038609
15363133	1000168131
14457794	1000039377
32628749	1000106205
2331211	1000121611
107236336	1000086691
166990746	1000001572
270949258	1000096212
14172588	1000059652
14603011	1000025539
112248037	1000158075
16021608	1000168131
88371207	1000093149
48223331	1000108215
37141338	1000124704
18598585	1000042493
9179472	1000124704
48719536	1000086781
254892390	1000001572
44155214	1000174191
10427562	1000059652
14149571	1000001406
54092452	1000053609
453501086	1000152568
45974457	1000042493
50892530	1000107623
54787629	1000116617
44471950	1000001572
16753853	1000152568
18462193	1000001572
164691705	1000001572
30013010	1000019793
288932529	1000033738
9227962	1000023695
257145979	1000121611
141340085	1000106205
166299213	1000168131
14337326	1000152568
16176755	1000110137
95148130	1000001572
54978190	1000106205
23135992	1000129624
19086456	1000019793
8452342	1000059652
18924203	1000001572
22747624	1000011163
121849626	1000129607
26947525	1000134136
33436693	1000086781
160965385	1000041307
32423136	1000023919
357750891	1000166610
37269308	1000001572
5627542	1000019793
3936151	1000168131
72573005	1000121611
115504182	1000042493
28115679	1000051050
241211254	1000116617
17897772	1000135828
37238862	1000023919
16689804	1000121611
16587023	1000036309
18459612	1000086781
201972487	1000060812
39358333	1000130284
161554085	1000121611
9522672	1000029232
18995454	1000001572
191190039	1000019793
44610712	1000001572
15009761	1000024311
17815591	1000001572
21683202	1000001572
21119820	1000158075
1090561	1000124704
29216764	1000009583
63644892	1000046905
18223191	1000125408
15845732	1000152568
26214290	1000059652
67169342	1000166610
266084180	1000051050
56619909	1000121611
121467013	1000121611
36047098	1000001572
6104	1000168440
98916038	1000107701
26026579	1000021264
133860198	1000168131
9348562	1000166610
18342768	1000044848
15202239	1000001572
23563579	1000079217
22297413	1000001572
16228398	1000001572
10172802	1000001572
8095292	1000164433
13165	1000001572
27145088	1000037018
249308032	1000168131
36593783	1000001572
21803333	1000053609
13196662	1000106205
22734080	1000124704
16284463	1000001572
19677696	1000134136
45134201	1000168131
44681528	1000124704
23462787	1000124704
18193009	1000077675
29242152	1000019793
16008212	1000069146
306850441	1000023919
1000591	1000096598
65127277	1000001572
21418368	1000042493
18990065	1000121611
14425692	1000128317
25541185	1000121611
81520544	1000001572
15179596	1000022967
17851032	1000121611
325190769	1000050255
16126957	1000129624
6117252	1000164433
240324020	1000001572
36350289	1000001572
16411697	1000001572
16369845	1000059652
24626969	1000053609
25458129	1000023919
22156926	1000023919
14134204	1000059652
16714359	1000001572
130268655	1000073877
21434769	1000001572
31332696	1000166928
5506532	1000001572
235758866	1000001572
16359602	1000129070
191613738	1000001572
12460982	1000001572
106418338	1000030686
46746458	1000066264
197594920	1000004761
121559360	1000073091
26575697	1000063844
125547081	1000051050
885	1000168131
586	1000166610
33416342	1000086691
97089019	1000124704
111364887	1000166610
14749486	1000001572
50669530	1000124704
19103481	1000023919
211329226	1000001572
289380312	1000151737
202721855	1000152568
111390734	1000124704
753223	1000121611
1140451	1000001572
31107562	1000019793
14083627	1000059652
18045966	1000079075
18734024	1000053609
26954698	1000023919
15820160	1000123526
98768914	1000158075
14251443	1000001572
20774852	1000121611
15234657	1000096212
5699	1000164433
25220741	1000009583
1378	1000168131
17087370	1000168131
47578454	1000001572
64444175	1000001572
19239943	1000042493
20476755	1000168131
96137094	1000121611
16988220	1000018846
15680097	1000029232
21672825	1000107691
23899556	1000050255
24775410	1000011163
41130821	1000001572
44471950	1000121611
14197641	1000001572
20574354	1000171034
14424405	1000001572
28732282	1000023919
16892481	1000054456
14945646	1000124704
87195913	1000001572
20341544	1000121611
24186199	1000121611
16855888	1000001572
16477291	1000121611
175140657	1000033738
14503316	1000121611
8692752	1000059652
36728196	1000168131
817977	1000084069
19502592	1000023919
258447233	1000032670
18506744	1000023919
174331528	1000001572
17524022	1000166268
16017251	1000005563
18645812	1000053609
38108292	1000024311
15644999	1000023919
14986716	1000167963
151597365	1000121611
14209885	1000053609
22276141	1000001572
13957392	1000001572
19994555	1000035724
27052339	1000102123
7790622	1000023919
14605192	1000086781
3471	1000082846
84365116	1000001572
13322182	1000019793
125547081	1000023919
35997563	1000125408
14550264	1000059652
107516840	1000001572
36353979	1000124704
48546499	1000042493
792907	1000059652
41080898	1000079217
21912832	1000059652
152341106	1000045376
27642957	1000001572
26334426	1000023919
13753972	1000168131
18282577	1000136727
23239085	1000023919
21381048	1000001572
35024272	1000117041
9726292	1000059652
36997518	1000102567
18789373	1000024311
193884566	1000108215
161372707	1000001572
14603011	1000084069
43403618	1000121611
6092342	1000164433
19641128	1000001572
39661306	1000001572
16187815	1000001572
91040139	1000093149
21139132	1000001572
108883543	1000079217
11781142	1000001572
21787042	1000124704
15045318	1000124704
15845496	1000168131
644463	1000123526
30233206	1000124704
18483888	1000073877
155709334	1000166928
16246524	1000046905
14888584	1000044848
15285557	1000001572
121820614	1000039377
19419870	1000086781
134887156	1000166610
962631	1000059652
31208684	1000152568
27003337	1000034838
19693602	1000018846
466772171	1000042493
104517739	1000124704
336333279	1000042493
30340726	1000001572
14378113	1000001572
20571531	1000023919
21077642	1000153019
47427860	1000158075
72842277	1000023919
14202246	1000019793
9608152	1000121611
31721134	1000086781
16827758	1000124704
18939092	1000001572
