124335448	1000015489
823129	1000155444
31407587	1000062206
121213529	1000125780
391227585	1000121147
15535081	1000164592
201459056	1000125780
11000562	1000037899
16012783	1000042536
110624323	1000013732
5690262	1000068269
23346663	1000043980
656673	1000129456
714033	1000124247
27167977	1000010421
84534359	1000054188
8202882	1000004640
102193655	1000054188
93694557	1000037899
19471361	1000128101
33553495	1000032711
18774059	1000004640
54964162	1000042536
18208354	1000139118
40470589	1000015489
19624071	1000033423
17821932	1000061794
792537	1000089907
21337712	1000015489
39470007	1000165526
23398228	1000115199
4833	1000018348
14110750	1000129456
24992454	1000042536
17982742	1000047140
735983	1000047140
5658712	1000165802
1768351	1000143171
16676450	1000067198
43273	1000037899
15212750	1000124247
15828403	1000018526
119908470	1000123303
252291383	1000042536
14306161	1000015489
63118140	1000073281
16866701	1000124247
14471133	1000123303
15659821	1000032711
16352615	1000129456
18389670	1000097973
14262796	1000019308
16411697	1000047140
181934913	1000173464
33326659	1000149835
35943	1000052564
24553095	1000034877
19981142	1000042536
153069336	1000034877
21369856	1000096533
23256633	1000117877
17814938	1000076048
309041549	1000075115
12707	1000014462
16387521	1000127672
26465656	1000072988
20550976	1000167611
21049178	1000091556
38500106	1000047140
6408382	1000106682
14575107	1000127672
14351575	1000069407
156602922	1000122223
714033	1000021986
11422352	1000066922
33051095	1000042536
17416936	1000007551
14050073	1000125780
27421232	1000031021
22428396	1000018526
39164896	1000054987
41814686	1000042536
29001844	1000015489
668253	1000053680
114873228	1000015489
24604037	1000015893
119813269	1000014462
13459652	1000155444
11818	1000124247
9313022	1000091556
19902621	1000155056
26753986	1000015489
15494342	1000149654
18957239	1000033423
1175321	1000115359
23137012	1000007551
19536422	1000047140
15519430	1000042536
19637761	1000032711
20033726	1000047140
14344011	1000145493
47147828	1000015489
52772629	1000100768
7773282	1000073415
110230017	1000165601
11739662	1000032711
21556678	1000063576
808627	1000166612
10951232	1000124247
15010721	1000164592
14256380	1000013732
24852559	1000007551
486327172	1000030310
14134204	1000042536
226594115	1000091556
28873775	1000015489
30231735	1000072988
16018937	1000076774
193208607	1000046554
10822802	1000142310
2050831	1000035473
14756754	1000040385
14335160	1000133652
19394633	1000115199
25805995	1000121147
676063	1000032711
130894825	1000127672
48463781	1000034972
36964520	1000097487
16365983	1000127672
17057271	1000042536
40703164	1000126968
53977189	1000003827
20643889	1000016805
51039981	1000075115
233356779	1000047140
141528278	1000073281
67711068	1000155226
185297446	1000142310
21053653	1000139217
90972884	1000021311
201681255	1000075115
17842366	1000042536
60179528	1000062206
129656992	1000031021
8653412	1000166996
17093617	1000042536
10545772	1000042536
169780164	1000117349
24424030	1000047140
284476407	1000139118
72339761	1000068550
757502	1000037899
12538472	1000019308
84142850	1000107540
50597693	1000123303
50597693	1000124854
19582372	1000018526
14179822	1000108868
20835508	1000067198
62359006	1000165526
111172527	1000165526
5382252	1000124854
86359799	1000047140
64852973	1000091556
6356652	1000156320
790577	1000079407
6810832	1000155444
82694047	1000117349
10131762	1000004266
153069336	1000014413
15777123	1000103750
5791	1000095994
17622223	1000032711
17850816	1000047140
83186987	1000075115
14183197	1000088714
17276163	1000021204
104201057	1000025699
114340234	1000164592
14296542	1000089907
15698507	1000091556
260389485	1000124247
36376198	1000127672
72167837	1000015489
197280646	1000032711
16453001	1000165526
755859	1000124247
331816614	1000042536
26021668	1000047140
26811121	1000144494
26523360	1000136325
17904856	1000091556
36376198	1000042536
25041430	1000120593
48849410	1000117877
18166611	1000124247
28931188	1000015489
4548601	1000062206
20662040	1000155226
15433693	1000042536
64241189	1000059944
47263945	1000129456
16212913	1000165601
123033918	1000016805
343341790	1000165601
20643889	1000069407
19345378	1000021311
17874118	1000165802
17137927	1000021386
16034406	1000165601
22481212	1000124247
11255982	1000037899
31079210	1000091556
3149631	1000019308
18976948	1000047140
59557446	1000127672
16365983	1000042536
1586871	1000064544
14112756	1000124247
14839862	1000014462
229667744	1000004640
311195478	1000015489
18247541	1000004640
15775251	1000015489
13460312	1000121021
774280	1000014462
15695037	1000062206
13790282	1000029835
253955065	1000060837
87273337	1000124854
76369773	1000168390
216803366	1000157236
1271901	1000045960
858071	1000047140
81544911	1000065558
36072264	1000042536
22595031	1000165501
17904856	1000047140
459898457	1000165601
17191474	1000139217
8852072	1000097973
280817624	1000035473
20925179	1000060837
34739714	1000018526
18166611	1000052564
14805097	1000018348
50597693	1000129456
57615926	1000143790
27661959	1000103242
17900339	1000047140
66352917	1000047140
20798630	1000042536
60063162	1000015489
5478442	1000139217
15698507	1000047140
182644865	1000021204
14585581	1000013732
14971237	1000054188
25150349	1000059944
14217378	1000142310
5938412	1000165802
12285702	1000037497
48900286	1000059944
121142586	1000155444
59557446	1000042536
413456718	1000015489
8883202	1000015489
17811047	1000062206
6183972	1000121021
35491904	1000015489
22368290	1000143790
16411697	1000014462
19578471	1000128101
286491862	1000015489
20015787	1000035473
53280402	1000127672
43937306	1000035473
4523471	1000032711
19576610	1000137604
12161	1000021986
13265572	1000103750
17968235	1000154097
15176366	1000018526
163090431	1000015489
12567072	1000123303
17673	1000124247
147091051	1000154965
57329148	1000142406
31584156	1000043980
17055465	1000165501
22593902	1000059193
20714235	1000158987
87520051	1000164592
30298209	1000107324
12369602	1000019308
73249932	1000068032
184789111	1000067071
256255640	1000042536
19049162	1000175252
7738402	1000155444
18957239	1000014271
21672825	1000126697
19448044	1000015489
2087371	1000054188
114636253	1000139118
20437031	1000097973
15747590	1000106682
28931013	1000015489
5386032	1000019308
14849487	1000129456
32385762	1000015489
636893	1000068269
23841960	1000016614
163683013	1000115199
18812947	1000123303
19619047	1000060837
49098552	1000154965
24486441	1000137604
156461824	1000032711
20787623	1000165526
17866266	1000015893
18726245	1000042536
35293	1000160698
28445357	1000015489
18940840	1000106682
813637	1000037899
285769598	1000137604
16002470	1000124247
7860352	1000014462
17324205	1000091556
87506541	1000081132
16482065	1000091556
9884622	1000019308
56699979	1000034877
24804973	1000096533
59523467	1000125167
242447706	1000033423
14503	1000052564
1859811	1000155056
32688174	1000018526
16792453	1000123303
47433131	1000091556
16337631	1000014462
15574667	1000170386
19407682	1000154965
26603447	1000043980
20469167	1000155444
32917372	1000075115
51154947	1000047140
35676929	1000123303
15866188	1000042536
19873504	1000107074
195305346	1000090633
21345893	1000110885
153069336	1000091556
9085252	1000129456
17845789	1000125900
16438885	1000033423
17874118	1000155056
14780587	1000101824
12506	1000138120
103018203	1000127672
16545051	1000134721
100360503	1000126697
266166985	1000042536
6604002	1000124854
15937109	1000007551
1768351	1000133652
89041913	1000069407
13348	1000166612
47465882	1000076774
65289126	1000007551
19916625	1000164592
46466740	1000015489
97131715	1000134340
174965007	1000073415
12069912	1000156320
117819457	1000015489
57516750	1000006330
6471312	1000166996
333407149	1000165601
14731905	1000124854
56166348	1000047140
89604428	1000062206
76131066	1000144494
782912	1000124247
83024840	1000154097
168537920	1000086700
16573718	1000155444
10860762	1000047140
394216985	1000035473
29739700	1000042536
132519763	1000075115
237541348	1000160698
20098260	1000106682
294132475	1000149654
16151653	1000014271
15476915	1000091556
113254439	1000031021
253360762	1000073281
148375644	1000154965
14310062	1000126968
38500106	1000091556
11965632	1000092757
108185203	1000006330
52758395	1000042536
21521996	1000032711
61677534	1000142310
17333679	1000047140
48669511	1000091556
209759970	1000047140
17093617	1000127672
130314799	1000076774
15684633	1000042536
70645019	1000165526
17027836	1000168390
88974169	1000014413
75795749	1000015489
14981505	1000015489
79033767	1000160698
110588832	1000021311
147860240	1000139118
4833	1000155444
709063	1000123303
9786072	1000028845
19148708	1000042536
31631020	1000021204
158129463	1000015489
18087370	1000061601
23248294	1000115199
77175478	1000155444
22022795	1000094594
16523889	1000026953
17324205	1000047140
23129135	1000046772
11174882	1000083551
2334221	1000021986
12782472	1000091556
18175171	1000135766
250395792	1000083551
50321599	1000021204
20152310	1000155056
283374974	1000134721
60033	1000124247
39078517	1000155056
91443637	1000091556
16363082	1000165526
6666312	1000044212
222640532	1000073281
220045059	1000124854
115444551	1000020124
734353	1000165802
31800086	1000042536
46581868	1000139118
43883192	1000075918
40147977	1000037497
18440972	1000110885
30207757	1000066696
7780852	1000019308
15576272	1000037497
17111442	1000046554
21318259	1000015489
50137282	1000126811
34022116	1000115199
15030766	1000139118
28854980	1000064743
3325171	1000052564
30949085	1000032711
8856442	1000107324
12496	1000124247
103018203	1000042536
28966878	1000124247
242489570	1000015489
30963856	1000026953
294026738	1000075115
22662244	1000035473
22405166	1000109556
20217659	1000136325
14775425	1000004640
10859	1000171962
17576762	1000007551
13035	1000124247
5625972	1000127672
24939978	1000015489
15211175	1000060837
30863	1000014462
361652822	1000073281
237758412	1000115199
266187076	1000042536
9724232	1000076774
16135175	1000100768
5530472	1000018348
46789018	1000006069
70466897	1000004640
98166816	1000107074
18258732	1000156320
14731905	1000129456
9524062	1000142406
15396961	1000037899
7305682	1000030617
6955662	1000014462
1271901	1000021204
194499301	1000015489
84915442	1000004640
36735522	1000065558
74482188	1000171962
32578648	1000126811
24589645	1000107324
39796783	1000106682
2727051	1000014462
14351575	1000139217
43872362	1000016738
49044426	1000154965
259394959	1000052564
337840714	1000064743
153069336	1000075918
39069544	1000047140
34746498	1000055609
819139	1000064743
157875228	1000136528
15631182	1000165601
16337631	1000037899
219413005	1000155226
8079892	1000079407
37981207	1000163517
239913600	1000154965
121296475	1000091556
2184161	1000052147
14513100	1000068269
15736190	1000000274
165887540	1000015489
6742582	1000053856
34507480	1000029835
2727051	1000037899
42663679	1000047140
14850644	1000081132
7400342	1000097973
608853	1000166996
25805995	1000067198
59864960	1000007551
22239256	1000163517
22439422	1000158987
25818139	1000123303
103993750	1000016614
12561172	1000115359
14334873	1000037899
719043	1000165802
16194018	1000007551
134513722	1000060401
130314799	1000042536
13264182	1000156320
18898232	1000003472
56699979	1000033423
20509649	1000165526
19081905	1000074829
13490452	1000164592
11781142	1000166996
9313022	1000076774
55699429	1000003827
53709155	1000035482
18712070	1000020124
19940791	1000042536
12350092	1000097973
26021668	1000091556
2334221	1000124247
18904121	1000043980
16724634	1000046772
14217378	1000135766
16491104	1000108868
31013971	1000031021
180463340	1000042536
19330360	1000031021
16545051	1000170386
14182140	1000079254
44386438	1000030310
288000259	1000076048
99571358	1000034972
191111826	1000008531
22126763	1000006069
157755679	1000015489
18177126	1000047140
355110943	1000157236
1277041	1000019308
15706062	1000129456
40930287	1000038349
10732962	1000124247
18895806	1000129456
84670801	1000018526
43165749	1000035482
40039015	1000097973
5379992	1000112029
30296193	1000047140
20485775	1000079254
18895806	1000124854
5625972	1000042536
2898611	1000052147
858071	1000060837
16396215	1000129456
3149631	1000112029
9916402	1000136325
9313022	1000047140
18189855	1000165526
110588832	1000107540
15393788	1000020124
313825894	1000056565
14677919	1000042536
18725854	1000007551
22691574	1000115199
16581604	1000042536
14287774	1000014462
22578754	1000010421
245470685	1000175216
62113055	1000004640
10697232	1000004640
115130647	1000165526
92174168	1000142406
80898271	1000015489
735983	1000076774
253955065	1000094355
37685463	1000043980
166226911	1000015489
348278208	1000139118
115957356	1000015489
15141980	1000067198
87273337	1000069407
18757859	1000064544
98660285	1000136325
137982546	1000034972
220827191	1000102180
6281792	1000061601
15702262	1000091556
88996186	1000037899
61133	1000038349
40979038	1000154097
10880202	1000042536
27001193	1000032711
14544190	1000040385
783675	1000038349
15512803	1000018526
40167282	1000165526
15800873	1000091556
7209642	1000074829
38331300	1000115199
57512130	1000136528
24189083	1000072058
53150331	1000120593
15848919	1000020124
99330079	1000091556
95028210	1000143171
14596823	1000120593
14706339	1000068032
358163988	1000075115
64333425	1000035728
18742918	1000052564
62866478	1000015489
23095837	1000091556
2525131	1000042536
15004311	1000164592
14829533	1000139118
19738334	1000165601
757502	1000014462
14791162	1000042536
108398384	1000091556
14498782	1000127672
116670843	1000009831
16743138	1000091556
55963	1000124247
20905358	1000043980
14362294	1000061601
45577446	1000042536
42663679	1000091556
57973034	1000054987
61531093	1000042536
4461451	1000155056
16660451	1000067198
15205089	1000165802
16317965	1000154097
756975	1000052147
211303345	1000086700
40318230	1000074829
14630648	1000138120
21409122	1000097487
4997041	1000044212
303424311	1000003465
3325171	1000124247
22220733	1000128101
15866188	1000076774
9796452	1000124247
12555	1000014462
27741532	1000015489
14681621	1000054188
24644909	1000069407
28434434	1000164592
369232105	1000129529
28649796	1000015893
375971107	1000042536
41674138	1000007551
27661959	1000106682
42869411	1000025699
57615926	1000014271
74201802	1000115199
35986710	1000061794
12534	1000124247
60025762	1000007551
310087940	1000139118
152580711	1000059944
70933391	1000165601
7772042	1000037899
5340042	1000003472
18324221	1000042536
162568819	1000006330
16650200	1000032711
15643073	1000097973
81894512	1000034877
1566661	1000004640
167932497	1000175216
15906950	1000076774
14756754	1000097973
54625059	1000014462
823525	1000064544
20091908	1000123303
19802879	1000042536
16212913	1000154965
18995454	1000042536
15598530	1000125780
18733132	1000004266
14503	1000124247
32141657	1000154965
18740669	1000060837
15280516	1000004059
6563932	1000032711
5905672	1000037899
616253	1000004640
361547167	1000073281
18898232	1000091556
37902551	1000124247
17243213	1000042536
303365604	1000173464
14477161	1000054188
21039860	1000102180
44317593	1000042536
17452154	1000139118
18997022	1000021386
130249527	1000052147
12782472	1000089373
6280302	1000018526
37900255	1000020124
11153082	1000165802
15413301	1000112029
11000562	1000053680
20392369	1000149389
10131762	1000165802
63006299	1000149835
7780852	1000061601
7256262	1000037899
13409	1000042536
17275604	1000047140
71317882	1000035728
16145224	1000042536
17636405	1000174584
389965025	1000035473
165372137	1000015489
16233123	1000134721
14477161	1000124247
70078376	1000062206
185826688	1000062206
20033726	1000091556
7591562	1000123303
823129	1000037899
199810683	1000128188
4664501	1000155444
63516292	1000091556
27246430	1000032711
232762581	1000139118
401042803	1000035473
20392369	1000015489
35676929	1000094355
16929520	1000127672
154363792	1000175216
774280	1000129456
18217117	1000127672
18824197	1000055609
63044831	1000032711
15745394	1000074829
440983667	1000069428
82504166	1000091556
39613	1000145493
39069544	1000091556
17365848	1000042536
101345179	1000167611
18863815	1000042536
58802066	1000000274
107868698	1000123303
50292965	1000165526
31458283	1000142638
5698942	1000154097
84094747	1000091556
89041913	1000124854
16523889	1000091556
14763	1000040385
21771720	1000062206
29569786	1000004640
147269043	1000047140
10090902	1000060837
21512383	1000072058
48669511	1000035728
24424030	1000091556
121826856	1000076774
64046315	1000091556
132256619	1000075115
60814115	1000031021
75317728	1000021204
98513781	1000063576
16049997	1000124247
46789018	1000023910
14997105	1000164592
28682240	1000015489
108928516	1000139118
14316850	1000019308
15839551	1000123303
291	1000030617
21816442	1000063576
24451931	1000020124
126767258	1000128188
16740348	1000047140
14720196	1000047140
22161438	1000032711
14736912	1000034972
87396580	1000004640
15301803	1000089907
58063	1000097973
85529001	1000174146
204000077	1000004059
18104778	1000042536
69785944	1000154965
288113759	1000075115
44080327	1000007198
14322057	1000034972
14217937	1000007198
14213563	1000042536
24861778	1000091556
77998516	1000015489
69263767	1000154965
36417354	1000124247
782912	1000097973
17037854	1000075115
128620610	1000037899
17208738	1000015489
19299909	1000076774
9243482	1000052564
138273945	1000139118
213295930	1000042536
21069452	1000107324
57615926	1000103242
9027052	1000053856
19668592	1000136528
58356769	1000015489
17457100	1000125900
2008761	1000067071
18111446	1000055609
20787623	1000094594
289216498	1000003465
27977845	1000173480
15322256	1000047140
24763	1000124247
14273705	1000030617
57838875	1000135766
393719606	1000066696
14284668	1000102180
196843248	1000014462
60741908	1000062206
21182763	1000091556
14681621	1000037899
47298047	1000174146
7772042	1000155444
15322256	1000004059
3291841	1000042536
13770862	1000141368
35329667	1000137604
799212	1000155444
18898232	1000034877
232676888	1000066922
24057172	1000075182
21101711	1000165802
29631105	1000062206
14874480	1000142310
39941049	1000139118
29993931	1000091556
28660180	1000155226
22667723	1000154097
17909140	1000091556
233456037	1000047140
15153	1000052564
16139294	1000035473
24203500	1000139118
19447898	1000165526
226594115	1000047140
6686172	1000010421
24562115	1000129456
43742834	1000175252
97127015	1000059193
15670814	1000073281
18630326	1000016738
202663639	1000154965
9313022	1000042536
31525143	1000091556
89481728	1000097487
39552519	1000018526
16144132	1000035482
85847902	1000020124
8150082	1000154965
13420	1000037899
198672699	1000090633
20630542	1000010421
19384641	1000091556
9789492	1000037899
15869453	1000042536
16573718	1000129456
15444822	1000064743
303482442	1000015489
161390417	1000004059
14805097	1000124854
14093238	1000121021
161705745	1000106682
1511081	1000141368
15866188	1000127672
19134143	1000165526
14647570	1000042536
28838048	1000015489
28845997	1000015489
76958702	1000015489
1857421	1000042536
81801765	1000014413
136500621	1000015489
15418343	1000031021
20987724	1000028845
22941233	1000060401
119813269	1000045960
70760998	1000043980
60463	1000124247
80025164	1000115199
70002904	1000015489
113897988	1000135766
14166219	1000075182
17783026	1000089373
22667596	1000154097
197701190	1000015489
3021291	1000032711
29631105	1000134721
11768142	1000142638
4047941	1000021204
18175171	1000142310
31076895	1000091556
27179490	1000047140
14372700	1000164592
12890272	1000165802
21318259	1000149389
3101811	1000134340
12555	1000054188
20643889	1000060837
17208406	1000003472
14659051	1000089373
201753600	1000075115
222723	1000095994
94143715	1000129529
71317882	1000047140
15446126	1000174584
20649406	1000165526
24973996	1000042536
14176624	1000020124
2459371	1000042536
17511527	1000165802
22638962	1000032711
21049178	1000047140
58961325	1000074829
47840035	1000091556
33306725	1000004640
17539739	1000127672
759679	1000154097
286118150	1000020124
102346584	1000109556
48210436	1000092757
104698176	1000120593
15800873	1000047140
46647885	1000023910
75360706	1000125167
15813218	1000091556
27609219	1000061601
17637228	1000068550
14477161	1000037899
21326797	1000154097
9884622	1000061601
15635604	1000042536
15153	1000124247
178246193	1000047140
9740572	1000047140
818647	1000009831
81894512	1000091556
164691705	1000042536
2627491	1000019308
217931270	1000122223
14363353	1000042536
30060242	1000154097
115044590	1000008531
749463	1000052147
30400327	1000015489
9779032	1000054188
9789492	1000139217
77351627	1000165526
666073	1000014462
120452094	1000174146
16369845	1000089907
124184944	1000018526
14601788	1000155444
15307166	1000042536
12830	1000124247
29226377	1000139118
240959105	1000125900
39693835	1000091556
89041913	1000123303
21578499	1000154965
49098552	1000165601
31076895	1000047140
283603243	1000069428
9463382	1000155444
22481212	1000052564
11752272	1000088714
118279350	1000123303
20091908	1000060837
17769620	1000056565
767396	1000042536
14849723	1000142310
11739942	1000032711
105170873	1000091556
253340529	1000173480
647223	1000154097
60699802	1000014271
14749606	1000042536
14936051	1000101824
18420291	1000139118
1797531	1000126811
18307251	1000042536
156994284	1000015489
41169925	1000015489
