16464746	1000048464
756977	1000115537
195795250	1000052651
182925539	1000031506
283342994	1000126304
257268592	1000081728
28302257	1000150165
344514524	1000003769
266182056	1000138666
49644939	1000033566
25473689	1000107470
14672552	1000115537
66131891	1000107470
110895893	1000003769
14869988	1000172676
64093842	1000020609
231456006	1000138666
280686960	1000099446
384353180	1000138666
135704870	1000028842
26355729	1000067629
35507751	1000009574
66905823	1000052651
42053731	1000172676
412458211	1000052651
15665482	1000149799
249996933	1000044899
19490973	1000067629
37297131	1000161342
16602180	1000166662
132834166	1000138666
19849160	1000033566
16660064	1000048464
96625583	1000138666
151560445	1000048464
16595804	1000107470
61040299	1000086277
14539153	1000121757
286505380	1000082230
446023451	1000022210
60725654	1000171168
540789120	1000022357
60725654	1000081728
198828820	1000022357
20465564	1000033128
37704473	1000022357
33423401	1000081728
29397027	1000170331
63207451	1000052651
86775971	1000052651
212498957	1000020609
56929607	1000004860
185699666	1000003769
15692925	1000008356
23044006	1000048464
285877012	1000070607
16032577	1000070607
195893980	1000161336
250151978	1000008356
437986179	1000044891
230375776	1000027383
14062808	1000048464
307908399	1000033128
390054186	1000156309
362691320	1000099446
67751089	1000088841
280686960	1000027383
271569195	1000105053
237519934	1000161472
189178986	1000115134
64015950	1000126304
19458216	1000107470
14781169	1000126304
213829863	1000052651
135704870	1000105053
356541836	1000003769
470989901	1000044899
67237134	1000162122
124424508	1000033566
14654965	1000140156
17346342	1000052651
400505785	1000003769
37372319	1000059034
14295267	1000099446
207831384	1000088841
362691320	1000067629
275003449	1000099446
440441510	1000054721
214201922	1000052651
14446707	1000028842
36999171	1000138666
347412328	1000105053
250151978	1000081728
43933723	1000048464
79119341	1000022210
50121891	1000099446
241211254	1000099446
42953895	1000099446
10671602	1000052651
28779024	1000138666
106814909	1000166662
33009177	1000073939
313370618	1000082230
32675894	1000126304
249996933	1000073663
114589165	1000052651
17547990	1000136064
75914648	1000020609
13311722	1000033566
250151978	1000137313
190911070	1000159183
16642707	1000025970
228759062	1000081728
175855283	1000147247
14869988	1000086668
18365777	1000052651
161418822	1000020609
46901607	1000137313
224893475	1000035158
26000424	1000126304
368411864	1000115537
66620040	1000048464
370518593	1000052651
128759684	1000020609
19223382	1000020609
333193906	1000052651
15220205	1000059034
68129991	1000031506
2609891	1000138666
244522571	1000048464
271662759	1000137313
241211254	1000052651
68618051	1000052651
362706405	1000052651
65364484	1000052651
124279923	1000033566
23845031	1000126304
14529025	1000037610
427156873	1000126304
208086253	1000052651
106514999	1000138666
19676802	1000025970
25473689	1000106786
21091877	1000027383
145987948	1000138666
14106344	1000115537
191229219	1000052651
307908399	1000070607
228878803	1000107470
48630156	1000033566
121825928	1000052651
15853668	1000028842
129140802	1000067629
427156873	1000106786
391151883	1000052651
36969875	1000138666
42164376	1000048464
242806118	1000052651
39870387	1000052651
88573405	1000022357
392994593	1000082230
15065065	1000027383
293689364	1000003769
431448610	1000052651
63207451	1000115134
425336303	1000161472
18365777	1000056869
14139971	1000059034
151820156	1000170331
29043456	1000020609
17915692	1000115134
79676954	1000156309
132256619	1000156309
125359195	1000022210
43510041	1000150165
135818099	1000071961
36386224	1000056869
10865992	1000166662
15871544	1000054721
20161019	1000022357
362691320	1000145009
77733093	1000044899
36969875	1000052651
245141097	1000138445
84167270	1000028483
14611017	1000033566
337070546	1000067629
43065900	1000059034
378237139	1000116064
182206689	1000067629
173343647	1000099446
14620398	1000033566
102642582	1000052651
175855283	1000150165
15680204	1000162122
188035912	1000028483
25566593	1000048464
367944032	1000059034
311268617	1000081728
240833716	1000170331
278142809	1000017201
68618051	1000138666
14229096	1000059034
14539153	1000152231
20175678	1000133654
20465564	1000166662
30337775	1000005104
6371402	1000156309
60725654	1000025970
38782424	1000070607
362691320	1000115537
470554025	1000099446
100369246	1000003769
252750461	1000027383
170113817	1000009048
102642582	1000025970
11845912	1000059034
16452919	1000138666
63342305	1000031506
172251288	1000020609
432964727	1000104230
14539153	1000155676
14671967	1000039711
541601421	1000133654
72915249	1000138666
75835217	1000037610
370708942	1000171353
84672379	1000022210
287564504	1000099446
197600651	1000052651
20152005	1000048464
448436696	1000028842
54787629	1000052651
278777228	1000054721
33511401	1000017201
165645655	1000022210
200212364	1000048464
132684863	1000140156
15939253	1000067629
120971873	1000039711
362425769	1000159183
63787760	1000048464
124279923	1000099446
153202207	1000020609
96653670	1000056869
132834166	1000020609
366689013	1000009574
349926417	1000052651
199278114	1000031506
30694402	1000022210
42907477	1000052651
231553897	1000099446
55689361	1000052651
15702621	1000138666
43969031	1000052651
370958925	1000031506
13610342	1000115134
170113817	1000099446
18761768	1000106601
175855283	1000073939
442367757	1000052651
432964727	1000028704
257938097	1000052651
53488710	1000149446
41331160	1000052651
756977	1000172676
15351031	1000044899
3442781	1000039711
350979642	1000090823
37478021	1000044899
71140400	1000028842
284996272	1000138666
81490134	1000020609
261171156	1000121757
362991049	1000082230
405954273	1000048464
14583032	1000138666
277344342	1000067629
91838045	1000070607
61624875	1000090823
26519172	1000099446
452259102	1000003769
355981071	1000138666
361605431	1000137313
370657332	1000088841
16687014	1000033566
22316002	1000044899
60968363	1000048464
13108932	1000067629
364083931	1000166662
18712070	1000048464
316155198	1000147247
50145896	1000097738
15195576	1000081728
249426885	1000140156
34178980	1000070607
16883232	1000150165
133989821	1000137313
96150272	1000067629
364705107	1000106786
96877871	1000107470
275003449	1000140156
16595804	1000052651
387362800	1000137313
19031537	1000052651
25372935	1000081728
22433348	1000027383
132834166	1000097738
23878044	1000052651
164385775	1000115134
391151883	1000003769
293689364	1000054721
202478674	1000070607
293689364	1000115134
23967802	1000052651
48118853	1000028842
195893980	1000003769
360210288	1000138666
3246931	1000170331
14517343	1000170331
297865929	1000052651
124279923	1000067629
35569745	1000022210
82838063	1000145009
15853668	1000126304
105504508	1000025970
16214045	1000172676
376463873	1000003769
21202532	1000052651
50535198	1000052651
464798382	1000022357
6076432	1000099446
32381348	1000028483
316155198	1000008356
279836991	1000003769
237511447	1000020609
88868166	1000028704
18753000	1000054721
418160414	1000031506
385154183	1000070607
46813846	1000052651
260935147	1000003769
16234759	1000121757
37679126	1000071961
282275903	1000028842
15702621	1000140156
425380821	1000022357
16777769	1000067629
179718090	1000081728
356541836	1000052651
67275584	1000149446
14583231	1000126304
154309021	1000048464
125842468	1000027383
364083931	1000115537
135818099	1000156309
97319539	1000052651
345046030	1000020609
361349552	1000145009
106814909	1000025970
87415678	1000022357
39044130	1000067629
216590574	1000059034
156025153	1000052651
442367757	1000020609
79119341	1000092922
149660084	1000115537
115180571	1000138666
14671967	1000044899
37561615	1000059034
623623	1000170331
139761115	1000099446
33364234	1000028842
20175678	1000143706
15665482	1000052651
92940708	1000067629
241211254	1000028842
79119341	1000048464
246403992	1000017201
254874192	1000081728
98975000	1000020609
205796659	1000107470
337414197	1000033566
18761768	1000030459
24322168	1000138445
348883850	1000099446
65548946	1000061227
7874622	1000090823
100369246	1000105053
345046030	1000099446
107917371	1000052651
71202964	1000121757
19976791	1000028842
15141620	1000126304
260161202	1000052651
19458216	1000022210
385189082	1000010429
79097434	1000121757
65704810	1000048464
20470888	1000171353
31808762	1000028842
233063827	1000106786
44918425	1000033566
426378962	1000003769
15692925	1000009574
266442062	1000070607
214291743	1000116064
194559842	1000073939
95357148	1000052651
18891069	1000003769
279836991	1000041024
43695113	1000033566
22273748	1000052651
151820156	1000028842
20465564	1000022357
15083792	1000099446
16994709	1000003769
121825928	1000115134
17049526	1000133654
53391112	1000052651
182020095	1000022210
298402374	1000022210
313232208	1000115537
18128184	1000062736
50535198	1000138666
426468352	1000044899
319020952	1000105053
14735742	1000003769
130954977	1000052651
225050987	1000067629
297904549	1000022357
454049037	1000140156
14229096	1000003769
22518529	1000138666
110880380	1000022210
94643346	1000028842
31454479	1000052651
18553965	1000059034
158179658	1000150165
206063829	1000052651
16642707	1000121757
14583032	1000099446
2609891	1000140156
134995648	1000020609
15680204	1000133579
173343647	1000140156
22784458	1000020609
62349743	1000086668
34068984	1000028483
236840136	1000031506
21202532	1000138666
250746940	1000052651
242010145	1000067629
168009636	1000170331
327562695	1000173711
7872262	1000138666
260641289	1000044891
23152989	1000048464
105504508	1000115537
36982940	1000020609
34178980	1000150165
266442062	1000052651
96194704	1000099446
39044130	1000138666
15346177	1000171353
19596174	1000028483
20490187	1000048464
96194704	1000155676
382641626	1000052651
96070676	1000147247
556167733	1000054721
113652142	1000121757
43626328	1000106786
16905329	1000022357
189178986	1000099446
19443873	1000082230
25952851	1000082230
26259401	1000056869
10367702	1000033566
262077808	1000106786
17702627	1000170331
425380821	1000003769
382438066	1000138666
37061660	1000099446
134208594	1000033566
190911070	1000067629
249017270	1000037610
293938268	1000073939
100369246	1000020609
20734751	1000099446
99426033	1000020609
470554025	1000138666
36982940	1000126304
20939475	1000099446
30992735	1000082230
235084745	1000156309
306023079	1000052651
171677633	1000126304
151820156	1000137313
49367808	1000099446
14517343	1000048464
254034285	1000140156
32335905	1000003769
341603426	1000022210
474589602	1000022210
23992613	1000174313
182206689	1000099446
53343256	1000138666
356642631	1000028842
556167733	1000081728
37061660	1000067629
73019162	1000121757
48118853	1000020609
73100160	1000054721
37614098	1000171353
450402450	1000052651
254034285	1000138666
367944032	1000052651
17027460	1000041024
14249767	1000138666
372403213	1000003769
221917979	1000056869
29016037	1000106601
18591927	1000140156
19621745	1000030459
29016037	1000147247
352322827	1000052651
472134458	1000052651
17918629	1000086277
241211254	1000067629
29016037	1000030459
16777769	1000003769
175996375	1000009574
540789120	1000133654
244825178	1000044899
37886449	1000070607
362991049	1000171353
324660438	1000048464
99370989	1000031506
11364932	1000090823
16595804	1000126304
129140802	1000081728
492747195	1000116064
68618051	1000028842
254034285	1000067629
67751089	1000052651
271662759	1000106786
56768423	1000020609
39441533	1000052651
247430686	1000155676
20804649	1000115537
15665968	1000035158
284900790	1000082230
18581803	1000022210
19382006	1000003769
278269313	1000052651
21206147	1000033128
52205516	1000070607
129080258	1000020609
212892228	1000156309
229091508	1000027383
8732992	1000081728
237112216	1000052651
22335214	1000048464
48118853	1000052651
6700332	1000022210
14505033	1000048464
20939475	1000044899
9431932	1000099446
175855283	1000052651
392400618	1000116064
432964727	1000133579
57960833	1000052651
105504508	1000172676
14848426	1000161342
39870387	1000171353
368411864	1000138445
20266076	1000028483
10367702	1000071961
755068	1000126304
184552678	1000033566
524768073	1000052651
286639617	1000099446
471212171	1000052651
29016037	1000071961
15534317	1000115537
15195576	1000121757
8312422	1000140156
14869988	1000033566
393614289	1000052651
15692925	1000003769
15216860	1000052651
440441510	1000081728
14056917	1000048464
164385775	1000033566
55019615	1000140156
24322168	1000071961
133880671	1000020609
16475194	1000028704
61382814	1000033566
228878803	1000161472
11364932	1000171353
316155198	1000059034
2520921	1000022210
309366491	1000137313
79766265	1000052651
400505785	1000115134
23734241	1000052651
133987997	1000033566
20291791	1000121757
354943567	1000138445
165411431	1000138666
82838063	1000052651
39870387	1000028483
53488710	1000155676
442566153	1000020609
262077808	1000107470
426739807	1000052651
44186632	1000070607
392629948	1000099446
58697439	1000121757
105504508	1000138666
270426164	1000115537
14587578	1000048464
112632227	1000027383
10865992	1000071961
23992613	1000037610
29016037	1000033566
195981712	1000081728
23061725	1000107470
308330077	1000052651
19443873	1000044899
351383612	1000052651
113763153	1000172676
43662855	1000052651
19040580	1000099446
31360120	1000020609
56768423	1000052651
386650599	1000082230
381048540	1000090823
28059707	1000035158
25797592	1000067629
86227873	1000126304
95164862	1000025970
14735742	1000020609
17632072	1000022210
258112190	1000099446
62581461	1000048464
29698864	1000039711
25810548	1000099446
128302994	1000140156
142047796	1000140156
244831482	1000003769
20424865	1000052651
25927802	1000028842
381739410	1000155676
279848956	1000033566
43510041	1000003769
50499213	1000126304
16595804	1000033566
89352400	1000035158
60725654	1000138666
184552678	1000170331
9827732	1000156918
189178986	1000070607
21648994	1000171353
254442689	1000137313
2609891	1000052651
67751089	1000115134
307821954	1000121757
89352400	1000149799
36407042	1000099446
37478021	1000059034
450402450	1000115537
121825928	1000059034
19991508	1000099446
324663507	1000126304
183664272	1000031506
30207757	1000048464
42953895	1000027383
333466134	1000166662
13434622	1000099446
218652920	1000115134
18101470	1000020609
376463873	1000115134
24826596	1000033566
40753289	1000048464
194518592	1000081728
526819492	1000081728
102642582	1000156309
461765268	1000022357
36999171	1000099364
254442689	1000099446
164385775	1000140156
106814909	1000028704
393184806	1000052651
373302066	1000099446
96625583	1000166662
65981257	1000174313
27917294	1000116613
88109378	1000048464
35258257	1000022357
25333193	1000052651
459209611	1000052651
107635488	1000020609
18858188	1000115537
423793007	1000105053
93172344	1000099446
459178549	1000028842
19490973	1000003769
206027357	1000174313
14047459	1000166662
171677633	1000138666
146593500	1000115537
44826769	1000031506
95987069	1000137313
390659661	1000031506
266880716	1000022210
133989821	1000155676
85437791	1000025970
532942513	1000115134
14047459	1000059034
371087884	1000052651
459178549	1000009574
21458147	1000003769
15595377	1000105053
15665968	1000020609
22705686	1000052651
507203986	1000028704
366698639	1000106786
78806632	1000115537
25026165	1000028842
25577874	1000115537
293836859	1000106786
34456836	1000171353
18943617	1000044899
58629129	1000052651
32230901	1000052651
311582506	1000073939
14249767	1000052651
68943942	1000099446
20315513	1000022357
49105052	1000099446
133002726	1000003769
32337883	1000052651
257732065	1000081728
193185958	1000031506
354004333	1000159183
150505377	1000052651
242470294	1000099446
23967802	1000138666
141169234	1000166662
14209507	1000159183
38609222	1000044899
6076432	1000037610
12802942	1000048464
63207451	1000152231
12123092	1000099446
18647609	1000048464
19111046	1000052651
17725506	1000099446
291455672	1000155676
68943942	1000082230
246297626	1000052651
24826596	1000028842
387928178	1000082230
28059707	1000126304
372403213	1000125032
129080258	1000059034
23734241	1000140156
233063827	1000052651
45319754	1000115134
278777228	1000028842
111246248	1000161472
14229096	1000052651
782571	1000056869
335661411	1000003769
539084250	1000052651
30992735	1000033128
486366544	1000033566
61382814	1000126304
377860328	1000082230
63207451	1000138666
111635070	1000081728
16234759	1000145009
19676802	1000028704
486816912	1000144831
156125022	1000020609
199998684	1000033566
15680204	1000137313
5413042	1000138666
16642707	1000172676
348804324	1000115537
14106344	1000115134
33009177	1000041024
47271263	1000126304
170113817	1000150165
303146057	1000033566
260935147	1000082230
96551826	1000138666
6143942	1000003769
117183652	1000067629
199998684	1000052651
52060996	1000052651
185335242	1000099446
395689714	1000052651
90957062	1000081728
322641198	1000022210
20900082	1000003769
206027357	1000099446
137672299	1000081728
31572616	1000155676
151820156	1000099446
151886730	1000140156
132233086	1000003769
65508777	1000052651
143068013	1000156309
45718320	1000099446
55019615	1000052651
254442689	1000033566
18101470	1000070607
282704372	1000052651
142047796	1000070607
20343986	1000115537
18719865	1000020609
178874748	1000145009
129755376	1000003769
88868166	1000071961
236698395	1000099446
147583730	1000081728
17915692	1000140156
15351031	1000108948
37061660	1000027383
2609891	1000070607
32290990	1000070607
185335242	1000138666
179041200	1000099446
27418574	1000048464
21327999	1000028842
18094904	1000044899
51780974	1000126304
64936992	1000170331
29537723	1000028842
45718320	1000028842
15346177	1000133780
43662855	1000081728
23992613	1000033566
15853668	1000052651
5774432	1000048464
30758945	1000138666
375828881	1000056869
381085077	1000121757
177303364	1000020609
27051222	1000048464
112873986	1000033566
19676802	1000073939
272521291	1000052651
145987948	1000126304
20106337	1000033566
16577804	1000105053
16048740	1000033566
372611428	1000052651
72915249	1000070607
73019162	1000099446
438136706	1000022357
41839451	1000052651
115180571	1000037610
21740428	1000052651
47905520	1000147247
256558456	1000145009
189178986	1000059034
231553897	1000073939
28055348	1000090823
82265926	1000138445
100370178	1000003769
29698864	1000044899
56919633	1000008356
309793898	1000166662
15692925	1000073939
164385775	1000044891
804268	1000033566
125842468	1000174313
21202532	1000009574
132834166	1000035158
19976791	1000166662
288118470	1000170331
263458488	1000031506
26115919	1000166662
362691320	1000052651
15692925	1000033566
73100160	1000172676
197600651	1000033128
129140802	1000155676
464798382	1000028842
438136706	1000052651
19490973	1000138666
29414439	1000028842
13311722	1000022357
366689013	1000052651
26727250	1000059034
31572616	1000099446
32335905	1000067629
30371903	1000048464
121995182	1000055122
323570283	1000052651
166597708	1000052651
14620122	1000022210
204812484	1000121757
27645291	1000003769
470554025	1000003769
175194203	1000140156
116594327	1000048464
24542441	1000022210
335343438	1000156309
46533328	1000070607
26115919	1000138666
208645319	1000152231
7702232	1000020609
246858191	1000052651
216590574	1000138666
24322168	1000166662
22316002	1000022357
116400571	1000044899
19503627	1000099446
293836859	1000126304
293938268	1000138666
22157613	1000088841
14912077	1000044899
342741942	1000052651
16883232	1000022210
414334713	1000082230
205796659	1000126304
114065128	1000052651
303886358	1000028842
96647313	1000161472
82265926	1000137313
15216860	1000028842
13229902	1000052651
278767814	1000052651
32585410	1000070607
68943942	1000022357
129140802	1000003769
34178980	1000052651
148204565	1000067629
112875237	1000052651
313659037	1000033566
22157613	1000052651
345164401	1000028842
378936625	1000070607
309366491	1000110519
67751089	1000017201
101530408	1000073939
18935349	1000022357
277344342	1000003769
132834166	1000044891
43821761	1000070607
43640070	1000107470
7379562	1000022210
293413226	1000081728
18753000	1000081728
309366491	1000044435
44296522	1000107470
55315205	1000052651
105504508	1000022357
67520030	1000033566
63207451	1000099446
20447194	1000025970
24790188	1000081728
14869988	1000170331
385518499	1000099446
141021153	1000048464
15666774	1000162122
73100160	1000067629
29145184	1000099446
20465564	1000121812
419271809	1000081728
18134886	1000099446
214970887	1000140156
116292493	1000170331
121825928	1000159183
37297131	1000048464
126050637	1000059034
8146732	1000033566
50145896	1000067629
77341438	1000126304
127381503	1000052651
359542257	1000052651
156080193	1000140156
362425769	1000052651
72078055	1000166662
29698864	1000115537
476365648	1000115537
364644250	1000099446
755068	1000003769
273617441	1000022357
532942513	1000052651
14059411	1000107470
37478021	1000039711
26115919	1000022357
20175678	1000017201
15936421	1000106786
140800067	1000070607
64482186	1000143706
14229141	1000009048
330605502	1000033566
151560445	1000099446
25787929	1000052651
370657332	1000121757
27631345	1000022357
133754672	1000099446
25339125	1000048464
11845912	1000028842
16895140	1000126304
71140400	1000070607
62483650	1000067629
755068	1000081728
20360524	1000073939
231553897	1000044961
163802710	1000138666
277730626	1000138666
20546489	1000033566
6076432	1000067852
14794851	1000067629
223735778	1000121757
59057631	1000161472
16905329	1000171388
19060726	1000156309
309366491	1000033566
361349552	1000067629
107737494	1000082230
67199581	1000138445
88573405	1000088841
15450653	1000099446
25421732	1000033566
756977	1000073663
23967802	1000126304
91838045	1000149799
43510041	1000022210
133989821	1000052651
22784458	1000070607
190911070	1000145009
252951788	1000048464
354004333	1000073939
15534317	1000126304
15666774	1000126304
139908590	1000082230
214970887	1000099446
65047891	1000033566
232206987	1000067629
20154465	1000088841
2609891	1000155676
75835217	1000170331
14231791	1000172676
18128184	1000081728
102137866	1000138666
21148232	1000115537
306023079	1000020609
43821761	1000052651
95164862	1000170331
19596174	1000028842
361680506	1000140156
82617725	1000083661
133498469	1000052651
125842468	1000033566
41291873	1000022210
258616295	1000033566
214970887	1000009574
44186632	1000020609
30694402	1000099446
16097743	1000048464
94414805	1000081728
92978326	1000061227
18559978	1000022357
14229096	1000054721
148264208	1000048464
14583032	1000052651
524605453	1000031506
48370736	1000028483
29652394	1000099446
236098431	1000106786
179718090	1000052651
24353066	1000044435
139149110	1000052651
284675631	1000140156
379330955	1000003769
295263112	1000028483
58629129	1000028842
309366491	1000104230
25381076	1000052651
14209507	1000099446
34815252	1000061227
128302994	1000028198
15346177	1000115537
27556737	1000070607
94414805	1000097738
15534317	1000059034
243068340	1000099446
45371884	1000099446
20900082	1000067629
293413226	1000133654
20893127	1000052651
14583032	1000003769
18858188	1000033566
113763153	1000052651
195893980	1000052651
16800717	1000121757
216755058	1000067629
16234759	1000067629
277116598	1000028842
376463873	1000067629
14672552	1000099446
14231791	1000033566
379330955	1000052651
158019227	1000052651
432291081	1000003769
46813846	1000020609
56768423	1000028842
19499459	1000022210
63084853	1000020609
11106152	1000138666
120296068	1000028483
427156873	1000115134
50121891	1000138666
31360120	1000052651
233393406	1000099446
25577874	1000070607
25577874	1000052651
392629948	1000115537
16563442	1000052651
223509830	1000031506
185498905	1000073939
16475194	1000008356
58497291	1000138666
290178116	1000052651
34567951	1000126304
129140802	1000140156
82838063	1000003769
246403992	1000052651
532225771	1000031506
11364932	1000081728
34739121	1000115134
370657332	1000138666
146350964	1000022210
18989683	1000025970
347465740	1000166662
260931249	1000022210
430289891	1000106786
44578405	1000155676
67751089	1000067629
126050637	1000020609
132519763	1000030459
25810548	1000121757
20818625	1000003769
39254008	1000028483
142047796	1000028842
18553965	1000028842
231514408	1000174313
97319539	1000070607
195981712	1000033566
20315513	1000033566
28779024	1000052651
92767002	1000028842
142047796	1000052651
37886449	1000003769
36999171	1000052651
27078524	1000052651
36386224	1000138666
96194704	1000115134
29414439	1000022357
253910582	1000140156
39101895	1000022210
442371738	1000052651
15839551	1000022210
376463873	1000138666
15375238	1000048464
36224771	1000033566
82835399	1000020609
83904567	1000033128
443134701	1000099446
409039035	1000052651
18559978	1000052651
134208594	1000037610
17746168	1000048464
507203986	1000025970
68618051	1000099446
14106344	1000008356
25577874	1000020609
19493151	1000106786
210637441	1000115537
291455672	1000140156
136103238	1000056869
37478021	1000022357
16453996	1000048464
14824242	1000003769
370657332	1000033566
7702232	1000048464
22189212	1000099446
225050987	1000099446
14584644	1000028483
283389405	1000138445
432964727	1000110519
541601421	1000022357
237519934	1000126304
426468352	1000172676
27118077	1000052651
18021714	1000048464
5280241	1000003769
10367702	1000099446
307821954	1000003769
447305604	1000121812
303886358	1000033566
299140239	1000022210
14270527	1000138666
40407684	1000126304
286639617	1000033566
206540971	1000115537
432964727	1000044899
25577874	1000022210
88807478	1000048464
486366544	1000028704
19300461	1000048464
168207942	1000052651
106814909	1000071961
11364932	1000166662
36982940	1000107470
173343647	1000052651
106470768	1000166662
470554025	1000121757
3246931	1000161472
331167590	1000052651
353767514	1000022210
317568415	1000022210
18559978	1000044899
323059236	1000166662
278269313	1000099446
83904567	1000099446
14413539	1000155676
25473689	1000140156
275353050	1000081728
159471069	1000003769
412458211	1000081728
293836859	1000052651
344514524	1000099446
243032656	1000003769
157198755	1000003769
68943942	1000133780
21202532	1000022357
20424865	1000067629
16642707	1000008356
246403992	1000033566
75835217	1000166662
24117694	1000052651
243032656	1000052651
15959868	1000140156
34178980	1000004860
175855283	1000138666
70133208	1000052651
136103238	1000081728
43601041	1000166662
22831657	1000048464
20043045	1000052651
532942513	1000099446
20360524	1000059034
29414439	1000059034
120163364	1000052651
159307390	1000107470
14411683	1000153378
49280659	1000097738
339859282	1000020609
33364234	1000140156
15065065	1000138666
34739121	1000054721
44433659	1000126304
139908590	1000140156
242992669	1000099446
16642707	1000107470
221394012	1000028704
20424865	1000099446
19040580	1000140156
28917111	1000170331
18365777	1000028842
294106552	1000052651
199278114	1000099446
14848426	1000009574
33009177	1000044891
309898133	1000052651
19676802	1000071961
248519330	1000003769
346729702	1000171353
75835217	1000171353
31473912	1000028483
74582188	1000106601
454049037	1000099446
99426033	1000133654
260641289	1000033566
68943942	1000017201
450402450	1000140156
219554030	1000052651
199975519	1000126304
44837376	1000052651
18798515	1000048464
293202469	1000115537
113184866	1000073939
102137866	1000022357
15853668	1000041589
145332416	1000052651
129279693	1000048464
249017270	1000140156
16774802	1000090823
436782436	1000062736
535756639	1000115537
19490973	1000033128
37614098	1000022357
17915692	1000138666
32219681	1000052651
14203454	1000048464
131127073	1000052651
298756207	1000052651
28291407	1000033566
133754672	1000054721
23521790	1000022357
18753000	1000022210
8312422	1000052651
17635004	1000067629
157406727	1000162122
24586098	1000022210
161236919	1000052651
125842468	1000138666
117210548	1000052651
14539153	1000067629
172251288	1000022210
247042671	1000048464
88456842	1000099446
307908399	1000028842
101530408	1000071961
15619503	1000152231
539532079	1000052651
242992669	1000174313
261171156	1000003769
35012277	1000048464
75370828	1000020609
17918629	1000166662
135006149	1000052651
29749825	1000140156
254442689	1000081728
307821954	1000152231
260935147	1000140156
448239424	1000031506
459178549	1000156309
22433348	1000174313
282275903	1000140156
385189082	1000031506
79097434	1000152231
108616178	1000052651
35258257	1000106601
153812978	1000156309
60725654	1000140156
398324331	1000099446
39044130	1000140156
20976154	1000166662
73429193	1000044899
106814909	1000133654
53125551	1000171353
21427326	1000044899
15176914	1000138666
356541836	1000067629
20403716	1000048464
31377059	1000044899
346209425	1000115537
3246931	1000171168
362691320	1000033566
96070676	1000133654
20360524	1000082230
543508440	1000052651
423385493	1000082230
58525541	1000171353
26000424	1000140156
367944032	1000172676
16308138	1000048464
96150272	1000054721
8312422	1000138666
118943387	1000003769
325113355	1000044899
45416789	1000028483
14583231	1000138666
400422784	1000105053
16687014	1000052651
113186652	1000067629
104352067	1000099364
390800669	1000115537
61040299	1000052651
36982940	1000138666
112628165	1000048464
20106253	1000126304
15692925	1000099446
29749825	1000099446
361349552	1000099446
312175702	1000052651
25598800	1000052651
476365648	1000041024
61382814	1000107470
270426164	1000003769
72078055	1000052651
24221229	1000056869
116308543	1000022210
15346177	1000138666
555580283	1000116064
151820156	1000081728
476365648	1000171353
31473912	1000062736
13610342	1000054721
7925002	1000048464
15534317	1000140156
31473912	1000166662
17027460	1000099446
15216860	1000020609
53488710	1000099446
14106344	1000099446
291455672	1000099446
61579420	1000138666
11826672	1000126304
442566153	1000052651
185498905	1000052651
16293423	1000170331
62483650	1000099446
20495653	1000138666
19566708	1000070607
28960709	1000052651
27118077	1000115537
83477063	1000115537
197600651	1000081728
25810548	1000020609
333466134	1000073939
22745706	1000052651
430289891	1000052651
36331160	1000138666
358163988	1000156309
432964727	1000071961
231553897	1000033566
14672552	1000138666
94643346	1000033566
83580036	1000022357
532942513	1000067629
22011204	1000115537
14654965	1000070607
37561615	1000052651
138626021	1000052651
260077133	1000052651
245141097	1000140156
61579420	1000115134
14229096	1000082230
29414439	1000166662
26727250	1000156309
182925539	1000010429
405069483	1000052651
257145854	1000052651
46864948	1000082230
68721382	1000099446
127381503	1000070607
15665482	1000020609
141011564	1000048464
370657332	1000067629
437986179	1000161472
30337775	1000156918
418292272	1000052651
94643346	1000003769
76093054	1000052651
87708888	1000070607
19525253	1000070607
14848426	1000028483
41183891	1000106786
447986724	1000161472
42953895	1000033566
231553897	1000138666
21639982	1000071961
68721382	1000138445
198338737	1000052651
20424865	1000044899
361605431	1000081728
382641626	1000009574
15232765	1000048464
56929607	1000022210
49105052	1000067629
20490187	1000136064
108489590	1000033566
17037854	1000156309
297865929	1000081728
64969903	1000052651
204067401	1000003769
417407285	1000140156
25577874	1000140156
14583231	1000073663
15420650	1000052651
30782151	1000048464
164385775	1000052651
132784018	1000105053
14471778	1000022210
400505785	1000056869
20818625	1000067629
14869988	1000028483
19505302	1000138666
470554025	1000067629
21427326	1000062736
362706405	1000099446
14672552	1000020609
432964727	1000119519
13311722	1000044899
87515348	1000028483
430866989	1000099446
82617725	1000138445
39870387	1000138666
102137866	1000033566
15680204	1000003769
297865929	1000170331
184530310	1000052651
34739121	1000149799
14515597	1000106786
20343986	1000071961
261747106	1000022357
127973392	1000022210
14106344	1000090201
248726194	1000099446
272064390	1000056869
30513642	1000033566
86108738	1000140156
218652920	1000054721
14869988	1000033128
238843243	1000028842
133754672	1000172676
20804649	1000028483
247673835	1000052651
88868166	1000003769
14249767	1000070607
152902677	1000052651
11364932	1000121812
185335242	1000171168
233063827	1000138666
339056433	1000138666
190911070	1000003769
43076364	1000138666
366689013	1000067629
147646942	1000073939
185498905	1000150165
27118077	1000048464
241211254	1000086277
14515597	1000022210
370708942	1000152231
38172444	1000044899
360210288	1000003769
105504508	1000144831
49644939	1000133780
116292493	1000121757
54966644	1000166662
194559842	1000044899
129140802	1000052651
46901607	1000081728
260935147	1000028198
28037700	1000033566
43333520	1000052651
210637441	1000082230
56280411	1000052651
17918629	1000140156
184552678	1000052651
316291240	1000052651
115769498	1000028483
104209445	1000033566
311582506	1000138445
113025559	1000048464
72915249	1000140156
356541836	1000082230
143572160	1000115134
53459595	1000048464
210637441	1000159183
158019227	1000070607
16800717	1000138666
232403459	1000126304
54150219	1000107470
29537723	1000052651
19125798	1000145009
756977	1000071961
18101470	1000138666
20424865	1000003769
14620398	1000052651
19040580	1000073939
59932191	1000138666
87415678	1000044899
46901607	1000003769
20106337	1000025970
20154465	1000115134
344514524	1000052651
243068340	1000037610
198828820	1000033128
233672550	1000161342
61730210	1000099446
121753146	1000171353
16905329	1000033566
782571	1000052651
325113355	1000147247
30628975	1000070607
11980942	1000028704
58429633	1000126304
257284859	1000052651
170113817	1000052651
15346177	1000166662
15666774	1000073939
291455672	1000170331
454049037	1000052651
97565120	1000067629
319695297	1000022357
41782569	1000126304
521495462	1000166662
164385775	1000099446
17635004	1000145009
24997470	1000048464
291455672	1000033566
17027460	1000106601
73100160	1000073939
17918629	1000115537
16642707	1000099446
24322168	1000017201
18761768	1000067629
1072591	1000020609
11845912	1000028483
50535198	1000067629
214970887	1000152231
164024096	1000048464
198670766	1000044435
257145854	1000003769
254262271	1000020609
260935147	1000067629
495160679	1000031506
147078918	1000022210
27631345	1000044899
46562252	1000140156
222621758	1000037610
486366544	1000099446
67520030	1000138666
29807718	1000022210
22157613	1000138666
370657332	1000027383
10865992	1000143706
67691573	1000033566
237730106	1000156309
37103386	1000003769
211318479	1000121757
43662855	1000138666
90385486	1000022210
139550054	1000099446
38119824	1000138666
238401802	1000052651
25648016	1000048464
148058483	1000126304
221951322	1000140156
68618051	1000059034
231514408	1000145009
131257733	1000022357
151258846	1000174313
132684863	1000106786
101530408	1000082230
23170292	1000105053
153642474	1000022210
14229096	1000033566
13108932	1000137313
6427892	1000138666
248411093	1000028842
409039035	1000166662
37478021	1000071961
345164401	1000052651
67199581	1000083661
17426710	1000028483
144723989	1000138666
14229141	1000081728
110895893	1000137313
18559978	1000073939
33009177	1000115537
18671394	1000156309
135818099	1000149797
244154650	1000099446
30572298	1000138666
62483650	1000033566
83267360	1000022210
14583032	1000073939
360210288	1000115537
16895140	1000170331
14539153	1000115134
34798623	1000028842
17547990	1000033566
15205995	1000044899
232403459	1000161472
267720334	1000133654
254442689	1000067629
151258846	1000056869
127973392	1000059034
303003507	1000052651
14295267	1000081728
43333520	1000086277
19621745	1000044899
17346342	1000170331
105035129	1000048464
345763664	1000105053
20465564	1000033566
15534317	1000138666
175855283	1000174313
17275796	1000056869
37397430	1000156309
15176914	1000170331
16475194	1000099446
68022739	1000138666
102642582	1000121812
210637441	1000003769
348883850	1000052651
135577722	1000022210
34178980	1000138666
23734241	1000125032
39488350	1000138666
14672552	1000073939
316544038	1000149799
14671967	1000147247
31232539	1000052651
232206987	1000155676
318107781	1000003769
14869988	1000171353
151820156	1000115537
58714972	1000048464
113763153	1000138666
242010145	1000052651
231553897	1000067629
133754672	1000028842
43626328	1000033566
410136449	1000004860
205796659	1000106786
19047002	1000048464
278142809	1000033128
432279860	1000009048
65548946	1000020609
145332416	1000140156
58497291	1000070607
33511401	1000071961
20175678	1000071961
83669923	1000067629
296216073	1000044899
230942182	1000020609
38685348	1000067629
250151978	1000138666
278777228	1000138666
166444450	1000081728
18891069	1000099446
175855283	1000041024
68721382	1000150165
15653423	1000033566
283342994	1000150165
16475194	1000155676
461765268	1000082230
16055648	1000048464
31572616	1000140156
82617725	1000099446
367944032	1000099446
221530304	1000052651
21745665	1000044899
88868166	1000126304
348883850	1000003769
31572616	1000003769
14672552	1000073663
97319539	1000020609
14209507	1000115134
518687638	1000052651
43510041	1000052651
185335242	1000052651
221173402	1000028842
2822851	1000005456
260075117	1000056869
43065900	1000143706
247430686	1000054721
46524229	1000070607
19503627	1000106601
279836991	1000115537
21695356	1000150165
133989821	1000099446
103944265	1000138666
175855283	1000044891
70133208	1000067629
33009177	1000033566
24731072	1000009574
14735742	1000052651
37679126	1000022357
20470888	1000138666
190183182	1000088841
28994663	1000052651
212498957	1000052651
255790981	1000081728
482680425	1000031506
243032656	1000099446
43355400	1000140156
107845146	1000106786
20240002	1000115134
293202469	1000052651
31473912	1000025970
20291791	1000155676
311604999	1000052651
20804649	1000071961
35507751	1000052651
87415678	1000171353
18553965	1000099446
270426164	1000145009
102642582	1000115537
14107081	1000054721
390800669	1000052651
15216860	1000140156
16234759	1000159183
60650344	1000166662
257668899	1000052651
15692925	1000126304
132519763	1000028842
331646683	1000138666
341747053	1000115134
88573405	1000099446
18559978	1000138666
29537723	1000140156
175855283	1000028842
121825928	1000070607
83530184	1000052651
96877871	1000106786
29698864	1000138666
19311729	1000116064
165097267	1000028842
15702621	1000052651
121995182	1000022357
113184866	1000059034
49644939	1000138666
20546489	1000009048
18941821	1000033566
20460449	1000033566
432279860	1000115537
317568415	1000161342
14209507	1000070607
440441510	1000003769
282275903	1000052651
34546946	1000052651
366689013	1000033566
46533328	1000020609
29397027	1000088841
33364234	1000138666
18716004	1000048464
124424508	1000082230
172251288	1000004860
223567648	1000027383
165411431	1000067629
25952851	1000070607
218652920	1000048464
34739121	1000020609
16670165	1000052651
400456667	1000170331
399157601	1000115537
425380821	1000067629
133754672	1000171353
113763153	1000027383
454348166	1000115537
190553803	1000099446
158179658	1000140156
486366544	1000081728
295465484	1000115537
150727423	1000033566
1904751	1000044899
26727250	1000030459
275353050	1000052651
17915692	1000099446
283762107	1000081728
225125248	1000028842
108621190	1000070607
46450482	1000073939
86422357	1000052651
310894483	1000052651
18119683	1000033566
102137866	1000126304
308707456	1000048464
41331160	1000020609
148058483	1000107470
225142835	1000044891
20488611	1000081728
244154650	1000115134
198828820	1000166662
299324845	1000052651
24486637	1000070607
20425367	1000044899
10865992	1000052651
37614098	1000044899
17142981	1000003769
105504508	1000099446
353775387	1000048464
61949499	1000092922
389633994	1000174313
113184866	1000138666
190928861	1000022210
14672552	1000044891
139550054	1000052651
18365777	1000099446
18342753	1000052651
72915249	1000033566
378818034	1000020609
218742198	1000048464
34178980	1000020609
144308393	1000028483
14869988	1000166662
88868166	1000052651
83669923	1000106786
286078489	1000099446
51039981	1000156309
231456006	1000054721
19893177	1000052651
283342994	1000022210
510425787	1000044899
42812556	1000028842
556167733	1000138666
28650455	1000031506
17027460	1000115537
11980942	1000121812
18591927	1000099446
214970887	1000097738
24731072	1000059034
117183652	1000099446
44235766	1000138666
113184866	1000099446
16606585	1000031506
270998811	1000140156
90451837	1000099446
37679126	1000138666
96653670	1000059034
16214045	1000099446
20465564	1000099446
125842468	1000115134
37679126	1000028842
17041577	1000044899
215779263	1000070607
20470888	1000059034
23146988	1000115134
458614522	1000052651
38685348	1000003769
178920534	1000070607
388485013	1000138666
28125177	1000052651
20240002	1000159183
46450482	1000044899
196508689	1000022210
232206987	1000056869
61730210	1000052651
94643346	1000052651
333193906	1000019259
336712153	1000145009
81110524	1000161342
19317342	1000088841
53942257	1000048464
316683535	1000082230
14671967	1000028704
127263539	1000105053
7668362	1000044891
139908590	1000046419
19676802	1000110519
26000424	1000052651
7668362	1000099446
362706405	1000086277
16642707	1000115537
36777024	1000138666
28960709	1000106786
11980942	1000044899
20291791	1000052651
160498002	1000031506
3246931	1000099446
364083931	1000137313
81678820	1000161342
77341438	1000052651
34770006	1000033566
782571	1000099446
112632227	1000033566
361605431	1000033566
17027460	1000071961
276260661	1000052651
68943942	1000044899
69110468	1000070607
15487708	1000059034
323059236	1000022357
94414805	1000052651
61170034	1000081728
64482186	1000138666
18591927	1000052651
19621745	1000028483
317248554	1000116064
185699666	1000020609
106514999	1000048464
27917294	1000017201
20240002	1000155676
67223791	1000145009
15666408	1000153378
194518592	1000052651
68943942	1000143706
33009177	1000052651
50499213	1000052651
15451302	1000067629
107635488	1000052651
156406938	1000052651
36999171	1000099446
37886449	1000067629
28048857	1000145009
231456006	1000115134
105045708	1000022210
31572616	1000081728
61040299	1000138666
14209507	1000097738
134208594	1000088841
180211806	1000009574
28037700	1000048464
47785747	1000031506
22997147	1000022210
219554030	1000166662
51945284	1000052651
133921907	1000081728
2822851	1000147247
15918130	1000081728
14106344	1000170331
37061660	1000115537
232206987	1000003769
96625583	1000028842
43695113	1000003769
443134701	1000140156
102642582	1000022357
219927350	1000028842
16642707	1000138666
361911748	1000031506
31473912	1000022357
229969377	1000031506
14355382	1000166662
293938268	1000003769
249017270	1000052651
45134201	1000052651
66864247	1000052651
18935349	1000025970
29145184	1000081728
264316849	1000052651
311582506	1000115537
526819492	1000171353
364083931	1000121757
21639982	1000044899
21618534	1000044899
231553897	1000140156
121825928	1000138666
249017270	1000125032
79097434	1000099446
102137866	1000121757
218615574	1000107470
63207451	1000070607
531074501	1000028842
43065900	1000099446
20470888	1000099446
14825162	1000099446
88868166	1000138666
50558352	1000073939
427590568	1000052651
76581569	1000126304
254442689	1000003769
16883232	1000052651
6076432	1000099364
311582506	1000052651
16642707	1000022357
22433348	1000056869
79097434	1000081728
53488710	1000052651
14139971	1000099446
7157132	1000137313
359542257	1000033566
237511447	1000052651
272170644	1000052651
20360524	1000048464
6280302	1000048464
123480187	1000099446
216590574	1000009574
185335242	1000082230
376242600	1000082230
20175678	1000166662
353860484	1000171353
18069427	1000048464
135818099	1000143706
32219681	1000070607
194833340	1000052651
41331160	1000067629
454049037	1000067629
15154217	1000020609
14446707	1000052651
233436404	1000052651
11086132	1000086668
133989821	1000147247
16501385	1000099446
96070676	1000033128
49105052	1000073939
73773058	1000090823
213768598	1000028842
143068013	1000025970
250590425	1000044899
45718320	1000059034
440441510	1000099446
16134308	1000003769
277623919	1000070607
16606585	1000044899
15774118	1000107470
486816912	1000156309
29016037	1000044899
254114586	1000052651
32337883	1000140156
236698395	1000138666
78692536	1000067629
361349552	1000138666
113763153	1000073939
106470768	1000059034
21202532	1000028842
386699190	1000082230
20976154	1000033128
319100038	1000033566
175996375	1000059034
257145854	1000059034
75569523	1000020609
14654965	1000052651
89024581	1000150165
97565120	1000003769
22784458	1000105053
211241503	1000150165
11980942	1000033566
17635004	1000121757
29537723	1000095024
13108932	1000155676
18559978	1000030459
121825928	1000126304
29304278	1000115537
337070546	1000052651
248519330	1000145009
19991508	1000055122
199998684	1000126304
33009177	1000028704
195981712	1000174313
339650637	1000028842
103944265	1000052651
19503627	1000030459
44551825	1000022210
78134780	1000082230
443134701	1000115134
284315076	1000052651
20240002	1000099446
315486725	1000019259
65981257	1000099446
232206987	1000052651
306023079	1000099446
97238481	1000105053
19676802	1000119519
75835217	1000052651
113184866	1000052651
19676802	1000166662
356541836	1000138445
410136449	1000022210
393184806	1000140156
43076364	1000020609
21687784	1000140156
178804881	1000052651
2622521	1000022210
331908924	1000090823
189178986	1000052651
298385420	1000116064
132684863	1000162122
133002726	1000115134
20341511	1000097119
205796659	1000161472
276686889	1000082230
38782424	1000099446
24055407	1000161472
20755026	1000156309
44918425	1000052651
46424039	1000150165
391023246	1000052651
143498650	1000062736
26000424	1000059034
28779024	1000140156
271662759	1000086277
15665968	1000106786
14672552	1000044899
29537723	1000161342
26906309	1000138666
46809129	1000027383
21202532	1000044899
427156873	1000161472
104301012	1000031506
18935349	1000144831
157406727	1000033566
507203986	1000119519
29942281	1000048464
168009636	1000052651
56280411	1000140156
236698395	1000003769
255790981	1000003769
61579420	1000099446
113184866	1000115537
41294878	1000121812
16687014	1000121812
49644939	1000099446
24221229	1000115537
114588329	1000022210
20465412	1000028483
132519763	1000156309
144308393	1000009048
214970887	1000067629
47905520	1000138666
26519172	1000067629
229091508	1000033566
168397335	1000022357
521755734	1000022210
93659369	1000033128
29698864	1000022357
307425497	1000067629
284996272	1000067629
175855283	1000033566
60725654	1000170331
41581599	1000099446
62714018	1000022210
175855283	1000059034
18935349	1000028704
299805004	1000052651
454049037	1000003769
310894483	1000020609
19596174	1000147247
192773506	1000052651
102642582	1000144831
288118470	1000138666
285654273	1000140156
14517343	1000037610
257938097	1000009574
242010145	1000159183
184552678	1000003769
20958456	1000052651
43076364	1000028842
96551826	1000159183
11364932	1000028842
364644250	1000138666
486339492	1000070607
86775971	1000028842
100370178	1000067629
300080685	1000105053
147646942	1000138666
229091508	1000099446
121753146	1000103336
26519172	1000052651
60725654	1000073939
20187156	1000033566
271775462	1000048464
20900082	1000052651
131257733	1000099446
24486637	1000052651
62816508	1000048464
148204565	1000166662
7860742	1000052651
241006920	1000052651
18753000	1000052651
13108932	1000159183
325236758	1000126304
14413539	1000003769
36629388	1000020609
133002726	1000086668
303250237	1000048464
29185446	1000070607
279836991	1000052651
61579420	1000121812
175855283	1000003769
98691205	1000082230
25376226	1000022210
309793898	1000033128
372403213	1000081728
2024911	1000028842
14671967	1000028483
250151978	1000099446
45718320	1000097738
324608449	1000145009
14047459	1000138666
15119691	1000022357
16642707	1000073939
18365777	1000009574
46450482	1000115537
34854589	1000099446
48731639	1000115560
8253542	1000099446
76053542	1000022357
21091877	1000052651
44507340	1000070607
119202474	1000171388
425380821	1000121757
65981257	1000081728
96194704	1000171353
108857204	1000140156
385845185	1000052651
113714296	1000099446
61170034	1000099446
20360524	1000140156
81089721	1000081728
362691320	1000073939
351183756	1000138666
20958456	1000099446
73019162	1000067852
96551826	1000170331
278786768	1000071961
144723989	1000044891
18753000	1000099446
473152327	1000048464
285158274	1000052651
360468443	1000020609
225142835	1000025970
144222641	1000121812
29749825	1000028842
96625583	1000022357
307821954	1000067629
112632227	1000099446
71140400	1000052651
212018296	1000067629
16905329	1000071961
73381700	1000099446
28059707	1000052651
342362815	1000138666
15262820	1000161342
396038993	1000052651
319610437	1000138666
121825928	1000003769
75569523	1000052651
63207451	1000155676
368411864	1000052651
15666774	1000081728
396328071	1000115537
450402450	1000020609
14672552	1000145009
271569195	1000052651
507203986	1000156309
382641626	1000022210
193936797	1000052651
19503627	1000110936
49280659	1000059034
396038993	1000028842
236698395	1000052651
229091508	1000067629
362685767	1000056869
432131029	1000116064
349926417	1000003769
43695113	1000044435
376242600	1000003769
75705587	1000138666
231893190	1000052651
73100160	1000033128
140800067	1000140156
32219681	1000099446
61730210	1000003769
185498905	1000140156
19503627	1000121812
20240002	1000152231
61730210	1000170331
159119343	1000052651
75835217	1000138666
171677633	1000052651
3246931	1000054721
22745706	1000121757
17346342	1000044435
58718318	1000126304
309366491	1000171353
21639982	1000022357
16483141	1000105053
282704372	1000149799
55315205	1000140156
440441510	1000159183
10865992	1000017201
70668961	1000099446
194559842	1000017201
14229141	1000073939
88868166	1000173437
14249767	1000035158
312417114	1000099446
30992735	1000073939
14229096	1000106601
86998735	1000058522
231893190	1000033128
452259102	1000138666
16098603	1000020609
458341610	1000115537
89629151	1000170331
16293423	1000056869
64936992	1000099446
121995182	1000071961
21639982	1000081728
36419618	1000028842
219370782	1000052651
175855283	1000054721
249426885	1000052651
248519330	1000138666
324660438	1000161342
50535198	1000020609
67237134	1000174313
127178017	1000020609
124279923	1000121757
14209507	1000052651
278142809	1000133654
238629864	1000028842
59932191	1000061227
100369246	1000067629
14249767	1000028198
28302257	1000106786
20804649	1000156309
15195576	1000003769
19596174	1000033128
286078489	1000166662
19040580	1000138666
231992478	1000070607
197272283	1000126304
20240002	1000121757
17027460	1000140156
309793898	1000138666
36969875	1000126304
88456842	1000033566
14888584	1000048464
76196863	1000052651
115180571	1000073939
20315513	1000048464
123125828	1000126304
106814909	1000033566
28960709	1000126304
193998015	1000052651
15450653	1000052651
175194203	1000020609
333466134	1000138666
37061660	1000138666
351183756	1000054721
192976383	1000003769
251720749	1000031506
247430686	1000115134
313232208	1000028842
461010113	1000099446
179718090	1000099446
150030291	1000099446
60650344	1000052651
163089333	1000145009
440441510	1000115134
15200682	1000126304
33009177	1000138666
15853668	1000138666
67691573	1000044891
76093054	1000138666
356541836	1000028198
32016358	1000052651
123434827	1000071961
29328133	1000059034
286639617	1000081728
31232539	1000020609
198675113	1000115537
33009177	1000071961
19956032	1000052651
316544038	1000070607
2609891	1000105053
195838004	1000052651
354004333	1000095024
279848956	1000052651
17915692	1000152231
37478021	1000138666
309366491	1000003769
129984134	1000140156
28048857	1000081728
61040299	1000138445
452259102	1000138445
36999171	1000054721
28048857	1000151302
129080258	1000070607
364083931	1000067629
10865992	1000103336
19443873	1000140156
30501432	1000126304
61040299	1000145009
471212171	1000145009
60650344	1000017201
16753853	1000048464
16475194	1000115134
113186652	1000027383
14735742	1000140156
15534317	1000044891
39640631	1000052651
15702621	1000067629
32219681	1000046419
19976791	1000033128
67275584	1000033566
18119683	1000022357
72078055	1000073939
180211806	1000048464
58525541	1000173711
15346177	1000009048
83669923	1000138666
108489590	1000126304
19676802	1000044891
286078489	1000083661
89572877	1000022210
370708942	1000159183
15665968	1000059034
20465564	1000028842
459178549	1000059034
75835217	1000140156
387362800	1000081728
103637206	1000004860
84167270	1000044899
21470979	1000033128
26115919	1000147247
16293423	1000003769
281983763	1000052651
320594038	1000028842
63207451	1000003769
244825178	1000115537
283342994	1000052651
133002726	1000107470
15702621	1000020609
337414197	1000025970
25913404	1000126304
91667678	1000116064
16687014	1000138666
143068013	1000144831
40717768	1000140156
443134701	1000081728
73019162	1000028483
41331160	1000003769
380117625	1000115537
143488903	1000121812
432279860	1000043634
368411864	1000162122
293202469	1000073939
14869988	1000138666
43065900	1000156309
17915692	1000033566
102137866	1000099446
18762783	1000156309
102608859	1000020609
20900082	1000020609
190928861	1000033566
16146421	1000052651
22335214	1000090823
15176914	1000099446
331646683	1000052651
40456381	1000092922
121825928	1000099446
7668362	1000088841
144723989	1000140156
76093054	1000081728
49785880	1000022210
75835217	1000067629
20818625	1000052651
23734241	1000099446
234517287	1000099446
79811836	1000138666
121825928	1000140156
17596468	1000048464
37704473	1000033566
330605502	1000161472
205796659	1000033566
366689013	1000059034
307908399	1000052651
69110468	1000052651
214970887	1000003769
20546489	1000138666
73100160	1000138666
45191956	1000052651
14047459	1000052651
218652920	1000073939
147583730	1000052651
19040580	1000126304
39870387	1000028842
426468352	1000022357
96653670	1000028483
163802710	1000121757
272170644	1000020609
427156873	1000033566
366689013	1000003769
16226911	1000097738
47905520	1000106601
44918425	1000027383
311582506	1000041024
184552678	1000067629
3338681	1000115134
14139971	1000081728
282704372	1000070607
556167733	1000067629
38119824	1000033566
126444583	1000070607
113184866	1000033566
83477063	1000056869
20495653	1000121757
219927350	1000166662
46450482	1000052651
221917979	1000099446
204067401	1000155676
374367766	1000052651
94414805	1000162122
184765577	1000140156
782571	1000028842
20546489	1000017201
267720334	1000099446
488913892	1000081728
102642582	1000138666
168009636	1000003769
278777228	1000099446
32219681	1000140156
84355291	1000138666
15141620	1000106786
15195576	1000145009
115180571	1000099446
369130833	1000048464
23061725	1000145009
464798382	1000059034
16475194	1000033566
21091877	1000174313
100369246	1000155676
85740936	1000106786
26115919	1000033128
17346342	1000088841
277730626	1000056869
11364932	1000138666
58497291	1000149799
28994663	1000067629
43076364	1000052651
123480187	1000174313
15121295	1000067629
132519763	1000144831
195893980	1000044961
15959868	1000052651
10367702	1000044899
316683535	1000052651
275003449	1000138666
319100038	1000106786
46813846	1000070607
81490134	1000116064
113731564	1000022210
20834745	1000140156
25333193	1000033566
78034746	1000028842
49280659	1000138666
227064424	1000052651
170113817	1000140156
84444864	1000033566
85437791	1000028704
249996933	1000115537
13317162	1000052651
211399185	1000052651
293202469	1000041024
67237134	1000052651
18891069	1000162122
14911155	1000161472
14411683	1000048464
151727301	1000052651
17027460	1000145009
108796416	1000070607
546242720	1000161472
151060603	1000099446
37210906	1000138666
32335905	1000099446
110895893	1000067629
42164376	1000070607
90118996	1000033566
20360524	1000052651
9827732	1000155676
285708672	1000161472
36982940	1000070607
156749605	1000003769
423616113	1000052651
3246931	1000126304
532942513	1000028842
303886358	1000138666
415509061	1000145009
83580036	1000044899
232206987	1000138666
229091508	1000138666
269248034	1000028842
360389862	1000138666
89352400	1000020609
31377059	1000022357
17915692	1000003769
151820156	1000017201
309366491	1000052651
246253124	1000099446
279848956	1000138666
34815252	1000070607
144308393	1000145009
59057631	1000033566
31377059	1000059034
486816912	1000028842
341747053	1000099446
18553965	1000161342
18906484	1000044899
25656304	1000028842
291565214	1000052651
475175361	1000033566
425380821	1000033566
20818625	1000125032
37478021	1000067629
53343256	1000099446
15757080	1000107470
351183756	1000073939
89352400	1000048464
28945516	1000003769
68721382	1000041024
36999171	1000115134
20804649	1000039711
72915249	1000115537
216755058	1000003769
17547990	1000097738
34685791	1000020609
15342811	1000031506
60725654	1000099446
34770006	1000067629
38685348	1000070607
250161925	1000022357
257145854	1000088841
28960709	1000140156
96150272	1000138666
53488710	1000138666
177725743	1000126304
151060603	1000073939
233063827	1000073939
32219681	1000170331
335661411	1000028842
129755376	1000052651
31308620	1000138666
260161202	1000121757
16234759	1000003769
65981257	1000052651
238195671	1000052651
20240002	1000067629
111246248	1000070607
28059707	1000070607
18943617	1000166662
16994709	1000044435
14158766	1000048464
15665968	1000073939
83669923	1000003769
46450482	1000041024
195893980	1000133654
14848426	1000052651
37675798	1000020609
28779024	1000099446
146593500	1000145009
362706405	1000155676
50243688	1000044899
43065900	1000138666
16098603	1000022210
178920534	1000052651
21687784	1000052651
8312422	1000054721
315486725	1000052651
15555645	1000153378
135704870	1000140156
15680204	1000119519
556167733	1000126304
101721302	1000022210
394470975	1000031506
360210288	1000073939
102642582	1000071961
299324845	1000099446
18906484	1000108948
436782436	1000022357
75370828	1000170331
132233086	1000067629
254034285	1000099446
307467446	1000003769
20958456	1000140156
14735742	1000070607
20460449	1000126304
49105052	1000020609
121995182	1000121812
48448474	1000052651
37886449	1000145009
51780974	1000052651
170113817	1000097738
129080258	1000052651
19525253	1000054721
195981712	1000099446
29145184	1000033566
273617441	1000166662
158019227	1000140156
250590425	1000143752
82835399	1000048464
83477063	1000067629
232206987	1000121757
755068	1000022357
18553965	1000028483
556167733	1000137313
14620398	1000140156
233063827	1000033566
128522006	1000048464
190952527	1000156309
18753000	1000115134
16642707	1000033566
361349552	1000121757
38119824	1000052651
312417114	1000059034
131601987	1000149799
184637153	1000070607
14106344	1000052651
16738823	1000044899
127619994	1000022210
8312422	1000106786
432291081	1000115537
65981257	1000138666
68943942	1000003769
14825237	1000048464
198828820	1000052651
34854589	1000020609
17918629	1000052651
385518499	1000052651
366689013	1000140156
121594709	1000106786
13229902	1000126304
14106344	1000041024
112632227	1000106786
7700222	1000033566
118943387	1000052651
7568282	1000171353
99426033	1000052651
477496838	1000121757
362685767	1000003769
43333520	1000056869
324608449	1000052651
49594238	1000003769
231553897	1000003769
25381076	1000020609
15680204	1000052651
136103238	1000070607
75835217	1000059034
20315513	1000020609
25344641	1000048464
62483650	1000138666
73019162	1000033566
11681802	1000048464
278142809	1000121757
370518593	1000138445
67199581	1000003769
102374315	1000071961
16670165	1000070607
15888191	1000126304
94414805	1000099446
392513215	1000082230
97877749	1000099446
96070676	1000171353
157198755	1000099446
96625583	1000033128
361605431	1000099446
398324331	1000145009
255790981	1000086277
79811836	1000052651
42210634	1000090823
189178986	1000022357
113763153	1000059034
19331456	1000022210
379330955	1000099446
17635004	1000003769
158035139	1000044899
116292493	1000140156
204067401	1000099446
276686889	1000044435
29414439	1000143706
28482819	1000149799
233063827	1000054721
556167733	1000099446
20426813	1000044899
126557480	1000028842
192976383	1000082230
299324845	1000138666
172251288	1000070607
210637441	1000052651
104352067	1000020609
356541836	1000083661
14735742	1000126304
160302244	1000090823
14672552	1000052651
14158766	1000020609
44773640	1000020609
73100160	1000147247
68721382	1000052651
14249767	1000020609
227622196	1000156309
26519172	1000159183
14672552	1000033566
277730626	1000067629
70133208	1000003769
68721382	1000115537
20488611	1000052651
57705821	1000028842
197600651	1000166662
507203986	1000071961
20495653	1000003769
505866989	1000116064
36777024	1000126304
755068	1000138666
18989683	1000071961
91905327	1000092922
15176914	1000054721
165411431	1000081728
145126598	1000020609
44186632	1000052651
64342649	1000081728
61579420	1000054721
430418110	1000052651
427590568	1000020609
175855283	1000172676
364083931	1000052651
262077808	1000149446
356541836	1000099446
113186652	1000052651
130605783	1000052651
17346342	1000044891
321644371	1000020609
44918425	1000115537
190911070	1000121757
26000424	1000020609
73617403	1000099446
19443873	1000106601
133989821	1000138666
139990251	1000022210
84200495	1000070607
541601421	1000166662
8146732	1000088841
15739966	1000052651
16226911	1000059034
26355729	1000003769
16595804	1000020609
28059707	1000138666
24221229	1000052651
14869988	1000115537
50145896	1000003769
88868166	1000166662
61382814	1000161472
36982940	1000106786
25577874	1000028198
541601421	1000062736
316155198	1000044899
21639982	1000121812
2609891	1000159183
25776859	1000171353
16079245	1000048464
14106344	1000172676
17027460	1000138666
14672552	1000070607
44186632	1000140156
350979642	1000081728
31377059	1000052651
461173072	1000033566
18753000	1000033566
755068	1000067629
194559842	1000071961
73381700	1000028842
46864948	1000099446
379330955	1000067629
262077808	1000126304
13610342	1000027383
236698395	1000067629
168009636	1000099446
395395198	1000166662
297256499	1000033566
15534317	1000052651
225050987	1000003769
11845912	1000052651
364083931	1000003769
110895893	1000138666
238195671	1000140156
14229141	1000033566
20465564	1000116613
150505377	1000138666
23967802	1000140156
14106344	1000073939
279836991	1000171168
50575180	1000156309
336712153	1000170331
14539153	1000003769
13610342	1000138666
26000424	1000070607
66524046	1000161472
16475194	1000126304
7157132	1000052651
36711995	1000126304
186757039	1000107470
229091508	1000115537
208645319	1000138666
21639982	1000138666
16738823	1000022357
72915249	1000033128
14848426	1000059034
6076432	1000033566
28059707	1000028198
81490134	1000052651
291565214	1000126304
37387866	1000020609
108489590	1000138666
20154465	1000138666
14047459	1000028483
309366491	1000028704
17027460	1000173437
14583032	1000115537
50374602	1000044899
24322168	1000028842
30992735	1000081728
15065065	1000052651
15939253	1000159183
243032656	1000067629
392629948	1000138666
113184866	1000022357
356541836	1000166662
83477063	1000003769
16642707	1000041024
22745706	1000138666
68721382	1000162122
21206147	1000071961
19298387	1000052651
83669923	1000149446
170791701	1000156309
62483650	1000052651
189079945	1000052651
195981712	1000052651
102608859	1000048464
532942513	1000086277
27645291	1000099446
134208594	1000044435
50145896	1000052651
21202532	1000140156
163089333	1000052651
160152889	1000044899
14209507	1000140156
246403992	1000081728
31572616	1000028842
249996933	1000041024
317568415	1000150165
284913841	1000106786
277431423	1000052651
19676802	1000044899
25810548	1000052651
235216483	1000048464
168688901	1000138666
182206689	1000003769
132684863	1000149446
132684863	1000082230
97319539	1000149799
145769732	1000081728
376463873	1000099446
46562252	1000052651
31377059	1000121757
192976383	1000171353
61170034	1000052651
23954547	1000020609
183864351	1000022210
102374315	1000033128
67275584	1000106786
15917286	1000031506
499691222	1000115537
11106152	1000081728
164385775	1000003769
33364234	1000099446
231992478	1000052651
96070676	1000138666
425380821	1000052651
113187333	1000099446
189178986	1000123518
376463873	1000059034
48448474	1000081728
352359490	1000048464
237730106	1000033566
88456842	1000073939
30992735	1000054721
23521790	1000115537
288113759	1000156309
293689364	1000020609
166444450	1000067629
116941776	1000126304
17915692	1000022357
241211254	1000115134
14229096	1000107470
19676802	1000033566
17922109	1000048464
198828820	1000082230
532942513	1000081728
400505785	1000099446
181845509	1000052651
112632227	1000161342
354004333	1000140156
44578405	1000003769
25714079	1000136064
14270527	1000052651
23967802	1000003769
121995182	1000172676
20106337	1000121812
20291791	1000005104
3338681	1000099446
380616097	1000166662
438136706	1000133654
82265926	1000081728
189178986	1000138666
20818625	1000081728
41331160	1000140156
344825157	1000126304
8845642	1000048464
20187156	1000073939
26000424	1000159183
332796514	1000022210
36407042	1000138666
333466134	1000081728
361349552	1000052651
14229141	1000059034
20447194	1000022357
35507751	1000028842
49644939	1000022357
368411864	1000138666
404454675	1000033566
138626021	1000140156
141649458	1000052651
267828234	1000116064
309366491	1000126304
26519172	1000003769
409039035	1000099446
94643346	1000138445
73100160	1000028483
450402450	1000138666
31377059	1000003769
344825157	1000140156
210098167	1000052651
34713280	1000035158
417407285	1000052651
67275584	1000170331
380616097	1000086277
430289891	1000140156
22433348	1000156918
124279923	1000115134
133754672	1000138666
225142835	1000071961
61170034	1000003769
8312422	1000126304
75835217	1000099446
29304278	1000052651
75835217	1000044891
9827732	1000056869
297256499	1000126304
166444450	1000003769
174059247	1000003769
454348166	1000028842
13311722	1000138666
123480187	1000027383
41244121	1000140156
20154465	1000037610
27118077	1000099446
241616328	1000028842
375828881	1000028842
46901607	1000138666
386699190	1000138445
309366491	1000107470
83669923	1000052651
8732992	1000052651
23967802	1000099446
203783262	1000020609
386334716	1000022357
242470294	1000138666
242992669	1000003769
9827732	1000052651
309366491	1000138666
14229096	1000099446
293700583	1000052651
3427041	1000150165
286505380	1000115537
20291791	1000003769
11980942	1000149797
43333520	1000081728
24055407	1000106786
11845912	1000161342
15065065	1000033566
128522006	1000070607
286639617	1000138666
220627116	1000099446
47905520	1000070607
17346342	1000048464
19040580	1000052651
11364932	1000052651
129466947	1000052651
14131500	1000126304
25376226	1000033566
76766018	1000028704
190120345	1000056869
288118470	1000173711
87708888	1000052651
50558352	1000138666
18141963	1000099446
549338582	1000052651
505199710	1000052651
43510041	1000140156
166444450	1000162122
34854589	1000052651
293836859	1000140156
350603058	1000126304
392513215	1000052651
348883850	1000067629
21639982	1000171353
197600651	1000133654
171649753	1000028483
105504508	1000166662
91731354	1000052651
22883550	1000052651
113184866	1000025970
271569195	1000020609
98691205	1000073939
27270004	1000052651
72078055	1000022357
62579071	1000070607
20240002	1000003769
16905329	1000044899
263749598	1000107470
414334713	1000099446
26121776	1000105053
30992735	1000166662
255790981	1000067629
400505785	1000028483
76093054	1000099446
383471789	1000116064
17915692	1000155676
389633994	1000044891
432964727	1000033566
364083931	1000145009
184986169	1000020609
27917294	1000071961
9413072	1000048464
259090299	1000020609
15619503	1000115537
72084149	1000028842
61040299	1000151302
312417114	1000028842
294106552	1000145009
15853668	1000115537
52285847	1000052651
14583231	1000115537
19443873	1000138666
111635070	1000052651
96150272	1000115134
397722143	1000116064
217300535	1000052651
96194704	1000052651
72245548	1000020609
370657332	1000003769
759290	1000115134
68873355	1000067629
18559978	1000099446
313232208	1000052651
149660084	1000138666
30992735	1000027383
346729702	1000028842
17346342	1000099446
364644250	1000052651
102642582	1000166662
277730626	1000145009
125842468	1000099446
73381700	1000081728
7537032	1000003769
22157613	1000067629
19621745	1000082230
317652921	1000022357
14735742	1000106786
296216073	1000022357
94643346	1000138666
471212171	1000041024
20291791	1000059034
70194980	1000092922
285654273	1000138666
17027460	1000059034
159223855	1000052651
249017270	1000003769
309366491	1000081728
29118453	1000052651
67223791	1000099446
219554030	1000020609
409039035	1000115537
20488611	1000027383
339650637	1000138666
26727250	1000106601
16296704	1000145009
24641194	1000140156
27866493	1000048464
361349552	1000003769
52973741	1000048464
148204565	1000052651
14672552	1000008356
342005393	1000048464
303566403	1000052651
48888718	1000116064
138003731	1000031506
124424508	1000003769
96614512	1000048464
25026165	1000138666
450402450	1000099446
14249767	1000054721
14672552	1000041024
21687784	1000022210
15083792	1000067629
90289765	1000033128
16097743	1000140156
93659369	1000082230
112825848	1000107470
282353281	1000052651
297768208	1000052651
331372791	1000056869
20465564	1000067629
13311722	1000005456
77937717	1000020609
34955221	1000017201
354004333	1000052651
184552678	1000121757
18935349	1000156309
17346342	1000081728
76093054	1000115134
53989304	1000099446
15692925	1000044891
258134502	1000140156
507203986	1000022357
25569713	1000140156
30992735	1000115537
20154465	1000054721
43318595	1000033566
70133208	1000140156
24322168	1000060348
216590574	1000028483
25577874	1000105053
38514229	1000048464
30694402	1000052651
229091508	1000140156
17547990	1000059034
128995532	1000052651
208645319	1000033566
37675798	1000035158
231456006	1000028842
127075005	1000138666
133002726	1000099446
19525253	1000052651
16994709	1000138666
210637441	1000171353
14759617	1000048464
197600651	1000022357
14106344	1000138666
343485895	1000059034
38343426	1000052651
68943942	1000138666
393184806	1000138445
149276260	1000081728
332946048	1000116064
10854812	1000048464
175855283	1000140156
161236919	1000126304
151060603	1000121757
46147323	1000048464
22157613	1000028842
105504508	1000071961
556167733	1000003769
20546489	1000052651
16452919	1000099446
18396537	1000067629
423476426	1000044899
415509061	1000081728
11980942	1000071961
323059236	1000099446
46450482	1000071961
83423381	1000058522
18184621	1000022210
168009636	1000138666
371652337	1000052651
445771146	1000143706
18753000	1000070607
22273748	1000022210
84355291	1000052651
15141620	1000161472
450402450	1000126304
27003906	1000052651
56919633	1000071961
293938268	1000115537
102642582	1000028842
26340979	1000059034
24586098	1000048464
19111046	1000070607
14539153	1000052651
58697439	1000081728
129080258	1000048464
122155114	1000145009
311582506	1000073663
407440512	1000052651
49857631	1000052651
438124586	1000052651
246981903	1000033566
25598800	1000070607
454049037	1000171353
356541836	1000140156
149660084	1000041024
16475194	1000022357
362685767	1000067629
146065083	1000052651
46788269	1000003769
212498957	1000140156
18858188	1000008356
15847812	1000022210
15680204	1000138666
232206987	1000059034
65548946	1000052651
15065065	1000099446
17426710	1000147247
83669923	1000155676
414334713	1000052651
272170644	1000140156
195893980	1000099446
30992735	1000156918
233436404	1000097119
67275584	1000086277
13311722	1000059034
16800717	1000052651
9431932	1000020609
20546489	1000099446
39044130	1000052651
102137866	1000088841
436187252	1000081728
281725435	1000052651
19596174	1000017201
94643346	1000073939
15346177	1000133654
197217159	1000115134
34739121	1000138666
64482186	1000022357
382438066	1000003769
33787979	1000105053
139761115	1000003769
32219681	1000020609
214970887	1000052651
66905823	1000149799
471212171	1000115537
16642707	1000052651
157406727	1000082230
756977	1000041024
386699190	1000052651
7668362	1000033566
440441510	1000067629
236025357	1000166662
17918629	1000086668
260935147	1000115134
279836991	1000067629
61170034	1000056869
395689714	1000020609
226770889	1000052651
14195214	1000170331
53488710	1000107470
375257073	1000037610
197217159	1000155676
147583730	1000099446
113763153	1000028704
26259401	1000033566
214970887	1000115134
21554226	1000048464
116292493	1000106786
262865290	1000028483
231553897	1000052651
20291791	1000067629
64483385	1000115537
96070676	1000121757
43510041	1000028842
311561041	1000052651
418292272	1000028842
29243781	1000048464
128302994	1000052651
21202532	1000071961
425380821	1000138666
19596174	1000009574
185335242	1000081728
252750461	1000003769
50740020	1000052651
31377059	1000138666
307425497	1000003769
121594709	1000107470
91105535	1000048464
92978326	1000020609
303886358	1000099446
466645680	1000020609
25026165	1000052651
345164401	1000081728
271662759	1000081728
17918629	1000009048
15702621	1000003769
20804649	1000092922
8312422	1000041589
129755376	1000140156
110754412	1000031506
20154465	1000099446
83267360	1000052651
63207451	1000145009
87708888	1000138666
476365648	1000138445
18553965	1000052651
164385775	1000067629
755068	1000052651
41331160	1000138666
275353050	1000033566
18891069	1000052651
62483650	1000126304
16234759	1000155676
309793898	1000022357
61730210	1000140156
27190644	1000022210
400505785	1000138666
13229902	1000138666
160093452	1000106786
47257872	1000099446
37704473	1000138666
14735742	1000107470
94414805	1000033566
102137866	1000166662
157406727	1000138666
33511401	1000166662
84167270	1000073939
18761768	1000044899
194559842	1000028842
43076364	1000099446
556167733	1000073939
15262820	1000088841
312417114	1000161342
365341730	1000052651
95164862	1000138666
436187252	1000086277
184552678	1000099446
20341511	1000003769
15888191	1000138666
27270004	1000138666
45427910	1000020609
309366491	1000086277
37061660	1000054721
331908924	1000145009
307908399	1000138666
75835217	1000044435
53488710	1000106786
14158766	1000035158
29698864	1000059034
226014818	1000022210
361605431	1000145009
15939253	1000155676
67275584	1000073939
15665968	1000106601
45530247	1000052651
119961463	1000099446
151306416	1000048464
49105052	1000138666
100369246	1000099446
15757788	1000048464
18128184	1000171353
353183475	1000052651
22997147	1000048464
287564504	1000138666
165411431	1000140156
25395327	1000067629
53488710	1000159183
73019162	1000052651
20488611	1000028483
28779024	1000003769
106759256	1000081728
18647609	1000020609
276551208	1000033566
61040833	1000028842
30755504	1000070607
423476426	1000022357
38343426	1000067629
418351996	1000048464
46450482	1000090201
15346177	1000052651
88573405	1000062736
121995182	1000138666
22883550	1000138666
320784065	1000161472
261171156	1000115537
116292493	1000052651
45718320	1000136064
26519172	1000028198
35258257	1000033128
20360524	1000099446
33511401	1000022357
219370782	1000022210
18858188	1000073939
17915692	1000028483
189178986	1000054721
116292493	1000033566
27078524	1000105053
116952434	1000052651
26256596	1000020609
21430043	1000048464
24322168	1000025970
231456006	1000099446
147583730	1000138666
29397027	1000033566
16895140	1000106786
32337883	1000054721
125842468	1000022357
61040299	1000081728
18591927	1000003769
143068013	1000028842
61730210	1000115134
19849160	1000022210
450402450	1000123518
267720334	1000088841
216590574	1000147247
18232304	1000052651
97671322	1000105053
404454675	1000161472
26115919	1000028483
139908590	1000052651
3246931	1000106786
49280659	1000099446
430289891	1000126304
37061660	1000073939
67751089	1000081728
279848956	1000099446
35926608	1000048464
400505785	1000140156
243032656	1000138666
43355186	1000071961
14620398	1000054721
101120663	1000052651
24731072	1000106601
216755058	1000052651
436187252	1000137313
272629343	1000020609
113763153	1000033566
16475194	1000138666
16392790	1000052651
20424865	1000059034
37704473	1000052651
45427910	1000061227
158179658	1000052651
104901536	1000070607
195981712	1000060348
18935349	1000071961
124424508	1000121757
42907477	1000041589
88868166	1000025970
15398998	1000028842
361482327	1000052651
132834166	1000059034
18849313	1000048464
309793898	1000062736
275353050	1000099446
96150272	1000028842
194833340	1000020609
16132243	1000003769
20734751	1000082230
216668067	1000056869
20488611	1000033566
157406727	1000166662
42110634	1000037610
83477063	1000099446
67520030	1000027383
16293285	1000067629
19596174	1000138666
249996933	1000081728
317568415	1000052651
470554025	1000155676
27958687	1000028842
37210906	1000052651
319987685	1000126304
32230901	1000138666
399404516	1000028483
355806838	1000048464
127381503	1000138666
52285847	1000081728
168009636	1000088841
30758945	1000033566
370708942	1000115134
150384918	1000052651
6143942	1000052651
21380640	1000121757
364705107	1000126304
144723989	1000052651
13610342	1000099446
284996272	1000003769
56280411	1000081728
14249767	1000159183
116023675	1000003769
37061660	1000172676
14735742	1000035158
16874703	1000070607
17976798	1000031506
88456842	1000115537
229091508	1000052651
11106152	1000145009
282861631	1000082230
15665968	1000033566
143068013	1000059034
31572616	1000059034
134208594	1000099446
256558456	1000022357
14620398	1000099446
14229096	1000073939
229548414	1000156309
396038993	1000081728
211318479	1000099446
273638100	1000022210
3936151	1000048464
216755058	1000046419
39044130	1000003769
16687014	1000140156
255790981	1000137313
392629948	1000082230
43076364	1000166662
226378494	1000020609
20343986	1000025970
20458491	1000048464
63207451	1000159183
443134701	1000052651
393000195	1000052651
27118077	1000033128
25787929	1000166662
106814909	1000110519
34178980	1000022210
22705686	1000020609
237153517	1000071961
286078489	1000138445
19976791	1000133654
67275584	1000162122
257145854	1000028842
282704372	1000140156
37061660	1000003769
140800067	1000052651
14229096	1000028483
231216190	1000052651
58697439	1000170331
67751089	1000172676
354004333	1000126304
47905520	1000071961
20447194	1000062736
143572160	1000022357
36982940	1000033566
315486725	1000028842
18941821	1000052651
407769660	1000003769
197600651	1000017201
556167733	1000052651
37561615	1000070607
97565120	1000099446
84167270	1000115537
204067401	1000052651
14047459	1000028842
278269313	1000138666
193936797	1000099446
39141427	1000020609
304509004	1000099446
325113355	1000099446
232206987	1000099446
132684863	1000099446
151060603	1000174313
15420650	1000126304
127973392	1000170331
325113355	1000143752
96070676	1000052651
110895893	1000081728
20465564	1000003769
23954547	1000048464
254034285	1000027383
32337883	1000138666
43065900	1000030459
32335905	1000052651
94414805	1000059034
96551826	1000003769
218328000	1000052651
267720334	1000171353
346729702	1000170331
43065900	1000106601
14824242	1000054721
41183891	1000126304
18591927	1000067629
253910582	1000052651
143498650	1000022357
24117694	1000170331
25793504	1000052651
49105052	1000170331
15195576	1000067629
265019730	1000115537
50535198	1000099446
361680506	1000052651
26727250	1000044899
14229096	1000126304
432964727	1000027383
29304278	1000048464
96194704	1000138666
325113355	1000138666
309366491	1000099446
29397027	1000044435
384353180	1000003769
18962501	1000048464
289586398	1000140156
362706405	1000067629
132834166	1000033566
71202964	1000138666
231553897	1000161336
29304278	1000150165
242470294	1000019259
253910582	1000138666
14229096	1000138666
10865992	1000133654
179718090	1000138666
11364932	1000115537
432964727	1000025970
380616097	1000081728
213503016	1000170331
257668899	1000003769
15871544	1000103336
14848426	1000028842
72078055	1000071961
297166458	1000052651
66905823	1000020609
82617725	1000171168
91006317	1000003769
21687784	1000150165
27917294	1000055122
13108932	1000099446
44578405	1000115134
31572616	1000115134
14620122	1000048464
193998015	1000140156
40717768	1000052651
43065900	1000110936
7936062	1000048464
19392192	1000156309
368411864	1000073939
170113817	1000054721
45765141	1000022357
207831384	1000052651
35138072	1000020609
37387866	1000048464
193998015	1000126304
16642707	1000115134
151820156	1000166662
17635004	1000138666
248519330	1000028842
36224771	1000138666
83477063	1000028842
67751089	1000115537
295788283	1000138666
121281725	1000070607
17029325	1000161472
8146732	1000099446
14106344	1000033566
68618051	1000033566
29304278	1000081728
7388802	1000048464
141649458	1000028842
73390436	1000020609
37561615	1000099446
307908399	1000133654
72272759	1000138666
41331160	1000126304
58525541	1000121757
218652920	1000003769
153336646	1000027383
68943942	1000147247
24826596	1000009574
15130498	1000107470
393184806	1000099446
17918629	1000145009
16501385	1000022357
76093054	1000138445
67751089	1000033566
52060996	1000126304
178381350	1000022210
232403459	1000033566
14670722	1000115560
221394012	1000028842
113186652	1000003769
245141097	1000052651
28048857	1000052651
39044130	1000107470
21380640	1000003769
26355729	1000099446
29698864	1000147247
175479505	1000115537
175855283	1000008356
36841423	1000059034
213768598	1000052651
267720334	1000033566
18553965	1000009574
16234759	1000097119
390800669	1000003769
258022594	1000140156
239122564	1000052651
124279923	1000003769
35258257	1000044899
286078489	1000003769
407440512	1000138666
13108932	1000081728
146593500	1000003769
15665968	1000138666
372403213	1000099446
381739410	1000145009
470554025	1000009048
133987997	1000099446
67275584	1000138666
54178513	1000145009
91359384	1000020609
233063827	1000126304
139761115	1000067629
19596174	1000054721
26000424	1000097738
8253542	1000020609
189178986	1000149799
782571	1000082230
211318479	1000081728
54966644	1000143706
45319754	1000081728
425225716	1000052651
311317937	1000140156
14139971	1000097738
286639617	1000054721
382438066	1000099446
517673322	1000099446
243032656	1000140156
19503627	1000143706
72078055	1000138666
17702627	1000099446
755068	1000099446
470554025	1000115134
256558456	1000059034
333466134	1000099446
15176914	1000052651
28779024	1000067629
41907222	1000067629
260935147	1000052651
38782424	1000020609
28228172	1000137313
14106344	1000092922
17918629	1000133654
293202469	1000073663
10367702	1000028483
159471069	1000099446
254442689	1000086277
369105326	1000028842
295263112	1000143752
24486637	1000020609
444419728	1000081728
248726194	1000027383
96551826	1000052651
163307790	1000155676
28918026	1000028483
71412956	1000126304
276686889	1000140156
2118651	1000140156
16687014	1000119519
127381503	1000140156
277730626	1000003769
88868166	1000009048
53044773	1000031506
15518450	1000161472
50145896	1000099446
29414439	1000099446
61579420	1000106601
359799323	1000121757
33364234	1000115537
253910582	1000099446
26519172	1000126304
283762107	1000115537
437814890	1000028483
58287837	1000022210
253910582	1000121757
242992669	1000067629
28059707	1000020609
107635488	1000070607
16687014	1000070607
38782424	1000138666
376463873	1000081728
61579420	1000171353
270426164	1000162122
71862367	1000048464
66524046	1000107470
293202469	1000145009
278786768	1000099446
19596174	1000043634
193936797	1000003769
15757080	1000126304
16293423	1000121757
34815252	1000020609
67520030	1000099446
278673838	1000161342
124296976	1000166662
88456842	1000027383
143498650	1000044899
15346177	1000033566
16293423	1000145009
419315922	1000028842
15666774	1000052651
11845912	1000099446
197600651	1000071961
362691320	1000003769
159223855	1000020609
135704870	1000052651
505037123	1000003769
15680204	1000071961
84421229	1000048464
61730210	1000067629
166597708	1000140156
96070676	1000145009
131257733	1000138666
113763153	1000147247
21639982	1000099446
29145184	1000028842
37679126	1000171353
486816912	1000161342
20546489	1000044899
100370178	1000115537
21740428	1000140156
383605888	1000105053
43662855	1000086277
51945284	1000140156
35258257	1000028483
96150272	1000099446
143572160	1000099446
48118853	1000099446
339056433	1000099446
50010161	1000082230
121825928	1000035158
215744480	1000052651
211241503	1000099446
295562936	1000052651
147646942	1000033566
166507591	1000099446
126444583	1000149799
17915692	1000067629
299811604	1000052651
402394026	1000052651
18119219	1000022357
20291791	1000138666
375828881	1000138445
172251288	1000052651
37561615	1000149799
58525541	1000115537
61730210	1000138666
165411431	1000073939
16079941	1000048464
198828820	1000115537
68721382	1000033566
370708942	1000155676
465182561	1000107470
45765141	1000052651
156406938	1000020609
17079223	1000171353
149660084	1000099446
15939253	1000003769
423793007	1000052651
426378962	1000052651
189178986	1000033566
14229096	1000090201
88573405	1000033566
25577874	1000138666
266182056	1000099446
106814909	1000119519
362706405	1000081728
125643969	1000156309
32278472	1000105053
15248360	1000052651
296216073	1000062736
415509061	1000152231
218652920	1000133780
370708942	1000067629
10680802	1000052651
123480187	1000138666
27631345	1000099446
11980942	1000025970
129140802	1000159183
