326212771	1000048236
27157089	1000120107
15934926	1000056974
213849301	1000020013
6477852	1000100090
27778893	1000078134
42419359	1000110123
84510198	1000125618
27157089	1000074708
72402972	1000030356
21349535	1000111127
68008372	1000148471
16890261	1000020765
5749162	1000027223
33254505	1000169309
118241252	1000027977
217416589	1000079653
475134373	1000134376
18324678	1000079653
43180237	1000109569
29411301	1000087839
119551241	1000030188
16166244	1000009405
46832898	1000087144
6438	1000062444
257905617	1000136772
41894068	1000108068
60649803	1000038265
3253121	1000009552
114135209	1000144989
14864436	1000102174
29123186	1000125485
48358776	1000106222
41894068	1000125485
24737068	1000055077
18598585	1000048236
15378805	1000121394
39839316	1000074708
174741544	1000111932
35550889	1000125454
30050923	1000097593
480102482	1000077564
24883888	1000137478
207231577	1000161282
23638980	1000074708
82979341	1000109504
17866414	1000040673
45887221	1000039139
16890261	1000078134
405714281	1000144093
96824115	1000003178
21401466	1000067445
14680381	1000027223
18481641	1000078134
19566101	1000042846
14400125	1000147543
123607075	1000076533
23145316	1000074708
19546942	1000158322
34211097	1000153683
5931412	1000147777
38190358	1000106222
652293	1000062444
21069452	1000157213
362655140	1000144989
25007375	1000109326
86338519	1000056548
81427819	1000155204
14108504	1000059137
26516402	1000121213
34783473	1000102168
17703616	1000118990
33402909	1000067445
461736934	1000134376
163257434	1000144989
82178374	1000125801
52544275	1000078134
14976223	1000080449
299448712	1000029776
45887221	1000129943
151560445	1000134140
429068735	1000144989
167380894	1000102168
18060163	1000014353
274170701	1000032204
14222518	1000123370
34211097	1000136685
15839249	1000172446
60649803	1000167867
2153241	1000043063
108669535	1000035501
19568509	1000111699
37046756	1000148471
25940364	1000125454
26465656	1000072988
29247964	1000084641
21073251	1000030356
33644693	1000047385
48358776	1000080617
27760317	1000056974
17351972	1000079653
22747276	1000094040
23170646	1000126036
385556623	1000121421
804268	1000087839
21149226	1000078134
21902226	1000041038
163379277	1000038389
14216054	1000030030
24604037	1000015893
23170646	1000144361
28521141	1000115645
48174738	1000079000
187512368	1000134376
30704824	1000041251
33644693	1000125485
12998242	1000031595
87305010	1000027223
19923638	1000059187
15774118	1000087839
10295842	1000020573
64498671	1000080617
23629630	1000074708
204472178	1000121813
26083271	1000029776
6398252	1000058778
19043902	1000111699
64498671	1000123313
3288371	1000025920
14622632	1000111127
112593696	1000120150
166299213	1000003907
14849723	1000159222
18210908	1000111699
113221516	1000038389
280629993	1000078134
14361301	1000030030
96824115	1000149307
16193578	1000161282
14348594	1000115645
14165865	1000020013
17904856	1000008878
19399719	1000054645
15191029	1000055641
163379277	1000025927
254694622	1000085832
58462957	1000106916
304649218	1000038230
21683202	1000010987
15947602	1000020013
304649218	1000161247
58462957	1000078134
142690048	1000075833
80943	1000010174
46584786	1000093684
21279256	1000149307
89351577	1000038265
6403332	1000119985
281872249	1000165157
19028615	1000167867
48358776	1000148471
30231735	1000072988
19057001	1000048236
141598384	1000125485
74264908	1000144989
30559094	1000069271
36256788	1000126036
536493529	1000172446
297078171	1000053413
25007375	1000125485
15317676	1000108934
44682832	1000037181
26042520	1000035501
119320258	1000086161
25007375	1000120150
15633521	1000110123
112593696	1000077501
33644693	1000078134
18462653	1000060360
289659449	1000038265
20456848	1000020573
71213932	1000048483
14934818	1000078134
90972746	1000019583
427034706	1000088577
16676450	1000100978
22447077	1000109504
17998052	1000134133
44660311	1000035688
67199101	1000108934
89859844	1000121421
25007375	1000027269
32154032	1000037181
42303168	1000099384
15768928	1000121394
25233746	1000029776
34669164	1000120107
45590904	1000041864
72918551	1000111661
59622351	1000171894
58462957	1000161247
47481061	1000055438
14070744	1000123886
11627022	1000159222
46571486	1000042846
14695672	1000071957
27791181	1000174655
26066384	1000082123
64498671	1000104825
16803822	1000062444
22100007	1000055077
508128621	1000016708
16890261	1000024279
27759841	1000111699
20163916	1000021849
32496437	1000087144
325260518	1000031523
441129326	1000079653
18816738	1000085832
21208444	1000115745
28215110	1000072118
19028615	1000161247
7212132	1000030152
123607075	1000027977
280629993	1000079238
16271952	1000161247
28635233	1000120107
14215609	1000120107
114486407	1000080313
154579089	1000146631
152596817	1000159222
48174738	1000062114
624683	1000009552
17771860	1000040949
16827758	1000101571
23139845	1000080617
104201057	1000025699
56814021	1000149453
14206769	1000121916
22684960	1000121421
40503473	1000073277
18462157	1000059187
17324058	1000102174
30929570	1000109504
11100902	1000055641
20714235	1000046396
153558662	1000042128
71753808	1000108934
108669535	1000074708
307150055	1000088080
372477390	1000056974
34211097	1000167867
81931552	1000144989
82178374	1000123370
16336650	1000087839
18314308	1000121385
18598585	1000074708
50680206	1000010248
16302129	1000121877
20313039	1000010248
59624844	1000161282
81432354	1000027977
26604904	1000139640
89060990	1000114275
108669535	1000004972
34406638	1000039527
38190358	1000023735
22641532	1000121385
48358776	1000153683
20497320	1000025927
7450992	1000149307
19798969	1000111699
13829462	1000115645
90985555	1000102168
109702885	1000039527
18324678	1000129943
386206170	1000137478
91856309	1000111932
257542789	1000125618
34783473	1000031595
29993931	1000093684
240358326	1000137478
30704824	1000039527
22712217	1000095329
58462957	1000120107
5424862	1000110123
39839316	1000161247
22132283	1000035688
74234358	1000112160
23139845	1000167867
15111389	1000100090
50680206	1000077501
557143602	1000020765
20488308	1000143364
19148708	1000077501
39601084	1000078727
23705423	1000054645
21111883	1000144989
128135741	1000016708
125400453	1000059187
14965127	1000055438
22747276	1000038389
239943018	1000087144
71341675	1000120107
28412286	1000125485
15934926	1000161942
179340633	1000054645
47530681	1000151742
25534013	1000112901
23690773	1000144989
21627660	1000023979
36961077	1000149453
28215110	1000074708
1476651	1000082176
32138488	1000067445
48100887	1000171311
14565861	1000074708
140897458	1000144989
56814021	1000038265
792537	1000073196
24202701	1000041251
15430198	1000166247
129575180	1000090566
19148708	1000150738
90720074	1000074708
19390810	1000010987
235446476	1000042846
17787502	1000134133
16744984	1000074708
21324258	1000120107
17166447	1000155842
283536837	1000067445
280629993	1000117156
77668252	1000069271
242073660	1000029776
71383220	1000134140
48174738	1000086989
19949262	1000076533
131127073	1000139640
149292003	1000138954
19390810	1000104768
335982201	1000136772
14934818	1000024948
38522371	1000074708
18462729	1000153683
77668252	1000165157
261110189	1000120057
639013	1000077693
34669164	1000059187
1472021	1000142307
20172221	1000157979
19949262	1000114844
15995226	1000010248
9377402	1000059778
47779423	1000025927
14186288	1000157979
30704824	1000103464
17625522	1000168950
140132026	1000156342
48224877	1000009405
113683399	1000113511
23139845	1000161282
34211097	1000147543
15015040	1000115645
166299213	1000059778
15368773	1000045793
73716850	1000042846
107742853	1000079653
14780759	1000131762
109646364	1000020013
9570302	1000060390
24289021	1000161247
27051222	1000030517
8025532	1000030030
152790215	1000051465
69746051	1000020013
26364857	1000100978
91270218	1000122143
16521996	1000077693
33402909	1000048236
16263665	1000120852
321731823	1000115645
96824115	1000090566
18609003	1000051985
267408938	1000045067
16307230	1000000081
17771860	1000112901
28740832	1000150217
73024519	1000004424
361031631	1000121421
89572877	1000115645
15169907	1000171311
54510875	1000109081
70850380	1000030188
25209069	1000020013
26516402	1000009405
13165	1000094040
44682832	1000074708
25007375	1000134716
283128507	1000040673
175086230	1000037498
29328133	1000126208
240358326	1000144989
39182784	1000165561
327185476	1000009405
77844276	1000080613
107516840	1000125618
24833081	1000015464
27161674	1000062069
19679882	1000099384
183116083	1000117587
147155386	1000071226
14195353	1000080313
21279256	1000111352
186180075	1000152637
17475636	1000087839
36894573	1000015464
15430687	1000110123
19866631	1000063829
33616906	1000078134
39839316	1000125485
18565988	1000161282
91390383	1000078134
224112967	1000049847
17841725	1000111127
31119337	1000075833
283536837	1000003178
20578176	1000040673
294858670	1000144989
1523501	1000077693
16815431	1000100905
38902972	1000144361
33402909	1000001219
39601084	1000078233
91661023	1000157979
34373923	1000040949
24273880	1000043063
39601084	1000161247
20605481	1000134376
5768872	1000073196
18760392	1000088577
153590386	1000132549
96824115	1000060360
18307364	1000078134
154579089	1000059187
19923638	1000038265
221639929	1000038389
39714128	1000164966
142690048	1000079238
22055996	1000010248
14847001	1000116300
302985153	1000001219
42384760	1000168542
34211097	1000082471
168525858	1000090961
110754498	1000087144
17866266	1000015893
14774830	1000134140
20597896	1000063209
23185210	1000072490
207653556	1000004424
76622099	1000035688
31119337	1000167867
50483553	1000037181
151673759	1000024774
141598384	1000089258
37796602	1000003808
15639642	1000019583
97469184	1000143364
668473	1000162267
17613417	1000003907
229969377	1000054645
242038666	1000144989
19292133	1000125485
16560657	1000042846
15038367	1000147777
15934926	1000003178
14868580	1000009405
42419359	1000107677
188102842	1000088080
244622783	1000157979
87821661	1000060360
25805995	1000051985
12998242	1000114844
283536837	1000107677
128135741	1000137478
21627660	1000078134
38476490	1000121385
142690048	1000125618
28635233	1000149307
18462157	1000074708
25482984	1000102168
59624844	1000048236
14172562	1000062444
57249277	1000072562
112283476	1000125618
339917715	1000108934
14531164	1000083809
109702885	1000125618
38412454	1000144989
14062332	1000077693
24510424	1000038389
96184837	1000149307
174007898	1000153013
11224342	1000001401
22981846	1000095040
19407053	1000002492
72607500	1000009405
40071081	1000074708
14539061	1000002492
37009864	1000144989
64498671	1000075833
24510424	1000094040
36451558	1000074708
41338503	1000039527
289076761	1000144989
34211097	1000125801
48224877	1000078233
250911289	1000161247
86227873	1000087839
81115665	1000115645
15934926	1000167867
479809444	1000144989
108669535	1000072562
211921304	1000112901
17324205	1000008878
18253695	1000085832
281262231	1000042846
79415370	1000020013
14415108	1000074708
14181054	1000103464
21683202	1000067445
28357463	1000125485
22055996	1000059137
22025814	1000170345
28635233	1000039527
21683202	1000106916
214791922	1000028659
26179487	1000077661
45609049	1000031523
14215609	1000078233
59624844	1000149307
540789120	1000035688
21095472	1000004424
44431039	1000025927
69960885	1000014762
51211899	1000079653
27430245	1000157979
233456037	1000162239
246134531	1000129943
24604037	1000079653
137820052	1000038230
20351289	1000143532
64498671	1000148471
108489590	1000087839
16813989	1000014787
20998647	1000144989
57249277	1000054645
246134531	1000090961
17820753	1000032237
115778248	1000159222
19998190	1000047974
33080832	1000144989
280629993	1000080617
16063378	1000025920
122221870	1000171830
23483324	1000143532
21401466	1000027269
28420827	1000144989
54806215	1000110006
15937155	1000100090
107516840	1000140387
9541782	1000161942
154579089	1000074708
33266813	1000063829
21279256	1000120107
16669932	1000007028
17219108	1000071663
18481641	1000074708
126527969	1000098939
74231747	1000144989
57244828	1000077819
332578378	1000144989
155938168	1000020013
19028980	1000085832
19962737	1000167591
119783622	1000120107
70853191	1000144989
42869411	1000090239
30180137	1000048236
28669612	1000144989
33789009	1000038389
158895928	1000074708
89859844	1000102168
14680381	1000074708
14747960	1000048236
64498671	1000074708
318282308	1000061615
35895696	1000078134
18816738	1000004424
44424226	1000059187
74712538	1000056974
19390810	1000148471
34373923	1000018152
21208444	1000002236
551177934	1000125485
23860584	1000050459
58462957	1000048236
58462957	1000125485
19902621	1000147075
21711511	1000155204
309604757	1000002492
50680206	1000040949
72402972	1000032204
18481641	1000104825
96824115	1000067445
19885400	1000038630
7212222	1000030152
112593696	1000078727
26042520	1000112901
30704824	1000167867
56814021	1000106916
19028615	1000120150
31119337	1000112901
108669535	1000039527
274170701	1000030356
43906631	1000085832
82178374	1000073795
142690048	1000140042
98942778	1000072562
41538700	1000021511
16827758	1000170345
21208444	1000054645
26033281	1000125485
30704824	1000004285
13012632	1000010174
285359479	1000089848
280629993	1000112901
46748249	1000020013
18816465	1000004424
21295636	1000175306
39601084	1000168950
26066384	1000059137
1980271	1000031523
181561712	1000175306
30559094	1000003808
77404713	1000032237
14413535	1000123967
339917715	1000155204
304649218	1000048236
18453792	1000125454
37774411	1000019583
23002445	1000110123
108669535	1000059187
23617610	1000144989
30963798	1000090961
12053132	1000085520
16631597	1000120107
37796602	1000049847
12561452	1000094040
190919200	1000062444
28384755	1000074708
525306923	1000056974
14195818	1000116300
142690048	1000108934
21148293	1000012038
272786285	1000171830
351073900	1000115261
11677062	1000062444
66436334	1000121916
43039340	1000030517
202839283	1000172446
41894701	1000170942
16225240	1000002492
17586128	1000056548
22087738	1000095040
36382095	1000020013
75654575	1000144989
343588861	1000169309
57998022	1000127977
19028615	1000010987
15108101	1000121394
353887098	1000045793
14628409	1000115645
280204623	1000040673
142690048	1000074708
56814021	1000100068
67418427	1000080449
20460449	1000087839
25124549	1000099384
106618405	1000086161
643613	1000148075
23248754	1000094040
23095870	1000072118
29247964	1000134716
18307364	1000153683
107516840	1000039527
14497789	1000059778
20348431	1000164966
90021519	1000125485
23617610	1000166247
18462157	1000167867
61060345	1000020573
52772629	1000038265
14296723	1000047974
16661207	1000099384
45067533	1000125618
19399719	1000078134
16279527	1000116300
33782099	1000010174
15891115	1000042846
372968469	1000016708
247041135	1000144989
46678012	1000038230
46678012	1000140387
19568471	1000108068
102847369	1000020013
56814021	1000161247
24530836	1000125485
60649803	1000078134
22386126	1000034610
27062951	1000167591
16271952	1000023979
18481641	1000125485
15487708	1000126208
19399719	1000115745
13831522	1000032237
303631031	1000129607
17771860	1000056974
14332682	1000101571
25937606	1000155204
200215023	1000009552
81432354	1000114844
16813989	1000034306
16493728	1000063209
246134531	1000039139
21683202	1000039527
14288822	1000023979
64498671	1000067445
174302147	1000058113
56184156	1000058778
264376686	1000010174
6738842	1000029907
70794696	1000078134
16824090	1000020013
21219827	1000020013
19478383	1000078799
43137449	1000023735
103909707	1000014787
48174738	1000047510
45609049	1000144989
25007375	1000080617
22052252	1000118990
16890261	1000120107
805311	1000157213
14804903	1000007252
33402909	1000086989
280629993	1000015264
19685693	1000024196
41338503	1000120107
16929349	1000125618
28412286	1000161247
19788368	1000080577
51876199	1000144361
14296168	1000166151
18995454	1000039527
15081340	1000002119
82979341	1000133380
18314308	1000156415
22275457	1000115645
197577781	1000148075
30752163	1000116300
17173775	1000109081
24407244	1000054645
182420475	1000009889
355622731	1000144989
16813989	1000047385
17844854	1000074708
94583129	1000172847
256266672	1000112160
14751849	1000021520
17960638	1000085520
20452058	1000074708
205302299	1000103464
49076695	1000137478
18572379	1000149307
15119140	1000020013
14741804	1000063209
801547	1000080613
64498671	1000117560
39706174	1000007481
41689267	1000047385
210945325	1000048236
24190981	1000115745
38190358	1000125618
31393	1000077693
39601084	1000120107
78855722	1000054645
37212984	1000074708
3287051	1000110123
25329155	1000076060
16478689	1000102168
73024519	1000085832
16229735	1000102168
23139845	1000074708
20477352	1000099709
17136795	1000002492
40016838	1000074708
14338572	1000014762
42955561	1000004424
283536837	1000074708
16824090	1000042128
142690048	1000167867
216004852	1000093809
21208444	1000003178
274170701	1000065397
29623867	1000054614
82916791	1000041038
142690048	1000080617
14278468	1000048483
107742853	1000115261
129907052	1000111699
28384755	1000167867
104006197	1000125618
32772541	1000140592
391227585	1000133380
21870651	1000089848
56814021	1000078134
225235528	1000128119
27885110	1000019583
73436079	1000038265
60698319	1000089848
43822174	1000020013
30115174	1000055991
15829144	1000014787
13348	1000173919
23248754	1000038389
25007375	1000168950
63680976	1000003808
21208444	1000149307
55028472	1000014762
14143533	1000080577
632023	1000009552
18598585	1000097729
88651140	1000085832
33402909	1000120107
18626079	1000094040
17275604	1000007028
87016990	1000171311
73992972	1000078134
21279256	1000151742
19546942	1000153683
13018112	1000059187
48358776	1000074708
20863936	1000120107
118241252	1000076533
14575107	1000014787
16190898	1000144989
168133416	1000085832
48473	1000134376
189849628	1000085832
22030851	1000068986
21279256	1000038265
66561957	1000020013
32742776	1000144989
23139845	1000075833
86338519	1000072118
26033281	1000010248
132779174	1000107677
25720678	1000016987
126998485	1000111127
15383636	1000157979
142690048	1000067445
240456162	1000028659
155968712	1000077661
14521617	1000168268
240358326	1000000492
76734794	1000038389
40981798	1000121385
18221681	1000085832
29552290	1000159222
87821661	1000074708
15372050	1000097839
60437369	1000144361
17068830	1000012634
24866239	1000138142
28357463	1000123370
19398142	1000173953
16271952	1000158322
98997127	1000109326
17783779	1000099384
38190358	1000145160
294069982	1000054614
62365663	1000144989
16890261	1000100068
271154322	1000144989
17208434	1000173953
269949947	1000039527
19057001	1000125454
19390810	1000072562
39839316	1000120107
105215654	1000039527
34373923	1000058742
22037660	1000147553
15933910	1000015264
33402909	1000125618
21283935	1000038389
53318310	1000137478
73234942	1000040856
34947001	1000082319
266187076	1000110500
112593696	1000001219
174497732	1000030030
34947001	1000074708
303881441	1000121394
14377838	1000168268
21149226	1000080617
17771860	1000059187
15445828	1000027223
64498671	1000167867
15040500	1000020573
304649218	1000073795
304649218	1000039527
18462729	1000074708
46678012	1000161247
90720074	1000072277
108669535	1000119950
19028615	1000080617
143129592	1000074708
88049417	1000145160
22863638	1000009405
19848777	1000141812
23135992	1000099709
32959253	1000144989
94877567	1000093684
21648607	1000137478
23311270	1000109569
1452261	1000082176
56080133	1000121385
8955702	1000076533
36728196	1000002492
155303400	1000009889
9541782	1000111352
130249527	1000038265
18531417	1000061615
131281764	1000144989
15929318	1000078134
16018802	1000115645
18462729	1000090566
16271952	1000086461
509335531	1000144989
25234429	1000120057
68008372	1000109504
81501774	1000099384
19915199	1000004812
18462653	1000100068
15397003	1000084044
39839316	1000108934
21683202	1000112901
143125196	1000039527
21053475	1000041251
41338503	1000117560
28357463	1000136685
39839316	1000017232
59624844	1000125485
106512656	1000149307
43952326	1000038265
62895501	1000055438
103902438	1000119574
691353	1000123886
17907917	1000132549
28185459	1000000081
3840	1000060390
239253198	1000129168
33402909	1000161942
16271952	1000097729
26055000	1000144093
234014087	1000042846
25365536	1000144989
331425778	1000150738
17662117	1000077564
52530194	1000172446
655613	1000125618
21062429	1000078134
14849723	1000156342
34013606	1000121421
31521465	1000144989
33402909	1000054645
27157089	1000106222
151129779	1000026739
112248037	1000037498
37046756	1000078134
77404713	1000027223
91480304	1000000148
34713716	1000032237
19501656	1000152637
15128159	1000100090
19685693	1000131762
39634561	1000042846
107516840	1000168950
87195913	1000110500
29784240	1000159222
20015787	1000055176
109775248	1000042846
318028501	1000148471
21329199	1000046396
189556137	1000020013
106233617	1000078134
246347170	1000023979
163755960	1000029776
30663428	1000080617
39839316	1000106916
498443549	1000144361
246412630	1000027977
47779423	1000094040
34211097	1000078134
72402972	1000065397
30905120	1000141812
98942778	1000037181
101081687	1000098939
90720074	1000010987
54890813	1000125485
30938926	1000140656
45413261	1000155204
25007375	1000082471
289390002	1000156342
16744984	1000084136
39078517	1000147075
250911289	1000014787
359749285	1000021849
280582344	1000028659
22197825	1000020013
210945325	1000125618
21683202	1000014141
219771529	1000010248
56814021	1000023979
56699979	1000041592
24289021	1000123370
15934926	1000075833
29287875	1000099709
28635233	1000038265
22863638	1000121213
29901567	1000144989
21069452	1000126208
137447314	1000121813
199776328	1000138142
27907782	1000014141
48358776	1000067445
34757760	1000058778
24833731	1000024774
28649796	1000015893
21089219	1000125485
107516840	1000035501
21683202	1000056974
77890950	1000074708
28384755	1000089258
42869411	1000025699
32207751	1000055176
30180137	1000106916
29123186	1000103464
58875905	1000111661
114707474	1000079239
217458574	1000082319
17674486	1000087144
62513269	1000055438
30704824	1000161282
8207832	1000077693
7092102	1000107677
427156873	1000087839
17827085	1000041864
18808527	1000090239
37792861	1000038389
125400453	1000106916
165188650	1000026739
17469375	1000060390
25007375	1000082319
87070315	1000002119
16875498	1000144989
17505533	1000030188
17272055	1000043063
28210299	1000076060
133452130	1000084044
15523822	1000152637
18462653	1000161282
161763504	1000152637
37046756	1000161247
353164600	1000085832
42535805	1000164966
15419530	1000115645
30180137	1000036265
20206940	1000014762
19028615	1000088172
26451647	1000115645
87407293	1000120901
43804131	1000098790
183367295	1000144989
41338503	1000038230
48174738	1000120107
72918551	1000097839
14222518	1000059187
18598585	1000036265
21920965	1000171311
21683202	1000107677
30938926	1000149307
21341221	1000056548
16660451	1000099384
236699098	1000166247
23052167	1000167591
12919152	1000021520
27907782	1000074708
16744984	1000027223
30704824	1000125485
387055878	1000015264
77890950	1000014787
39138461	1000042846
142690048	1000161247
172307636	1000144989
25365536	1000166247
153590386	1000093809
213220899	1000004812
58462957	1000018152
16271952	1000120107
18637160	1000144989
342296862	1000129943
18462729	1000078134
161545023	1000058778
140928507	1000111352
1045141	1000082176
21401466	1000002236
34373923	1000010987
17613417	1000059778
551473324	1000035688
15426099	1000021511
50483553	1000074708
25765885	1000137478
189686155	1000035688
153474021	1000082319
185529608	1000144361
44682832	1000145160
18307364	1000161247
19017100	1000010248
18079390	1000002492
61640711	1000156342
87771546	1000093684
33592722	1000098939
29546945	1000082319
153474021	1000151742
32959253	1000168542
21208444	1000161247
36233437	1000001219
16813989	1000074708
22843337	1000084136
44431039	1000094040
153474021	1000039527
24290627	1000080577
44431039	1000038389
61876481	1000149307
16271952	1000048236
49824572	1000155842
13018112	1000125485
13809612	1000012634
81201609	1000102168
16813989	1000075833
22781632	1000134140
18609003	1000121421
77404713	1000074708
21208444	1000125454
30180137	1000161247
66331720	1000059137
21219827	1000042128
107516840	1000017232
58462957	1000151742
90985555	1000122087
35727177	1000129152
71956658	1000034306
29137880	1000171894
24268592	1000108934
39601084	1000018159
27081004	1000079239
21627660	1000125454
56814021	1000038230
14680381	1000072118
92627964	1000155204
27837808	1000035688
113221516	1000094040
18253695	1000004424
25447346	1000015464
280163928	1000144989
83602594	1000113511
15641097	1000068986
40007926	1000038265
17384206	1000063209
304649218	1000067445
245114347	1000144989
123081702	1000147553
80341149	1000040856
37082371	1000090961
23613479	1000166247
78313417	1000111699
58912623	1000022449
19143584	1000166247
556156570	1000000492
56814021	1000001219
54890813	1000014787
232479640	1000085832
59974294	1000000492
37046756	1000106916
24190981	1000120150
17219108	1000119574
441129326	1000109504
128947143	1000126036
142690048	1000010987
18462653	1000167867
273186863	1000166151
304649218	1000168950
98942778	1000054645
402845152	1000099384
16166244	1000142307
18269449	1000111699
75246510	1000007252
21394805	1000022449
112283476	1000015232
556156570	1000137478
96824115	1000119950
52081613	1000016987
175086230	1000132549
19409065	1000144989
16865502	1000085520
82178374	1000078233
64498671	1000112901
16465474	1000121877
20416574	1000125454
142690048	1000148471
296609425	1000098436
49064943	1000029776
116729192	1000129168
19923638	1000075833
289518172	1000002492
129267848	1000063829
8978672	1000173919
36961077	1000161247
346208047	1000164966
240606817	1000125485
8395472	1000115645
82178374	1000048236
96865911	1000122143
2897431	1000062444
759251	1000029776
194381116	1000074708
35450530	1000026739
20298371	1000149307
41182951	1000146631
34719255	1000144989
30418870	1000111127
107516840	1000015265
6165372	1000121394
34999930	1000144989
36542282	1000120901
19664647	1000029907
30704824	1000078134
23860584	1000111348
50486776	1000074708
72353677	1000035688
14478814	1000097593
292432955	1000116300
17111442	1000102168
19993686	1000121394
280629993	1000125485
342519878	1000027223
45028431	1000045067
19028615	1000112901
21401466	1000015265
113497030	1000095329
34211097	1000004285
20398450	1000159222
33774798	1000041864
21208444	1000067445
101928415	1000144989
58462957	1000168950
9541782	1000024279
21570730	1000029776
41338503	1000112901
21073251	1000164966
18103148	1000161282
168525858	1000039139
18462653	1000074708
151304288	1000009405
14759966	1000031523
82178374	1000074708
7125712	1000062444
30704824	1000125618
45287382	1000151742
34211097	1000074708
451135171	1000110123
123655316	1000098436
153459499	1000020013
17464581	1000041864
254883790	1000155204
28990676	1000079653
69960885	1000051465
21683202	1000148471
321585328	1000144361
14526865	1000109504
355185613	1000170942
51211899	1000110500
56814021	1000097729
14565861	1000072118
20348431	1000030356
25025035	1000058113
28635233	1000168950
43137449	1000153683
38190358	1000097729
90720074	1000117156
36231321	1000024196
35746423	1000114275
39636618	1000020765
385556623	1000122087
14980820	1000030030
34211097	1000140656
195850342	1000020013
18307364	1000149307
16364793	1000102168
1984701	1000110123
14957252	1000098693
71481745	1000115645
7429892	1000090239
32138488	1000145160
39281617	1000111699
200328996	1000023157
19993686	1000053413
29756339	1000121385
184096187	1000099384
56814021	1000018152
33220336	1000058778
21208444	1000048236
43955724	1000041733
46533358	1000002492
39576002	1000103464
24190981	1000112901
16987303	1000099384
24429991	1000042846
185508766	1000111127
28357463	1000074708
41259067	1000174655
22747276	1000025927
32343441	1000042846
325260518	1000144989
232762581	1000016708
20176119	1000055991
224393	1000102168
18324678	1000110500
461792629	1000071957
57371662	1000078134
41699068	1000144989
20341544	1000120107
59974294	1000016708
17134329	1000151742
19923638	1000048236
3536451	1000059778
39601084	1000060789
419315922	1000110123
21627660	1000024948
14791162	1000056974
16834046	1000168950
69615397	1000054645
94425545	1000071226
51211899	1000150217
389236778	1000098939
94583129	1000049847
108669535	1000108934
65555479	1000098939
34373923	1000125801
17771860	1000010987
59159781	1000007481
23044006	1000134140
17771860	1000100068
19120420	1000166151
18648424	1000039139
19057001	1000020013
18648424	1000090961
239943018	1000080617
4829901	1000062444
71753808	1000110123
182420475	1000152637
28357463	1000104768
7598542	1000002492
15395087	1000088172
186233812	1000009405
360833313	1000125618
21627660	1000035501
269949947	1000029776
30298209	1000055438
184994006	1000171894
203642974	1000099064
63305746	1000155204
31119337	1000078134
22728255	1000074708
77404713	1000084136
21683202	1000062114
14415108	1000149307
22745706	1000110123
70779109	1000035688
16813989	1000088172
101875931	1000077819
25411867	1000117587
59624844	1000161247
14675928	1000115645
21401466	1000112901
147269043	1000162239
338380084	1000123370
5281191	1000134376
18726245	1000078134
280629993	1000003178
69980468	1000144989
7313042	1000042128
23052167	1000083809
26553086	1000029776
223454816	1000010174
14415108	1000084641
79077432	1000166151
47779423	1000038389
58462957	1000140042
24289021	1000020765
115224382	1000156415
18983793	1000125618
23990483	1000030188
304649218	1000078134
116648735	1000097593
64498671	1000010987
11996222	1000030030
42669548	1000010248
23613479	1000144989
41981574	1000111127
18307364	1000003178
19501656	1000009889
24599923	1000125485
37570179	1000060390
18040643	1000121421
21057899	1000125618
93336709	1000115645
28649796	1000079653
30938926	1000074708
19350724	1000098693
86734680	1000114275
43137449	1000037181
96824115	1000075833
18215560	1000078799
58462957	1000112901
16271952	1000106916
164920212	1000144989
14069559	1000041592
9917552	1000145160
41182951	1000151742
33952755	1000062069
10068722	1000001401
16841374	1000078134
18462729	1000147543
13018112	1000161247
34274598	1000038630
19923638	1000017232
15598457	1000126208
34409159	1000112160
16744984	1000147543
48174738	1000134864
16827758	1000165561
154579089	1000161247
88763761	1000153013
112977841	1000035688
5517	1000162267
187428929	1000041251
105918870	1000090239
130914103	1000148075
763446	1000025920
540185565	1000121394
18040643	1000164966
283536837	1000167867
33402909	1000163440
121849626	1000129607
29247964	1000074708
279390084	1000128119
9917552	1000039527
28235685	1000016708
28586924	1000168268
16813989	1000163440
239242327	1000023157
551177934	1000167867
45753733	1000164966
15045318	1000009405
33644693	1000123313
15846407	1000144989
41894068	1000086461
47530681	1000131762
33121494	1000144989
125099973	1000041733
42906429	1000122143
105189289	1000067445
37046756	1000014787
54460963	1000144989
24854021	1000138954
52742774	1000059778
12567072	1000110006
178925575	1000125485
52544275	1000103464
30704824	1000090566
85904190	1000020013
101842354	1000094040
34947001	1000120107
19399719	1000107677
21891867	1000058778
87821661	1000004972
385556623	1000150217
37082371	1000039139
14181054	1000041251
13378422	1000020573
14791162	1000067445
48174738	1000018159
8162312	1000031523
22736223	1000002119
17771860	1000150738
153558662	1000020013
304649218	1000125618
119454938	1000111127
87821661	1000125485
17134082	1000094040
19006707	1000112901
135213475	1000098790
1269251	1000082176
9740572	1000074708
48358776	1000125801
18174861	1000114275
14399483	1000125485
59205965	1000120852
23139845	1000125485
33644693	1000161247
36420369	1000168268
25937606	1000108934
15245975	1000159222
19923638	1000103464
16493728	1000050459
113126125	1000000148
57249277	1000059187
15162193	1000059187
10959642	1000123886
183078431	1000047385
37046756	1000080617
465757748	1000129152
11072822	1000114275
12863602	1000098436
8308622	1000100575
14400125	1000032237
43205927	1000115645
240606817	1000108934
21865734	1000012038
28635233	1000072277
342519878	1000084136
18123064	1000082123
172872728	1000144989
67026664	1000072490
17771860	1000054645
240606817	1000054645
33402909	1000060789
34211097	1000048236
45887221	1000090961
28299971	1000140592
30309979	1000042846
22644308	1000004424
67092832	1000111699
16150615	1000085832
54275319	1000082319
507137632	1000073277
153474021	1000103464
167380894	1000110006
28635233	1000161247
89859844	1000014353
124005585	1000035688
34783473	1000111348
55892508	1000055438
169322977	1000127977
53557418	1000087839
42535805	1000111699
17384206	1000027977
451905071	1000089848
2952871	1000010248
16594064	1000119985
639013	1000100575
56413858	1000015232
236699098	1000144989
14400125	1000027223
18346587	1000148075
33644693	1000100068
23664028	1000123967
59173252	1000002492
58875905	1000120852
174007898	1000172847
23139845	1000048236
18916748	1000156342
103902438	1000071663
16153317	1000115645
16827758	1000099064
16890261	1000048236
90720074	1000134864
43877891	1000034610
14220606	1000100575
16237246	1000027977
20863936	1000058742
39636618	1000020013
72644483	1000041251
96184837	1000038230
23845031	1000087839
18720686	1000093684
7875912	1000134140
14888707	1000087839
30938926	1000047510
121494613	1000015464
97005518	1000120852
15394663	1000149307
15934926	1000038265
98917418	1000015264
98997127	1000074708
16271952	1000079000
19399719	1000074708
19292133	1000015264
90985555	1000100905
15200820	1000115645
408774041	1000020013
8867702	1000027977
29123186	1000080617
95233955	1000166247
