16653253	1000055516
17461978	1000030854
17494348	1000118343
772412	1000018091
26747930	1000005809
15040500	1000080290
17464581	1000080290
11913152	1000159922
16343608	1000005809
185415503	1000020157
140093395	1000148131
24964618	1000153659
12217962	1000008861
44527648	1000005809
118877162	1000005809
19273960	1000138622
16961541	1000005809
7858982	1000008861
78749807	1000018091
54320332	1000086288
19111046	1000160612
101903164	1000005809
9270952	1000000989
36519250	1000110541
17244973	1000023420
19612870	1000005809
128528922	1000010914
259516003	1000039801
24737068	1000055077
19345378	1000064027
308911400	1000023189
50701654	1000162214
8091052	1000127900
219311881	1000130229
239095089	1000005809
304649218	1000007905
14363806	1000086288
27687403	1000000616
56819939	1000064516
40910930	1000028158
145122783	1000117041
34041776	1000017641
6794502	1000113536
10697232	1000008861
360348218	1000005809
15921304	1000027114
58735635	1000160612
187811547	1000005809
120356530	1000138622
43412421	1000138622
45067533	1000088752
13857762	1000023189
119147460	1000005809
17852343	1000005809
315338495	1000005809
139858167	1000045227
243779606	1000005809
243283086	1000120225
23126128	1000057953
15618071	1000005809
26259480	1000057937
70634703	1000055516
16662548	1000170529
156223392	1000005809
28420827	1000096251
156536464	1000005809
37856713	1000005809
9730472	1000028395
68818899	1000005809
45967613	1000132630
6449392	1000118524
128240372	1000021809
15291335	1000005809
291488176	1000005809
5515802	1000133996
274318725	1000028395
243283086	1000120473
96046331	1000005809
21902226	1000041038
14969901	1000087013
10454572	1000024264
19738813	1000044880
66431262	1000018262
118202563	1000118343
24289021	1000007905
15420011	1000134741
272653469	1000005809
18462632	1000131949
20100967	1000023231
159167478	1000005809
194439713	1000005809
16578806	1000172804
31475027	1000021809
385798001	1000157538
18232304	1000005809
89288695	1000005809
56420584	1000005809
82387890	1000045227
294846486	1000023189
19363528	1000049602
3839	1000044880
4278201	1000131949
16634301	1000101487
228440004	1000005809
19329792	1000005809
287603659	1000005809
142891730	1000005809
22030225	1000055516
23544268	1000028395
79378658	1000120473
494276528	1000005809
152930516	1000095179
15716342	1000005809
266187076	1000131949
177782782	1000005809
16667262	1000036091
157391282	1000005809
219311881	1000039266
45500027	1000126597
398210739	1000049602
396721965	1000035255
15743700	1000091216
10921932	1000172804
441324671	1000005809
25087685	1000113536
56518880	1000005809
24668720	1000005809
418985576	1000134741
22407513	1000005809
83256764	1000021809
22100007	1000055077
59865242	1000044880
26436019	1000070472
4119741	1000044880
234464395	1000005809
127569781	1000005809
262551007	1000047527
104148298	1000175934
10921932	1000117617
25535662	1000145428
20632796	1000017641
252102135	1000005809
236447296	1000005809
45067533	1000037164
175529494	1000175979
123340731	1000005809
45967613	1000080023
71091067	1000005809
15859268	1000016506
245380454	1000005809
52554963	1000023231
15445811	1000018091
1116721	1000133996
164809676	1000081508
152058391	1000005809
15741208	1000164827
16458102	1000005809
16870573	1000021809
21611688	1000106860
107516840	1000000989
322938719	1000039045
175151673	1000005809
98144476	1000005809
97898613	1000080290
26436019	1000131949
141488457	1000021481
250588578	1000055516
14998921	1000175979
1117341	1000133996
251419612	1000162743
137747359	1000005809
16365607	1000005809
23798922	1000033368
54964162	1000005809
294115043	1000005809
1452261	1000133996
15565871	1000070364
27122407	1000109478
56488597	1000071208
282392576	1000005809
14774443	1000066363
45590904	1000067358
37549379	1000170529
22175551	1000055516
116388363	1000005809
29599598	1000129034
19471190	1000057206
128528922	1000021809
27624964	1000131321
17494348	1000013544
111057593	1000120391
10921932	1000129034
17048233	1000005809
7094112	1000157538
164453793	1000136720
17070013	1000042282
2217251	1000133996
29393268	1000137028
27720205	1000049602
104148298	1000120473
45067533	1000011306
27076650	1000138622
26757925	1000018091
9527392	1000138622
48458575	1000080290
35133156	1000092279
18462632	1000033368
9721792	1000005809
239172505	1000162214
206063829	1000023189
380482353	1000020157
14091529	1000121244
104148298	1000148131
142686509	1000092279
18665000	1000071772
19851359	1000158486
26436019	1000107894
285771269	1000005809
267600342	1000045227
10921932	1000104849
14940354	1000024264
164453793	1000117379
21555789	1000175979
23126128	1000070364
5374	1000106365
32782081	1000170529
118780654	1000044880
18675582	1000072665
15738710	1000005809
19549291	1000045227
19187045	1000121244
25126625	1000005809
35471392	1000005809
144286235	1000074920
97690357	1000005809
16870573	1000018091
182987447	1000045227
155608933	1000027114
15566901	1000104849
254280897	1000005809
19866631	1000063829
177578676	1000091216
98471838	1000028395
28756240	1000087013
8285392	1000127207
14226805	1000005809
9921142	1000133996
348694758	1000148131
26568085	1000005809
1295001	1000118933
303895934	1000030854
44068841	1000005809
25087685	1000045227
16578806	1000129034
237870401	1000005809
26174570	1000047079
228535936	1000056416
104148298	1000080290
210554874	1000005809
150800843	1000022525
44564141	1000044480
141664648	1000030854
22486728	1000049602
45297071	1000023231
366084941	1000044480
243283086	1000147824
42984662	1000005809
148770143	1000082533
19777078	1000005809
17913814	1000005809
40935299	1000067358
34163	1000118933
19468147	1000021809
16096907	1000010914
251231976	1000175979
41596377	1000005809
77698278	1000074920
334057489	1000022525
148770143	1000056416
83256764	1000106365
37610460	1000023189
163584436	1000005809
26829176	1000084483
15955769	1000000989
15553270	1000106365
27651408	1000000616
30728013	1000018091
12524522	1000158486
39860984	1000005809
31068393	1000005809
16660064	1000005809
259410631	1000044880
279675775	1000005809
342307040	1000055516
21132431	1000138622
19628775	1000106365
262310943	1000005809
45316516	1000021809
28584071	1000117379
68073207	1000023189
171154131	1000122208
260077133	1000005809
14278331	1000158486
19501656	1000129034
471648646	1000005809
18324678	1000055516
14681449	1000175979
33266813	1000063829
1118161	1000133996
50680206	1000000989
250447400	1000023189
16097743	1000069351
44050341	1000023420
14213544	1000087013
125359195	1000023189
15311039	1000138715
52491011	1000028856
33833154	1000126597
23695888	1000109478
23798922	1000131949
40990416	1000044880
238319766	1000005809
2735591	1000142813
326823420	1000005809
73446048	1000023189
93752624	1000070364
123414834	1000028395
202991265	1000023189
26436019	1000159842
45067533	1000056416
35129739	1000005809
16578806	1000154261
15290441	1000005809
22498621	1000028856
33450656	1000005809
134249298	1000044880
16565797	1000091216
2029191	1000164827
221992995	1000005809
17355523	1000017584
57062178	1000005809
43137472	1000005809
24001954	1000083478
375860518	1000019396
10921932	1000070472
42784393	1000121244
21586418	1000005809
259516003	1000080290
23116037	1000098823
16954497	1000005809
45082357	1000005809
90226862	1000020157
157601911	1000117041
14876672	1000005809
171542386	1000024820
27677483	1000027366
69049114	1000005809
93752624	1000110700
38543810	1000121244
33416342	1000164827
31312972	1000005809
327185476	1000047008
28440032	1000110541
101824729	1000159922
213374437	1000005809
24395545	1000055516
104148298	1000147824
24339535	1000070472
22482597	1000057937
14813311	1000175979
95495913	1000000989
34379718	1000018262
14807093	1000118524
31331740	1000005809
16657338	1000044880
359749285	1000106865
16625144	1000175979
16302736	1000175979
16727535	1000091216
31332696	1000079252
20274104	1000028395
5838072	1000018091
19058681	1000121244
46715620	1000036091
24954077	1000130229
16284647	1000084483
22900797	1000017584
167942143	1000005809
41110545	1000050664
139188510	1000020157
52422878	1000091216
38543810	1000047008
362333431	1000023189
125523197	1000039801
111739537	1000070364
15391142	1000067358
259516003	1000057937
34105349	1000170529
22019881	1000031334
203070845	1000005809
25752554	1000137028
523667233	1000005809
344676248	1000151544
285312927	1000005809
295549089	1000005809
243283086	1000175934
84971947	1000023189
208716386	1000074920
360833313	1000129034
20522531	1000047079
104148298	1000035255
14660933	1000086288
54713657	1000160612
46715620	1000148131
24647213	1000005809
45932121	1000023231
16021608	1000005809
280387534	1000005809
45753733	1000045227
10785032	1000095179
20676730	1000106860
142083065	1000028395
104148298	1000057937
15299983	1000094572
360025190	1000005809
33448600	1000106341
109088040	1000005809
25119521	1000005809
31475027	1000102879
14327149	1000044480
183770330	1000045227
71925934	1000005809
14306161	1000005809
111442477	1000131949
559132244	1000005809
25740519	1000035255
8119302	1000071772
326917231	1000028395
27546808	1000028856
14609321	1000049668
193825756	1000028856
28584071	1000018091
18453792	1000135753
21420090	1000005809
26436019	1000172804
527831741	1000138622
10260682	1000021809
23738785	1000005809
17663756	1000045227
48528518	1000044880
23967802	1000005809
16667262	1000118343
35746423	1000021809
270463226	1000001928
80815716	1000005809
40766251	1000047527
16667262	1000085577
48459607	1000162214
33952755	1000005809
243283086	1000035255
29631095	1000021809
6480682	1000005809
42917699	1000024820
28108411	1000036091
10921932	1000113536
40522554	1000023231
471281387	1000020157
17542901	1000005809
232349888	1000019396
42487653	1000047079
64005069	1000005809
82916791	1000041038
254412271	1000023189
523664991	1000005809
259516003	1000035255
322938719	1000018091
305818252	1000158450
165675053	1000100531
288539748	1000008400
14331688	1000066363
40910930	1000104849
46715620	1000035255
262301676	1000005809
16578806	1000033368
17177336	1000005809
7094112	1000138715
35338217	1000005809
104148298	1000130229
12891562	1000088752
9523892	1000018091
440282483	1000052682
143963891	1000127207
290269663	1000005809
215060612	1000028395
15826220	1000018091
280769090	1000005809
25761202	1000005809
27430245	1000086288
26259480	1000005689
35726059	1000023189
86744695	1000064516
27119147	1000021809
143960983	1000045227
15314430	1000005809
151023778	1000005809
148770143	1000088752
19708968	1000131949
16870682	1000170529
25365536	1000028395
80036789	1000129034
24176502	1000138622
261015235	1000117041
17068830	1000012634
24451738	1000131321
389793642	1000005809
31547690	1000106341
45067533	1000018091
291987010	1000136720
78482616	1000005809
10115042	1000005809
432626681	1000005809
89014429	1000005809
86163538	1000138715
14454675	1000175979
12290302	1000069351
19458216	1000087830
114729566	1000162214
23126210	1000064027
12891562	1000082533
21436558	1000021809
16279527	1000131949
1478471	1000133996
17494348	1000121244
21810648	1000158486
130820104	1000017584
23731803	1000127207
23015816	1000005809
306023079	1000005809
472442403	1000005809
23135992	1000080290
334217911	1000057953
33641840	1000044880
35205963	1000012365
224896282	1000056416
38108873	1000127900
20076561	1000005809
16631597	1000131949
354489767	1000000989
19760382	1000017584
29537172	1000005809
19708968	1000114155
27602723	1000044880
19693602	1000016506
164933358	1000005809
7921292	1000138622
26826066	1000127207
123655316	1000035255
29391256	1000175979
123592572	1000021809
24773177	1000024264
20894095	1000012365
71140400	1000023189
294998485	1000148131
24439473	1000016506
275937498	1000005809
20477352	1000080290
338517218	1000037164
291987010	1000018091
47010589	1000145428
35665146	1000005809
15070932	1000028395
14128974	1000044880
255562173	1000158450
94397504	1000005809
37949721	1000159842
10269192	1000071772
349157263	1000005809
26087034	1000138622
192423161	1000057953
183067025	1000027366
78348236	1000005809
40910930	1000172804
93816184	1000024264
19830262	1000008861
45498349	1000160612
525208028	1000162214
13382652	1000162214
25329155	1000094572
94425545	1000159922
16562955	1000160612
31130639	1000018091
15518450	1000087830
14539061	1000175979
147078918	1000008400
15838770	1000109478
21086501	1000074920
115289655	1000005809
393763802	1000151544
8271182	1000044880
1478151	1000133996
54415804	1000037164
1250991	1000071208
36542282	1000005809
64503060	1000018091
49992096	1000113536
261977372	1000005809
269050630	1000052682
207828096	1000092279
86820476	1000005809
14128974	1000021481
18726245	1000104849
15420011	1000021809
92339418	1000120473
16004778	1000120391
23868599	1000006030
34668551	1000005809
198675113	1000023189
29933729	1000098823
108796416	1000160612
14573745	1000005809
44771048	1000142813
19597106	1000005809
110588832	1000064027
142564085	1000121244
12701412	1000131949
24479150	1000019396
36141072	1000162214
82143937	1000005809
320594858	1000005809
39203569	1000005809
15640254	1000005809
14104847	1000101487
258992288	1000129034
118899807	1000005809
48118853	1000160612
52491011	1000018262
14814905	1000000989
367300163	1000023189
14400787	1000091216
34050655	1000005809
164847679	1000005809
14230524	1000153659
134994919	1000121244
32128783	1000045227
43193492	1000162743
61824860	1000170529
16126957	1000080290
319625532	1000005809
40305346	1000086288
28474662	1000028395
250831586	1000005809
165795009	1000005809
24790283	1000121244
54467758	1000175979
177496493	1000023189
22986148	1000121244
143140700	1000121244
18526944	1000005809
22498621	1000018262
396194553	1000151544
204361191	1000005809
29599598	1000131949
13809612	1000012634
15420011	1000102879
31308620	1000005809
175249089	1000044880
210984630	1000172804
44050341	1000006030
26278458	1000005809
148770143	1000037164
148275487	1000005809
24395545	1000023420
418985576	1000047079
19471190	1000018091
228535936	1000172804
31573152	1000005809
18223191	1000005809
193825756	1000018262
76714116	1000005809
15416379	1000175979
41533669	1000005809
16667262	1000035255
31545838	1000027114
59205965	1000005809
37591459	1000020157
50640633	1000151544
20632796	1000017584
26789088	1000121244
258447233	1000138715
275907480	1000005809
129267848	1000063829
17733320	1000005809
141664648	1000005809
14893314	1000088752
17659879	1000018091
19187045	1000013544
270497886	1000005809
25740519	1000039266
16330339	1000164827
17876034	1000129034
382370032	1000005809
31267919	1000142813
234966314	1000037164
255748876	1000000989
163629705	1000072665
41662642	1000079252
38521400	1000038903
16781846	1000127207
115700178	1000005809
48458575	1000081508
269050630	1000039045
48903480	1000024264
138230482	1000028395
232294292	1000078270
19501656	1000154261
46288971	1000132630
19153872	1000175979
16929520	1000024264
24275046	1000175979
48485771	1000028395
79839110	1000023189
142885085	1000005809
15826220	1000021809
34599285	1000131949
71925934	1000030854
15365998	1000001928
79378658	1000064516
38131361	1000058913
151711230	1000005809
16464203	1000045227
28420827	1000028395
176854913	1000000989
26436019	1000117617
86163538	1000157538
22711126	1000018091
40519997	1000005809
130590426	1000017584
16591188	1000045227
144723379	1000044880
1049111	1000133996
50116400	1000000989
118943387	1000160612
63228090	1000005809
10921932	1000107894
26077026	1000031334
195554894	1000005809
104901536	1000160612
28474662	1000096251
14235180	1000082533
14528891	1000049668
31475027	1000106365
100678782	1000005809
38131361	1000005809
18959241	1000023420
28204589	1000018091
311878268	1000019396
14337876	1000071208
14209507	1000005809
28488052	1000117041
43127447	1000018091
119256748	1000049668
19673442	1000036772
521489919	1000005809
347795199	1000023189
409486555	1000113536
156860038	1000127900
49865907	1000131949
14983499	1000005809
17850456	1000049602
14880616	1000113536
23798922	1000070472
257085143	1000028856
7976712	1000021809
216810989	1000044480
45754779	1000005809
175529494	1000070472
29206353	1000020157
17815082	1000042282
163629705	1000039801
22940423	1000058913
148770143	1000011306
18210908	1000106865
258992288	1000152191
31475027	1000010914
47417462	1000170529
3443591	1000038903
204817833	1000018091
45067533	1000159922
28040094	1000005809
386677416	1000005809
23018333	1000148131
257575779	1000129034
46288971	1000080023
10921932	1000148131
1118781	1000133996
13332922	1000133996
39870987	1000044480
16280307	1000047079
71801107	1000064516
21915474	1000055516
148828371	1000045227
144286235	1000057206
100164368	1000106865
122555803	1000020157
213969309	1000055516
59709745	1000064516
59521437	1000005809
28265228	1000020157
168939370	1000159842
245582985	1000023189
151460592	1000021809
40550544	1000050664
33774798	1000005809
6752812	1000133996
87016990	1000114155
26572383	1000005809
16667262	1000148131
46715620	1000085577
17986155	1000005809
172221767	1000170529
101824729	1000035255
175529494	1000131949
24695991	1000109478
414248813	1000162214
14245659	1000135753
1046661	1000133996
77492951	1000005809
94340379	1000005809
14882900	1000110700
28488052	1000100531
21599145	1000127207
71245177	1000106365
175697337	1000045227
54320332	1000083478
175080430	1000148131
18713254	1000005809
31388042	1000138622
18708568	1000005809
166912586	1000121244
18220175	1000121244
22517990	1000122208
86908540	1000138622
396721965	1000045227
243283086	1000161075
21515310	1000005689
54403183	1000027114
104148298	1000161075
19673442	1000028158
23497468	1000036772
287284747	1000151544
14860850	1000175979
294241845	1000109478
136380084	1000120225
24339535	1000152191
25740519	1000130229
15186175	1000127207
257575779	1000107894
119490892	1000121244
31583155	1000114155
41284429	1000020157
14119053	1000071772
64241189	1000078270
18131961	1000005809
93752624	1000018091
41648843	1000023420
132912535	1000138715
87934161	1000071772
16279527	1000121244
257575779	1000131949
15738710	1000020157
33960487	1000021809
66431262	1000028856
112565354	1000121244
74508277	1000005809
18470006	1000005809
393445216	1000005809
15420011	1000106365
12250252	1000000989
26955321	1000127900
265351319	1000044880
194142912	1000113536
14446419	1000028395
42589903	1000005809
90998968	1000008861
777908	1000008861
35024272	1000117041
104148298	1000085577
141566238	1000005809
30298772	1000023189
9298152	1000175979
253902328	1000005809
255208221	1000005809
196013163	1000023189
103466945	1000018091
74175429	1000127900
28183933	1000121244
26161908	1000023189
21373407	1000023231
819797	1000127207
43346568	1000047079
18767931	1000127900
104148298	1000118343
23798922	1000107894
