5459482	1000157517
15090041	1000167411
5773532	1000083742
14222615	1000044798
274626857	1000147285
11113	1000142778
143303	1000032339
5698342	1000132917
4467271	1000058470
816388	1000126000
3321441	1000083742
9103242	1000162142
331279940	1000061744
193330103	1000171972
17941967	1000083742
15533709	1000021658
11698162	1000155485
223648848	1000142999
29504268	1000071611
2589661	1000083742
5746452	1000044798
7620312	1000166275
854291	1000166275
17076095	1000059168
15779389	1000118136
14329770	1000142778
19948217	1000044798
22335214	1000083742
12089102	1000021658
19019478	1000082632
4113261	1000059168
22575703	1000044798
15374755	1000162142
21182763	1000118136
15555645	1000083742
18480901	1000152437
18840310	1000003692
119843970	1000056122
15820660	1000015611
12244502	1000166275
55333704	1000134054
7857092	1000092926
47257805	1000076309
23580829	1000083742
13332922	1000040021
15771854	1000050677
16446797	1000166275
32357759	1000093491
755756	1000166275
101894071	1000083742
16323878	1000059168
14347790	1000147285
310571493	1000059168
90366230	1000045815
343683427	1000059168
49520842	1000166275
37878753	1000162142
16399949	1000166275
1422311	1000166275
2153241	1000166275
36302234	1000059168
14586891	1000162142
164778234	1000092926
653623	1000132917
14154640	1000061663
18633696	1000032339
14134204	1000166275
14424667	1000059168
128321519	1000044798
5668942	1000152918
20163436	1000118136
425512340	1000059168
9494362	1000041568
175391423	1000056122
14796922	1000069854
289578422	1000050677
14796922	1000061663
15738725	1000166275
9218342	1000126000
227655627	1000134054
32180870	1000166275
394047579	1000056122
24273880	1000166275
14869783	1000128540
15728442	1000166275
176297531	1000044798
610533	1000092926
175629426	1000032339
15386819	1000083742
12273252	1000152918
343797833	1000134054
236699215	1000059168
14511908	1000132917
17382568	1000132917
20163436	1000046418
9451052	1000142999
3288371	1000167411
767396	1000046147
15018214	1000166275
80359451	1000044798
14325247	1000044798
312331302	1000036847
499275959	1000044798
9103242	1000016869
14121248	1000149003
22323452	1000134054
176412453	1000134054
9670952	1000083742
14327789	1000118136
23797102	1000083742
641333	1000041568
20458823	1000118136
26065993	1000083742
18247541	1000147285
1060121	1000134054
9557352	1000166275
24081780	1000079517
14091113	1000101855
14130054	1000083742
14100003	1000021658
14453798	1000083742
51421542	1000040021
14119716	1000142778
2593511	1000083742
14506809	1000059168
22428396	1000059168
128321519	1000032339
3242491	1000083742
20495756	1000162142
1047961	1000040021
17922109	1000059168
351848391	1000059168
822382	1000069854
15906149	1000003692
458655133	1000134054
18900668	1000082632
17687495	1000024749
21278996	1000162142
18840310	1000101855
156579684	1000069854
14140619	1000166275
17626337	1000003692
12589692	1000000840
16339780	1000134054
1249431	1000083742
41554056	1000118136
20454390	1000044798
15741636	1000134054
23133852	1000159655
19998190	1000126000
30528575	1000083742
321896852	1000001494
15127990	1000058470
15560223	1000092540
113587153	1000069854
7410032	1000112077
19879380	1000134054
6015962	1000168778
17431046	1000083742
21182763	1000045815
1124531	1000083742
29780514	1000134054
9500062	1000083742
15370553	1000003692
22374851	1000059168
20875384	1000000840
15828403	1000061744
131948058	1000059168
767	1000142778
20970926	1000045815
14428430	1000166275
72998217	1000069854
14180345	1000168778
14921836	1000083742
24187145	1000128540
7890392	1000162142
8624112	1000041568
5469072	1000083742
15445828	1000044798
17944084	1000083742
9324442	1000152437
260433129	1000129760
15104219	1000083742
14159087	1000155485
290309885	1000001494
15644019	1000083742
11672	1000134054
18819691	1000083742
58914651	1000093491
17752764	1000059168
239434259	1000108936
3824401	1000083742
22299816	1000083742
18181487	1000083742
4065921	1000083742
353216771	1000083742
17854366	1000021658
63233369	1000059168
15745394	1000066207
15454949	1000147074
17578749	1000134054
23682475	1000162142
54188979	1000041568
18919970	1000112077
140970624	1000069854
32445507	1000046018
130914103	1000134054
5868402	1000069854
82739746	1000032339
687613	1000166275
31537029	1000059168
42979224	1000015611
3028161	1000044798
14243427	1000059168
85833663	1000059168
54946618	1000142999
15388305	1000079517
16366923	1000083742
16453094	1000083742
113497402	1000061744
40829802	1000083742
18285245	1000083742
14770778	1000162142
10967452	1000166275
1673911	1000059168
16620800	1000083742
29380085	1000059168
64122735	1000134054
56620346	1000083742
19027176	1000152437
23618603	1000083742
27941766	1000142778
12735712	1000113386
3496641	1000142778
771619	1000021658
14329770	1000044798
6253352	1000134054
6085372	1000083742
104585045	1000092540
15363706	1000090081
20605481	1000142778
16755150	1000162142
15449147	1000092926
179275489	1000164731
157818542	1000164731
226976689	1000167411
2475171	1000024749
5971922	1000142778
14118608	1000132917
688483	1000166275
799640	1000128540
17468481	1000058470
2138681	1000166275
194063707	1000083742
6046132	1000083742
23775896	1000166275
148142884	1000059168
180881713	1000083742
15006779	1000134054
101653958	1000000840
18941809	1000059168
29336648	1000032339
14424667	1000061744
3440721	1000059168
78152621	1000059168
98035778	1000142778
5905672	1000028443
15449147	1000134054
852301	1000083742
15389382	1000134054
14680381	1000044798
5674602	1000166275
36749860	1000104048
101960189	1000166275
46640060	1000157517
14386518	1000128540
15217406	1000059168
14296723	1000069854
16808822	1000069854
14776297	1000044798
18919970	1000142778
15195755	1000162142
157873303	1000083742
26871774	1000059168
13348	1000173919
15720926	1000056122
16755150	1000016869
41713	1000166275
234640701	1000083742
4065921	1000059168
14827241	1000162142
4934171	1000132917
18888483	1000134054
20263382	1000003001
3288371	1000166275
13894102	1000083742
991221	1000040021
8103982	1000126000
15842301	1000032339
3471	1000142778
14173833	1000083742
3062761	1000083742
14690813	1000060429
1311951	1000066207
14083627	1000069854
60642052	1000132917
38753712	1000092926
17221819	1000159655
4467271	1000021658
29051437	1000134054
3749371	1000083742
9742462	1000166275
3661961	1000166275
9984332	1000059168
39212992	1000059168
8291	1000166275
3042321	1000083742
81891054	1000147074
82719178	1000126000
607193	1000126000
9175762	1000003692
15594986	1000021658
16183380	1000059168
18499229	1000083742
10753362	1000083742
19998190	1000069854
16195212	1000044798
8103982	1000044798
14154640	1000069854
9298152	1000036847
16336509	1000044798
29500473	1000129760
987681	1000044798
69426451	1000044798
7093352	1000142999
95222877	1000056122
30345417	1000083742
11166472	1000166275
375699765	1000134054
2366281	1000044798
86204900	1000076309
14058831	1000032339
28215110	1000104048
164778234	1000152437
15595903	1000069854
14824385	1000046147
43553	1000044798
2806761	1000134054
36593993	1000059168
13041272	1000046018
14539061	1000036847
14964767	1000152918
17468481	1000021658
96461927	1000069854
13911852	1000166275
164778234	1000134054
41648843	1000142999
65559751	1000056122
14123154	1000134054
18480901	1000166275
11924722	1000059168
375699765	1000042321
969441	1000165186
19729451	1000069854
4197051	1000162142
164778234	1000042321
8005492	1000044399
30324434	1000069854
21174324	1000044798
2757281	1000083742
95409471	1000134054
12922082	1000142778
12294012	1000083742
80352678	1000059168
98035778	1000132917
15658980	1000134054
143116093	1000044798
16458937	1000134054
23127272	1000108936
394443437	1000021658
629743	1000044798
15195755	1000016869
106719889	1000069854
287898939	1000059168
107236336	1000165186
113497402	1000059168
15127990	1000021658
346673955	1000166275
17791088	1000032339
14329770	1000132917
8470732	1000059168
70977930	1000069854
20470888	1000108936
7325452	1000132917
3473611	1000083742
690463	1000162142
1249631	1000132917
14296723	1000126000
218897943	1000059168
36749860	1000044798
14220624	1000142999
80359451	1000134054
17349845	1000166275
17652410	1000059168
202003	1000166275
16524385	1000083742
14289331	1000162142
22605665	1000083742
11375732	1000152918
3380291	1000083742
15090041	1000166275
631503	1000166275
7159422	1000083742
16043008	1000059168
23180819	1000090081
6724092	1000083742
35082414	1000083742
21834510	1000134054
8978672	1000173919
7420772	1000083742
15533709	1000132917
773710	1000092926
15191029	1000166275
5878842	1000032339
18393166	1000083742
14667884	1000126000
19579267	1000147285
48713560	1000132917
176297531	1000132917
17221819	1000108936
687613	1000167411
8708012	1000032339
174853	1000044798
95096748	1000056122
23161696	1000059168
22734582	1000132917
16331014	1000044798
14796922	1000126000
6700332	1000059168
18826638	1000083742
27747605	1000016869
18888483	1000092926
5487152	1000076309
14327789	1000046418
17854366	1000058470
44085365	1000056122
8541492	1000083742
7378422	1000069854
297758134	1000059168
28215110	1000044798
15482536	1000036847
16399949	1000167411
67625279	1000003001
10314702	1000044798
20426182	1000028443
414334713	1000108936
122795357	1000044399
61627015	1000142999
124184944	1000059168
24278682	1000069854
366309158	1000044798
862681	1000042321
78988662	1000166275
14378372	1000076309
35322361	1000015611
3954801	1000083742
9283312	1000021658
14414022	1000036847
344914507	1000165186
40341246	1000044798
16350866	1000069854
772763	1000167411
83720294	1000134054
1116721	1000040021
1046661	1000040021
1548841	1000083742
12298152	1000002732
17922109	1000061744
792738	1000142778
16099472	1000083742
103927038	1000069854
44123487	1000142999
1566661	1000041568
1452261	1000040021
128303577	1000076309
1422311	1000134054
3471	1000132917
88817283	1000142778
372917532	1000164731
317973099	1000071611
12626522	1000162142
95222877	1000171972
124849996	1000134054
732073	1000142778
27747605	1000162142
15482536	1000060429
14456200	1000083742
21347710	1000108936
14804903	1000134054
82471917	1000134054
24724740	1000044798
607193	1000069854
14471733	1000134054
108393207	1000108936
14083627	1000126000
219720172	1000083742
2331211	1000083742
483610803	1000134054
202003	1000167411
3756461	1000162142
26348640	1000044798
14132461	1000166275
21556678	1000118136
9283312	1000132917
15235345	1000118136
4934171	1000021658
8405632	1000041568
17084595	1000108936
20397258	1000083742
2713951	1000021658
14774895	1000113386
972651	1000060429
17058403	1000041568
176875631	1000108936
266233802	1000149003
14794197	1000134054
15454949	1000002732
