25729606	1000137018
14783047	1000173014
18433412	1000066571
1714531	1000153674
27855773	1000091104
13559692	1000172089
35293	1000014126
14069559	1000070947
20091908	1000104303
12313162	1000075686
53792610	1000124804
45753733	1000042248
18957239	1000102705
291374532	1000039935
93694557	1000124804
6740642	1000015963
84298716	1000109609
80934588	1000071459
186047332	1000026118
21411794	1000134136
61558088	1000077034
295939052	1000091104
15088016	1000016344
17002699	1000029723
27618085	1000109609
17130137	1000075686
14499788	1000091063
174741544	1000111932
152035207	1000047940
106198153	1000158757
14413441	1000048973
8552602	1000014126
89426863	1000129907
18342536	1000089237
25032712	1000006631
6503412	1000015963
12725022	1000015963
20268299	1000124494
14763	1000051645
6724092	1000075686
119908470	1000123303
20469167	1000057787
30763051	1000041276
63118140	1000073281
107742853	1000074209
24942057	1000010506
14471133	1000123303
51154947	1000056057
14976223	1000080449
28521141	1000044019
21182763	1000134136
12053132	1000043738
15672076	1000091104
14892191	1000132132
36770749	1000091104
20643889	1000123537
13652832	1000123265
2141321	1000143327
5723862	1000124494
36465626	1000089237
12681982	1000106145
53126140	1000091104
14239472	1000088431
30520303	1000142495
81894512	1000013206
47809249	1000073011
107626582	1000010688
18610961	1000119883
19257180	1000125499
36964520	1000125499
68189134	1000013744
117177522	1000136127
30817647	1000020035
14969901	1000087013
61558088	1000053770
14498387	1000053488
47637606	1000163439
788250	1000109609
126679725	1000042008
14563315	1000088463
82164597	1000088431
14396204	1000124494
20643889	1000077795
16347561	1000011229
38459087	1000143327
318760429	1000074428
33456706	1000134136
153069336	1000047396
17007447	1000011229
24644909	1000072125
25791837	1000156457
20091908	1000052106
63307960	1000091104
43883192	1000046738
36770749	1000142495
57435204	1000029723
14176588	1000147750
14328029	1000088431
22126466	1000026118
14193189	1000147750
14303355	1000124494
214200358	1000044019
146918923	1000029723
12678392	1000102406
28856770	1000053488
92417163	1000129907
20755177	1000014126
465024108	1000109609
11461102	1000173014
14960451	1000132132
15106982	1000143327
1837051	1000091104
18272435	1000112852
14075571	1000001097
15639110	1000091104
19812671	1000087836
16338290	1000044019
211230952	1000087836
189691869	1000053488
80278027	1000119717
19144764	1000016140
141528278	1000073281
23549240	1000124494
15637825	1000147750
18553324	1000076878
15632835	1000143316
13626882	1000163439
16637864	1000047360
19624071	1000046738
19623170	1000104560
21053653	1000052106
167884066	1000091104
168453874	1000049006
34783473	1000142495
91285471	1000010688
14904652	1000117359
172751496	1000140777
3286871	1000150911
115335924	1000088162
50597693	1000123303
88974169	1000013206
25793504	1000096406
34013606	1000074209
75225711	1000017319
32445507	1000066654
13773232	1000109609
12735712	1000147750
12782472	1000046738
17066127	1000147750
14351575	1000152811
220045059	1000077034
16060397	1000043547
86268045	1000109609
61598133	1000075686
6994542	1000034751
9156442	1000143327
14858086	1000088431
47841677	1000009905
72184290	1000042008
18110921	1000110899
14964767	1000155008
345518040	1000068212
15435220	1000044019
12034532	1000124494
149292003	1000169015
86361766	1000055307
16542981	1000102705
15351100	1000024335
20465564	1000077720
20466609	1000104303
40039015	1000160264
20576585	1000042248
18122642	1000124804
17623957	1000068212
91856309	1000111932
20379995	1000048973
13041272	1000102406
56217756	1000061145
30520303	1000091104
15814666	1000091104
13894102	1000173014
20296015	1000017319
60273	1000032976
70096167	1000147750
27008424	1000106416
21076998	1000088162
14254504	1000119883
18895806	1000077034
9523892	1000011229
279778316	1000125499
17576659	1000153674
2869531	1000091104
9085252	1000119883
115708758	1000143327
22297984	1000074209
95064358	1000034751
16233123	1000142495
10054742	1000033062
57284417	1000143819
69728569	1000105478
14362294	1000040186
19038849	1000158757
24644909	1000047396
19059182	1000114014
172933437	1000071236
38500106	1000170440
15720542	1000047940
20466609	1000033707
98513781	1000074582
18392144	1000055742
5559602	1000091063
19507251	1000065600
19416143	1000057787
24861778	1000109609
15345111	1000110899
62336571	1000125328
14183551	1000169015
19949262	1000114844
18105493	1000041276
220212905	1000143819
14517478	1000020436
14083150	1000088431
87273337	1000087836
158862966	1000134136
46045669	1000031210
17135931	1000049006
115443377	1000047940
11980942	1000077720
16908938	1000011229
77002320	1000118246
20958304	1000172089
386209891	1000157439
139990251	1000019767
5655872	1000147750
14741804	1000091104
2050831	1000044019
14944855	1000137018
298942872	1000125499
65987807	1000019767
12567072	1000123303
14275130	1000119883
20893862	1000149074
15458602	1000009905
9555772	1000077034
14595552	1000077034
30153287	1000088431
20543729	1000109609
26780558	1000109609
198941747	1000143327
39888530	1000024969
373018050	1000044019
93694557	1000026616
15351100	1000140777
23457085	1000109609
13857762	1000019767
16166237	1000009247
14231756	1000066571
29410181	1000065984
57986173	1000053488
14850356	1000011229
22087738	1000031210
44343	1000124494
16882660	1000026616
224803883	1000088431
28756240	1000087013
58735635	1000019767
34222931	1000134136
262689819	1000087836
17687495	1000024749
35623	1000014126
18812947	1000123303
37992666	1000136127
166601166	1000047940
7801032	1000075686
14306904	1000058858
15459980	1000014126
21240511	1000147750
107626582	1000125103
14371740	1000143327
14417969	1000037207
19893177	1000019767
118533460	1000119883
193257525	1000143327
14659051	1000046738
21556678	1000172914
11461532	1000043547
25818139	1000010506
12998242	1000114844
16682506	1000109609
1678471	1000039524
15508834	1000088431
15831762	1000106416
53792610	1000110899
16792453	1000123303
19615995	1000016344
32421348	1000072779
25166063	1000160204
125996244	1000134136
20988841	1000085657
9786072	1000063581
72814308	1000118246
173958524	1000029723
64169231	1000026118
17648193	1000066400
134165449	1000047396
35676929	1000123303
18638800	1000124494
154175423	1000031210
68073207	1000019767
18957239	1000109609
761	1000039524
18024103	1000066571
3820911	1000143327
14231891	1000001751
14934739	1000075686
164722405	1000143327
15085406	1000089237
253955065	1000033707
9789492	1000119883
184096187	1000074209
53236250	1000087836
251925968	1000053488
17157774	1000013744
170776198	1000160204
117349852	1000029723
16682506	1000067800
18024103	1000109293
370215382	1000105478
338458786	1000163439
43121315	1000157585
147386402	1000088431
32421348	1000172914
32421348	1000134136
16250607	1000077034
91279682	1000091104
14660976	1000132132
10203592	1000173061
74523	1000014126
39614123	1000134136
19619047	1000095254
60879007	1000109609
131594600	1000101466
14355610	1000173014
60273	1000016789
15619589	1000074582
16790036	1000147750
36325964	1000127870
12369602	1000043738
36465626	1000124494
98535426	1000155008
14176588	1000119883
14213544	1000087013
332803989	1000134136
21053653	1000087836
253360762	1000073281
17688601	1000028615
187056975	1000124494
16984358	1000104303
93336709	1000044019
19732725	1000075686
15820160	1000032976
2727051	1000123265
20898328	1000075686
23561301	1000173436
7044992	1000163439
35082414	1000075686
24020949	1000057787
494538543	1000143316
14949810	1000075686
32445507	1000046018
15638249	1000088463
16944995	1000143327
18977619	1000109609
13197822	1000143327
39826516	1000070017
103862663	1000075547
336608394	1000091104
27595997	1000120133
709063	1000123303
18623616	1000020436
52197044	1000006968
1775861	1000044019
136137625	1000029723
31032196	1000160204
168453874	1000034613
615813	1000035056
18879757	1000088431
76771932	1000053488
78453	1000068212
16276471	1000147750
153158056	1000118246
163136908	1000143327
82507674	1000143327
651033	1000024969
314062102	1000026118
253955065	1000016872
20268553	1000091104
10696062	1000143327
11991892	1000091104
222640532	1000073281
14741804	1000142495
15345111	1000150911
36136374	1000074428
15428643	1000075686
14417969	1000124804
44144016	1000070947
23006821	1000037207
348429830	1000156457
6114492	1000014126
14791232	1000125328
14217022	1000075547
21146523	1000143327
10221882	1000074582
162442852	1000143327
67418427	1000080449
20254114	1000029012
21409122	1000109609
368516271	1000006106
639013	1000015963
5380672	1000142495
18875718	1000031210
24262849	1000091104
9771562	1000017319
6840332	1000109609
41605269	1000072779
17633660	1000024969
388330545	1000153674
50597693	1000051645
23457085	1000051654
12891562	1000173436
222689902	1000026118
3583951	1000091104
9779032	1000047799
197185294	1000088431
21411794	1000066571
20943534	1000091104
3286871	1000147750
104469678	1000125328
221892875	1000163380
2475171	1000024749
202779114	1000044019
284489957	1000026118
81432354	1000114844
85514383	1000010506
361652822	1000073281
134363864	1000117359
39488895	1000074582
14852981	1000119883
17659577	1000001097
14220606	1000057787
263209316	1000070017
19468147	1000055307
20463300	1000088431
19782803	1000071459
16853802	1000010688
52718358	1000078626
14240103	1000117359
15345111	1000026616
40674458	1000077034
23970971	1000169015
213457239	1000031210
16605276	1000048973
17526132	1000075686
14240103	1000147750
19254264	1000140433
7936062	1000106145
43872362	1000016738
19622462	1000029723
153069336	1000013206
167380894	1000048122
45753733	1000026118
10461262	1000088431
24021805	1000011229
20091908	1000152811
47802716	1000091104
7646402	1000057787
77881548	1000096406
81201609	1000091104
50597693	1000057787
18898232	1000109609
193208607	1000047396
14275130	1000077034
12782472	1000127870
7161172	1000172992
806283	1000033062
390101431	1000011229
13041272	1000066654
12034532	1000049134
51211899	1000026118
261227209	1000123537
19119804	1000147750
728163	1000015963
25818139	1000123303
16674691	1000067800
21053653	1000164468
7495132	1000147750
193553877	1000143327
16791717	1000134136
841791	1000091104
20923753	1000143327
936861	1000173061
14083355	1000150911
6376212	1000125322
204759632	1000163380
14124529	1000109293
19300461	1000106145
38748784	1000142495
94881967	1000143327
454484422	1000039935
22595031	1000112852
66699013	1000047360
25818139	1000104303
24567568	1000010506
14089309	1000058858
2087371	1000057787
169915131	1000026118
9085252	1000086087
21053653	1000077795
23457085	1000119717
126996478	1000153674
453341658	1000074209
207828096	1000161714
43253261	1000015963
14933478	1000037207
27884585	1000110899
42044912	1000096887
739223	1000049134
14240103	1000056057
20091908	1000087836
30529238	1000016344
5380672	1000091104
305275103	1000011229
18024103	1000172914
261227209	1000046738
13265572	1000091104
258814154	1000153674
97743746	1000134136
90984746	1000157585
22346337	1000029723
37501155	1000042178
21179744	1000027528
15567042	1000153674
167380894	1000051654
526403470	1000118246
14204335	1000143327
53882428	1000161714
20114488	1000119883
64962975	1000044019
6814192	1000167641
528764013	1000118246
747863	1000024747
22168987	1000163439
187355509	1000070234
17234024	1000067800
122221870	1000122314
15454228	1000035056
253955065	1000094355
131906870	1000006968
39864099	1000047799
14083355	1000147750
37744202	1000042178
64423563	1000147750
48669511	1000091104
45753733	1000074209
7256262	1000049006
65505759	1000091104
81894512	1000046738
20466609	1000087836
36610496	1000024969
14214977	1000145817
53870594	1000125328
14254927	1000105478
166601166	1000057787
99571358	1000134136
18122642	1000056057
788245	1000014126
45082357	1000091104
15637825	1000120133
14153283	1000119883
20253656	1000029012
19670331	1000031210
39714128	1000026118
15752932	1000047940
208280030	1000088431
3286871	1000056057
23006821	1000117359
68668098	1000029723
19730608	1000088431
275695131	1000070234
64169231	1000074209
54475994	1000029723
198675113	1000140013
15936736	1000065984
10454562	1000049134
154291841	1000031210
13931982	1000167641
85474886	1000006631
19223919	1000075686
264825458	1000125237
125996244	1000002575
22297984	1000026118
9395832	1000057787
15033467	1000020035
15529747	1000091104
21199489	1000109609
453341658	1000026118
31188700	1000136127
81801765	1000109609
31525143	1000163439
2391	1000068212
15414807	1000068212
14110750	1000119213
17746168	1000106145
11922692	1000117359
64441390	1000073011
133315738	1000044019
39584643	1000134136
272786285	1000083299
18189237	1000170440
14830184	1000026616
18214171	1000140777
27832575	1000026597
34013606	1000026118
13041272	1000046018
84298716	1000047396
43883192	1000067800
14720416	1000143327
14381574	1000031210
788250	1000127870
9856232	1000048973
15375238	1000106145
20458823	1000066571
166601166	1000027528
313825894	1000046738
30156154	1000091104
15241012	1000117359
324660438	1000053488
9632752	1000053770
20091908	1000123303
43472595	1000109293
14942713	1000016344
18393773	1000091104
170886090	1000042008
122221870	1000169015
20114488	1000026616
195621057	1000073672
9015112	1000147750
5905672	1000145817
361547167	1000073281
9085252	1000077034
6018292	1000075686
28177543	1000153674
104469678	1000037207
172751496	1000124494
93008425	1000153674
153087224	1000143327
3551171	1000014126
19809876	1000048122
194677810	1000044019
31618280	1000075686
1277041	1000040186
152035207	1000057787
133297907	1000066571
45803348	1000057787
71140400	1000019767
14193189	1000150911
22126466	1000074209
153492935	1000124804
18742918	1000140777
45561740	1000134136
15524228	1000143327
142791352	1000011229
18912472	1000144028
15637825	1000057787
15396961	1000095254
24270610	1000048973
15620292	1000044019
18812947	1000009905
17783026	1000109609
100360503	1000001751
31179985	1000087836
5868362	1000057787
132422304	1000088431
19503627	1000077720
18301663	1000031210
62358930	1000114014
16601823	1000057787
7591562	1000123303
14069559	1000047396
89195144	1000016140
35676929	1000094355
15831762	1000016344
16326742	1000109609
19347576	1000082668
52586337	1000160204
18030304	1000076878
17918491	1000119213
61684853	1000143327
14538541	1000091104
16970864	1000155008
50597693	1000010506
227469430	1000031210
107868698	1000123303
12587	1000014126
23095837	1000124494
31477674	1000053488
15386988	1000153674
19045458	1000016789
155718390	1000053488
123607075	1000091104
308911400	1000019767
10876852	1000172992
17384206	1000083299
43273	1000014126
14552063	1000026597
14240103	1000110899
14354316	1000096887
15839551	1000123303
15268048	1000125322
14217937	1000101466
195628239	1000073672
125442168	1000138305
15223433	1000091104
7081402	1000091104
14499788	1000122314
25464811	1000143327
10792712	1000044019
99330079	1000091104
118360338	1000134136
17501629	1000143327
43253261	1000077034
38437420	1000127870
193208607	1000010506
39069544	1000125328
14260840	1000106145
34222931	1000066571
167932497	1000125237
53792610	1000147750
7195062	1000029723
5994452	1000039524
14334885	1000119883
115444551	1000053488
187323360	1000046738
9567932	1000088431
280348860	1000160204
23082430	1000057787
22162585	1000117359
119908470	1000087836
8308622	1000057787
11794312	1000028615
14083355	1000120133
23457085	1000147415
18359862	1000119883
739223	1000024747
41605269	1000109293
14830184	1000056057
18745350	1000048973
20091908	1000077795
18630326	1000087836
14165162	1000143327
60879007	1000137018
20466609	1000010506
684983	1000145817
22020453	1000157439
15349708	1000153674
18057465	1000071236
656673	1000057787
81801765	1000147415
9854542	1000057787
30963236	1000091104
17573316	1000049006
289091220	1000029723
18957239	1000104560
14281905	1000143327
37992666	1000002575
134165449	1000147415
15609136	1000143327
14282124	1000119883
17157774	1000056057
18934825	1000124804
53870594	1000026616
117776588	1000109609
616253	1000020436
15670814	1000073281
18630326	1000016738
389171421	1000006106
16803822	1000015963
208062005	1000048973
94325602	1000029723
22022795	1000109609
81135904	1000010688
49832748	1000042008
1008591	1000104303
401942249	1000061145
56955361	1000053488
18957239	1000013206
15878470	1000119883
14255783	1000160204
24567568	1000087836
18368859	1000031210
22022795	1000066400
362333431	1000019767
42951128	1000015963
81501774	1000065600
20643889	1000087836
14531269	1000075686
19994634	1000029012
10090902	1000016872
33136115	1000134136
861201	1000063581
27661959	1000109609
18626079	1000088431
14424826	1000043738
43207761	1000002021
221436856	1000161714
58441079	1000149074
334720386	1000053488
15393582	1000147750
72903	1000104303
55963	1000057787
15221950	1000143327
17019871	1000147750
15533823	1000044019
18378213	1000147415
177824859	1000147750
191328116	1000114014
30520303	1000065600
26947525	1000134136
7738402	1000034613
21556678	1000066571
14562714	1000125103
20922499	1000009247
100301510	1000091104
14756822	1000119883
3286871	1000120133
23082430	1000034751
18359862	1000077034
14283433	1000088431
14946893	1000143327
19924261	1000143327
13600352	1000068212
41521884	1000138305
17648193	1000109609
19677696	1000134136
15080902	1000009905
509096468	1000053488
249252048	1000055742
42951128	1000119883
33797153	1000163439
18214171	1000024335
198340118	1000078626
9243482	1000091104
222505706	1000072125
55985307	1000089237
14151096	1000117359
93694557	1000077034
16674691	1000013206
76975124	1000042248
18638800	1000034751
102193655	1000150911
36325964	1000137018
21247776	1000143327
15396961	1000119883
17402697	1000082668
61558088	1000086087
16060735	1000044019
24896704	1000163439
193208607	1000109609
332803989	1000140433
19132347	1000125328
12199652	1000155008
21816442	1000066571
18673920	1000147750
61194952	1000002021
102193655	1000057787
21409122	1000102705
12196	1000057787
15508191	1000088431
11661	1000144028
13626882	1000142495
23868470	1000063581
14092963	1000124494
121296475	1000109609
6392872	1000160264
46582537	1000091104
11541192	1000034613
106198153	1000164468
15445811	1000011229
113250990	1000096406
18898232	1000085657
7780852	1000049134
18716004	1000106145
89041913	1000123303
39588492	1000010688
203873539	1000161714
81855775	1000118246
118279350	1000123303
22481212	1000034751
29039876	1000153674
16648488	1000153674
2308191	1000031210
175166989	1000020035
25461274	1000010506
15043851	1000075686
14652452	1000117359
189758276	1000140013
40276769	1000031210
