124166165	1000045661
14673345	1000126240
2054511	1000126240
304566321	1000027519
17839639	1000056901
23375688	1000120956
31216367	1000156502
4143281	1000045661
19673424	1000000590
232762581	1000138336
344439820	1000005920
15233605	1000122024
15999738	1000075901
224687069	1000031477
70890946	1000120956
33266813	1000144264
9522672	1000136725
229584741	1000067731
15195224	1000045661
138416662	1000013543
29631095	1000077329
14760332	1000100398
226545575	1000134044
7099462	1000076698
48224877	1000048478
74601011	1000045661
63204637	1000052934
189158296	1000122192
160263958	1000045661
15281288	1000122024
214250601	1000134044
27563717	1000045661
783682	1000000590
41129933	1000011467
15693493	1000120956
15832861	1000152230
24347121	1000056901
25739734	1000012164
15102849	1000076698
152035207	1000045661
17667742	1000100398
2747211	1000045661
29799065	1000056901
18748831	1000063393
31531945	1000029668
177345928	1000017523
243946319	1000145207
22409200	1000077329
16547325	1000076698
85658777	1000115102
26871300	1000010619
20106852	1000122192
31524920	1000115102
16166244	1000009405
16438235	1000022924
130291204	1000045661
10082492	1000134044
2317921	1000100398
120635492	1000010619
17002699	1000029723
252415267	1000148109
15520149	1000154352
28444033	1000017523
123287376	1000010619
55795410	1000101331
295113092	1000122024
79963310	1000134044
36735522	1000005920
169274239	1000145207
14269172	1000048478
15393162	1000045661
20727866	1000130852
19087011	1000134044
113660989	1000045661
204781394	1000122024
796135	1000063440
104554755	1000067731
135264632	1000056901
47569242	1000027519
16916355	1000040829
185860787	1000042833
370682367	1000045661
19426551	1000019710
96846255	1000005920
127036157	1000099181
176736129	1000018519
365784920	1000056901
63106785	1000045661
321176522	1000045661
234517287	1000045661
31455711	1000027519
17403755	1000122024
273716958	1000045661
261074207	1000138336
26188744	1000100722
16952499	1000090435
23070306	1000003211
348968125	1000011467
49583	1000126240
21648360	1000106437
16415588	1000148109
24886025	1000005920
19353331	1000120956
93906304	1000034160
157149887	1000045661
344955115	1000096194
377053611	1000120956
16893880	1000099181
29437064	1000045661
103709540	1000145207
45721797	1000134044
490761156	1000138336
15147397	1000096194
70587360	1000045661
90289765	1000045661
171451142	1000059966
107650489	1000010619
17800690	1000101331
199515933	1000017523
44036670	1000120956
376960659	1000057810
114607562	1000042833
15639138	1000127132
180489407	1000040829
126334355	1000122024
465109417	1000031477
127935456	1000045661
30799188	1000127132
21720189	1000120956
230268499	1000045661
100076513	1000031477
16644152	1000120956
56337457	1000045661
19103586	1000134044
34986425	1000013543
102154120	1000059966
81782603	1000045661
166939178	1000045661
76393948	1000045661
20112073	1000122024
169982466	1000122192
213088974	1000133047
344895078	1000134044
350720548	1000045661
213947085	1000120956
9480732	1000130897
488061226	1000005920
22638962	1000154352
21792170	1000010619
21505103	1000000951
189174040	1000122024
23148232	1000120956
16276471	1000045661
158920480	1000000590
39759443	1000005920
643653	1000009275
27512951	1000031747
3389831	1000122024
19087813	1000056901
35908473	1000011467
22188446	1000120956
18064234	1000079093
19238557	1000079093
15458554	1000000590
16404844	1000006726
28074588	1000128660
60246437	1000012164
116678226	1000099181
328088799	1000056901
15140319	1000122024
298756207	1000045661
14681605	1000076938
15805261	1000134044
49824572	1000045661
27267077	1000045661
6210882	1000027519
24187145	1000027560
152902677	1000134044
11511422	1000011467
18894151	1000034931
17767841	1000122024
14404449	1000000590
22173736	1000134044
71348092	1000120956
461199794	1000045661
301179840	1000045661
97346825	1000005920
40895538	1000122024
202353807	1000155141
14710589	1000100938
45578700	1000122024
137389488	1000134044
29344169	1000120956
1206221	1000052934
48174738	1000079000
386527022	1000045661
174697966	1000005920
15868335	1000086391
27661959	1000005920
59925522	1000073020
27074378	1000090435
111172075	1000122024
193035891	1000120956
88679386	1000106437
16060735	1000120956
85923804	1000117332
87969079	1000120956
22338902	1000122024
182108867	1000155141
256740879	1000145207
126467468	1000005920
14620122	1000122024
213722368	1000031619
39097715	1000076698
59702336	1000045661
241135314	1000045661
248829404	1000122024
16813696	1000045661
15814666	1000005920
57435204	1000029723
37610460	1000115102
26918292	1000022027
14270396	1000106437
12711832	1000127132
98952413	1000011467
26642006	1000086130
122794139	1000013421
9100522	1000063440
94462049	1000134044
16115549	1000105689
21541543	1000000590
17313930	1000026475
15656040	1000106437
37677313	1000034931
68846920	1000134044
13873032	1000109057
3745781	1000056901
330731173	1000056901
299820130	1000100398
16688125	1000076938
90683293	1000134044
15104473	1000045661
104708526	1000119936
351299972	1000138336
496320616	1000106747
40181743	1000065827
68668098	1000027519
60491491	1000152853
26014461	1000144623
37763201	1000134044
166747718	1000134044
110415837	1000138336
74081217	1000045661
146918923	1000029723
372876529	1000113873
22266923	1000013543
14193189	1000069142
77345438	1000027519
36008570	1000045661
27123985	1000040867
16877649	1000045661
3359851	1000148109
119288992	1000011467
21848018	1000052687
172752127	1000022027
54843231	1000134044
146059141	1000122192
143412386	1000059966
17464581	1000136725
80720852	1000086130
18866294	1000017910
490799917	1000056901
89080257	1000056901
27050042	1000152230
16334824	1000120956
39954932	1000056901
14618523	1000022924
15310917	1000040829
39299806	1000010619
1106501	1000099181
164016117	1000045661
422268021	1000077589
27947069	1000169609
60003382	1000031477
387208674	1000121329
18114008	1000056901
37959635	1000045661
29806910	1000045661
201136617	1000133163
162442852	1000122024
18069824	1000034160
32577801	1000108070
18475637	1000022924
270515691	1000075083
36182824	1000122024
289074893	1000134044
219370782	1000045661
166946028	1000145207
171591674	1000005920
19088365	1000017523
186632886	1000045661
180404768	1000056901
15345111	1000069142
18951737	1000017523
22949807	1000120956
77091878	1000115102
25948615	1000115102
60919433	1000031477
15930616	1000077329
84774312	1000084540
61133	1000119936
196168350	1000074298
33897866	1000152802
31107120	1000022027
60924217	1000045661
14496470	1000017523
112198587	1000059966
184636315	1000122024
148340537	1000045661
116360467	1000010242
206252530	1000045661
18624346	1000156678
18732790	1000134044
26871300	1000027519
52541140	1000117332
131127073	1000045661
252734764	1000154741
24585498	1000005920
70736917	1000134044
17843494	1000120956
18729020	1000005920
49546024	1000134044
23480093	1000132968
16878507	1000005920
1047451	1000037242
50597693	1000124854
14179822	1000108868
60273	1000004809
243051640	1000122192
552733	1000126240
245129462	1000115102
21941391	1000013543
15108422	1000134044
21500635	1000072905
17130137	1000134044
1049111	1000037242
14111650	1000142370
5382252	1000124854
182588404	1000022027
15161984	1000100398
101008987	1000076938
35933926	1000122192
43662236	1000045661
134968136	1000077329
18937546	1000162376
327191403	1000045661
119829799	1000166928
33897866	1000133163
55762099	1000052285
2363991	1000134044
4258591	1000159036
477088040	1000045661
64219788	1000124293
2467791	1000127297
38712496	1000063331
15693493	1000089129
19559385	1000120956
105485632	1000152230
47445692	1000081329
121607917	1000042833
174499147	1000122024
16060397	1000043547
126439764	1000010619
52613032	1000096194
37293721	1000045661
43971053	1000056901
51035276	1000022027
15759192	1000056901
17243158	1000003211
237621061	1000134044
17589133	1000122024
553946273	1000134044
401731061	1000045661
65950594	1000000951
96614512	1000056901
60642921	1000045661
80127034	1000100398
263493899	1000045661
32528712	1000056901
247930690	1000056901
345470819	1000045661
48648511	1000134044
1117341	1000022639
15090928	1000106437
22113099	1000045661
230942182	1000045661
96057567	1000022924
113615592	1000158929
7874622	1000045661
23153736	1000045661
33863910	1000045661
15098603	1000076938
389017367	1000045661
40037795	1000017267
244293586	1000120956
18597723	1000086130
183820509	1000133163
14467566	1000106521
21224587	1000079093
59524045	1000045661
14196085	1000040829
15624095	1000106437
20126590	1000031477
65375829	1000056901
110431037	1000005920
276843589	1000027519
35598437	1000045661
16900850	1000117332
123340781	1000010619
7826492	1000077329
172397400	1000012164
35232404	1000056901
47569242	1000013543
34685791	1000056901
56296108	1000133163
17783001	1000086061
27050042	1000027519
85461400	1000134044
1493121	1000126240
366792682	1000077329
19148912	1000045661
182022503	1000122192
411273721	1000045661
27760234	1000077329
17118843	1000011467
19866631	1000045661
384953260	1000045661
51780974	1000134044
12052522	1000120956
42943455	1000000590
20632528	1000109057
14247280	1000086130
19911588	1000056162
257795306	1000134044
348851602	1000045661
14386631	1000005920
92579153	1000045661
94915681	1000056901
68225321	1000077329
15693930	1000011467
37677313	1000012164
26315189	1000034160
8335182	1000063393
59443645	1000000590
362254134	1000045661
56493501	1000010619
48040475	1000045661
13685122	1000011467
15519691	1000056901
14187717	1000119936
19245182	1000122024
15211063	1000077329
17009231	1000148109
40340464	1000079093
13917292	1000171608
33572600	1000106521
425553421	1000027519
12740542	1000126240
77061950	1000165529
73446048	1000022027
1436851	1000045661
16060397	1000161998
17264467	1000069142
103011384	1000045661
24767016	1000101331
146574673	1000045661
43476710	1000086130
15332913	1000133047
15659821	1000154352
11774412	1000077329
14502775	1000032927
14539094	1000134044
367514703	1000056901
214291743	1000022027
15129069	1000072842
29915735	1000101331
16029491	1000045661
78726136	1000045661
3551171	1000126240
190040759	1000045661
18923282	1000122192
87273337	1000124854
22608619	1000045661
243801417	1000126240
34567258	1000045661
237874491	1000005920
28074588	1000120956
185860787	1000075083
157149887	1000115102
10054742	1000033062
16178922	1000011467
16234543	1000063331
47445692	1000115102
47293	1000099181
13614712	1000103033
51421542	1000058836
36174500	1000100398
234277625	1000045661
214970887	1000127297
18322105	1000013543
18104287	1000073020
65418494	1000045661
17687495	1000116373
236525380	1000000590
28076276	1000045661
105843114	1000115102
55795410	1000027519
19750276	1000079093
14439168	1000072842
112651758	1000098309
75965224	1000056901
34336644	1000056901
299800115	1000138336
11446092	1000152853
403901932	1000022924
201136617	1000072905
35175054	1000086130
423165229	1000045661
249629295	1000045661
72663616	1000097042
76122124	1000045661
120409187	1000027519
157188965	1000122024
207295158	1000134044
41825972	1000027519
24391041	1000169138
297440218	1000045661
93816184	1000076698
11336782	1000122024
215060612	1000120956
156461982	1000147441
19945554	1000079093
129390136	1000022027
23749344	1000045661
35018926	1000134044
58641627	1000122024
108740292	1000147696
5745122	1000021671
19611712	1000056901
55762835	1000045661
83990838	1000077329
14912587	1000106437
18799635	1000017523
8407062	1000032927
48224877	1000009405
12644102	1000122192
223292538	1000013543
14090859	1000122024
46045669	1000031210
20351289	1000034160
41662642	1000166928
23027406	1000013864
17688797	1000017523
19777398	1000135926
14098069	1000134044
197141866	1000061866
12478052	1000096194
78890225	1000120956
39479178	1000067731
86834627	1000159036
25610763	1000107240
77844276	1000038736
207618297	1000108969
4467271	1000010242
8104032	1000155141
20347014	1000077329
546135380	1000055196
109635031	1000013543
21856863	1000165529
239320624	1000059966
70642332	1000086130
58285069	1000115102
49023275	1000158929
15802049	1000005920
19777939	1000100398
26643018	1000031477
18744957	1000077329
20683123	1000077217
332857636	1000055282
77896109	1000056901
9631832	1000011467
237621061	1000120956
73723362	1000011467
111759249	1000006726
38712496	1000077660
19014279	1000073020
19587139	1000144255
39835648	1000134044
84873155	1000148109
1106501	1000108969
10812122	1000148109
5843542	1000079093
198317541	1000133163
154696132	1000134044
133669403	1000045661
18100254	1000056901
54325840	1000045661
25610763	1000152802
14957252	1000174178
14200408	1000013543
46017847	1000021671
353888128	1000075083
22089915	1000074298
26516402	1000009405
289280528	1000120956
3367771	1000151617
62502942	1000120956
1049981	1000022639
23392028	1000122024
58376056	1000126219
24479656	1000106437
20221159	1000120956
5413042	1000079093
44104942	1000115102
52269052	1000013543
86157495	1000108183
31444064	1000010619
52931399	1000134044
28121597	1000055282
18191231	1000162397
15487708	1000127297
327185476	1000009405
15150386	1000158929
319625617	1000134044
226426309	1000158355
31455711	1000063331
15974410	1000134044
21741551	1000120956
359542257	1000134044
60021421	1000045661
15244831	1000099181
147298311	1000005920
14882135	1000100938
22087738	1000031210
62474938	1000045661
318760429	1000045661
103993198	1000134044
151590497	1000045661
196953836	1000045661
16956955	1000100398
31013971	1000005920
52122777	1000148109
20287710	1000045661
267923399	1000045661
21351301	1000077329
8692972	1000120956
70794696	1000134044
174819367	1000122024
226426309	1000042833
16820575	1000084540
1080461	1000158929
807122	1000120956
335493841	1000144264
225945015	1000077329
28302257	1000134044
14704192	1000005920
33897866	1000046368
311357860	1000134044
76768149	1000045661
22941372	1000120956
163144222	1000045661
23408265	1000017523
451905071	1000045661
260349318	1000027519
86415245	1000011467
15177080	1000040829
14345566	1000077329
16473060	1000070883
284280195	1000086061
159219605	1000045661
22461427	1000120956
465098191	1000005920
22659577	1000045661
14614122	1000100398
11740902	1000142370
14427975	1000103769
77476706	1000045661
122794139	1000017523
83733931	1000045661
26958771	1000045661
30633283	1000045661
126440959	1000065513
15668684	1000072842
42889578	1000019710
53144495	1000122535
25402563	1000000590
167969328	1000045661
14868580	1000009405
115943336	1000013543
22972574	1000000590
15321506	1000120956
91480304	1000115102
46322933	1000022027
59265046	1000045661
47359057	1000031477
260556074	1000045661
407484655	1000045661
129866635	1000144264
14440284	1000134044
25610763	1000072905
29302482	1000115102
11461532	1000043547
173375588	1000017523
106058799	1000018519
282399145	1000022027
329681794	1000022924
54296510	1000017523
37517004	1000065684
47282396	1000040219
34422904	1000130897
25294424	1000045661
10713592	1000137409
55676177	1000126240
217449211	1000022027
489971999	1000045661
58897829	1000045661
215060612	1000027519
21452168	1000144563
180703296	1000022027
7694102	1000079093
25845428	1000022027
22108185	1000017910
33617320	1000120956
146059141	1000122024
353216771	1000005920
249566212	1000101331
18894151	1000072905
96886184	1000045661
11724412	1000045661
1775861	1000065684
173958524	1000029723
18235160	1000148109
15869593	1000120956
486927488	1000086130
15753937	1000145387
24651665	1000120956
26281395	1000045661
22858576	1000052687
16000356	1000120956
18588279	1000023833
61083773	1000084540
83583303	1000122024
156406938	1000056901
225140058	1000122024
72607500	1000009405
14219081	1000005920
273588297	1000122024
61166489	1000022027
31524920	1000045661
16126957	1000117332
55406401	1000145207
280028950	1000122192
56493501	1000013543
47374533	1000005920
19694673	1000077589
14887650	1000106437
16322378	1000000951
154175423	1000031210
15088904	1000147441
16824850	1000045661
17687513	1000045661
5938412	1000116373
71213932	1000148109
203285767	1000134044
170009793	1000122192
146590216	1000155141
40790277	1000120956
149913262	1000052285
218615574	1000045661
150347034	1000106186
89776793	1000120956
15604372	1000173604
329792224	1000120956
165511377	1000100398
66842957	1000010619
19848655	1000056901
239823816	1000017523
24931027	1000120956
12761542	1000126240
6117622	1000013543
176310143	1000122024
24804973	1000120956
430054648	1000115102
28732282	1000120956
207695851	1000045661
310054442	1000160865
17576144	1000155141
2331211	1000122024
21954529	1000128660
68073207	1000045661
342519878	1000055853
266012079	1000045661
255290896	1000045661
25034454	1000120956
35765232	1000055196
253215128	1000081329
20014300	1000120956
109635031	1000063331
5976992	1000120956
14277953	1000045661
33063	1000120956
117349852	1000029723
19251085	1000100398
19796793	1000010619
134207471	1000130897
37713583	1000045661
6604002	1000124854
1018211	1000122024
87478141	1000042833
19425135	1000005920
8488352	1000027560
22961914	1000099181
19469924	1000011467
236946858	1000045661
5391882	1000027519
17833262	1000148109
189414421	1000045661
113497402	1000156678
65680082	1000120956
20888597	1000005920
23780261	1000115102
9724232	1000032927
217817233	1000145207
367474028	1000045661
213785692	1000077329
164596794	1000120956
241382835	1000027519
292432955	1000048478
197927392	1000045661
30156154	1000076938
89257543	1000076698
14816607	1000056901
17644044	1000013421
45288525	1000045661
175262711	1000101331
289704167	1000045661
14731905	1000124854
289091220	1000045661
21125396	1000045661
100301510	1000106437
86139446	1000031477
436437923	1000056901
455186682	1000017523
24308739	1000120956
19656918	1000120956
382745507	1000045661
21904217	1000089129
113719681	1000120956
18651145	1000096194
107296416	1000042833
339897105	1000134044
6889982	1000009275
280362565	1000045661
339790727	1000042833
182163783	1000027519
16697527	1000074298
270412323	1000029668
6352152	1000005920
14202246	1000072842
311633735	1000120956
79249885	1000134044
14648864	1000032927
18746498	1000100398
70435204	1000062395
174819367	1000122192
128041640	1000013421
18891379	1000134044
43346659	1000122024
309762859	1000137852
27942809	1000109057
24125323	1000045661
267010828	1000045661
257456190	1000156678
816532	1000072842
66922881	1000155141
199483163	1000022027
14320551	1000128660
308233424	1000076698
301080116	1000115102
14172588	1000077329
15619526	1000052687
22510300	1000077329
285727668	1000045661
337131276	1000045661
125159561	1000122024
18151650	1000096194
161966800	1000134044
13455472	1000077329
81938351	1000045661
341222682	1000045661
59265997	1000045661
21792170	1000013543
164865277	1000154594
14200408	1000065827
69772407	1000045661
87330803	1000035237
14824990	1000158929
31986700	1000061866
261386803	1000077329
17847111	1000140339
285865563	1000137852
323292633	1000120956
15121295	1000134044
37677313	1000108122
25610763	1000034931
33266813	1000045661
15832861	1000065827
9635642	1000000951
374665328	1000048478
186540310	1000067731
43909715	1000100398
6463842	1000106437
97792782	1000027519
161396346	1000122024
15347317	1000056901
31333097	1000035237
19279990	1000134044
215718386	1000121329
41415484	1000106437
24996939	1000130897
175836252	1000045661
92397869	1000156678
53513002	1000134044
80151592	1000155141
15223645	1000041690
15865172	1000079093
16393255	1000173604
15472368	1000005920
14179822	1000013543
46122746	1000045661
168759944	1000122024
343244739	1000120956
467966761	1000045661
155661297	1000045661
30718477	1000031477
28444033	1000013421
87478141	1000052687
16739711	1000145387
24025736	1000122024
14708203	1000119936
11348722	1000011467
55573501	1000134044
14222486	1000017523
331130950	1000056901
19890521	1000106437
205991562	1000144563
286625413	1000022027
136137625	1000029723
67401234	1000122535
262388975	1000120956
822110	1000079093
9389142	1000132968
170712417	1000055196
149027072	1000013543
63769966	1000005920
169073656	1000122192
90054448	1000045661
165511377	1000000951
148264208	1000134044
20649962	1000134044
14998938	1000107447
1049981	1000037242
348196315	1000154594
73078007	1000005920
111719271	1000151617
17632072	1000037167
57242182	1000045661
304411861	1000134044
142723179	1000122024
197217159	1000045661
43640640	1000100398
237781557	1000158355
60682317	1000130852
22126231	1000027519
33363316	1000000141
320056324	1000056901
130600864	1000077329
94416527	1000010619
39323250	1000022027
161678121	1000005920
90984237	1000103769
33040475	1000160865
220045059	1000124854
15529747	1000148109
28876893	1000042833
15584851	1000126240
15576928	1000106186
40328833	1000023833
25099760	1000134044
19135516	1000109727
64783035	1000148109
14975777	1000077329
28925243	1000165529
14110996	1000120956
429068735	1000120956
113196940	1000120956
16217345	1000134044
168759944	1000122192
24244836	1000011467
7036232	1000094127
15822520	1000103033
50760071	1000166928
15661966	1000122024
118809049	1000045661
40671703	1000005920
69140561	1000000951
92841362	1000000590
15750667	1000166928
14934739	1000134044
193185958	1000144264
257285351	1000122192
257938097	1000134044
67158328	1000045661
150999442	1000045661
18894151	1000046368
49273095	1000155141
18875718	1000031210
22420134	1000166928
217914410	1000019710
58896265	1000055329
29549366	1000056901
44171352	1000077660
54991635	1000097608
15127502	1000045661
21437537	1000043605
241249160	1000056901
11242152	1000000951
21792170	1000027519
16252002	1000136208
16574981	1000077329
15434784	1000045661
265732976	1000045661
157218534	1000122024
26877932	1000120956
26276260	1000147441
43753753	1000031477
83220932	1000045661
16398386	1000013543
366293920	1000122024
57851704	1000045661
194397899	1000120922
21423021	1000010619
20326651	1000127297
15139989	1000011467
18107175	1000045661
433644774	1000045661
13653812	1000034160
808824	1000041690
88002901	1000173604
178799665	1000048478
146065083	1000045661
167947361	1000013543
14876536	1000126240
14174646	1000000951
45083343	1000042833
21094472	1000005920
198716147	1000063440
322641198	1000045661
24553251	1000094251
16232843	1000072842
279720230	1000109934
282124316	1000116373
29287875	1000117332
25376226	1000136208
87969079	1000027519
59440525	1000120956
16186949	1000120956
160344565	1000134044
25228076	1000072905
6044352	1000100398
243051640	1000087086
92627964	1000120956
19605824	1000120956
19362299	1000019710
48172328	1000045661
18679467	1000119936
161035197	1000124293
52081613	1000017523
361031631	1000045661
465754282	1000077589
19380307	1000134044
280919733	1000042833
55171143	1000120956
34354722	1000161780
14124059	1000082744
228605446	1000027519
322303756	1000116373
15779779	1000045661
16632013	1000100398
14227938	1000026475
46331117	1000059966
30459621	1000097608
95555269	1000022027
20824887	1000120956
331484683	1000122192
292174336	1000122024
20709790	1000115102
87520051	1000056162
24783254	1000017523
15281288	1000122192
17084385	1000012164
291767815	1000120956
15666380	1000076938
270515691	1000042833
17139119	1000056901
792907	1000130852
14881963	1000100938
39826516	1000169609
136817960	1000010619
45406850	1000040829
40487404	1000031477
20514552	1000045661
22981318	1000154741
27142516	1000056901
1198071	1000000951
61413876	1000027519
17027960	1000076450
186273374	1000056901
171202083	1000122024
213457239	1000031210
22442001	1000148109
39813162	1000022924
14585679	1000013864
23152989	1000148109
31307193	1000037637
366792682	1000076698
8054392	1000086061
15060582	1000126240
19622462	1000029723
295952313	1000022027
243051640	1000040219
248829404	1000133163
29112695	1000005920
17475636	1000122024
16032577	1000000590
16356344	1000011467
80884847	1000056901
24623159	1000100398
47306483	1000011467
19304217	1000000951
44716016	1000031477
207190024	1000134044
22449601	1000065684
198317541	1000122192
19796793	1000013543
307206030	1000045661
17736232	1000027519
91927876	1000031477
143631813	1000161998
143669316	1000034160
103842657	1000120956
22190185	1000166928
27001193	1000154352
83803822	1000134044
815411	1000021671
14386518	1000027560
200497519	1000045661
92204251	1000017523
66695966	1000031477
14267393	1000072842
213855080	1000035456
1049111	1000058836
20012819	1000144563
57405237	1000101331
149913262	1000074298
17313930	1000106186
806283	1000033062
159389185	1000073020
791124	1000045661
358633350	1000045661
17086597	1000062344
113425681	1000045661
8541492	1000086061
306798919	1000045661
23392028	1000042691
114890849	1000010619
16249596	1000127132
4534871	1000156807
7921292	1000134044
12476362	1000005920
33363316	1000161780
363837574	1000045661
14714825	1000072842
209692125	1000031477
114890849	1000013543
43475964	1000106437
16117470	1000005920
1116721	1000037242
39825297	1000027519
48385381	1000011467
57277648	1000122024
20477352	1000117332
151128500	1000156678
16330339	1000166928
39566849	1000045661
16335102	1000065827
1065921	1000130897
48528518	1000122024
14345566	1000130897
285147158	1000122024
218615574	1000115102
17055465	1000156502
6210882	1000013543
111469517	1000076938
12739092	1000122024
15672076	1000056901
113975798	1000013864
120892393	1000096194
14045683	1000130897
197042285	1000077329
35727881	1000045661
52772629	1000106521
111457306	1000086061
37982492	1000120956
198317541	1000122024
35097545	1000120956
370762041	1000045661
454615032	1000115102
84679677	1000101331
64273381	1000122024
471549937	1000059966
20630542	1000106186
75561738	1000106747
14145413	1000079093
15609136	1000134044
20703666	1000079093
150806511	1000045661
70203859	1000108621
105922470	1000045661
54275319	1000166928
731823	1000086130
27512951	1000099181
23122597	1000134044
139634187	1000122024
22654630	1000024708
34497810	1000011467
81523937	1000122024
259118584	1000056901
16405786	1000077329
131247505	1000120956
14159087	1000045661
962631	1000134044
74285182	1000120956
225189964	1000116373
19760382	1000107447
16491104	1000108868
202734512	1000134044
105410969	1000045661
19358562	1000017523
40964378	1000045661
356640381	1000122192
165730790	1000166928
114627216	1000122024
38285308	1000019710
21659808	1000100722
25160173	1000056901
25780608	1000134044
12998732	1000148109
21207027	1000106747
262388975	1000089129
295836477	1000045661
58233603	1000120956
21500635	1000108122
139162440	1000134044
256346503	1000045661
77645932	1000144264
92586370	1000166928
16197554	1000106437
87031118	1000027519
521755734	1000045661
117349852	1000010619
41004877	1000045661
153635149	1000120956
23298808	1000097042
177332689	1000045661
271291881	1000045661
389017367	1000077589
544021292	1000134044
942671	1000077329
148168729	1000000590
122582802	1000045661
52269052	1000010619
245409779	1000156923
17468528	1000109057
22346337	1000029723
23165437	1000045661
29043456	1000045661
51211899	1000122024
229051224	1000155141
18895806	1000124854
41665878	1000075061
14345113	1000127297
60225440	1000045661
164731122	1000155141
259030794	1000045661
15151229	1000100398
169338088	1000022027
36735522	1000100398
175151673	1000045661
122871303	1000052687
96653670	1000120956
4296011	1000013543
16167346	1000045661
33987128	1000120956
67060417	1000155141
31291086	1000099181
396538115	1000045661
28108411	1000113323
14344677	1000134044
496445393	1000045661
360748466	1000045661
138546712	1000098309
207242224	1000155141
62501328	1000108621
9232572	1000130897
17084385	1000057286
17823630	1000155141
304003987	1000045661
324664503	1000115102
7753922	1000027519
78672239	1000115102
65357070	1000061866
38394030	1000045661
342243974	1000045661
38505396	1000005920
5984072	1000126240
105485632	1000013543
16104418	1000079093
345121456	1000005920
4230121	1000042833
22033794	1000077329
109662523	1000045661
71721432	1000031477
15465602	1000120922
799640	1000027560
96388513	1000045661
15783150	1000106437
81147434	1000040829
46239813	1000028941
156321694	1000056901
132672405	1000027519
23664028	1000117332
147812313	1000166928
165259056	1000130897
332857636	1000137852
294185420	1000135926
22931079	1000028941
14767730	1000045661
38614324	1000122024
22691574	1000045661
26547954	1000005920
480774733	1000126219
215458899	1000075083
176020792	1000012164
269489548	1000027519
47359057	1000031619
22863638	1000009405
16493267	1000045661
69981632	1000065684
383595512	1000056901
242546067	1000115102
132736650	1000022027
18215560	1000028941
17619106	1000061866
243486300	1000045661
78170871	1000076698
318434640	1000045661
18497157	1000120956
47490207	1000017523
154227085	1000056901
61274761	1000134044
50888802	1000056901
12273252	1000077217
34370797	1000045376
671093	1000122024
375080088	1000059966
148594209	1000056901
23097520	1000000951
25228076	1000133163
123414834	1000045661
500536289	1000045661
16532070	1000134044
88931752	1000122024
14209885	1000122024
19927627	1000077329
15858135	1000076938
277821098	1000062344
4404141	1000010619
220933416	1000045661
1403031	1000037242
79943236	1000063393
15999738	1000108070
19740681	1000100398
65937068	1000045661
286300366	1000045661
31444332	1000134044
167947361	1000042833
90310973	1000134044
39301578	1000134044
91760725	1000045661
15150826	1000077589
1047961	1000037242
40517804	1000045661
22879382	1000034160
14710589	1000043605
14394689	1000000951
19670331	1000031210
113425681	1000122024
39053208	1000067731
14497313	1000055329
22141633	1000082744
14589257	1000045661
17014435	1000017523
68668098	1000029723
14131500	1000134044
15175368	1000120956
38614324	1000107447
54475994	1000029723
202899088	1000120956
26609473	1000122024
357870397	1000022027
154291841	1000031210
88582001	1000056901
15584619	1000148109
16252002	1000076938
120358020	1000152933
15440806	1000101331
20419760	1000086721
178922718	1000155427
51421542	1000037242
29047058	1000120728
83589610	1000127297
256905554	1000045661
17995684	1000000590
13653812	1000086130
132736650	1000045661
33453315	1000042833
80380339	1000144623
266322668	1000122024
20106253	1000045661
15922386	1000032927
154639081	1000027519
19492845	1000017267
89776793	1000045661
47461824	1000108969
297768208	1000134044
6790312	1000126240
49560239	1000068053
19329443	1000120956
17084385	1000133163
153048672	1000045661
202734512	1000120956
256436661	1000077329
228850838	1000045661
147860240	1000142370
39013378	1000073020
46277798	1000045661
17929214	1000122024
15458554	1000099181
260871757	1000045661
627213	1000077329
16974572	1000099181
216765454	1000106747
14332493	1000045661
86120331	1000155141
22086078	1000120956
14475298	1000079093
15693493	1000037637
165123000	1000045661
47860056	1000000951
16987303	1000027519
23273441	1000076938
407247825	1000045661
28074588	1000142370
16452939	1000013421
15706128	1000113873
40230115	1000156502
24951388	1000107447
60246437	1000122192
159251773	1000045661
14690813	1000063440
66434859	1000027519
15361298	1000126240
168231881	1000022027
22185437	1000035595
17002699	1000106186
9506392	1000056901
131299605	1000120922
353482545	1000134044
155998369	1000155141
72456617	1000045661
19037995	1000079093
16350866	1000032927
57845803	1000017523
237575752	1000045661
157218534	1000122192
252274930	1000148109
6752812	1000022639
15180686	1000011467
6210882	1000108621
89230366	1000122024
426188351	1000138336
18996905	1000017523
14876672	1000148109
128627411	1000120956
14381574	1000031210
178563911	1000122024
93063388	1000045661
273779916	1000013543
445631628	1000115102
78982926	1000159036
10481072	1000100398
109311202	1000010619
261977372	1000045661
186227073	1000152230
528076876	1000045661
24788399	1000120956
18917716	1000113323
19088365	1000013421
268813339	1000045661
6335572	1000106437
7860942	1000045661
60338351	1000045661
109635031	1000100722
7697472	1000106437
24186199	1000045661
224385091	1000108070
119706266	1000138336
17947422	1000115102
14932753	1000011467
77726502	1000045661
186275867	1000134044
7805842	1000005920
151753441	1000031477
137956519	1000023833
14174040	1000113873
14179822	1000010619
15485915	1000100398
65357070	1000077329
14861701	1000011467
88749392	1000120956
83667441	1000063440
38245673	1000045661
116102658	1000045661
15861559	1000005920
9489712	1000076698
28837118	1000115102
62564949	1000045661
43947921	1000115102
152341106	1000166928
46055888	1000045661
339790727	1000164291
140233086	1000120956
311268617	1000086061
59682940	1000155141
50564358	1000134044
26280712	1000134044
102483667	1000005920
1502501	1000174178
14112570	1000122024
218121199	1000045661
309762859	1000055282
17883289	1000045661
16652840	1000108070
102787206	1000120956
451991650	1000122024
115884665	1000045661
17372386	1000038736
21416276	1000162397
68668098	1000092864
87613162	1000098309
31608838	1000045661
50765776	1000100398
374785806	1000045661
38307016	1000045661
110566550	1000159036
198941747	1000134044
137495758	1000134044
407769660	1000122024
270051641	1000152230
15459980	1000126240
190432167	1000134044
36922031	1000018519
23135992	1000117332
339259699	1000128660
14580197	1000005920
481782435	1000138336
59963226	1000045661
15068775	1000031477
175830245	1000045661
340766800	1000113873
58919084	1000137852
103095263	1000045661
184907407	1000045661
14510359	1000100398
54918110	1000122192
43821761	1000056901
155312917	1000077329
320056324	1000122024
135201019	1000004809
68503464	1000122024
32528712	1000045661
313703817	1000045661
9367832	1000134044
269004208	1000045661
1501471	1000122024
14364819	1000159036
211296193	1000120956
113770596	1000147441
328073	1000027519
17959695	1000045661
95822575	1000148109
228953486	1000122024
278151991	1000056901
1397311	1000109934
27998627	1000092864
159570739	1000056901
6620522	1000106437
271709253	1000122024
6895522	1000108122
17084385	1000152802
94119909	1000031477
104489671	1000005920
21138936	1000005920
17134268	1000166928
281835830	1000022027
167947361	1000101331
35665146	1000134044
14284372	1000096006
43144245	1000017523
11232732	1000011467
217136120	1000116373
43058194	1000056901
5380672	1000148109
143822628	1000034160
171681366	1000122192
263353755	1000045661
21436960	1000076698
14632918	1000042833
218280403	1000150968
473629157	1000056901
112758378	1000101331
19565333	1000027519
27074378	1000075061
22147204	1000120956
6016062	1000100398
245246457	1000115102
15276265	1000134044
11987122	1000045661
29178534	1000122024
14227938	1000096006
44775369	1000113873
177984545	1000122024
21502768	1000023833
237890582	1000115102
248074960	1000145207
18113531	1000134044
149987029	1000120956
14163866	1000045661
5348192	1000005920
16034502	1000073020
20419760	1000077589
66999130	1000122024
18370918	1000148109
6550132	1000058836
18301663	1000031210
308238279	1000115102
305818252	1000045661
89595997	1000086130
115943336	1000010619
18750157	1000045661
3381691	1000171608
111961268	1000134044
38331300	1000045661
35820059	1000134044
283431290	1000017523
18208354	1000045661
333640730	1000045661
15329370	1000122024
25890506	1000134044
135292084	1000120956
20684656	1000086721
120679977	1000098309
229342988	1000065513
18104752	1000100398
4923811	1000074298
15810838	1000031477
26130127	1000056901
47282396	1000057286
113700611	1000005920
18859658	1000013421
18964468	1000077329
28374061	1000056901
1476651	1000058836
14997105	1000011467
14062140	1000158929
135583203	1000063440
282223232	1000045661
119506746	1000013543
1048661	1000022639
302358534	1000156678
353344542	1000072842
135281645	1000076938
72379836	1000045661
20354429	1000045661
41384217	1000166928
28611918	1000120956
7081402	1000122192
25521487	1000056901
18716004	1000086061
87306848	1000005920
84510967	1000134044
55154396	1000115102
16464746	1000144264
85928734	1000147696
121524001	1000077329
42164376	1000073020
39097590	1000005920
95545631	1000045661
14216054	1000127297
39132222	1000106747
17912917	1000122024
25488031	1000045661
17853760	1000096194
229653559	1000040829
23206141	1000035456
21997211	1000010619
116524860	1000045661
227469430	1000031210
33535451	1000173604
45718320	1000045661
169572927	1000120956
16551214	1000108142
1472021	1000146307
57084769	1000120956
28649781	1000031477
89041913	1000124854
29512099	1000134044
146327085	1000120956
124233222	1000005920
260137838	1000056901
20577171	1000158929
366351769	1000045661
203070845	1000166928
4278201	1000072842
304141354	1000045661
59146707	1000086130
387210978	1000122024
20959408	1000173604
8792232	1000144255
195934431	1000027519
439779382	1000045661
81433212	1000045661
139750288	1000082744
186273374	1000120956
19508719	1000010619
15972765	1000057810
77061950	1000059966
46329226	1000045661
349145647	1000045661
15324553	1000169609
40657605	1000045661
22031236	1000122024
23161445	1000035456
107293377	1000045661
111510305	1000013543
25313271	1000155141
10497032	1000113873
173892783	1000144563
16549787	1000056901
1269251	1000058836
110431037	1000100398
19617190	1000027519
110839495	1000027519
278151991	1000115102
57082636	1000086130
129316618	1000045661
25449057	1000134044
28597237	1000120956
15614130	1000045661
17133445	1000079093
425207385	1000122024
141057586	1000134044
18456470	1000040829
40885516	1000027519
192217741	1000120956
346788251	1000056901
1118781	1000058836
171567858	1000098309
148087977	1000122024
27074378	1000027519
151304288	1000009405
47802716	1000045661
20460449	1000045661
72950589	1000077329
78184379	1000107447
21741551	1000056901
142213016	1000115102
6210762	1000011467
15832861	1000122192
33523417	1000134044
13761042	1000077329
124646065	1000098309
14137735	1000122024
93670875	1000140339
14427975	1000134044
20898328	1000134044
22217929	1000134044
34370797	1000166928
120428242	1000134044
13653812	1000076698
18894151	1000107240
23849131	1000109057
171112947	1000076698
212029280	1000096194
18682014	1000056901
16292864	1000017523
174819367	1000034931
8892822	1000027519
22102121	1000087086
137818683	1000068053
29585554	1000106437
13400992	1000070883
15976697	1000052285
130604350	1000155141
291265752	1000045661
15249171	1000120956
286002327	1000056901
25629019	1000035456
53820704	1000045661
382232560	1000122192
12413822	1000056162
34171224	1000055196
17706102	1000145207
261444905	1000120956
26269143	1000159036
14870340	1000031477
249803955	1000106437
13831522	1000055853
261973875	1000045661
52076021	1000162397
195851893	1000013543
24818053	1000156923
801547	1000038736
35521564	1000134044
127036157	1000076698
14161531	1000072842
9216232	1000056901
23994280	1000127297
372593743	1000115102
123281817	1000108969
45235178	1000138336
7195062	1000029723
70989742	1000011467
12437282	1000056162
7304702	1000100398
29823956	1000010619
30640324	1000169138
94667801	1000155141
47799910	1000134044
767	1000109727
14473508	1000045661
114890849	1000042833
15666380	1000142370
195446656	1000045661
17990996	1000040867
15121106	1000134044
35908173	1000005920
313659037	1000115102
82011739	1000056901
159555820	1000116373
89989652	1000144563
2034901	1000134044
15088253	1000011467
104771747	1000165529
60491491	1000010619
20787272	1000147804
182199162	1000120956
39680464	1000079093
16613670	1000035456
17767841	1000045661
301845820	1000045661
55468579	1000028941
26954466	1000072905
246297626	1000122024
14816201	1000137852
219923778	1000056901
274823472	1000045661
459628129	1000045661
70642332	1000120956
36960131	1000022924
22190185	1000045376
28076276	1000022027
90739121	1000045661
22222761	1000134044
31291086	1000031747
349254559	1000045661
183663839	1000122024
144112800	1000045661
286323733	1000022027
176686379	1000011467
45083343	1000101331
107296416	1000099181
22722452	1000100398
24695373	1000120956
16425459	1000000951
16862337	1000031477
8067082	1000013543
145057809	1000056901
26183347	1000045661
17746168	1000086061
32547856	1000045661
130702059	1000056901
178098680	1000159036
16955141	1000134044
17990996	1000042833
14172588	1000130897
459693025	1000045661
236840136	1000155141
98285961	1000017523
128041640	1000017523
16395449	1000120956
23750576	1000045661
6249592	1000079093
174085879	1000122024
15840385	1000105689
38718720	1000162376
20009703	1000005920
309249823	1000045661
1047451	1000058836
186233812	1000009405
105410969	1000115102
25544125	1000048478
155608933	1000017523
30707306	1000065827
154657722	1000127297
135218281	1000017523
274160433	1000166928
81544911	1000005920
17683676	1000089129
30447805	1000134044
289091220	1000029723
258203336	1000037167
496149332	1000075901
15040299	1000076450
93479887	1000034160
23478672	1000045661
26218878	1000005920
15400885	1000086061
132672405	1000010619
64783035	1000005920
248861233	1000022027
24929621	1000045661
391037985	1000120956
15639558	1000077329
260990894	1000045661
15187983	1000101331
15420011	1000113323
160959549	1000134044
16799897	1000079093
15729558	1000126240
991221	1000058836
73205907	1000045661
248847591	1000120956
14092013	1000101331
16452939	1000017523
29561751	1000122024
93121915	1000101331
160664744	1000150968
44171352	1000042833
31453974	1000000590
26603533	1000106186
157010908	1000045661
498306782	1000055329
73731253	1000173604
7764332	1000072842
79943236	1000035595
221837185	1000045661
94325602	1000029723
14266637	1000099181
49914950	1000031477
210907504	1000134044
15635812	1000034160
31928413	1000174178
110839495	1000101331
191903076	1000045661
23421193	1000022924
271474436	1000100398
339593170	1000122024
39506306	1000108621
265359098	1000045661
73207518	1000155427
25236571	1000045661
27802662	1000031477
5036571	1000021671
195486430	1000122192
144508084	1000045661
32166535	1000155116
20489648	1000120956
254280897	1000055329
19364937	1000045661
96164737	1000122024
14153020	1000166928
18368859	1000031210
17537067	1000045661
24560836	1000108183
19034523	1000154352
355622731	1000056901
14805097	1000124854
21227675	1000076698
24463474	1000045661
42677758	1000120956
39342202	1000120956
33486917	1000148109
80600800	1000165529
29264684	1000005920
28891324	1000164291
119121697	1000045661
169083205	1000137409
36756569	1000075083
17655023	1000138336
42478061	1000045661
81757807	1000155141
117349852	1000101331
28621288	1000000590
10436072	1000148109
236488592	1000120956
161722171	1000115102
28902735	1000056901
7450992	1000048478
55235304	1000045661
274852501	1000034160
25818323	1000022027
343062057	1000120956
275907480	1000056901
47569242	1000120728
27167977	1000027519
20926806	1000005920
37676281	1000045661
17522521	1000137852
97486589	1000077329
76027335	1000077660
20684656	1000077589
15485915	1000013543
23128967	1000134044
248829404	1000152802
282188139	1000045661
2034901	1000082744
20887746	1000015164
20541138	1000045661
24498507	1000122024
16514761	1000079093
336679609	1000045661
26535267	1000056901
8359152	1000120956
19414296	1000120956
44273770	1000077329
271184060	1000122024
138161425	1000101331
16432034	1000173604
91400788	1000045661
218118736	1000138336
215060829	1000048478
80223386	1000134044
285884240	1000106437
20875151	1000035237
243051640	1000122024
121607917	1000027519
387186414	1000005920
3133251	1000100398
89257543	1000027519
20259508	1000076938
366792682	1000034160
170009793	1000122024
15045318	1000009405
16311693	1000011467
22667723	1000156807
40858764	1000017523
19268706	1000074298
18556103	1000120728
21997211	1000024708
220104837	1000045661
15814666	1000148109
20630542	1000052687
333709376	1000027519
23820989	1000120956
27461169	1000056901
300647948	1000045661
65300531	1000022027
23061725	1000045661
8584	1000072842
166212191	1000010619
239110599	1000045661
14816201	1000055282
21028234	1000134044
21823296	1000155116
14140036	1000045661
15627381	1000094127
6932712	1000134044
130617778	1000099181
618593	1000122192
356909751	1000147441
178493500	1000052934
17644044	1000017523
270608331	1000013543
19382761	1000094251
42697261	1000079093
227363279	1000098309
15293712	1000076938
42583325	1000096194
288873182	1000045661
48844884	1000076698
18470483	1000134044
15187983	1000042833
149946489	1000045661
258461457	1000056901
143271245	1000134044
356640381	1000122024
48120093	1000045661
307667757	1000056901
31332696	1000166928
243283086	1000161075
46322933	1000045661
79077432	1000134044
91661023	1000056901
186227073	1000065827
5768872	1000130852
11965402	1000113873
104148298	1000161075
131038612	1000056901
18024996	1000134044
3661961	1000147804
21797785	1000152802
33515703	1000000951
150080083	1000134044
16372635	1000005920
21686566	1000115102
25893353	1000077329
159163654	1000122024
9531232	1000077329
274829204	1000045661
36795587	1000106186
26643018	1000031619
59228196	1000045661
6044652	1000106437
71298807	1000062395
16790496	1000120956
44171352	1000013543
88361428	1000120956
221822164	1000045661
77397670	1000115102
43353080	1000086061
19195733	1000045661
139634187	1000045661
105314792	1000146307
15640349	1000052687
105998550	1000031477
19778401	1000122024
423973763	1000017523
14945646	1000045661
26603533	1000027519
18846990	1000077329
16223936	1000134044
236996928	1000045661
6664	1000116373
81746894	1000000141
275907480	1000120956
43289545	1000120956
250900294	1000134044
34022116	1000045661
17837652	1000034931
17491316	1000012164
15299773	1000122192
19135516	1000076698
20543890	1000059966
6804822	1000155141
18623616	1000015164
12712332	1000116373
19562419	1000120956
290133453	1000134044
11893812	1000120956
25573732	1000120956
11461532	1000094251
16246081	1000045661
16229735	1000017523
246520451	1000022027
24841705	1000106437
263209316	1000169609
14282153	1000013543
18445879	1000005920
5995932	1000045661
16204630	1000032927
30050923	1000045661
74615185	1000120956
20244354	1000065827
19507251	1000148109
342886222	1000045661
111443869	1000000590
215115454	1000056901
260429996	1000115102
14519984	1000148109
23392028	1000122192
199515933	1000013421
328788722	1000138336
152341106	1000045376
6210882	1000010619
10099732	1000011467
37677313	1000042691
14682858	1000045661
152967331	1000045661
282223232	1000115102
52081613	1000013421
18298167	1000079093
141328659	1000000590
24231531	1000017523
204781394	1000122192
75109729	1000045661
343768612	1000122024
541086701	1000134044
126736457	1000045661
18894151	1000152802
97566975	1000134044
15814861	1000077329
20600708	1000045661
46562252	1000134044
73473531	1000048478
227124583	1000045661
45083343	1000152933
27062975	1000134044
81520544	1000137409
19923765	1000079093
292220146	1000045661
155709334	1000166928
2308191	1000031210
18923282	1000040219
806170	1000072842
49699243	1000056901
121626258	1000109057
99611939	1000045661
28523307	1000052934
22960613	1000000590
17613432	1000108142
418529394	1000045661
16064715	1000134044
431926151	1000056901
20617205	1000116373
15741636	1000100398
80273245	1000077329
249566212	1000152230
30378383	1000005920
280923528	1000045661
172397400	1000122192
335005201	1000134044
99712648	1000067731
18107175	1000138336
37229840	1000045661
498443549	1000045661
22632065	1000086391
22252971	1000048478
22945623	1000155427
35220094	1000134044
40276769	1000031210
16271952	1000079000
20287180	1000115102
36741036	1000063331
322171570	1000138336
