6352152	1000036788
25729606	1000137018
115130647	1000157114
15165677	1000129479
70645019	1000157114
20649406	1000116265
20091908	1000104303
23236865	1000172079
24644909	1000156970
20787623	1000113921
235312180	1000041732
15258562	1000105872
18957239	1000102705
84298716	1000109609
17275604	1000152485
21053653	1000037652
20753669	1000148039
21076998	1000106293
267880518	1000169255
57615926	1000112098
19536422	1000129479
17002699	1000029723
27618085	1000109609
15671066	1000169179
14499788	1000091063
49086693	1000092932
167380894	1000100742
79594977	1000025988
19624071	1000033423
15529747	1000016150
13357022	1000133228
106198153	1000147736
4833	1000018348
121296475	1000060923
14362294	1000063424
336152977	1000147736
283374974	1000133228
1837051	1000077610
31664653	1000075725
17167771	1000162792
96469193	1000131778
10778152	1000147736
161723588	1000103219
24000067	1000059824
26112027	1000155119
113463725	1000164912
18079495	1000126480
23064821	1000075725
62059086	1000107839
211230952	1000147736
14554309	1000113464
47346403	1000061538
17124036	1000133228
24942057	1000010506
16542981	1000033535
14224219	1000041732
19416143	1000136025
4781951	1000113464
40671703	1000102569
16657098	1000036788
18384469	1000172079
343479972	1000105872
14892191	1000132132
167932497	1000161815
20643889	1000123537
24553095	1000034877
43365692	1000059639
153069336	1000034877
13212522	1000174563
185504488	1000106420
23236865	1000061538
222505706	1000158706
84298716	1000148114
81894512	1000013206
19623170	1000156541
33486917	1000162792
117801698	1000129720
16787466	1000172079
16657098	1000158706
23588746	1000092932
16822292	1000057842
12730882	1000036788
637373	1000044315
185504488	1000086786
117177522	1000136127
17783026	1000033535
27852686	1000127877
255802087	1000164912
43883192	1000129479
18917156	1000020159
23862163	1000158706
788250	1000109609
27612936	1000044873
14519984	1000053419
12782472	1000125283
220444914	1000169179
29264684	1000105872
20643889	1000077795
46179487	1000041732
28774039	1000086607
26112027	1000163083
18957239	1000033423
12782472	1000148039
40230115	1000073061
15961191	1000031112
153069336	1000047396
24644909	1000072125
41553	1000059824
43883192	1000046738
50597693	1000156970
185504488	1000172079
14426048	1000025606
19953283	1000008608
57435204	1000029723
32855657	1000164912
60699802	1000094735
174904516	1000035027
877421	1000044315
14477161	1000057842
17384206	1000059639
121296475	1000148114
253955065	1000102384
8752622	1000044315
17415916	1000141394
18562064	1000169255
82504166	1000107839
35164139	1000059639
17234024	1000147736
46584786	1000093684
173538650	1000048580
62059086	1000008067
146918923	1000029723
29631105	1000099553
17228988	1000018510
1837051	1000059639
12815	1000044315
465024108	1000109609
115130647	1000020159
14960451	1000132132
12730882	1000105872
54858527	1000131442
108353251	1000086786
35908173	1000169255
17769620	1000081145
375994515	1000062338
17769620	1000164912
19812671	1000087836
75360706	1000129720
6545732	1000057842
211230952	1000087836
33486917	1000105872
7044992	1000014943
25461274	1000169255
279055096	1000093729
18232198	1000011216
147298311	1000036788
82283114	1000081145
14377387	1000169179
135421323	1000169179
17769620	1000107185
25461274	1000136025
134165449	1000123069
18233897	1000024531
19624071	1000046738
17262744	1000105872
12998732	1000036788
1702611	1000041732
17402697	1000147736
13180092	1000104518
6604002	1000041732
172751496	1000140777
76436811	1000036788
18166611	1000044315
88974169	1000013206
132651477	1000036788
28297041	1000140931
863101	1000044315
20888597	1000105872
345121456	1000127877
58283657	1000061538
14437310	1000057842
80278027	1000129720
255836353	1000172079
16334550	1000105872
13773232	1000109609
14712874	1000061811
252078513	1000105872
12782472	1000046738
13837042	1000117498
182019463	1000105872
9715752	1000105872
43883192	1000163083
38318973	1000041732
18389670	1000042988
14465898	1000044315
86268045	1000109609
18190756	1000141394
26360899	1000018510
18084906	1000007990
31561072	1000073061
18943764	1000116989
18057465	1000168788
66048747	1000172079
47841677	1000009905
23862163	1000172079
16674691	1000129479
14999344	1000008067
19353750	1000087256
18898232	1000161815
16542981	1000102705
14467184	1000126990
185504488	1000024531
16398821	1000031112
21818383	1000095941
255802087	1000129720
16682506	1000041164
76436811	1000127877
28297041	1000024496
14377387	1000158706
20466609	1000104303
18581017	1000153261
35676929	1000129479
31179985	1000109125
95265095	1000116989
17576762	1000116265
15990240	1000106387
153069336	1000116676
49086693	1000025988
35908173	1000033535
237647097	1000105872
89931378	1000065538
31112327	1000106387
18867883	1000036788
36898952	1000105872
16979946	1000152485
18274715	1000081145
153069336	1000161815
14377387	1000164912
23148826	1000094911
13096852	1000105872
84298716	1000163083
22024874	1000152485
19930345	1000129720
29993931	1000093684
16326742	1000148039
16595732	1000113921
41954598	1000113921
75648823	1000118403
100868651	1000086786
23372773	1000094176
48933962	1000131147
130262012	1000172079
788250	1000065538
23236865	1000044873
19930345	1000147736
19779667	1000018510
82283114	1000109125
174697966	1000036788
20643889	1000169255
16832685	1000105872
113463725	1000086607
14417969	1000044248
15861559	1000163083
2059301	1000059824
23491365	1000141394
18402199	1000059824
27661959	1000123069
57284417	1000143819
14760332	1000105872
41553	1000173086
68580729	1000107839
104489671	1000033535
694613	1000105872
14805097	1000018348
290921816	1000031112
17769620	1000080223
14334885	1000113464
24644909	1000047396
57615926	1000143790
27661959	1000103242
87729173	1000164912
264348615	1000105872
108353251	1000164912
14351575	1000081912
154363792	1000130695
111523654	1000086786
62059086	1000087256
38500106	1000170440
153069336	1000011399
18646010	1000147736
98513781	1000074582
5559602	1000091063
19507251	1000065600
17275604	1000129479
15933993	1000122930
15431107	1000105872
119908470	1000075725
24861778	1000109609
15868506	1000007990
22368290	1000143790
3828311	1000041732
220212905	1000143819
79594977	1000155308
12782472	1000100742
87273337	1000087836
19396256	1000163083
23516324	1000139485
129614275	1000059824
7617502	1000041732
18692078	1000033535
17769620	1000102384
12998242	1000014943
106198153	1000102384
22556717	1000105872
386209891	1000157439
39097590	1000105872
3253121	1000025606
18943764	1000037774
26037881	1000086786
74480870	1000086607
222505706	1000012015
196553866	1000133228
14944855	1000137018
24078941	1000105872
81894512	1000163083
23457085	1000148039
18692078	1000105872
13699792	1000031112
16237246	1000059639
19347576	1000082105
20893862	1000149074
15458602	1000009905
87729173	1000053914
16151653	1000072064
20543729	1000109609
26780558	1000109609
25521345	1000168788
125996244	1000170754
16740151	1000057528
123702913	1000053914
15868506	1000094176
18630326	1000041732
15351100	1000140777
23457085	1000109609
17167771	1000127877
17167771	1000086786
32270541	1000059824
14397546	1000003195
12998732	1000158706
18740669	1000164912
28124550	1000139485
1277441	1000129479
27612936	1000107839
16666617	1000159168
19353750	1000172079
54991079	1000127877
10108152	1000145889
57325288	1000086786
115997877	1000092932
154363792	1000161815
57615926	1000161815
18740669	1000147736
262689819	1000087836
12782472	1000164368
17111442	1000139485
3133251	1000147736
111523654	1000013991
5530472	1000113464
20472941	1000086786
15258562	1000127877
63006299	1000095941
12730882	1000127877
37992666	1000136127
20649406	1000141394
54991079	1000124346
15888886	1000105872
193222893	1000105872
108838926	1000086786
20649406	1000094911
18071855	1000086786
94877567	1000125993
50288539	1000172079
68954719	1000125283
70587360	1000041732
17688601	1000057842
66723397	1000133228
68954719	1000092932
153069336	1000003195
115130647	1000129479
177070843	1000172079
57685105	1000033535
14659051	1000046738
14351575	1000136025
56699979	1000034877
14202579	1000050526
25818139	1000010506
242447706	1000033423
27661959	1000139485
19233593	1000116676
16682506	1000109609
48933962	1000106088
87771546	1000037774
12998732	1000129479
9313022	1000117498
84404016	1000141394
5996402	1000063424
118279350	1000041732
17234024	1000139485
6604002	1000105872
17886882	1000131778
19380307	1000113464
173958524	1000029723
17648193	1000066400
134165449	1000047396
121296475	1000075725
154363792	1000129720
13019862	1000173086
16438885	1000033423
9463382	1000044315
19750255	1000042777
18957239	1000109609
16125731	1000130695
91889723	1000129479
56699979	1000129479
16999210	1000062338
22020453	1000081145
53236250	1000087836
55963	1000042988
18433412	1000116265
252274930	1000086786
117349852	1000029723
16682506	1000067800
20268299	1000105872
16856006	1000020159
384535985	1000018510
31237153	1000018510
87729173	1000080223
1491971	1000006970
14377387	1000127877
14660976	1000132132
16363082	1000116265
10203592	1000173061
15345111	1000044248
23148826	1000007990
7591562	1000041732
19292495	1000169179
20509649	1000172079
16363082	1000008067
60879007	1000109609
29993931	1000086786
26360899	1000133228
64069241	1000018510
20098260	1000092932
14659051	1000155596
294949330	1000086786
204749735	1000153261
15619589	1000074582
54806215	1000110006
23236865	1000107839
20026604	1000116265
36325964	1000127870
23236865	1000116265
18740669	1000102384
18522350	1000139485
35676929	1000129720
16669932	1000007028
15331207	1000124346
14308857	1000141394
28874345	1000105872
19838339	1000059639
21053653	1000087836
57325288	1000094911
16363082	1000169179
20332925	1000107839
16984358	1000104303
90366230	1000116265
23236865	1000116989
17576762	1000044873
18976948	1000113921
17464070	1000012015
7617502	1000105872
23236865	1000104518
153069336	1000006605
147298311	1000102569
14659051	1000150188
15881026	1000016150
79184073	1000035027
16803822	1000173086
24020949	1000059824
20649406	1000147736
16002412	1000159168
23871012	1000169179
113463725	1000031112
17769620	1000147736
32855657	1000107185
15351100	1000059824
84094747	1000092932
64783035	1000072064
60699802	1000139485
18977619	1000109609
170028171	1000086786
17576762	1000131147
130262012	1000041107
23148826	1000053914
136137625	1000029723
130860399	1000105872
22022795	1000094594
16747818	1000127877
72044205	1000133228
62359006	1000106420
43883192	1000116676
15805171	1000059824
113463725	1000105872
11422352	1000136025
162775226	1000086786
16339780	1000136025
19812671	1000163062
79563865	1000105872
20114488	1000059824
23457085	1000125283
21409122	1000148039
26360899	1000164912
59554328	1000105872
19233593	1000098976
26112027	1000033535
21744518	1000169179
21056214	1000105872
107986139	1000112098
14397546	1000033535
14162415	1000142011
14110750	1000059824
15938093	1000041732
24553095	1000152485
54858527	1000018510
24567568	1000169255
12707	1000044315
21259011	1000139485
31237153	1000155119
17464070	1000036788
14885496	1000102384
26392468	1000141394
285441837	1000127877
12195792	1000105872
37242870	1000106293
20649406	1000113921
14474034	1000059824
18692078	1000014696
87273337	1000136025
10221882	1000074582
6486752	1000102569
17576762	1000106088
21409122	1000109609
44636898	1000116265
17918491	1000059824
23613776	1000006970
22831992	1000104518
46716477	1000173086
20681651	1000081145
108353251	1000012015
15078266	1000050526
6840332	1000109609
74262901	1000105872
123702913	1000147736
19353750	1000141394
58219780	1000126257
58219780	1000003195
1501	1000061811
14592925	1000105872
74239482	1000048107
14565565	1000086786
16832685	1000041732
681333	1000113464
23457085	1000051654
3133251	1000174563
82932549	1000036788
17275604	1000136083
15070712	1000105872
22595031	1000116989
23588746	1000102384
16674691	1000156278
19812671	1000140116
84094747	1000057528
54806215	1000163062
85514383	1000010506
43933796	1000105872
18337224	1000105872
252922146	1000147736
94877567	1000116989
39488895	1000074582
18012833	1000106420
64783035	1000036788
19958283	1000020159
19396256	1000032784
14224219	1000105872
28874345	1000031112
57615926	1000033535
24644909	1000169255
18898232	1000163083
16674691	1000139485
5530472	1000018348
553151124	1000129479
25476249	1000113921
111523654	1000113921
243041690	1000117498
18812025	1000169255
40646766	1000024531
17882881	1000133228
15881026	1000041732
12740542	1000162486
43365692	1000148039
17783026	1000139485
19750255	1000033535
16322378	1000034940
153069336	1000148039
14178728	1000162486
12730882	1000031112
43872362	1000016738
76436811	1000105872
19622462	1000029723
153069336	1000013206
167380894	1000048122
22024874	1000150188
20649406	1000086786
17576762	1000148253
6604002	1000016150
84298716	1000144081
48933962	1000148253
18720686	1000086786
18408647	1000170754
18898232	1000109609
193208607	1000047396
19233593	1000153261
302121596	1000169179
5722742	1000041732
12196	1000156970
24644909	1000037652
12782472	1000127870
18922756	1000162792
13356642	1000105872
15646657	1000106293
38761811	1000105872
26392468	1000094911
15671066	1000107839
261227209	1000123537
189789436	1000056805
47346403	1000107839
15018214	1000136025
18720686	1000106420
9085252	1000136025
64333425	1000014943
106198153	1000175157
16674691	1000067800
134165449	1000129479
21182763	1000106293
20466609	1000163062
403901932	1000041732
936861	1000173061
18917156	1000169179
9537272	1000105872
3381691	1000126990
35908173	1000086607
42975647	1000139485
36617968	1000031112
6144362	1000105872
6840332	1000075725
14220606	1000162486
82504166	1000126480
56699979	1000033423
18233897	1000086786
14538913	1000044315
11744792	1000105872
25818139	1000104303
1277441	1000103219
24567568	1000010506
14067559	1000086786
19049162	1000107839
108353251	1000094911
54858527	1000014696
21053653	1000077795
313825894	1000147736
9085252	1000081912
74262901	1000041732
88130368	1000031112
17275604	1000007028
82504166	1000141394
147298311	1000105872
511121728	1000041732
34222931	1000106293
7104532	1000057842
154363792	1000129479
20091908	1000087836
21053653	1000156970
104489671	1000144081
145877218	1000156541
17228988	1000033535
19779667	1000105872
23238377	1000041732
261227209	1000046738
40671703	1000174563
21409122	1000164368
22346337	1000029723
18233897	1000106420
24026819	1000174563
18012833	1000041107
153069336	1000152485
63464344	1000033535
11965402	1000159168
167380894	1000051654
79683656	1000172079
313825894	1000056565
84404016	1000087256
48010265	1000104518
18235160	1000169179
6814192	1000167641
14544190	1000059824
27612936	1000116265
245470685	1000175216
20643889	1000037652
43883192	1000006605
9537272	1000024446
31407587	1000133228
153069336	1000092932
17234024	1000067800
20643889	1000082105
253955065	1000094355
301906836	1000133228
22024874	1000092932
13180092	1000172079
87771546	1000104518
81894512	1000046738
25948843	1000169179
94877567	1000093684
20466609	1000087836
68844371	1000034940
17167771	1000024446
36735522	1000142011
245588569	1000106293
190291868	1000104518
22024874	1000129720
16326742	1000152485
54858527	1000033535
14812771	1000127877
236109530	1000056805
17205884	1000145889
22605632	1000106293
14116222	1000148039
17413059	1000105872
28297041	1000169179
22020453	1000147736
153069336	1000129720
167429242	1000041732
64333425	1000035728
68954719	1000129479
18012833	1000067442
38984750	1000041732
14359507	1000105872
53789489	1000041732
5478442	1000117498
16657098	1000109125
68668098	1000029723
20888597	1000164912
14103291	1000041732
16522244	1000105872
54475994	1000029723
14306568	1000133228
19287097	1000041732
13862162	1000105872
13931982	1000167641
8346082	1000105872
19224252	1000116265
64069241	1000105872
81201609	1000014943
27612936	1000044052
83665015	1000035027
264825458	1000125237
89262754	1000024531
21199489	1000109609
31188700	1000136127
81801765	1000109609
18084906	1000024531
161390417	1000147736
291314617	1000018510
18740669	1000023920
38708614	1000155119
7331992	1000041732
258518140	1000018510
16979946	1000094911
12782472	1000006605
18189237	1000170440
18214171	1000140777
19151489	1000014943
386209891	1000081145
57685105	1000032784
25079164	1000033535
13118492	1000102569
84298716	1000047396
35305735	1000105872
148505770	1000059824
19809876	1000163062
43883192	1000067800
13067342	1000044315
788250	1000127870
99330079	1000139485
313825894	1000046738
81894512	1000034877
27612936	1000169179
11250	1000044315
40671703	1000129720
81432354	1000014943
15671066	1000061538
19812671	1000129720
15080902	1000041732
111523654	1000141394
12782472	1000003195
167932497	1000175216
75082770	1000163083
20574410	1000008608
17111442	1000155119
16799897	1000105872
82553416	1000163083
29993931	1000141394
20753669	1000014943
11740382	1000041732
26392468	1000086786
195621057	1000073672
31889268	1000169179
15280516	1000004059
18692078	1000032784
84404016	1000169179
87729173	1000147736
27612936	1000106088
81894512	1000155596
552733	1000162486
31407587	1000127877
40666602	1000107839
18168324	1000141394
11718	1000044315
15561776	1000018510
23372773	1000133228
48933962	1000125019
121296475	1000041164
19396256	1000112098
19507251	1000014943
16657098	1000012015
26112027	1000032784
40646766	1000141394
32855657	1000169255
20466609	1000129720
19809876	1000048122
16878507	1000036788
107986139	1000105872
18581017	1000098976
16362450	1000106420
87771546	1000093684
681333	1000044315
227455120	1000147736
14885496	1000158706
232676888	1000155308
211230952	1000164912
18742918	1000140777
336152977	1000129479
16542981	1000131442
51699786	1000169179
18912472	1000144028
18976948	1000157114
71317882	1000035728
23057736	1000131778
85461400	1000105872
18630326	1000148114
84094747	1000125993
16356796	1000169179
18812947	1000009905
17783026	1000109609
18715225	1000041732
31179985	1000087836
14069559	1000033535
32400124	1000172079
15431107	1000041732
24553095	1000126257
14069559	1000047396
18646010	1000164912
16372635	1000127877
9085252	1000044315
16362450	1000024531
21409122	1000125283
89041913	1000037652
35676929	1000094355
154363792	1000175216
16326742	1000109609
19347576	1000082668
18720686	1000024531
31664653	1000155596
84094747	1000116265
14397546	1000148039
73514272	1000041732
295939052	1000035027
15639110	1000112526
12567072	1000016150
50597693	1000010506
16669932	1000061538
20888597	1000169179
38318973	1000105872
17576762	1000125019
17769620	1000169255
14885496	1000169179
81894512	1000152485
39614123	1000106293
381876976	1000105872
31561072	1000024531
17111442	1000032784
18812947	1000105872
38395010	1000014943
223630097	1000139485
5380672	1000139485
147298311	1000018510
48669511	1000035728
67807033	1000018510
16743138	1000086786
62956260	1000105872
123702913	1000080223
87273337	1000037652
30972259	1000004339
22310859	1000102569
46501487	1000169179
18630326	1000152485
670843	1000044315
13594872	1000063424
195628239	1000073672
17769620	1000053914
153069336	1000130695
15584858	1000105872
14851991	1000169179
40891550	1000136025
17111442	1000072064
18012833	1000053914
9313022	1000076608
14554309	1000044315
6352152	1000127877
13088162	1000156541
41954598	1000044052
8202882	1000136025
91443637	1000127877
15292070	1000105872
20466609	1000037652
18646010	1000023920
204268773	1000153261
23148826	1000087256
46501487	1000141394
21076998	1000170754
12442992	1000041732
20398474	1000099553
29264684	1000127877
204000077	1000004059
38437420	1000127870
120154464	1000048107
18079495	1000116265
193208607	1000010506
28049003	1000096313
9212052	1000099553
38268441	1000105872
53236250	1000169255
83880850	1000041732
21053653	1000169255
167932497	1000125237
15671066	1000126480
10778152	1000164912
9340912	1000169179
10682202	1000044315
7195062	1000029723
252795535	1000041732
26112027	1000139485
7233772	1000059824
187323360	1000046738
38424051	1000148039
20953935	1000164912
171420027	1000041732
193208607	1000025988
23236865	1000169179
8308622	1000156970
309605958	1000041732
119908470	1000087836
18943764	1000158706
18103476	1000127877
14271691	1000032784
57325288	1000141394
57615926	1000103242
15698507	1000059824
113254439	1000041732
18976948	1000141394
14649689	1000041732
19203411	1000105872
75082770	1000116676
20787623	1000094594
24121791	1000031112
38424051	1000112526
15080902	1000105872
20091908	1000077795
104489671	1000136083
271176554	1000159168
18630326	1000087836
14278468	1000032784
60879007	1000137018
162775226	1000104464
20466609	1000010506
18646010	1000102384
21744518	1000172079
28774039	1000013991
22020453	1000157439
15322256	1000004059
94877567	1000073061
252795535	1000105872
64590892	1000041732
57615926	1000094735
18898232	1000034877
31179985	1000156970
84404016	1000172079
23148826	1000169179
289091220	1000029723
100614511	1000116265
20643889	1000102384
49086693	1000148039
11794902	1000153261
117776588	1000011399
38987508	1000105872
387186414	1000105872
14823126	1000086786
117776588	1000109609
19353750	1000044873
18630326	1000016738
60668729	1000164912
9537272	1000127877
24181001	1000122930
11224342	1000063424
285441837	1000036788
28124550	1000129720
12725022	1000162486
14538541	1000053419
309605958	1000105872
94325602	1000029723
108838926	1000024531
22022795	1000109609
18812025	1000164912
1008591	1000104303
81501774	1000014943
29993931	1000086607
18957239	1000013206
33596483	1000092932
14108346	1000059824
18717527	1000031112
36325964	1000016150
24567568	1000087836
36325964	1000042777
58219780	1000163083
161390417	1000004059
253955065	1000147736
22022795	1000066400
80552291	1000105872
81501774	1000065600
31889268	1000024496
67372632	1000102384
42663679	1000152485
20643889	1000087836
7249822	1000172079
27661959	1000109609
34783473	1000059639
255802087	1000147736
235312180	1000075725
15921114	1000044315
58441079	1000149074
14337677	1000105872
89041913	1000156970
28297041	1000141394
386209891	1000147736
227775362	1000106293
72903	1000104303
113463725	1000147736
30520303	1000035027
56699979	1000094735
20098260	1000156278
16326742	1000060923
30520303	1000065600
67807033	1000099553
18812947	1000041732
21613977	1000169179
22269151	1000169179
17415916	1000086786
29993931	1000107839
18581017	1000116676
18898232	1000148039
16363082	1000172079
25079164	1000018510
37575978	1000096313
30090879	1000105872
22893572	1000130695
111492860	1000041732
18898232	1000116676
20597896	1000059639
104489671	1000129479
12567072	1000110006
10682202	1000113464
19347576	1000175157
17648193	1000109609
15080902	1000009905
104489671	1000093729
12193882	1000031112
21728134	1000152485
44144016	1000025988
22024874	1000094911
247904541	1000106293
17516821	1000104464
222505706	1000072125
18012833	1000172079
24644909	1000129720
33456706	1000106293
42639788	1000136025
279055096	1000148114
18952022	1000105872
16101560	1000004339
99727844	1000105872
16674691	1000013206
12782472	1000016150
57325288	1000140931
18867883	1000158706
313825894	1000107185
36325964	1000137018
1277441	1000060923
17402697	1000082668
4838281	1000041732
113463725	1000127877
74480870	1000018510
3030301	1000086607
193208607	1000109609
6688272	1000143678
21613977	1000164912
13735572	1000031112
306541147	1000133228
21778405	1000143678
21409122	1000102705
265650538	1000041732
20091908	1000147736
79683656	1000104518
38763817	1000031112
302382963	1000011216
11000562	1000057842
92525197	1000059824
11661	1000144028
25079164	1000032784
167380894	1000110006
27612936	1000157114
121296475	1000109609
21409122	1000100742
375524989	1000127877
19353750	1000126480
16453001	1000157114
18562064	1000102384
7423512	1000063424
49086693	1000048580
10860762	1000076608
10336822	1000057842
17228988	1000065538
84404016	1000126480
15881026	1000018510
17769620	1000056565
117776588	1000152485
99330079	1000148039
18384469	1000067442
15868506	1000037774
6608332	1000041732
25461274	1000010506
29631105	1000133228
17783026	1000140116
15539347	1000059639
18720686	1000093684
18168324	1000113921
23236865	1000141394
28297041	1000094911
104268834	1000105872
28297041	1000113921
185504488	1000118403
6588842	1000041732
39460101	1000077610
106198153	1000129720
79005580	1000133228
62059086	1000044873
121296475	1000129479
