5773532	1000083742
130962408	1000147498
20437286	1000159246
130249527	1000082298
29842329	1000082298
11913152	1000159922
18993395	1000025178
89756441	1000043658
215444266	1000081806
14326420	1000148266
13577212	1000027886
8091052	1000127900
3321441	1000083742
19939261	1000111359
21817105	1000172298
239760107	1000085237
823525	1000162350
723713	1000082298
80468100	1000147498
17941967	1000083742
34041776	1000017641
7079062	1000075543
117848769	1000099827
22409200	1000082298
2627491	1000026269
131970530	1000059035
18475300	1000175381
6601622	1000013610
29561751	1000082298
6281792	1000026269
116324294	1000159246
19370748	1000027507
14346923	1000071802
234903540	1000159246
23800248	1000002681
2589661	1000083742
27031592	1000130069
5644962	1000162350
16824850	1000028544
22335214	1000083742
126412041	1000023459
16218155	1000082298
2230871	1000092768
1194401	1000118290
51073322	1000001257
1397311	1000043496
15555645	1000083742
22222761	1000082298
101019485	1000159246
62979208	1000082298
105019721	1000047250
15627381	1000144896
516796074	1000043658
19363528	1000049602
19918047	1000159246
82177280	1000088922
23580829	1000083742
13337652	1000162350
137502234	1000175381
47981900	1000103070
87969079	1000082298
14546414	1000082298
128358431	1000159246
101894071	1000083742
175114748	1000159246
283437893	1000047250
398210739	1000049602
18967559	1000082298
35507751	1000051032
18440972	1000028182
129267848	1000046813
17351189	1000033782
18440972	1000071802
13577212	1000070988
254749514	1000159401
20543008	1000133092
45590904	1000041864
23480093	1000132968
8940282	1000173477
254280897	1000079558
56767953	1000025207
259365099	1000082298
508128621	1000016708
23944104	1000001021
41585752	1000144664
121234329	1000082298
53297035	1000082298
80720852	1000082298
20632796	1000017641
40537202	1000082298
26053643	1000082298
159179153	1000158576
15712812	1000158702
14935647	1000046813
18619404	1000082298
333709376	1000063687
16494857	1000067782
260417055	1000082298
14553055	1000173477
67157376	1000175381
130339829	1000082298
35746423	1000027507
19220724	1000079642
27869790	1000082298
295472423	1000082298
732773	1000092768
18156146	1000115688
25938326	1000055956
128135741	1000016708
31197668	1000158576
6140	1000162350
15386819	1000083742
17667742	1000099827
31045542	1000142912
127609430	1000001257
315591599	1000082298
16453094	1000028544
36795587	1000013610
7552082	1000005620
25830175	1000008329
162770758	1000028544
222879842	1000027886
14266435	1000070988
125689063	1000082298
25007344	1000027886
27720205	1000049602
9670952	1000083742
200163448	1000082298
759147	1000013610
23797102	1000083742
26065993	1000083742
3679651	1000008329
241382835	1000082298
33233	1000173477
14366992	1000013610
98065221	1000173477
23161445	1000098450
17457839	1000055956
14130054	1000083742
50735431	1000112752
18785089	1000112536
8892822	1000082298
26179487	1000023459
14453798	1000083742
2593511	1000083742
14877628	1000142912
129091245	1000082298
3242491	1000083742
14124059	1000172298
15446473	1000082298
405323682	1000063687
69480815	1000001021
14154172	1000079642
92807448	1000082298
84653539	1000037259
10373972	1000082650
1249431	1000083742
20344826	1000099827
14945780	1000013610
12741	1000073711
14517343	1000028544
22227611	1000014297
21149090	1000082298
11283392	1000162350
30528575	1000083742
32639070	1000110781
29743723	1000168335
108341871	1000071802
26813101	1000014297
77222430	1000062535
11907412	1000115801
16865502	1000026269
22486728	1000049602
17431046	1000083742
238253619	1000099827
1124531	1000083742
9500062	1000083742
15681992	1000103070
282282694	1000133993
14220205	1000162350
25025035	1000082298
18131961	1000074746
35520084	1000118235
14921836	1000083742
93654953	1000082298
36249985	1000101895
21600144	1000082298
19471361	1000008329
21611688	1000101895
88758412	1000118235
199831776	1000127948
5469072	1000083742
46382917	1000048428
250840124	1000082298
17944084	1000083742
322783960	1000082298
16406096	1000112536
15104219	1000083742
18151756	1000059035
15644019	1000083742
18481585	1000162350
14274132	1000082298
92367751	1000082298
18819691	1000083742
29743723	1000133092
17431236	1000070988
99661289	1000082298
30917386	1000014334
8418982	1000162350
14238795	1000013610
72937903	1000077700
14312962	1000162350
57435204	1000082298
3824401	1000083742
22299816	1000083742
24083901	1000082298
125155743	1000082298
16912257	1000175381
18181487	1000083742
70435204	1000062395
14721244	1000082298
48903	1000005620
4065921	1000083742
353216771	1000083742
3954801	1000075543
754655	1000172298
356663	1000073711
68450853	1000082298
98424448	1000013610
13455472	1000079642
17355523	1000017584
234087758	1000075543
35175054	1000082298
5984072	1000013610
142690048	1000140042
97486589	1000162350
32102005	1000081806
9389142	1000132968
118626543	1000154873
372968469	1000172298
26151564	1000082298
14973377	1000082298
16366923	1000083742
16453094	1000083742
21884027	1000028544
40829802	1000083742
72349563	1000025178
18285245	1000083742
101824729	1000159922
81653349	1000082298
41368212	1000028544
16620800	1000083742
51951241	1000081806
7036232	1000094127
56620346	1000083742
23618603	1000083742
5644962	1000105279
80127034	1000082298
997	1000013610
259425300	1000082298
153635149	1000082298
22959707	1000159246
45175547	1000051032
22900797	1000017584
153216247	1000082298
18743187	1000144912
6085372	1000083742
35746423	1000103070
12695752	1000082298
38360490	1000085237
39511166	1000133993
26642006	1000082298
14152810	1000071802
372968469	1000016708
279720230	1000109934
19313250	1000023459
83256764	1000086927
222616153	1000082298
253839329	1000075543
117252513	1000075543
194063707	1000083742
21071072	1000033782
6046132	1000083742
14747507	1000082298
127653518	1000028544
180881713	1000083742
6016612	1000134558
26871774	1000082298
24516804	1000082298
180680636	1000082650
23826919	1000070988
8070502	1000172298
852301	1000083742
15385189	1000133471
128957132	1000081806
15199325	1000173477
31353077	1000099827
16689096	1000080951
31377059	1000082298
45156251	1000080951
27051222	1000082298
16285517	1000028544
33266813	1000028544
224915605	1000082298
22453	1000013610
22272553	1000082298
199389614	1000159401
157873303	1000083742
19737483	1000173477
166200173	1000014297
28722687	1000082298
90202167	1000082298
14550264	1000079642
66668490	1000082298
16453765	1000046813
720843	1000110781
17258656	1000162350
234640701	1000083742
88996186	1000173477
50957071	1000144912
15666380	1000098450
11136132	1000162350
1633681	1000070988
37095671	1000082298
17222954	1000071802
28756240	1000082298
13894102	1000083742
91396570	1000082298
36602488	1000082298
1265091	1000082298
14173833	1000083742
3062761	1000083742
26362236	1000059035
18360994	1000156445
264474635	1000118235
2065521	1000118290
23989491	1000014297
4829901	1000013610
1801791	1000162350
17222954	1000028182
66354293	1000144664
3749371	1000083742
46840753	1000162350
76884790	1000082298
114536165	1000082298
27644378	1000014297
137901003	1000028544
254104119	1000168335
17978616	1000099827
3042321	1000083742
130820104	1000017584
19167552	1000082298
18499229	1000083742
10753362	1000083742
160994217	1000159246
205045456	1000002681
15319941	1000082298
51259108	1000067782
38108873	1000127900
77345438	1000082298
34244280	1000115801
14260840	1000082298
50498805	1000082298
19760382	1000017584
15787709	1000082298
15384241	1000162350
42161632	1000082298
193126850	1000158702
279720230	1000043496
19588385	1000154873
41431431	1000099827
260349318	1000082298
20682302	1000142912
30345417	1000083742
22113099	1000082298
26956786	1000082298
14935647	1000028544
18370918	1000013610
15251260	1000082298
26642006	1000159246
14688086	1000115801
36778012	1000082298
94425545	1000159922
49745151	1000070961
42175523	1000082298
23128314	1000175314
32667044	1000081806
17827085	1000041864
39548993	1000118235
17893290	1000082298
10877	1000173477
18897815	1000028544
34378367	1000117218
1847381	1000172298
82739599	1000082298
2757281	1000083742
87697628	1000062535
19848777	1000139497
15555645	1000028544
8126322	1000082298
12294012	1000083742
19578471	1000008329
21027466	1000099827
1194401	1000162350
15094420	1000082298
27744480	1000082298
86823765	1000082298
204424857	1000075543
16284697	1000014334
1397311	1000109934
16152151	1000162350
24931027	1000099827
3473611	1000083742
216897428	1000159401
59054214	1000028544
25318477	1000159246
19866631	1000028544
15291335	1000079558
7450992	1000130069
28453669	1000025207
125457349	1000082298
43039340	1000028544
14407823	1000159246
16524385	1000083742
9446502	1000172298
22872643	1000082298
86361766	1000103070
18208354	1000082298
22605665	1000083742
7144882	1000067782
3380291	1000083742
7159422	1000083742
33041426	1000082298
14118444	1000092768
20632796	1000017584
19424888	1000067782
6724092	1000083742
35082414	1000083742
12838532	1000070961
20474841	1000082298
7420772	1000083742
124560973	1000013077
15782804	1000029922
274318725	1000067782
55451954	1000082298
18393166	1000083742
7036232	1000144896
232912682	1000028544
26403506	1000082298
16278375	1000082298
62925053	1000057761
33774798	1000041864
77028545	1000111359
38259087	1000082298
120232348	1000124774
17464581	1000041864
18826638	1000083742
18174861	1000103070
1035491	1000151319
15775214	1000147498
8541492	1000083742
15555645	1000046813
152930516	1000151319
219682445	1000099827
16099472	1000082298
16212913	1000082298
15841965	1000082298
61541963	1000118235
130590426	1000017584
450929005	1000025178
189725408	1000082298
112758378	1000082298
232762581	1000016708
59974294	1000016708
14773506	1000082298
104268166	1000082298
91292413	1000026269
25125978	1000048428
86361766	1000027507
47719591	1000057761
5708702	1000148266
156860038	1000127900
3954801	1000083742
22789766	1000025207
17850456	1000049602
6243662	1000134558
18278524	1000082298
10022832	1000082298
9108552	1000105279
17837984	1000082298
14690813	1000156445
131943096	1000175314
37240298	1000159401
45445539	1000082298
166853688	1000127948
45067533	1000159922
227341921	1000130069
17272055	1000082298
14239496	1000077700
1548841	1000083742
10260682	1000071802
58462957	1000140042
16099472	1000083742
10260682	1000086927
20353192	1000147498
15269276	1000142912
27031592	1000133471
83926599	1000103070
46746458	1000118235
61420787	1000082298
223264020	1000067782
15423373	1000082298
1194401	1000105279
755756	1000082298
197141866	1000082298
11224342	1000026269
28235685	1000016708
190929713	1000062535
16665419	1000013077
14456200	1000083742
2008761	1000029922
15627381	1000094127
22121627	1000075543
144735154	1000013077
86734680	1000071802
59238436	1000159246
14220046	1000082298
14995806	1000082298
23372997	1000115688
219720172	1000083742
2331211	1000083742
40050616	1000124774
273904150	1000088922
71298807	1000062395
211230952	1000082298
30905120	1000139497
16519812	1000074746
14740219	1000082298
15420011	1000071802
15004311	1000070988
45117669	1000082298
26955321	1000127900
20397258	1000083742
19884282	1000025178
127609430	1000144664
15446126	1000117218
74175429	1000127900
166330225	1000013610
107563743	1000037259
18767931	1000127900
116324294	1000025207
17732153	1000099827
178456134	1000112752
46840753	1000105279
