18141963	1000124406
17431236	1000107254
14992890	1000131845
14366976	1000012349
374887853	1000002625
25340149	1000079907
294846486	1000079907
113576014	1000062292
113714296	1000079907
64455099	1000124406
442371738	1000079907
197194092	1000079907
225252559	1000092181
415752096	1000173453
347795199	1000079907
4400681	1000060825
19848777	1000033518
86336234	1000107254
276551208	1000079907
1154511	1000016997
115523535	1000040061
16793368	1000092181
105019721	1000138338
22722452	1000085734
8881	1000114001
15112961	1000124406
217566245	1000002625
57703239	1000107254
18825668	1000043523
18992997	1000093539
60491491	1000152853
13398422	1000119998
10035342	1000164692
175865603	1000138338
130650476	1000038717
52742774	1000175963
442367757	1000079907
21611688	1000175393
348093124	1000079907
221104583	1000139802
263738601	1000079907
101915429	1000012349
30905120	1000033518
20170060	1000096515
14310583	1000131845
125359195	1000079907
240516866	1000058611
19469924	1000107254
30970675	1000148815
63006299	1000136727
323472869	1000079907
21682534	1000076058
47161442	1000002625
384685422	1000079907
166299213	1000175963
141279345	1000151800
198675113	1000079907
218540692	1000092088
14595502	1000058611
242897817	1000124406
220006826	1000139802
15433939	1000036513
14677117	1000093539
286323733	1000079907
316111372	1000079907
15053949	1000033520
11446092	1000152853
110315478	1000079907
32639070	1000085408
269248034	1000079907
15013234	1000107254
52863597	1000107254
201470714	1000079907
14586723	1000041586
113766686	1000112444
14536491	1000124406
95941018	1000068668
435674654	1000079907
114284807	1000043523
14848426	1000124406
197194092	1000002625
20747847	1000124406
86280347	1000107254
299324845	1000002625
95941018	1000092181
7620312	1000016997
272275628	1000038717
158874150	1000079907
355963028	1000079907
376865400	1000079907
39609441	1000079907
223297575	1000038717
799316	1000043523
1620241	1000001198
27948253	1000095347
20900082	1000079907
415752096	1000169794
192030194	1000079907
15010721	1000107254
24577300	1000007756
21793918	1000136727
18107886	1000085408
15648137	1000043818
839321	1000032153
6633692	1000107254
91040139	1000119998
14935647	1000124406
53858029	1000107254
15465130	1000012349
75914508	1000079907
162705856	1000079907
22728255	1000151800
285359479	1000089848
17533559	1000033520
330921167	1000107254
255392715	1000114001
15870918	1000079907
20216011	1000107254
56397733	1000037202
244769691	1000124406
372611428	1000079907
58291529	1000096515
20123620	1000124406
467805130	1000062292
49673103	1000112444
127958577	1000107254
52948662	1000107254
257698065	1000079907
75008697	1000107254
15535081	1000107254
73446048	1000079907
220006826	1000028250
789286	1000107254
25952851	1000002625
144320202	1000002625
54917026	1000040061
314049912	1000079907
36249985	1000175393
49105052	1000002625
5768632	1000148815
47161442	1000079907
21870651	1000089848
1585	1000032153
183814521	1000107254
60698319	1000089848
443940778	1000079907
415752096	1000030869
89617904	1000107254
56397733	1000124406
73058561	1000038717
57518312	1000079907
374887853	1000079907
10202	1000164692
162749920	1000038717
22977196	1000012349
25904560	1000079907
747863	1000024747
284699165	1000079907
27641634	1000037202
14266435	1000107254
127578389	1000079907
26569855	1000092181
15535730	1000043818
20201427	1000136727
118253507	1000107254
14680797	1000107254
754556	1000175393
15845496	1000175393
41712825	1000107254
21793918	1000035980
10669942	1000041586
22272553	1000085734
221104583	1000028250
171649753	1000002625
392518254	1000079907
393000195	1000079907
13777782	1000043523
375407274	1000079907
267350635	1000107254
210162496	1000079907
31257471	1000030869
15633023	1000107254
6941842	1000043523
21687784	1000079907
28135572	1000079907
52081613	1000038717
349757265	1000107254
367300163	1000079907
158179658	1000079907
11183772	1000036513
39164896	1000001198
226987914	1000107254
15000340	1000076058
21436558	1000092181
417407285	1000079907
14411797	1000012349
85459800	1000037202
20201427	1000035980
21436558	1000068668
28108411	1000092181
22705686	1000079907
296609425	1000098436
144278115	1000079907
217566245	1000079907
164409606	1000079907
12199652	1000060825
128995532	1000079907
171649753	1000079907
14129601	1000043523
272085393	1000107254
123655316	1000098436
314049912	1000002625
31067157	1000124406
27630891	1000092088
356642631	1000079907
16900850	1000012600
8419232	1000043523
43076364	1000079907
2800521	1000079838
52361963	1000079907
22117687	1000107254
23435890	1000007756
23135992	1000012600
11224342	1000001198
144320202	1000079907
739223	1000024747
14871640	1000095347
219370782	1000079907
9431932	1000079907
132736650	1000079907
367300163	1000002625
46202236	1000079907
49465463	1000060825
85459800	1000124406
24724740	1000012349
35726059	1000079907
77175478	1000041586
505199710	1000079907
49105052	1000079907
8925602	1000043523
19519349	1000079907
259074185	1000062292
245582985	1000079907
231893190	1000079907
214216144	1000079907
90739121	1000079907
18886119	1000038717
174889139	1000038717
26161908	1000079907
19478383	1000012600
31257471	1000169794
131244360	1000107254
8226492	1000079907
31257471	1000173453
19341014	1000043523
25952851	1000079907
271324176	1000079907
14130107	1000079838
23664028	1000012600
47314880	1000012349
12863602	1000098436
381104782	1000002625
240344271	1000079907
9431932	1000037202
822284	1000041586
316111372	1000002625
265021248	1000079907
299324845	1000079907
451905071	1000089848
18282577	1000136727
35701370	1000079907
21272932	1000043523
221234546	1000028250
408156796	1000079907
17560063	1000107254
14387542	1000060825
