26214290	1000076902
3291841	1000034747
60094114	1000056656
1455001	1000105152
154579089	1000046897
121826856	1000020720
51643837	1000020720
82939583	1000034747
9955112	1000130263
71331671	1000162722
10237	1000012193
15564022	1000124140
18254355	1000020720
30863	1000050390
15258540	1000061357
39264421	1000028714
21139132	1000036289
18744189	1000166738
94568228	1000073386
26320150	1000017168
44561295	1000137132
36018090	1000050780
21904217	1000034747
16175118	1000020720
5506012	1000060407
15903746	1000053786
202003	1000134561
16594064	1000059285
29247964	1000084641
209154676	1000171381
755756	1000012193
5803082	1000125991
1000591	1000060407
14347790	1000122896
33940986	1000036953
81909428	1000057582
8692972	1000034747
17033125	1000076902
14528221	1000028714
23942354	1000052735
304649218	1000038230
14246001	1000111904
33063	1000052428
14217624	1000130263
111523654	1000011831
15279429	1000034747
14655295	1000056656
14840869	1000034747
18892183	1000035811
1211311	1000028714
25756519	1000073386
14208611	1000053786
23919657	1000035811
15873841	1000053786
259387453	1000034747
1586501	1000125991
48313845	1000034747
181769496	1000124140
177310174	1000146305
799645	1000130263
36941793	1000173715
59624844	1000046897
107516840	1000020720
75713796	1000034747
15873841	1000073386
15004311	1000146305
75193883	1000034747
17809581	1000073386
15272024	1000051544
10191272	1000162722
17941825	1000146305
360838772	1000073386
24479656	1000130263
8876232	1000146305
16158636	1000130263
2565	1000012193
14724347	1000125675
2039761	1000012193
48946627	1000020720
1642921	1000013453
17106279	1000137132
11739662	1000125991
48698650	1000126427
26829539	1000034747
36770749	1000130263
56359115	1000053786
46195370	1000034747
132948409	1000020720
23815359	1000059285
21319630	1000034747
18307251	1000034747
91382753	1000130263
34620751	1000059285
15332302	1000124140
883301	1000012193
88340943	1000034747
16000318	1000106351
46114108	1000053786
196413641	1000034747
29844579	1000034747
469718467	1000020720
93906304	1000106351
101879887	1000034747
19737094	1000111904
19596074	1000011831
41644887	1000034747
15142243	1000059285
3713811	1000012193
221185711	1000073386
432758345	1000034747
168302112	1000034747
62533012	1000034747
33658564	1000162722
18843259	1000079139
45590904	1000056656
338380084	1000034747
36045367	1000146305
50680206	1000020720
20941681	1000012193
19289396	1000053786
14256927	1000125675
46241448	1000034747
14328339	1000168682
98997127	1000053786
20798630	1000034747
1233111	1000012193
16063378	1000105152
20115499	1000106351
20855746	1000061357
18012833	1000011831
14415108	1000034747
106423037	1000020720
5870082	1000012193
19928703	1000105152
21111715	1000157113
8479062	1000012193
86280347	1000146305
16349559	1000034747
17221189	1000034747
24180370	1000053786
177378039	1000168682
44886859	1000062677
42906429	1000153489
46241448	1000046897
852301	1000141026
2713951	1000137132
322885672	1000124140
202623127	1000166738
83220932	1000130342
19289396	1000105152
56352678	1000012193
18263843	1000153966
15510569	1000105149
9254272	1000017168
17001189	1000130263
15510569	1000052428
15321506	1000137132
9151842	1000012193
10312392	1000050390
33571670	1000157113
62059086	1000011831
16019597	1000020720
143669316	1000034747
11439162	1000130263
218946982	1000053786
16574570	1000106351
14046943	1000012193
71956658	1000046897
17469332	1000113977
531559937	1000076902
152445382	1000130342
26392468	1000011831
10314702	1000024656
179340633	1000153489
26601490	1000020720
14415108	1000073386
24578634	1000124140
12804422	1000059285
5803082	1000012193
346600687	1000153489
16652792	1000012193
31889268	1000011831
137820052	1000038230
1305941	1000060878
25629019	1000035811
19086456	1000137132
767396	1000024656
131351549	1000034747
436829918	1000034747
18679467	1000004358
17219108	1000071663
16536215	1000020720
14228346	1000007691
9254272	1000113977
202003	1000105152
255836353	1000011831
19182474	1000013453
124801593	1000141026
15727507	1000017168
15903746	1000105152
30459621	1000124140
19134143	1000011831
17298249	1000130893
16841374	1000034747
277595625	1000034747
29785854	1000153489
22207520	1000020720
517689596	1000146305
796742	1000035811
17105214	1000130263
157838902	1000106351
12229172	1000034747
5877292	1000162722
502281810	1000034747
14962080	1000162722
107516840	1000153489
35741532	1000050780
15367053	1000059285
1660111	1000028714
37371226	1000034747
42964481	1000118479
19086456	1000106680
15655027	1000053786
230021284	1000034747
14353392	1000073386
50652184	1000157113
15407699	1000106351
14655351	1000059285
103909707	1000073386
26813101	1000046897
547172871	1000011831
19923144	1000137132
131014445	1000073386
46678012	1000038230
14208611	1000105152
83710425	1000017168
25179560	1000105138
297595216	1000153489
22414197	1000124140
19360730	1000113977
414236565	1000073386
14718218	1000034747
16312316	1000125991
41954598	1000011831
11781142	1000020720
818155	1000162722
54402700	1000118479
58829577	1000073386
48259431	1000059285
48263	1000124033
746323	1000146305
37884847	1000073386
14801863	1000134561
15127748	1000059285
13894102	1000141026
154221292	1000034747
29807718	1000052735
22269570	1000004358
70556127	1000051544
17494046	1000137132
104996918	1000020720
109715718	1000083776
14401912	1000105152
756975	1000017168
27716402	1000137132
82853372	1000146305
393445216	1000034747
15903746	1000012193
15655027	1000073386
32765534	1000034747
15769327	1000046879
14575107	1000034747
16102671	1000130263
19579999	1000034747
75814130	1000073386
43074937	1000028714
22586386	1000034747
195911896	1000110790
28404196	1000137132
185308330	1000020720
21119820	1000007691
8938252	1000113977
453720662	1000051544
19837036	1000020720
8194122	1000028714
14712874	1000012193
26259480	1000005689
42040091	1000137132
281196299	1000162722
46114108	1000105152
107266564	1000034747
5943422	1000012193
2569261	1000146305
15655027	1000105152
38190358	1000145160
1502111	1000017168
16284386	1000171381
229154336	1000105138
101875332	1000157113
246493616	1000171381
38366272	1000124140
29031793	1000051544
18919273	1000046879
188489537	1000034747
18638800	1000012193
120943272	1000034747
6001592	1000124033
14677919	1000020720
201711826	1000073386
76385990	1000012193
18228075	1000017168
77998729	1000020720
16595732	1000011831
262275490	1000034747
16032446	1000073386
21238039	1000173715
418	1000124033
7325452	1000137132
48644970	1000057582
88049417	1000145160
14202711	1000020720
113134752	1000034747
2140521	1000060878
794340	1000053786
19720714	1000110790
794340	1000105152
14208611	1000073386
14726984	1000052428
15947648	1000106351
213670984	1000073386
19086456	1000017168
40732410	1000130263
9300262	1000111904
44820773	1000073386
45673	1000050390
17494046	1000106680
214589522	1000168682
53374954	1000035923
46279004	1000020720
19930345	1000011831
763446	1000052428
84499860	1000137132
252367584	1000125991
83069345	1000153489
18399652	1000073386
16929520	1000137132
18976948	1000011831
256554165	1000105152
26218878	1000011831
57424032	1000130263
648	1000012193
15057943	1000020720
818155	1000052428
196843248	1000050390
14267393	1000020720
19049162	1000011831
14290222	1000035811
414998937	1000073386
6477852	1000130263
14984096	1000034747
18720686	1000011831
16990308	1000034747
13436432	1000125991
86336234	1000146305
528	1000012193
41338503	1000038230
38934368	1000034747
14399483	1000153966
17436250	1000137132
23490670	1000124140
18254355	1000059285
205754331	1000012193
94203832	1000073386
60179528	1000130263
44682832	1000145160
43514656	1000130263
45629136	1000028714
24189159	1000172421
17494046	1000017168
2018311	1000056656
273060588	1000035923
56814021	1000038230
63380057	1000061357
480930665	1000034747
19412366	1000020720
1966	1000012193
16356344	1000146305
779715	1000130263
15944436	1000122896
16530573	1000105152
40623024	1000028714
23070306	1000059285
626973	1000052428
15225127	1000034747
13039372	1000106351
82017157	1000130263
28699250	1000034747
19988587	1000020720
22013442	1000113977
15899658	1000141026
687613	1000052428
17388955	1000034747
256554165	1000073386
25042112	1000153966
247799723	1000141026
16267101	1000020720
24257591	1000034747
314585181	1000146305
16594064	1000020720
11041	1000012193
817166	1000162722
28744383	1000034747
21088957	1000130893
169477894	1000020720
17802647	1000130263
2529971	1000012193
18907865	1000073386
7446452	1000141026
149972576	1000141026
15857462	1000104922
29999221	1000113856
19398142	1000125991
157818542	1000034747
15857462	1000168682
32138488	1000145160
62518650	1000036953
117442888	1000034747
2852911	1000012193
15868506	1000011831
65853539	1000011831
371466354	1000034747
237845487	1000168682
138072063	1000110790
14472428	1000012193
80149492	1000125991
14670548	1000012193
234906656	1000073386
60395840	1000153489
27051975	1000059285
45500027	1000083776
14328339	1000104922
16371487	1000113977
30855079	1000073386
58829577	1000153966
28318908	1000106351
29247964	1000034747
292995395	1000034747
15199296	1000020720
15931605	1000079139
30662150	1000073386
62533012	1000106351
15391142	1000056656
14415108	1000084641
15485242	1000130893
85216698	1000034747
1424001	1000017168
15554080	1000012193
15866188	1000020720
32652567	1000130263
19637761	1000017168
22409200	1000035811
106418930	1000125991
18062400	1000020720
372765570	1000051544
9270952	1000052428
9917552	1000145160
31119337	1000034747
11969	1000012193
130540077	1000020720
231469134	1000153966
5848412	1000012193
32140588	1000137132
256554165	1000053786
256596567	1000034747
9863222	1000012193
16092470	1000153966
38711721	1000073386
16530573	1000073386
245220581	1000111904
531574750	1000157113
92807448	1000130893
15910041	1000153966
289659449	1000162722
18206161	1000012193
418	1000113856
2523231	1000062677
7111512	1000012193
46840753	1000028714
26368049	1000011831
14133447	1000034747
27642957	1000034747
15727578	1000017168
28104897	1000059285
21515310	1000005689
143412135	1000146305
8584	1000105149
88340943	1000020720
83649051	1000130263
16116995	1000076902
7434272	1000028714
75541607	1000034747
112497901	1000034747
54991079	1000011831
46501487	1000011831
14241468	1000028714
18789373	1000034747
20530770	1000130263
386251278	1000153966
64823914	1000034747
204472178	1000036289
103902438	1000071663
93729105	1000126427
22211521	1000153489
43289545	1000034747
143812589	1000020720
16284386	1000172421
12419022	1000028714
2317861	1000130263
96184837	1000038230
54092452	1000153489
18079495	1000011831
1374411	1000012193
284071322	1000011831
