33515703	1000164243
1000591	1000105767
101938691	1000164243
17501549	1000028457
17811689	1000156036
22068282	1000168184
27118364	1000156036
14658806	1000164243
17171111	1000164243
14957139	1000164243
27606372	1000088233
175577355	1000154371
3713811	1000055025
390377012	1000156036
11407672	1000154371
15912884	1000169842
112768135	1000126087
44217174	1000047765
39264421	1000028714
19335591	1000038841
17897744	1000080967
245424983	1000156036
14177966	1000164243
47665691	1000164243
1186	1000169842
26320150	1000017168
877421	1000056270
60273	1000002264
7166182	1000065571
8095292	1000164243
42959221	1000164243
224841959	1000156036
35764723	1000084598
1374411	1000055025
34923403	1000164243
16083576	1000093819
25453503	1000164243
175249089	1000164243
18646108	1000164243
65682128	1000154371
1132291	1000154371
666073	1000154371
14615324	1000154371
253850570	1000164243
119813269	1000154371
1000591	1000056270
16299627	1000091709
18189237	1000056270
18989685	1000164243
59010637	1000064280
195785338	1000156036
648	1000035806
419356073	1000154371
17568500	1000175074
6889982	1000166976
8525402	1000154371
15151381	1000164243
16242081	1000055025
12468982	1000055025
11207682	1000156036
191916463	1000055025
127910823	1000156036
16063378	1000154371
21871522	1000154371
14528221	1000028714
1586501	1000154371
90746809	1000093819
17626337	1000022020
19918047	1000164243
17625522	1000164243
372917532	1000025168
7650782	1000091637
29294520	1000101401
1211311	1000028714
11232732	1000064867
1436851	1000164243
127910823	1000164243
15460572	1000164243
18768305	1000154371
23749409	1000077649
61842249	1000006921
988911	1000164243
17898187	1000101401
215375517	1000064867
2695901	1000055025
21778016	1000164243
48263	1000105767
418	1000154371
1295001	1000154371
246972341	1000164243
2695901	1000033817
14172562	1000088233
22123727	1000164243
113794916	1000156036
10427562	1000018867
8834992	1000055025
22049097	1000156036
75944553	1000164243
16630098	1000064867
62287003	1000060640
376363	1000056270
28384755	1000164243
90746809	1000091709
16686144	1000012862
4829901	1000154371
8438932	1000154371
14368074	1000154371
20009906	1000088458
56814021	1000149453
17475575	1000164243
19394188	1000164243
15445828	1000156036
219115830	1000056270
7304782	1000055025
30097266	1000166976
14724347	1000125675
31766093	1000164243
9641832	1000035806
14277276	1000154371
717313	1000064867
50360181	1000012862
15659821	1000042686
14355920	1000156036
166273518	1000156036
17561826	1000154371
462357211	1000154371
4708351	1000154371
23543993	1000154371
30391420	1000006921
10273462	1000154371
4558	1000091637
14112756	1000056270
37514167	1000126087
26535027	1000126087
5725652	1000056270
4893411	1000164243
277124730	1000164243
48263	1000038841
30348363	1000154371
51643837	1000156036
18206161	1000154371
9184682	1000055025
183712785	1000164243
36961077	1000149453
15129069	1000072842
23836537	1000089023
104006197	1000164243
39588492	1000095403
254222842	1000164243
61602233	1000170252
139185720	1000010634
13313982	1000164243
14049120	1000028457
29599598	1000129034
14227559	1000156036
14439168	1000072842
10921932	1000129034
21740428	1000164243
20452293	1000056270
15931605	1000091637
3475	1000164102
14213001	1000020483
14305530	1000095403
11739942	1000005628
42979224	1000064867
15424589	1000060640
176854913	1000156036
419356073	1000156036
44820773	1000168184
14091113	1000022020
13757682	1000056270
3083351	1000060640
33883	1000169842
15524324	1000164243
14229846	1000158957
13352012	1000166976
16949258	1000164243
71928368	1000164243
30953528	1000154371
14256927	1000125675
339875129	1000065116
16028750	1000064280
19081905	1000164243
11100902	1000089023
15084888	1000095403
197577781	1000130329
656673	1000056270
9946842	1000055025
9279652	1000064867
19034523	1000005628
14287474	1000095403
37263075	1000164243
76702466	1000164243
16366474	1000018867
62591681	1000156036
12528	1000154371
18812301	1000164243
9279652	1000114096
113467748	1000156036
33553495	1000005628
47399813	1000101622
17122048	1000023565
147808148	1000064867
10406172	1000055025
193090142	1000064867
57371662	1000126087
11969	1000169842
16001206	1000103934
36711022	1000164243
6385432	1000154371
16284386	1000055025
31483878	1000164243
19740592	1000164243
16578806	1000129034
40930287	1000056270
25523484	1000164243
14083718	1000055025
89820928	1000156036
15668684	1000072842
22048152	1000164243
105312394	1000164243
21429715	1000154371
47406962	1000156036
14629948	1000056270
3713811	1000033817
9254272	1000017168
43165749	1000095403
7482	1000038841
4558	1000156036
229969254	1000154371
10682202	1000056270
53985048	1000164243
17663756	1000154371
31637198	1000089023
42226885	1000156036
122177999	1000025168
7745472	1000164243
2363641	1000169842
15957907	1000077649
17627361	1000164243
9486542	1000154371
14287474	1000103934
262922606	1000154371
31202965	1000064867
242038666	1000089023
39588492	1000103934
102737967	1000164243
5612432	1000169842
8584	1000154371
2148071	1000154371
16817883	1000064867
14202711	1000164243
15658980	1000164243
5750612	1000154371
176854913	1000154371
23103351	1000164243
40050616	1000154371
23095315	1000154371
15832293	1000156036
26369932	1000154371
14135468	1000164243
15903746	1000105767
16242081	1000154371
14276679	1000166976
32016358	1000088458
15696517	1000164243
23799349	1000064867
15693261	1000154371
14621504	1000095403
52097949	1000156036
55984911	1000154371
8362412	1000169842
16019597	1000097748
1424001	1000169842
15640254	1000088458
14647570	1000064867
41379419	1000164243
19501656	1000129034
136023366	1000164243
22161438	1000042686
25756519	1000169286
2529971	1000091637
7015112	1000055025
36961077	1000156036
14202246	1000072842
20522624	1000056270
22059944	1000156036
275370651	1000091709
816532	1000072842
2106161	1000095403
15727507	1000017168
202282251	1000168184
78464875	1000088458
48263	1000154371
10725	1000055025
21027466	1000164243
19162458	1000064867
70435204	1000156036
28481474	1000090892
43083	1000154371
5478542	1000154371
17124036	1000166976
1793451	1000020483
8162312	1000154371
94015906	1000156036
20081176	1000064867
763446	1000154371
35094637	1000164243
282735852	1000164243
16190278	1000126087
22863638	1000060640
626973	1000169842
1660111	1000028714
118847893	1000056270
351036202	1000056270
360882965	1000055025
14268164	1000060640
23836537	1000156036
15386611	1000164243
189161020	1000088458
56783491	1000126087
761975	1000154371
37570179	1000164243
87305010	1000164243
17004618	1000060299
22798591	1000089023
80084849	1000064867
1004	1000055025
17501549	1000065200
55630037	1000156036
7309052	1000164243
14572992	1000154371
17039916	1000056270
14873782	1000164243
21915666	1000168184
98980596	1000091709
5943942	1000156036
16232843	1000072842
83710425	1000017168
14529929	1000164243
360833313	1000129034
17800533	1000164243
20483440	1000056270
45573874	1000089023
14655351	1000109233
6475722	1000154371
8479062	1000154371
17933570	1000158957
248521815	1000168071
26346966	1000065571
808627	1000154371
70736039	1000014226
128662158	1000154371
7434252	1000154371
1594311	1000154371
15948437	1000055025
15737062	1000020483
178510929	1000090892
3021291	1000035806
37491476	1000097748
14463927	1000012862
18359862	1000056270
15493368	1000140779
93950835	1000055025
33789860	1000055025
510503908	1000156036
126345156	1000156036
58550415	1000156036
59503113	1000164243
31583882	1000164243
15443476	1000154371
132802817	1000010634
5284762	1000046896
38514229	1000164243
386970331	1000156036
17105870	1000158957
14267393	1000072842
43567124	1000164243
7410742	1000055025
14982804	1000010634
224879926	1000154371
19780462	1000164243
15455666	1000077649
9670742	1000055025
14714825	1000072842
756975	1000017168
14245378	1000164243
51303	1000154371
13067342	1000056270
279713	1000056270
23543726	1000154371
15870311	1000091637
23295961	1000095403
28163	1000154371
36303200	1000140779
22060843	1000089023
17027590	1000156036
18443018	1000002264
29784570	1000126784
43074937	1000028714
15359864	1000095403
14758912	1000036439
494271956	1000164243
14836690	1000091709
21159506	1000055025
34342176	1000065200
22112285	1000056270
16267101	1000109233
8194122	1000028714
783214	1000053465
12384312	1000056270
20437286	1000156036
922	1000156036
3034251	1000154371
5017	1000105767
80036789	1000129034
1502111	1000017168
167443754	1000164243
5803082	1000101401
83941972	1000154371
922	1000154371
7136782	1000156036
16229299	1000126784
15162141	1000156036
17561826	1000006921
254073	1000154371
78767466	1000156036
25214064	1000105767
18228075	1000017168
29785854	1000169286
16284386	1000091637
16277642	1000156036
23081060	1000154371
19725644	1000064867
3475	1000154371
17853760	1000166412
49990840	1000156036
58472938	1000164243
1980271	1000038841
2565	1000156036
42331097	1000154371
852041	1000154371
262388975	1000164243
52488565	1000064867
291	1000154371
155709334	1000091709
19086456	1000017168
1424001	1000154371
16190278	1000089023
16788900	1000164243
16028750	1000164243
38500106	1000055025
18843227	1000064867
103130238	1000126364
15999465	1000164102
18895794	1000169842
7650782	1000169842
25214064	1000154371
1586501	1000169842
197703138	1000126087
14091431	1000154371
14589257	1000164243
19579267	1000164243
16334139	1000091709
1305941	1000154371
94814935	1000164243
14779526	1000047765
295	1000091637
40912473	1000156036
397673792	1000154371
15392053	1000091709
14471007	1000169842
22747182	1000156036
17131649	1000154371
22764407	1000164243
10333972	1000175074
55045856	1000164243
12250252	1000154371
128662158	1000091637
422	1000154371
24539627	1000156036
1374411	1000056270
92226678	1000164243
95495913	1000156036
15750667	1000091709
19116778	1000065200
15870311	1000055025
18993395	1000164243
14238165	1000156036
116324294	1000164243
14912587	1000166976
11463762	1000056270
12644102	1000164243
89593573	1000164243
41713	1000154371
14062563	1000023565
419710142	1000055025
18194898	1000164243
174108566	1000056270
2852911	1000056270
396039799	1000156036
16817883	1000156036
1000591	1000154371
6017542	1000164243
123584688	1000164243
14814905	1000154371
258992288	1000129034
94052228	1000154371
123185534	1000154371
70983710	1000014226
7865552	1000055025
632023	1000154371
18498878	1000156036
2182641	1000154371
13958222	1000130329
45629136	1000028714
17494046	1000017168
24920395	1000091709
64241189	1000164243
43124446	1000164243
11100902	1000046896
283732191	1000154371
91270218	1000164243
18479089	1000154371
351036202	1000164243
136450598	1000164243
67105749	1000164243
15903746	1000101401
1980271	1000154371
27217496	1000154371
14457787	1000010634
14056632	1000164243
37855605	1000154371
14120151	1000156036
256556942	1000164243
30802189	1000084598
22799750	1000164243
17511527	1000154371
82963512	1000156036
626973	1000154371
2083821	1000056270
681813	1000154371
632343	1000055025
39264421	1000114096
40623024	1000028714
14079172	1000055025
15422759	1000164243
353344542	1000072842
15699001	1000156036
14759966	1000154371
353370148	1000064867
197280646	1000042686
14939981	1000168184
17876034	1000129034
117789588	1000164243
29785854	1000168184
4278201	1000072842
2537471	1000154371
24285686	1000126087
39727570	1000164243
238437239	1000064867
461175278	1000156154
5965332	1000055025
136018565	1000164243
14163141	1000006921
380	1000154371
200969056	1000164243
781730	1000140779
18101891	1000077649
22798591	1000156036
17885184	1000156154
17824719	1000130329
256289743	1000164243
27052339	1000154371
7123452	1000064867
23919582	1000164243
17811689	1000154371
15222806	1000156036
662423	1000055025
5143221	1000156036
8115462	1000056270
29567331	1000164243
14753987	1000056270
44977794	1000103934
6825792	1000168071
132495563	1000164243
15864446	1000156036
14161531	1000072842
1980271	1000156036
12609342	1000164243
369246180	1000154371
130649891	1000053465
5668172	1000154371
816532	1000091637
14513842	1000112710
885	1000154371
43338999	1000101622
1230801	1000056270
7429892	1000080967
20814006	1000164243
36823	1000154371
12798452	1000055025
39706174	1000156036
95495913	1000154371
109684818	1000065116
171171584	1000164243
18840310	1000164243
20946695	1000164243
17069993	1000036439
4413741	1000055025
195785338	1000154371
10032112	1000164243
214768323	1000164243
110541296	1000164243
54092452	1000164243
3200541	1000164243
257575779	1000129034
46473066	1000064867
40050616	1000170252
14207863	1000064867
40299503	1000065200
32145040	1000170252
6001592	1000154371
7764332	1000072842
28130246	1000170252
14749486	1000154371
1424001	1000017168
20941681	1000154371
19637761	1000017168
56359115	1000164243
7015112	1000154371
21689294	1000156036
13130412	1000056270
78453	1000060299
78464875	1000164243
23549240	1000035806
161691033	1000154371
72918810	1000090892
14167197	1000154371
783214	1000156036
19335591	1000154371
3475	1000169842
36750478	1000064280
24285091	1000154371
217288763	1000156036
235554969	1000088233
12623772	1000055025
4733771	1000154371
5387302	1000154371
28744383	1000166412
21915666	1000169286
2695901	1000060299
45866071	1000140779
8584	1000072842
15543818	1000156036
27538577	1000126087
16311483	1000156036
16076965	1000164243
126061711	1000154371
46840753	1000028714
234903540	1000156036
5963912	1000055025
3713811	1000101401
45564482	1000156036
52818466	1000156036
15727578	1000017168
27373757	1000156036
883301	1000169842
39138461	1000156036
19345085	1000164243
12725022	1000088233
48263	1000169842
27724827	1000164243
823234	1000156036
11628	1000154371
14092963	1000055025
21601337	1000154371
7434272	1000028714
48336721	1000164243
188025840	1000164243
14263538	1000154371
20166674	1000164243
17663756	1000156036
7101692	1000156036
25756519	1000168184
16377959	1000164243
131281764	1000164243
20759034	1000164243
383458341	1000164243
66576548	1000112710
5751832	1000154371
14241468	1000028714
179549579	1000154371
16610022	1000164243
4488	1000060299
10725	1000154371
15166546	1000101401
19793752	1000012862
15453752	1000164243
85019443	1000164243
586	1000169842
16363491	1000164243
30949085	1000042686
16910591	1000140779
21689294	1000154371
18697941	1000164243
20342875	1000064867
806170	1000072842
25957130	1000154371
13911852	1000089023
12419022	1000028714
28394317	1000164243
22721166	1000169286
212155430	1000126087
6731422	1000156036
15873841	1000126364
54377889	1000095403
