14823126	1000088363
122794938	1000041962
9534622	1000082405
16425459	1000021269
53235381	1000161140
816214	1000143321
25473689	1000107470
66131891	1000107470
280686960	1000099446
16666617	1000096165
76777237	1000093576
3371581	1000076366
9980812	1000070380
19745863	1000129590
22981846	1000093576
21576334	1000116389
6356522	1000169691
18396825	1000059441
9696772	1000042930
32381348	1000124059
16595804	1000107470
113434348	1000169351
60725654	1000171168
96884064	1000082108
41859939	1000121780
16987529	1000016920
195934431	1000016920
83533045	1000093576
362691320	1000099446
137502234	1000129590
189178986	1000115134
19458216	1000107470
159708091	1000114797
98535426	1000097319
74903868	1000088085
14295267	1000099446
9655342	1000090170
275003449	1000099446
111457306	1000160748
37170886	1000124059
182370042	1000124059
14503	1000090170
32266874	1000124059
24587967	1000161055
60033	1000060694
40267916	1000161140
50121891	1000099446
241211254	1000099446
42953895	1000099446
18262659	1000071753
78788693	1000051902
28302257	1000161055
152515045	1000172056
18197299	1000121780
3954801	1000081608
210989510	1000121780
14892168	1000088732
13055232	1000080879
14343185	1000023489
525268196	1000124059
18653813	1000124059
2892261	1000139557
11924722	1000081608
97272576	1000099955
13446242	1000059441
16894839	1000071753
17008990	1000143321
170846671	1000052929
110121308	1000140123
18776605	1000114797
18914321	1000139557
76777237	1000124059
14789070	1000067134
153087224	1000095608
15135752	1000071753
162516323	1000016920
18908032	1000124059
15403485	1000143321
61472006	1000146536
18268675	1000143321
228878803	1000107470
90072587	1000161140
26200403	1000088085
59081551	1000120471
14748524	1000023325
44962272	1000114797
25388164	1000093576
63207451	1000115134
3301091	1000076366
8690322	1000143321
18361967	1000080879
17915692	1000115134
1678471	1000112863
294211752	1000095608
173343647	1000099446
15400885	1000144328
14931576	1000148852
118279350	1000124059
177636959	1000097319
470554025	1000099446
14515734	1000121780
15811779	1000021430
13837042	1000060694
34861786	1000082108
13446242	1000062102
8858632	1000084147
287564504	1000099446
49560239	1000088363
216865677	1000143321
17975898	1000000085
14334870	1000088085
4278541	1000081608
124279923	1000099446
231553897	1000099446
14074803	1000022247
13610342	1000115134
45196370	1000139557
170113817	1000099446
51265603	1000088363
17221189	1000150098
16944995	1000143321
9557352	1000143321
15187067	1000124059
14238569	1000046501
18813482	1000101787
135535500	1000143321
75743306	1000146536
9298152	1000144328
21709230	1000124059
18791598	1000124059
41907222	1000124059
245487159	1000026837
338105950	1000098836
100794531	1000124059
47273526	1000124059
26519172	1000099446
15098511	1000088085
424199731	1000146536
106052532	1000140123
23619144	1000076366
94881967	1000098758
18101845	1000099955
3442781	1000121280
267595992	1000096172
21507690	1000161140
15509365	1000081608
14681605	1000076938
15651902	1000080879
14977290	1000143321
15106982	1000143321
96877871	1000107470
18573267	1000143321
170846671	1000118599
284098324	1000140123
177469145	1000143321
164385775	1000115134
15461953	1000143321
22103126	1000172056
293689364	1000115134
644463	1000090170
15611858	1000161140
12158	1000090170
175561847	1000140123
14858363	1000091838
170885608	1000095608
16594955	1000043510
32910267	1000143321
5729562	1000071753
75691167	1000124059
6076432	1000099446
15997605	1000071753
16789847	1000097319
14423460	1000080879
63769966	1000120471
104054228	1000088085
18162333	1000172056
408722148	1000099955
17262744	1000124059
14656109	1000098836
15052446	1000071073
14378048	1000143321
24187145	1000003306
112867490	1000080879
16352615	1000124059
139761115	1000099446
16394162	1000096165
16944995	1000121780
205796659	1000107470
13811562	1000060694
177430030	1000139557
16337631	1000060694
14243427	1000143508
75362374	1000163752
17912684	1000093576
348883850	1000099446
121689493	1000124059
267595992	1000098836
345046030	1000099446
33043297	1000088363
14630648	1000070380
49273095	1000129590
1447851	1000100248
105269306	1000147812
16688125	1000076938
51352986	1000000085
106485967	1000097319
3253671	1000082197
15083792	1000099446
121825928	1000115134
38695016	1000096165
21391704	1000124059
18922581	1000088085
73733498	1000143321
197602850	1000129590
5721662	1000016920
25106800	1000088085
26634378	1000161140
19102458	1000124059
676063	1000144328
175159406	1000098836
24595743	1000124059
277402513	1000124059
270398460	1000143321
21848018	1000052687
18733901	1000088085
62759402	1000140123
14583032	1000099446
13869742	1000145688
17463361	1000143321
86563606	1000114860
34157977	1000147812
15725723	1000067134
18951721	1000161055
375164719	1000140123
422268021	1000077589
14955456	1000060694
96194704	1000099446
48436234	1000121780
8488352	1000003306
13894102	1000108546
30402662	1000016920
50373	1000090170
52633661	1000148538
189178986	1000099446
34886889	1000093576
5487152	1000059441
37061660	1000099446
284738193	1000140123
14935647	1000000085
20734751	1000099446
16292537	1000041962
11973472	1000167531
198941747	1000095608
21138936	1000124059
20939475	1000099446
14275077	1000124059
14143533	1000144328
111457306	1000080879
13841712	1000143321
167200100	1000070380
49367808	1000099446
182206689	1000099446
193553877	1000098758
7581972	1000071073
14434285	1000143321
761290	1000143321
15221950	1000095608
116308543	1000000085
15773439	1000082108
14748482	1000124059
15106982	1000097319
17937047	1000022274
18010713	1000088363
21458147	1000093576
37972286	1000080879
42110634	1000124059
36420369	1000148909
63433165	1000082197
634563	1000143321
9431932	1000099446
17795930	1000093576
19414296	1000114566
14369651	1000143321
14371740	1000161140
14166886	1000060694
776031	1000143321
102893981	1000121780
286639617	1000099446
14111650	1000142370
8596022	1000082108
14789275	1000093576
14290222	1000071073
6932712	1000161140
101008987	1000076938
18914321	1000143321
15153	1000060694
400505785	1000115134
18825735	1000098836
817977	1000082108
14917050	1000076366
18123064	1000074366
4291741	1000081608
262077808	1000107470
25464811	1000161140
3820911	1000161140
392629948	1000099446
39800030	1000101787
7861622	1000143321
123004655	1000082197
85454701	1000098393
23061725	1000107470
39582797	1000142165
10082492	1000069036
19040580	1000099446
121563557	1000161140
90672744	1000125042
11176202	1000143321
42092597	1000124059
44315448	1000046223
258112190	1000099446
25810548	1000099446
15706128	1000103668
5487152	1000112219
18519918	1000122392
210957006	1000146536
25133745	1000093576
67751089	1000115134
15212750	1000096278
21720472	1000124059
39543915	1000139557
126342026	1000026865
36407042	1000099446
21069472	1000163752
14245253	1000023489
15098603	1000076938
115072199	1000140123
13862162	1000098836
18321260	1000143321
19991508	1000099446
14134456	1000088085
19880440	1000124059
14748482	1000121780
13434622	1000099446
113196940	1000124059
218652920	1000115134
376463873	1000115134
16905553	1000124059
251448412	1000160748
15239720	1000000085
36999171	1000099364
15638249	1000121280
33511585	1000101787
254442689	1000099446
18720702	1000114797
18716354	1000169351
15221184	1000121780
14696525	1000124059
373302066	1000099446
15019094	1000143321
94667801	1000129590
283368301	1000090299
9334052	1000121481
111719271	1000059441
115409651	1000169351
93172344	1000099446
5969122	1000088363
15351100	1000090170
113696592	1000093576
37723441	1000019745
532942513	1000115134
14217624	1000005856
15081306	1000021269
19672461	1000124059
6743	1000114399
776031	1000071847
127349221	1000161055
68943942	1000099446
49105052	1000099446
317608656	1000161140
14471133	1000124059
3828311	1000124059
177764501	1000160748
15092581	1000161140
242470294	1000099446
15024705	1000003523
193553877	1000143321
27803827	1000161140
12123092	1000099446
4296301	1000011010
321740656	1000143321
7493152	1000161140
17725506	1000099446
306240124	1000044933
4291741	1000121280
761290	1000023325
14090859	1000067134
544293598	1000161140
45319754	1000115134
66369181	1000099955
59581191	1000161055
415124451	1000172056
14287474	1000001241
60019558	1000098393
862681	1000143321
20703666	1000124059
19785988	1000143321
15078306	1000169351
25313271	1000129590
14106344	1000115134
391740886	1000098758
531775806	1000140123
38678127	1000082405
36420369	1000080879
15609136	1000161140
84499860	1000163003
185335242	1000099446
23216821	1000161140
14414761	1000103668
206027357	1000099446
151820156	1000099446
177636959	1000143321
89781217	1000146536
63770845	1000121780
45718320	1000099446
15611402	1000160748
22121627	1000081608
103993750	1000060694
236698395	1000099446
16994322	1000124059
55932764	1000147061
179041200	1000099446
538680573	1000080879
92724978	1000093576
812804	1000144328
339776223	1000167851
155403330	1000080879
8514952	1000143321
125138145	1000129590
176099750	1000093576
28521141	1000080879
15422847	1000088363
19880440	1000093576
1090141	1000167115
17673	1000060694
15930720	1000143321
5838682	1000167531
16949127	1000088085
16150457	1000123046
31296704	1000096172
73019162	1000099446
15294692	1000076366
36435171	1000059441
15387870	1000093576
182644731	1000000085
295368995	1000161140
353205868	1000121780
25313271	1000043510
15553912	1000143321
15678913	1000080879
20923753	1000097319
18928583	1000016920
31572616	1000099446
791124	1000144328
177397957	1000143321
14516492	1000144328
19672461	1000093576
121631613	1000080879
19503627	1000099446
14186348	1000114860
14045302	1000096165
14964953	1000144328
61683332	1000139557
3253121	1000144328
27735566	1000143321
7344392	1000088085
160620624	1000059441
221892875	1000090170
43640070	1000107470
172212566	1000059441
1699641	1000124059
17688601	1000060694
44296522	1000107470
29897907	1000161140
2570021	1000082197
63207451	1000099446
14343185	1000143321
14115587	1000172481
385518499	1000099446
29145184	1000099446
86572842	1000114797
283164470	1000143321
18134886	1000099446
9919112	1000161140
1259861	1000114399
95052901	1000146536
169760495	1000098836
10350	1000143321
364644250	1000099446
190029944	1000124059
14059411	1000107470
18978727	1000098836
16974245	1000121481
235689668	1000140123
82553416	1000124059
267311982	1000172056
151560445	1000099446
15591032	1000147812
133754672	1000099446
16352313	1000093576
318553905	1000140123
355298478	1000088085
15324310	1000118841
78535955	1000105321
177471447	1000143321
617423	1000124059
1995371	1000060694
18742918	1000060694
20958304	1000112219
15450653	1000099446
214723542	1000161140
6449392	1000144328
15187219	1000161140
15292410	1000060694
214970887	1000099446
43424842	1000124059
2158461	1000143321
14052258	1000123046
151626808	1000143321
2777901	1000080879
107412282	1000124059
21517874	1000025369
16371223	1000169351
23216821	1000143321
14150660	1000022274
18949311	1000102629
17830009	1000093576
22556247	1000001043
2154171	1000001241
133018001	1000047874
16683090	1000101787
30694402	1000099446
9059032	1000100248
55507069	1000118841
47688406	1000151232
14281647	1000169691
29652394	1000099446
33903608	1000001241
52832085	1000088085
42751217	1000172056
25126502	1000088085
20541545	1000114797
10926202	1000121780
37916113	1000143321
14209507	1000099446
14260655	1000067134
17795930	1000124059
27403903	1000124059
37853481	1000161055
21420090	1000167115
14281905	1000161140
236507452	1000161140
15731225	1000031667
14173608	1000137027
88752791	1000167851
243068340	1000099446
45371884	1000099446
331908924	1000023325
67060417	1000044411
14672552	1000099446
280490190	1000169351
707123	1000143321
249348650	1000147812
133790003	1000047874
16494857	1000143321
427156873	1000115134
233393406	1000099446
17977714	1000071847
88109378	1000040873
5444392	1000070380
15381737	1000026865
14213416	1000124059
798200	1000046501
21522083	1000045991
34739121	1000115134
161678121	1000124059
2230871	1000143321
155804694	1000150299
761290	1000114860
177714903	1000143321
785088	1000046223
24149156	1000114860
14455837	1000161140
96194704	1000115134
8269322	1000011010
27470144	1000143321
14234493	1000054693
18089875	1000145661
17547979	1000124059
18701960	1000093576
443134701	1000099446
90880254	1000161140
96946612	1000059441
68618051	1000099446
12025412	1000019745
18396825	1000062102
403744633	1000140123
22189212	1000099446
225050987	1000099446
130202887	1000098836
14984003	1000093576
175561847	1000146536
19208772	1000112863
207242224	1000129590
190249089	1000150098
10335822	1000143321
10367702	1000099446
17905715	1000101787
15430305	1000071847
55738917	1000021269
282339563	1000016920
25502100	1000099955
18444530	1000143321
36982940	1000107470
155804694	1000000085
127349221	1000003523
48436234	1000047874
14617996	1000161140
46002379	1000124059
28945516	1000093576
278269313	1000099446
83904567	1000099446
54468739	1000000085
5473642	1000059441
11740902	1000142370
52451265	1000124059
13588012	1000088085
3242491	1000081608
344514524	1000099446
54757149	1000139557
87114066	1000143321
15078306	1000093576
18653813	1000088085
532942513	1000099446
14165300	1000124059
159307390	1000107470
45684049	1000062102
83368027	1000124059
23771593	1000150098
16463547	1000160748
242992669	1000099446
76771771	1000161055
16642707	1000107470
20424865	1000099446
3829151	1000143321
17979066	1000023489
199278114	1000099446
6651512	1000146013
15083606	1000105505
9655342	1000060694
454049037	1000099446
3936151	1000065343
113923935	1000082108
15978229	1000160748
14248719	1000124059
25154418	1000093576
107917068	1000145661
61684853	1000097319
29574500	1000143321
14807093	1000160748
29242152	1000023489
150206462	1000146536
19120191	1000114797
21720472	1000093576
122064458	1000091838
16537616	1000093728
16119771	1000109904
171329398	1000001241
17487729	1000088085
82507674	1000143321
20923753	1000161140
88456842	1000099446
97464609	1000161140
22858576	1000052687
18917716	1000148852
59019078	1000150098
14591997	1000143321
398324331	1000099446
39105959	1000172481
19694673	1000077589
15887110	1000076366
42967256	1000082197
16193542	1000161140
3954801	1000121280
3246931	1000171168
20602182	1000098836
629743	1000143321
805549	1000036943
30364057	1000121780
94667801	1000043510
5042921	1000081608
15949610	1000173095
208716386	1000114797
27803827	1000143321
49508345	1000088786
16166237	1000097319
104352067	1000099364
24745414	1000021269
18718094	1000051029
15692925	1000099446
90733824	1000143321
29749825	1000099446
361349552	1000099446
37824341	1000163736
61382814	1000107470
14426487	1000143321
15681129	1000000085
15771419	1000121780
61684853	1000161140
18293695	1000023489
692513	1000124059
17027460	1000099446
53488710	1000099446
14106344	1000099446
799640	1000003306
291455672	1000099446
16183380	1000076366
62483650	1000099446
176379217	1000124059
17872874	1000124059
9659992	1000031667
43905669	1000059441
115708758	1000038984
14454264	1000080879
126067398	1000097319
9659992	1000113364
14636367	1000071073
85454701	1000163752
24763	1000090170
84133924	1000082108
12298152	1000023489
14118444	1000001241
66147489	1000146536
15583257	1000112863
7764702	1000071753
40271007	1000093576
17495434	1000098836
26083291	1000091838
61579420	1000115134
14748524	1000021430
241635675	1000161140
50338197	1000143321
68721382	1000099446
13460312	1000070380
4291741	1000098820
37774411	1000101787
28481273	1000021269
17177336	1000169351
17821570	1000167115
12195792	1000147812
6889982	1000088363
236970593	1000023805
32823	1000060694
14447625	1000000085
30156154	1000076938
18583083	1000124059
248748948	1000025535
28663514	1000101787
282339563	1000082197
9941002	1000070380
69785365	1000059441
4071981	1000041962
63077212	1000140123
36417354	1000090170
21885415	1000111167
22909117	1000143321
14438063	1000161140
74673	1000143321
166739762	1000172056
46535700	1000161140
15432058	1000121280
362706405	1000099446
1652731	1000080879
20176119	1000023489
14206128	1000148852
430866989	1000099446
15161572	1000076366
14476063	1000124059
16302736	1000144328
279573338	1000093576
229531808	1000163752
15470977	1000161140
248726194	1000099446
111183629	1000040873
185335242	1000171168
223292538	1000037924
6351922	1000122304
629743	1000080879
15329910	1000147812
18690700	1000161140
19876108	1000150579
118932885	1000143321
143572160	1000115134
15619526	1000052687
73542569	1000067134
14182222	1000144328
54150219	1000107470
14416404	1000000085
404760228	1000146536
15782898	1000071073
20600708	1000114797
23680913	1000121780
36724820	1000103668
34542541	1000124059
44809441	1000101787
20154465	1000115134
9709902	1000124059
280490190	1000124059
13039372	1000071073
235689668	1000146536
61730210	1000099446
6834572	1000082197
130202887	1000000085
6834922	1000088085
200591027	1000122392
14608831	1000021269
14371740	1000143321
78788693	1000172056
16055648	1000000085
503197850	1000140123
164385775	1000099446
23853700	1000121780
18185593	1000124059
16642707	1000099446
1967871	1000161140
114910205	1000088085
50081949	1000088085
19802312	1000124059
14075195	1000150579
13229902	1000147812
44465753	1000114797
206868969	1000088363
15187219	1000080879
486366544	1000099446
14716604	1000113364
18223191	1000088085
139550054	1000099446
16020723	1000076366
14090859	1000121280
1143031	1000082108
25579029	1000164507
14761655	1000070380
22301259	1000032033
22087738	1000088085
15387415	1000124059
87478141	1000052687
14335347	1000021269
29676657	1000090299
30031116	1000100248
18666623	1000000085
10956212	1000159712
16108210	1000121280
165842017	1000140123
101633847	1000003523
20958304	1000062102
545558899	1000124059
14297788	1000071753
42110634	1000093576
289042697	1000140123
23636243	1000105321
244154650	1000099446
404760228	1000140123
66147489	1000140123
4449041	1000100248
14179098	1000161140
14539153	1000115134
22844286	1000082197
2800521	1000144328
277944606	1000140123
18811254	1000121280
14529025	1000124059
38688020	1000157848
18949879	1000124059
14645160	1000080879
1136351	1000113364
14283326	1000169351
16134429	1000114935
21267855	1000121780
20565770	1000143321
16475194	1000099446
14650272	1000151232
135614318	1000082108
1557761	1000143321
251007361	1000059441
20145006	1000143321
270517187	1000090299
26053643	1000121780
14596798	1000144328
42779858	1000098836
21391704	1000093576
16253907	1000143321
19407585	1000109904
657863	1000144328
15181936	1000071073
14203895	1000080879
393460809	1000124059
280387534	1000146536
100314530	1000124059
18954369	1000148852
16792453	1000093576
23645599	1000093576
19945554	1000124059
7079062	1000081608
3321441	1000081608
754556	1000054693
18891069	1000099446
6834922	1000041962
6351922	1000143321
82617725	1000099446
367944032	1000099446
90849125	1000060694
14164970	1000082197
2892261	1000160748
632023	1000023489
34637377	1000125042
14209507	1000115134
174296681	1000098836
121597373	1000169351
30957246	1000124059
13197822	1000143321
113731564	1000161055
283095672	1000146536
164722405	1000143321
133989821	1000099446
94881967	1000143321
179125282	1000140123
22651969	1000114797
19041496	1000120471
243032656	1000099446
372092749	1000143321
16104715	1000112219
16714782	1000150098
20240002	1000115134
16084728	1000096165
26623854	1000127579
17183692	1000081608
18553965	1000099446
33567986	1000121780
69826581	1000161140
177471152	1000143321
22481212	1000090170
341747053	1000115134
88573405	1000099446
16352615	1000093576
196057009	1000105321
502900763	1000140123
2232241	1000144328
121281725	1000001043
90880254	1000143321
71713	1000120471
23392028	1000118599
176824927	1000001241
78231411	1000090299
9557352	1000001241
5969122	1000102629
976521	1000148852
41839767	1000081608
25537106	1000125042
18648188	1000023489
8786402	1000041962
183967095	1000082197
20018829	1000000085
49191136	1000125042
23900329	1000143321
14426048	1000071073
3233921	1000143321
225900302	1000146536
190553803	1000099446
14186348	1000147812
198941747	1000161140
32910267	1000080879
17915692	1000099446
55735813	1000059441
148058483	1000107470
14748524	1000114860
244154650	1000115134
976521	1000032033
15187243	1000112863
65785869	1000121780
17501629	1000143321
18794066	1000093576
35066483	1000124059
14423460	1000148909
16949127	1000085450
14984003	1000124059
105504508	1000099446
198370650	1000124059
142832518	1000067134
90203791	1000074366
18365777	1000099446
36420369	1000143321
1129781	1000023325
23900329	1000080879
16292537	1000105505
286078489	1000099446
49560239	1000071753
682463	1000124059
18591927	1000099446
3829151	1000001241
117183652	1000099446
113184866	1000099446
465754282	1000077589
24081780	1000163312
36851222	1000082197
13213532	1000124059
8637672	1000001241
90451837	1000099446
162442852	1000143321
16214045	1000099446
20465564	1000099446
125842468	1000115134
382180800	1000140123
23146988	1000115134
123071061	1000121780
16371223	1000093576
7888452	1000080879
7738402	1000060694
19081905	1000145739
62759402	1000146536
69661906	1000121780
198941747	1000134346
18978727	1000143508
18797038	1000124059
6455622	1000088085
9070452	1000051029
5014951	1000088363
15666380	1000076938
7581972	1000069620
126819958	1000098836
15977848	1000059441
307988483	1000121780
7668362	1000099446
329048731	1000003935
107413645	1000161055
44086682	1000088085
16297193	1000114935
28269140	1000150299
26083291	1000096165
16060735	1000143321
3246931	1000099446
14826197	1000143321
18369928	1000143321
782571	1000099446
154446350	1000121780
231132749	1000124059
287606283	1000140123
17979066	1000143321
41839767	1000041962
27743408	1000161140
357976898	1000125042
10386142	1000161140
14619878	1000124059
555328808	1000077236
36999171	1000099446
15100909	1000088085
9463382	1000060694
190291868	1000096165
231456006	1000115134
82932549	1000084147
31631020	1000060694
14237677	1000093576
6700332	1000041962
45684049	1000059441
32910267	1000160748
92724978	1000124059
21771720	1000088363
28351670	1000101787
18528834	1000099955
7888452	1000143321
135704499	1000161140
44578405	1000121982
14086744	1000023489
130604350	1000043510
1699641	1000093576
32536123	1000101787
15430305	1000143321
15302021	1000161140
79097434	1000099446
218615574	1000107470
287606283	1000146536
43065900	1000099446
20470888	1000099446
14825162	1000099446
1183041	1000143321
17977714	1000096165
17821932	1000148852
6076432	1000099364
14139971	1000099446
11590212	1000098836
123480187	1000099446
917321	1000143321
6074252	1000172056
15725723	1000088085
153087224	1000161140
16501385	1000099446
8266102	1000093576
8539632	1000081608
440441510	1000099446
1688461	1000139557
15774118	1000107470
15834599	1000143321
36983125	1000022274
2777901	1000139557
16461070	1000144328
19360730	1000093576
14850955	1000047874
277944606	1000146536
16358736	1000093576
25133745	1000169351
306961000	1000161140
8269222	1000167115
98804013	1000098836
17090569	1000060694
16626224	1000121780
10869942	1000143321
32742776	1000114797
14482447	1000080879
443134701	1000115134
111469517	1000076938
30207757	1000161055
9721232	1000065343
2896251	1000080879
20240002	1000099446
65981257	1000099446
5947722	1000081608
11961352	1000060694
17084385	1000115467
306023079	1000099446
13539002	1000144328
409011884	1000059441
415124451	1000052929
780050	1000059441
436383288	1000120471
409628807	1000167851
16848203	1000147812
424199731	1000140123
133002726	1000115134
1688461	1000080879
16944995	1000080879
38782424	1000099446
17133445	1000093576
362286999	1000143321
10951232	1000060694
164722405	1000161140
14224219	1000124059
81030409	1000161055
82672036	1000059441
231605733	1000077232
15574534	1000114797
14213416	1000093576
16866701	1000060694
14994418	1000114935
15604078	1000116389
53767981	1000080879
127570045	1000067134
256556942	1000093576
153216247	1000121780
40336661	1000098836
61579420	1000099446
155998369	1000129590
24862758	1000003935
49644939	1000099446
90880254	1000134346
15978229	1000139557
64444175	1000099955
41581599	1000099446
24609812	1000088363
23491995	1000124059
11884732	1000143321
14457872	1000088085
24292590	1000093728
25649234	1000082197
39800888	1000101787
229091508	1000099446
18396537	1000124059
14180843	1000147061
131257733	1000099446
33787115	1000167115
128771911	1000161055
51352986	1000124059
17982469	1000151232
16371223	1000124059
15825693	1000000085
104380083	1000124059
389017367	1000077589
19803714	1000105321
8174142	1000143321
495475523	1000161140
6898832	1000169351
63051791	1000140123
34558461	1000172056
17576144	1000129590
98252233	1000121780
250151978	1000099446
19830096	1000161055
10314702	1000147061
10519	1000100248
34854589	1000099446
8253542	1000099446
123004655	1000026837
8690322	1000080879
613313	1000124059
245278493	1000140123
18732887	1000088085
819999	1000143321
38316003	1000088363
16560391	1000028412
122871303	1000052687
113714296	1000099446
61170034	1000099446
14789070	1000117824
20958456	1000099446
2525131	1000144328
177363408	1000094283
484427504	1000143321
1521851	1000082108
18753000	1000099446
112632227	1000099446
73381700	1000099446
14494634	1000035264
33925672	1000161055
57917441	1000067135
3062761	1000026837
28945516	1000124059
14691215	1000093576
9796452	1000060694
3442781	1000041962
15324044	1000036943
48806882	1000093728
32219681	1000099446
8488352	1000005117
23816230	1000140123
20968166	1000096930
47374533	1000124059
150206462	1000140123
45803348	1000060694
193553877	1000139557
47483615	1000120471
21224587	1000124059
15484541	1000088085
66691804	1000129590
15926905	1000173095
26326756	1000098820
267311982	1000052929
332393820	1000071847
70668961	1000099446
4239051	1000124059
5704082	1000144328
249313026	1000147812
312417114	1000099446
34775386	1000114797
21031864	1000124059
32805127	1000124059
64936992	1000099446
103524387	1000114797
14334873	1000060694
10203	1000082108
13559692	1000059441
96469193	1000102629
2800521	1000080879
26745476	1000042930
3253671	1000026837
26654593	1000000085
113443529	1000114797
54348228	1000172056
14685406	1000160748
15387870	1000124059
16021612	1000071847
7524602	1000161140
108704423	1000169351
262865290	1000124059
18268675	1000071847
16792453	1000124059
15269055	1000117824
324151971	1000146536
105601382	1000143321
15078306	1000124059
63320588	1000085450
25416468	1000161140
118932885	1000098758
10940912	1000124059
247430686	1000115134
461010113	1000099446
179718090	1000099446
150030291	1000099446
440441510	1000115134
495475523	1000143321
14453798	1000088085
14444530	1000082197
23493152	1000124059
15858135	1000076938
17816758	1000081608
90880254	1000080879
14998587	1000111125
14119053	1000148852
156001879	1000143321
19441684	1000140123
17554439	1000112219
64931560	1000067134
321740656	1000095608
610533	1000143321
16130403	1000071073
771712	1000060694
82525569	1000000085
3775301	1000161055
14645160	1000143321
16475194	1000115134
5161281	1000121780
202037047	1000093576
17469332	1000124059
14386518	1000005117
16371487	1000124059
15150826	1000077589
14471133	1000093576
37243409	1000124059
251448412	1000143321
32746632	1000124059
310534941	1000080879
15771445	1000137027
16469338	1000016920
15433229	1000023489
14200145	1000046501
18475366	1000077232
177651946	1000088085
8596922	1000161140
133002726	1000107470
14271605	1000080879
41907222	1000093576
15101146	1000167531
15358891	1000071073
20923753	1000143321
133002726	1000121982
98535426	1000139557
177471152	1000160748
8174142	1000147812
69009086	1000003935
9796452	1000090170
102137866	1000099446
16789847	1000161140
133784059	1000023489
17854973	1000067134
14238569	1000141327
18951721	1000098836
15176914	1000099446
251448412	1000134346
121825928	1000099446
23734241	1000099446
234517287	1000099446
14537203	1000144328
109233627	1000161055
15147748	1000114797
353205868	1000023805
14720416	1000143321
303366749	1000140123
16252002	1000076938
193022312	1000161140
20419760	1000086721
14993691	1000139557
127060651	1000088085
284738193	1000146536
26969163	1000101787
368699637	1000139557
35012599	1000023325
13290882	1000143321
18166611	1000060694
8941332	1000080879
320894277	1000025535
3338681	1000115134
15367053	1000035264
8951502	1000100248
5974992	1000096172
221917979	1000099446
33987128	1000005961
25677545	1000067135
42743382	1000124059
87626628	1000143321
147860240	1000142370
267720334	1000099446
14799177	1000077236
278777228	1000099446
307126343	1000123046
170395163	1000144606
154007505	1000022274
2892261	1000080879
115180571	1000099446
15033467	1000114935
22977989	1000163312
12853322	1000144328
17073902	1000144328
368699637	1000160748
18460854	1000054693
80906054	1000054693
23273441	1000076938
28074588	1000142370
26817905	1000069620
799640	1000005117
21273590	1000071847
1919231	1000124059
66922881	1000043510
17473973	1000090170
16358736	1000124059
5867722	1000093576
22891420	1000143321
16900930	1000093576
111777598	1000071073
50835878	1000121780
8266102	1000124059
14807898	1000077232
60962349	1000054693
28032548	1000029771
78190623	1000000085
86994297	1000125042
18369928	1000080879
12853322	1000080879
152875477	1000000085
14377838	1000161140
27822864	1000143321
151060603	1000099446
14386518	1000003306
21301903	1000124059
32335905	1000099446
14619357	1000143321
8275002	1000042930
15463226	1000088085
17783001	1000167115
328788722	1000088085
246253124	1000099446
341747053	1000099446
65454772	1000044411
29994187	1000000085
284098324	1000146536
19424888	1000143321
53343256	1000099446
153087224	1000143321
15757080	1000107470
15212750	1000060694
36999171	1000115134
58629129	1000114860
60725654	1000099446
20262965	1000140123
89781217	1000140123
323294607	1000114797
31217990	1000098820
15458366	1000147812
407353891	1000095608
17494046	1000163003
16941373	1000059441
14632458	1000080879
31808570	1000060694
120163364	1000088085
207242224	1000043510
10753362	1000042930
115520085	1000140123
28779024	1000099446
249305450	1000084147
14483812	1000144328
16147376	1000161140
192006976	1000096930
205503380	1000140123
15574166	1000082108
91408302	1000003523
128968339	1000025369
11207682	1000023489
299324845	1000099446
982601	1000143321
41540760	1000169351
254034285	1000099446
18298167	1000124059
16807882	1000067134
3954801	1000085450
4921861	1000076366
3427041	1000000085
195981712	1000099446
192537546	1000169351
197577781	1000143321
8174142	1000114860
71396558	1000151232
18753000	1000115134
133317553	1000169351
124642614	1000161055
155403330	1000143321
15212750	1000090170
1652731	1000143321
14766130	1000094283
280650037	1000161140
68796392	1000067134
7961342	1000088085
91841745	1000143321
56143497	1000172056
182370042	1000096172
28269140	1000000085
14137582	1000161140
14944566	1000161140
174296681	1000088085
1702611	1000121280
94414805	1000099446
97877749	1000099446
157198755	1000099446
361605431	1000099446
97308931	1000143321
15782898	1000088085
379330955	1000099446
75296425	1000146536
1035491	1000172481
14993691	1000080879
22619707	1000088085
113196940	1000093576
204067401	1000099446
43702619	1000150579
556167733	1000099446
38318973	1000088085
2777901	1000160748
16170178	1000094283
77155969	1000000085
16586811	1000150098
67060417	1000043510
14628409	1000009337
14129531	1000143321
356541836	1000099446
40344152	1000088085
64991518	1000140123
17505622	1000070380
3233921	1000080879
126067398	1000161140
51263711	1000054693
16668573	1000127579
28452658	1000101787
73617403	1000099446
205413754	1000140123
15101146	1000148852
152030795	1000121780
2589521	1000098820
104564514	1000052929
4068821	1000041962
17821570	1000147812
42784393	1000121780
21611058	1000080879
282484132	1000140123
114636253	1000124059
6291182	1000070380
236970593	1000121780
12439972	1000060694
176099750	1000124059
64488804	1000000085
21338001	1000098836
46864948	1000099446
16970864	1000143321
30582362	1000082197
168009636	1000099446
75296425	1000140123
976521	1000046501
132805158	1000102629
644463	1000060694
10436072	1000088363
279836991	1000171168
22161096	1000096165
262033524	1000173095
171329398	1000143321
186757039	1000107470
23742038	1000169351
112867490	1000143321
89991483	1000140123
21063405	1000143321
177478817	1000143321
90880254	1000139557
20419760	1000077589
6476742	1000143321
276575469	1000059441
69724763	1000088085
195934431	1000000085
177468759	1000143321
27645291	1000099446
69608119	1000060694
14803740	1000124059
40412730	1000121780
18729482	1000124059
20009703	1000124059
107575731	1000123046
16908562	1000101787
309252941	1000143321
14476063	1000093576
22031488	1000111167
152515045	1000052929
8501792	1000060694
14529724	1000067134
301906836	1000088363
376463873	1000099446
217435419	1000030744
13871102	1000142165
20684656	1000086721
61472006	1000140123
51151362	1000111861
158253062	1000143321
305924882	1000070380
18928583	1000025369
20263994	1000091838
14946893	1000161140
118932885	1000071073
2029191	1000023489
210957006	1000140123
33364234	1000099446
87114066	1000080879
113187333	1000099446
190029944	1000093576
43345820	1000082197
141705597	1000099955
14131500	1000076366
12161	1000090170
33923	1000060694
61336370	1000124059
241211254	1000115134
6773622	1000147812
41540760	1000124059
14229096	1000107470
54757149	1000143321
2230831	1000080879
400505785	1000099446
135281645	1000076938
55443010	1000041962
164731122	1000129590
3338681	1000099446
7524602	1000097319
25945242	1000124059
3062761	1000082197
22636130	1000088732
89991483	1000146536
5802762	1000143321
90072587	1000143321
162442852	1000095608
98218669	1000161140
13473182	1000161055
17183158	1000125042
409039035	1000099446
14830733	1000090170
26346966	1000148852
152350037	1000161055
2896251	1000139557
71396558	1000001263
39800030	1000142165
124279923	1000115134
8452342	1000161140
75835217	1000099446
177651946	1000124059
64624131	1000082197
14217624	1000103668
27118077	1000099446
114636253	1000093576
30316055	1000121780
15911231	1000124059
30949085	1000144328
309366491	1000107470
18917716	1000157848
23967802	1000099446
14529025	1000093576
3775301	1000081608
7888452	1000161140
63644892	1000082197
168407243	1000140123
14229096	1000099446
10069922	1000139557
17594572	1000151232
14681449	1000144328
15116903	1000016920
26037881	1000103668
37788669	1000164507
75743306	1000140123
334935232	1000023325
220627116	1000099446
219720172	1000082197
189234283	1000124059
17594572	1000001263
155998369	1000043510
21905547	1000114797
18141963	1000099446
39706174	1000121780
60463	1000060694
16101560	1000111125
7596102	1000121780
21636840	1000000085
96865911	1000167851
4921861	1000164919
30925493	1000150579
147459629	1000023325
17473973	1000096278
263749598	1000107470
414334713	1000099446
14130860	1000080879
15430305	1000114860
31296704	1000016920
76093054	1000099446
44113970	1000099955
39680464	1000124059
25308195	1000114797
269896991	1000000085
40318230	1000145739
184659882	1000140123
30316055	1000124059
14203895	1000139557
8708012	1000143321
23325557	1000140123
2800521	1000139557
96150272	1000115134
24636393	1000150098
180576711	1000143321
759290	1000115134
18559978	1000099446
111183629	1000161055
17346342	1000099446
125842468	1000099446
15870043	1000160748
90984237	1000069036
14160974	1000016920
153742584	1000161140
15256739	1000167531
32713532	1000088786
67223791	1000099446
19360730	1000124059
790205	1000070380
5702	1000143321
25887274	1000163312
119276733	1000045991
15454949	1000023489
450402450	1000099446
18701960	1000124059
175153195	1000118599
14118444	1000143321
16292380	1000059441
112825848	1000107470
14832599	1000148852
12830	1000060694
76093054	1000115134
53989304	1000099446
2589521	1000121280
15171447	1000124059
15122176	1000076366
283095672	1000140123
133002726	1000099446
42124189	1000111861
34719255	1000030744
14795731	1000129590
55963	1000090170
46254908	1000143321
249969304	1000097319
2800521	1000079838
16452919	1000099446
88501703	1000167115
323059236	1000099446
14882389	1000124059
19234870	1000144328
43920492	1000040873
15216860	1000088085
21211423	1000144328
14502745	1000144328
21174524	1000096165
66922881	1000129590
148998835	1000172056
13055232	1000143321
14226581	1000141327
15666380	1000142370
634563	1000080879
15065065	1000099446
45487007	1000124059
195893980	1000099446
276750856	1000105321
18940128	1000059441
14227559	1000054693
20546489	1000099446
20611743	1000059441
19087450	1000122392
249969304	1000161140
14947499	1000143321
197217159	1000115134
17866414	1000167851
24739574	1000124059
13871102	1000101787
39312916	1000091838
48988063	1000140123
89018859	1000150098
20803125	1000167115
8914942	1000143321
15887110	1000164919
30817647	1000114935
14371333	1000022247
16630062	1000099955
27485181	1000071847
14336347	1000122304
44527648	1000121780
260935147	1000115134
15575251	1000093576
15463226	1000081608
761290	1000038984
53488710	1000107470
51151362	1000081608
147583730	1000099446
43424842	1000088085
9268772	1000088732
14438306	1000071073
214970887	1000115134
197105185	1000143321
52934175	1000016920
36026085	1000088085
20625170	1000161140
187240774	1000142165
26346966	1000113364
103953677	1000167851
793830	1000060694
21224587	1000088085
65785869	1000023805
15269055	1000067134
121594709	1000107470
1129781	1000071847
242184744	1000161140
303886358	1000099446
24252790	1000071847
42765016	1000096165
115708758	1000161140
54757149	1000080879
821643	1000093576
5538252	1000143321
36463814	1000161055
4278541	1000098820
22981846	1000124059
20154465	1000099446
16435523	1000022274
16394162	1000021269
14246143	1000070380
14220624	1000143321
14619878	1000093576
3820911	1000143321
14683691	1000148538
52832085	1000098836
61684853	1000143321
47257872	1000099446
546994428	1000114797
14735742	1000107470
15151510	1000071753
12685	1000070380
2713351	1000143321
3481091	1000124059
3375481	1000062102
20495395	1000143321
50478950	1000029771
40040813	1000093728
43076364	1000099446
257456190	1000067134
13649212	1000143321
1136351	1000146013
184552678	1000099446
277295851	1000143321
368699637	1000080879
8941332	1000139557
151617770	1000143321
26153445	1000114935
20790079	1000005961
1729441	1000090170
36963	1000143321
14719129	1000071847
245278493	1000146536
119961463	1000099446
18914321	1000080879
70915358	1000163752
100369246	1000099446
15154217	1000088085
42124189	1000081608
18264936	1000082108
86120331	1000043510
8001572	1000016920
45583695	1000102629
25416468	1000022274
7344392	1000147812
890831	1000143321
20360524	1000099446
17821932	1000031667
59804598	1000108546
673123	1000046223
14789070	1000088085
73925653	1000147812
112867490	1000095608
177075927	1000143321
12771122	1000096165
231456006	1000099446
2154171	1000143321
41619873	1000088085
13185852	1000088085
66499322	1000093576
61730210	1000115134
21932336	1000114797
22000528	1000088085
49280659	1000099446
13588012	1000144606
40942947	1000114797
279848956	1000099446
81278954	1000059441
75555765	1000044933
14719129	1000143321
191790175	1000169351
15681129	1000016920
7888452	1000095608
145171509	1000124059
19157792	1000159712
190233732	1000098836
177430030	1000080879
127934374	1000001241
170885608	1000143321
794436	1000113364
27803827	1000080879
275353050	1000099446
4838281	1000169351
465187155	1000077232
23232505	1000022274
83477063	1000099446
18253799	1000121780
22025910	1000088085
25491442	1000124059
14977290	1000161140
370708942	1000115134
26326756	1000081608
14471733	1000167115
278777228	1000088085
13610342	1000099446
98535426	1000095608
4068821	1000088085
17464581	1000172481
25388164	1000124059
134208594	1000099446
14610469	1000080879
14620398	1000099446
56488597	1000080879
44957752	1000022274
20684656	1000077589
5413042	1000016920
211318479	1000099446
57553172	1000114797
14521530	1000124059
13115212	1000054693
20383419	1000140123
17977714	1000091838
10940912	1000093576
49883265	1000163736
6754532	1000031667
776434	1000144328
14748482	1000093576
170885608	1000161140
16425459	1000096165
31766093	1000101787
5867722	1000124059
15681129	1000114566
97565120	1000099446
25491442	1000093576
193936797	1000099446
304509004	1000099446
325113355	1000099446
232206987	1000099446
132684863	1000099446
28504906	1000173095
9566962	1000148852
18797345	1000085450
344059195	1000120471
6635112	1000028412
20259508	1000076938
130604350	1000129590
118932885	1000139557
50535198	1000099446
23216821	1000097319
18446783	1000144328
20630542	1000052687
309366491	1000099446
13871102	1000090916
10696062	1000143321
6082492	1000070380
465052612	1000140123
32289713	1000096930
976521	1000088732
69830534	1000140123
14329845	1000143321
17561785	1000093576
18389670	1000090170
14456842	1000124059
33897866	1000115467
98006317	1000151232
82617725	1000171168
90799898	1000059441
86120331	1000129590
11997592	1000124059
94881967	1000161140
13108932	1000099446
44578405	1000115134
31572616	1000115134
15293712	1000076938
270606277	1000114935
453734871	1000145739
177081090	1000143321
17174484	1000035264
205413754	1000146536
16642707	1000115134
103812814	1000161055
21772005	1000101787
6243142	1000114935
21792226	1000067134
2713351	1000071847
5868362	1000060694
37807048	1000114797
8146732	1000099446
18268675	1000023325
16166237	1000161140
114910205	1000009337
37561615	1000099446
15285444	1000124059
15978788	1000145688
11977972	1000062102
15805261	1000069036
24004172	1000167115
219649937	1000109904
18788502	1000142165
15251260	1000093728
15130498	1000107470
25126502	1000067134
393184806	1000099446
13171472	1000148852
20693706	1000161140
166006883	1000124059
35066483	1000093576
5969122	1000005856
112403177	1000140123
23856044	1000124059
39044130	1000107470
26355729	1000099446
14130107	1000079838
682463	1000067134
59682940	1000129590
4071981	1000108546
6449392	1000143321
17602170	1000041962
34650471	1000088085
21013084	1000067135
24048220	1000124059
3375481	1000059441
15442781	1000060694
372403213	1000099446
465052612	1000146536
28851186	1000124059
133987997	1000099446
19238557	1000169351
32140588	1000163003
91220126	1000082108
16458937	1000124059
15640349	1000052687
15773691	1000067134
15106982	1000161140
12771872	1000124059
23012305	1000037924
143834389	1000140123
382438066	1000099446
517673322	1000099446
319168948	1000161140
17702627	1000099446
160392833	1000124059
755068	1000099446
470554025	1000115134
333466134	1000099446
82525569	1000023489
27738655	1000161140
48806882	1000091838
40071926	1000000085
159471069	1000099446
20958304	1000059441
112009763	1000140123
17008990	1000071847
5538252	1000080879
15446746	1000109904
20020647	1000090916
18737808	1000098836
22511331	1000161140
50145896	1000099446
29414439	1000099446
151246522	1000114935
253910582	1000099446
14747847	1000148852
16120265	1000143321
19788368	1000144328
66524046	1000107470
14423460	1000144328
278786768	1000099446
13588012	1000169351
259065905	1000172056
15494146	1000080879
67520030	1000099446
20331568	1000124059
42744294	1000067135
23900993	1000081608
236507452	1000143321
11845912	1000099446
18755518	1000124059
17213742	1000148852
21639982	1000099446
17554439	1000059441
7194892	1000161055
38459087	1000143321
96150272	1000099446
394254612	1000023805
37972286	1000095608
18731707	1000000085
143572160	1000099446
48118853	1000099446
339056433	1000099446
211241503	1000099446
37972286	1000160748
166507591	1000099446
10202	1000054693
2024911	1000000085
17774837	1000080879
143177731	1000150098
259065905	1000051902
23645599	1000077236
629463	1000088732
23128967	1000147812
15611402	1000080879
465182561	1000107470
149660084	1000099446
163374693	1000124059
15717356	1000021269
13461662	1000124059
29849812	1000143321
266182056	1000099446
403744633	1000146536
155973801	1000043510
276394701	1000114935
14632458	1000161140
27631345	1000099446
44737104	1000140123
24252790	1000143321
