315264612	1000108231
16224299	1000047126
16721808	1000045927
14281905	1000124900
14813311	1000091929
86801849	1000174508
127624680	1000136097
15461953	1000124900
22477692	1000174508
11353102	1000124387
127032887	1000053638
133031077	1000029119
18159633	1000172940
19238557	1000039551
9160152	1000029119
403518639	1000124900
18866772	1000009363
84179009	1000009363
6687652	1000020879
44578351	1000050051
11698162	1000155485
28490557	1000174508
270507277	1000108231
150751008	1000124387
362286999	1000039822
169805655	1000108231
14288790	1000097925
22408167	1000124900
24673002	1000174508
16616494	1000172540
15043650	1000079427
14652452	1000172540
696453	1000102361
16934688	1000095665
14274711	1000042998
44404758	1000050051
163136908	1000124900
13141442	1000088659
162442852	1000124900
17400667	1000006364
281258174	1000108231
23292594	1000174508
1352501	1000139386
13594872	1000088659
134935099	1000138539
17279709	1000088812
11346482	1000100912
177081090	1000124900
90880254	1000124900
17119699	1000172744
18666623	1000047126
19223	1000141739
66443242	1000174508
19178827	1000174508
27803827	1000124900
14396204	1000170719
15675252	1000124387
19103586	1000124900
15134465	1000125108
486366544	1000029467
1966	1000138539
225189964	1000174508
114908092	1000037737
43223610	1000113398
44404758	1000174508
528	1000045084
127211957	1000108231
6990562	1000050051
14109797	1000020879
46855908	1000009363
54591914	1000174508
7588102	1000108231
91008721	1000014952
27958687	1000174508
456966324	1000108231
15508834	1000010270
61432094	1000174508
42242199	1000174508
3716111	1000104330
20152005	1000174508
14595552	1000138539
14531269	1000047126
111961058	1000006364
75939851	1000030140
296323588	1000053638
15947348	1000124387
631503	1000008623
138034438	1000124387
298038575	1000108231
18599061	1000174508
224879926	1000088812
20906420	1000093723
16803822	1000138539
102391194	1000174508
121563557	1000124900
188888207	1000033188
65646134	1000174508
7065942	1000050051
58207123	1000124900
18264936	1000108231
120222891	1000050051
14731905	1000138539
19240388	1000144778
171617612	1000174508
95260092	1000108231
104075684	1000097925
51303	1000088812
1980271	1000094692
14455837	1000124900
14738194	1000124387
21709889	1000138539
18634677	1000150559
9632752	1000138539
23081060	1000088812
83932449	1000174508
9796452	1000049258
82507674	1000124900
47483615	1000050051
12938	1000030140
20863627	1000009363
12652382	1000172540
30172755	1000174508
267187200	1000138539
29479373	1000039551
3228691	1000008623
376960659	1000048205
17648193	1000124387
210629704	1000138539
216865677	1000124900
42739048	1000061801
19362297	1000009363
14726984	1000094692
22253	1000008623
19492215	1000174508
1070541	1000174508
8253682	1000094692
184146952	1000037737
46682302	1000174508
18359862	1000138539
20495756	1000006364
14417969	1000172540
474219339	1000039822
35827447	1000144778
448132271	1000124900
8978022	1000043677
87114066	1000039822
48344583	1000065572
15477714	1000033188
380	1000138539
16694706	1000174508
14109797	1000138539
61558088	1000138539
317610704	1000124387
16020401	1000174508
279863186	1000069827
38135106	1000170719
56166348	1000172540
7650782	1000088812
14512216	1000009363
15043851	1000013323
15757690	1000172744
46254908	1000124900
720503	1000162717
317430307	1000108231
245369690	1000019523
111961058	1000174508
91073307	1000174508
37972286	1000124900
786148	1000088812
54341995	1000174508
61422096	1000030140
224940694	1000009363
17294430	1000150559
551124967	1000124900
5750612	1000094692
11420652	1000033188
225189964	1000050051
7940312	1000008623
14159087	1000155485
14632458	1000124900
64446738	1000009363
56831057	1000124387
64446738	1000174508
158664249	1000174508
14813311	1000042998
20923753	1000124900
308275485	1000108231
1295001	1000088812
91008721	1000174508
11884732	1000124900
11458102	1000057017
180853211	1000093723
17965799	1000139386
55061637	1000174508
32708554	1000160445
48263	1000088812
38245673	1000108231
243293725	1000174508
470309837	1000124900
18519524	1000087419
43933796	1000047126
12963432	1000172744
257605626	1000047126
14087951	1000070760
31067157	1000009363
9070452	1000009910
124179300	1000009363
13459652	1000124387
14759966	1000088812
5388222	1000088812
281079128	1000061801
9486542	1000008623
100314530	1000174508
143786262	1000020879
9180762	1000021077
36183	1000141739
104482152	1000174508
14173608	1000174508
42242199	1000093723
65403323	1000174508
794186	1000009363
328246844	1000124387
5963542	1000039551
2897431	1000141739
48177361	1000048205
14086492	1000131706
44557504	1000050051
25713726	1000093723
87114066	1000016863
14637113	1000050051
12938	1000019523
15446372	1000174508
9655342	1000049258
66020299	1000174508
200518339	1000093723
15752932	1000138539
41494136	1000174508
24673002	1000093723
283400097	1000069827
231576588	1000124900
180853211	1000174508
10273252	1000029119
14179098	1000124900
15159694	1000104330
6186692	1000079427
180576711	1000124900
201455147	1000174508
79291414	1000009363
12497	1000124387
18447641	1000071333
284333926	1000124900
88788576	1000108231
14536524	1000094692
14645160	1000124900
140968008	1000009363
193257525	1000124900
27217496	1000088812
225189964	1000009363
14062332	1000030140
15031577	1000079427
348429830	1000138539
16721808	1000093723
728163	1000110129
118921133	1000009363
251448412	1000124900
18382692	1000174508
15077916	1000019249
15820160	1000049258
83902182	1000108231
14069827	1000174508
155403330	1000124900
21505330	1000009363
14529828	1000139386
14354316	1000065572
14458383	1000124900
19649303	1000009363
60852550	1000009363
9243482	1000124387
16020401	1000009363
14454675	1000091929
236507452	1000124900
11641832	1000104330
11818	1000005516
304949161	1000009363
61684853	1000124900
8207832	1000010270
9638882	1000124900
96649366	1000174508
44522731	1000174508
15414399	1000124387
16020401	1000050051
9941002	1000079427
12512	1000005516
16020401	1000014952
13462502	1000029119
151667946	1000009363
16020401	1000006364
5553152	1000172744
20898328	1000013323
115751705	1000108231
629463	1000174949
9085252	1000138539
13479	1000008623
295368995	1000124900
378186136	1000174508
164722405	1000124900
24290627	1000102361
237513458	1000174508
21689294	1000088812
16882660	1000138539
17453598	1000138539
22692146	1000009910
18815604	1000100912
407403	1000138539
44641505	1000174508
44114848	1000050051
17462502	1000124387
6001592	1000029119
16072024	1000138539
8285392	1000029119
196518052	1000050051
24848057	1000124900
1729441	1000049258
22464647	1000174508
41315331	1000108231
115491854	1000138539
294211752	1000124900
177430030	1000124900
16721808	1000174508
14337677	1000033188
14176588	1000020879
13652832	1000110129
12725022	1000141739
37729461	1000039551
14454675	1000102361
26504875	1000174508
26576418	1000087419
19208450	1000174508
333464309	1000108231
5471892	1000174508
277295851	1000124900
99642334	1000033188
13134712	1000006364
22465479	1000174508
14107142	1000034218
333882024	1000057694
5517	1000083333
57973034	1000088659
15178133	1000138539
31797181	1000108231
81115665	1000030140
14272991	1000006364
28971669	1000108231
199122609	1000124900
13408722	1000043677
37916113	1000124900
397687637	1000108231
18317233	1000131706
118825977	1000108231
243514133	1000009363
118864539	1000124900
24948569	1000174508
7423512	1000113398
9533042	1000124387
92985689	1000174508
77690219	1000009363
12963432	1000016610
11587712	1000124900
85450354	1000006364
6186692	1000087419
3191321	1000029119
146525713	1000138539
15747614	1000144778
18975861	1000083333
50850314	1000039551
96649366	1000009363
86315276	1000162717
79291414	1000174508
494811734	1000124900
18940844	1000009363
14238569	1000021077
5963542	1000144778
4833	1000020879
19362297	1000174508
20863627	1000057694
6160742	1000047756
230844990	1000009363
249359476	1000172744
98535426	1000124900
94860638	1000006364
161691033	1000094692
190233732	1000043677
44114848	1000009363
114908092	1000033188
89426863	1000071333
728163	1000138539
24955088	1000047126
18573267	1000124900
25957136	1000174508
32270541	1000020879
38482947	1000071333
31067157	1000033188
798200	1000021077
14110750	1000020879
43016307	1000174508
17048064	1000016863
27906506	1000174508
14631433	1000093419
251487955	1000047126
18193572	1000036926
9495492	1000057017
3286871	1000138539
15736190	1000124387
18895806	1000138539
17505251	1000029119
198661893	1000034218
1434051	1000036926
220045059	1000020879
50478950	1000016610
193553877	1000124900
20586208	1000174508
351225849	1000108231
196518052	1000174508
727813	1000172744
16079245	1000029467
16018802	1000016863
15508191	1000010270
13197822	1000124900
14143533	1000102361
17495686	1000050051
17556773	1000136097
10144972	1000039551
14590081	1000124900
20445908	1000050051
24229513	1000010270
14519984	1000039551
229969254	1000088812
12473952	1000016610
32831936	1000174508
15062340	1000029119
128231224	1000174508
1780551	1000174949
46716477	1000019249
776434	1000102361
50710294	1000174508
6392802	1000170719
198941747	1000124900
33890876	1000045927
16051404	1000174508
363236099	1000047126
33298234	1000093723
19980698	1000174508
191790175	1000039551
196518052	1000006364
33959844	1000093723
821958	1000029119
90849125	1000124387
14703882	1000138539
14351575	1000138539
91008721	1000009363
7378572	1000029119
14498597	1000017671
18904698	1000174508
99642334	1000047126
23487429	1000039551
52922310	1000144778
53218269	1000095665
71882809	1000174508
14924965	1000116042
14721658	1000124900
14544190	1000124387
123439064	1000174508
50478950	1000172744
56488597	1000116042
14275130	1000138539
14807093	1000124900
791124	1000102361
14996995	1000124900
5721662	1000125108
84179009	1000174508
14448199	1000174508
22123987	1000013323
10350	1000124900
18880970	1000160445
44404758	1000014952
11674912	1000009363
86437885	1000124900
262922606	1000088812
53235381	1000124900
9943672	1000045084
67891810	1000093723
11674912	1000037737
117283284	1000047126
120222891	1000009363
80302411	1000174508
87294312	1000124387
485197487	1000093419
313024367	1000174508
1467951	1000020879
155844378	1000039551
18206161	1000088812
21647767	1000108231
25846006	1000174508
61400295	1000009363
50710294	1000009363
16792453	1000061801
21861033	1000124387
177636959	1000124900
28642084	1000013323
14575076	1000047126
95403192	1000174508
94860638	1000174508
10476462	1000088659
541175404	1000108231
9863222	1000047756
8162312	1000088812
813637	1000169726
17560063	1000139386
989	1000138539
177397957	1000124900
16226911	1000102361
91008721	1000006364
713263	1000070760
1239671	1000010270
71254586	1000124387
82164597	1000010270
8946142	1000172940
10042172	1000008623
50000478	1000174508
34771668	1000013323
103650790	1000174508
317608656	1000124900
9576402	1000010270
79033767	1000169726
657863	1000102361
29815936	1000009363
146178244	1000174508
469590968	1000174508
81909950	1000008623
635523	1000138539
17902089	1000174508
22536940	1000174508
196518052	1000009363
11667452	1000100912
558081958	1000124900
713263	1000030140
245369690	1000138539
33508350	1000020879
187261930	1000174508
1434051	1000017671
72184290	1000102361
143018561	1000093723
14631433	1000039551
375898136	1000174508
10696062	1000124900
60463	1000049258
