8132642	1000128151
146406287	1000168967
46719689	1000094524
16786960	1000029386
19737483	1000012710
277997152	1000098386
101775511	1000104147
10886522	1000110822
442847698	1000152599
61458269	1000029163
21210048	1000056353
35718360	1000016413
14848513	1000103958
177161911	1000104147
14109485	1000103958
294037090	1000033103
172442947	1000066965
15801446	1000066965
272837601	1000056353
93058760	1000104147
1186	1000022670
21939277	1000136212
254560310	1000103958
15899917	1000026258
15705782	1000103958
1249751	1000104147
141628169	1000104147
49636316	1000104147
103080181	1000094524
244122154	1000016413
15237935	1000010366
17290922	1000070618
47809249	1000073011
82067206	1000058937
18720204	1000058474
14173097	1000104147
317256778	1000092330
13721662	1000081974
187520111	1000136212
278746956	1000058474
35718360	1000056353
14167618	1000103958
11180212	1000110822
127108489	1000070618
21127620	1000136212
153750322	1000141023
393605414	1000104147
10877	1000128151
14061092	1000002853
9463382	1000128151
171735092	1000036638
869201	1000128151
42800399	1000026031
19037341	1000018190
18804081	1000136212
183814521	1000103958
45741118	1000094524
462993829	1000104147
76637096	1000098386
8940282	1000128151
9027	1000128151
161691982	1000168967
15362595	1000104147
175383671	1000104147
555521357	1000001286
27857304	1000003755
12108	1000128151
21127620	1000070618
35718360	1000104147
16454701	1000070618
9270192	1000029163
51573	1000128151
14109485	1000069767
21603325	1000104147
46278612	1000059553
7398912	1000104147
18184416	1000012710
25446919	1000103958
155690477	1000168967
387013671	1000025903
82208992	1000136212
111040972	1000059553
242155735	1000065523
415643219	1000104147
170145286	1000097417
24297586	1000029163
18637831	1000082507
3779381	1000104147
40209732	1000025903
164645449	1000024308
171487916	1000003755
19655985	1000104147
409	1000128151
93944893	1000003755
351564837	1000092281
77175478	1000128151
59316084	1000110822
10225972	1000002853
98065221	1000128151
136392274	1000104147
949521	1000128151
485924782	1000026031
26895943	1000164874
18804081	1000070618
14844734	1000104147
5659662	1000143740
93944893	1000104147
25502100	1000123676
662423	1000128151
16116572	1000128151
40724459	1000106169
76511839	1000103958
14627429	1000136212
19916625	1000103958
16454701	1000136212
31345277	1000104147
175114748	1000120307
16689804	1000066965
15311039	1000070657
26376078	1000069767
19945554	1000029163
20713061	1000115235
71261579	1000066965
405482317	1000065916
44156753	1000029386
46692428	1000024308
29114279	1000136212
15358350	1000012710
14990062	1000143740
14207863	1000136212
14831031	1000104147
949	1000066965
26376078	1000103958
14237677	1000029163
161554085	1000152756
39525929	1000066965
18392144	1000059553
72814599	1000110822
109184306	1000036642
8627002	1000012710
18036441	1000036642
21279016	1000029163
20050047	1000026031
18949742	1000036642
211951000	1000104147
37899236	1000102842
58961325	1000026258
14074515	1000136212
25843787	1000103958
175383671	1000152599
93006320	1000104147
1303431	1000022670
201526993	1000103958
14680797	1000103958
305128545	1000104147
10379542	1000003755
231925622	1000016413
226987914	1000103958
102124948	1000026031
15051439	1000001155
14761583	1000018190
17200130	1000070657
53025660	1000168967
127108489	1000136212
14173190	1000128151
16434310	1000104147
7398912	1000058474
7123452	1000103958
44449776	1000136212
23849131	1000097417
223408561	1000104147
16369845	1000063844
17054817	1000066965
20523099	1000152599
130268655	1000036642
20809019	1000173506
791124	1000128151
193355706	1000101536
405482317	1000056353
325496317	1000104147
9843352	1000066965
14732491	1000152599
9946842	1000128151
16999591	1000012710
4708351	1000128151
20398450	1000082507
96432821	1000104147
5870082	1000128151
167796962	1000087460
5110861	1000104147
14199378	1000136212
85343905	1000112113
48465624	1000063844
325000226	1000025903
12052632	1000152756
1401881	1000128151
60321100	1000063844
22915745	1000128151
25059647	1000029163
270412208	1000033103
501794095	1000136212
415601652	1000092281
15726728	1000122852
39525929	1000036642
110748715	1000104147
30331404	1000066965
390660853	1000104147
36743910	1000110822
22453	1000128151
312283342	1000104147
15458520	1000091749
13039722	1000128151
21755787	1000104147
74697858	1000104147
19060726	1000065884
276597679	1000104147
110748715	1000058474
14199378	1000070618
309920730	1000029163
696453	1000128151
14835652	1000036638
17567533	1000003755
9611352	1000036642
16926637	1000094524
151820156	1000057153
20946945	1000087460
197533538	1000012710
22436433	1000029163
247554276	1000029163
30816874	1000029163
90696553	1000066965
16434273	1000033103
15134782	1000110822
486776304	1000025903
17484168	1000104147
16902120	1000066965
101929468	1000029163
17843236	1000012710
14856594	1000104147
225278499	1000120307
4603931	1000070657
27907984	1000059553
48229752	1000066965
14145413	1000029163
78701122	1000104147
7552082	1000082507
41335446	1000106169
795244	1000128151
57944123	1000003755
638203	1000066965
30293070	1000136212
7619532	1000029163
1249881	1000128151
25273336	1000104147
142728897	1000104147
1847381	1000006683
14267595	1000120307
10379542	1000016413
6258042	1000016413
14474034	1000081974
7262292	1000103958
135972385	1000136212
61902439	1000136212
90778418	1000003755
17386985	1000081974
19771577	1000012710
3657081	1000128151
133339804	1000003755
102300277	1000104147
786983	1000128151
34583398	1000029163
9840472	1000128151
460272173	1000104147
14475298	1000029163
136392274	1000033103
9255722	1000012710
14075836	1000066965
22796083	1000110822
14990062	1000122852
12169762	1000029163
26895943	1000066965
15003091	1000103958
12196	1000128151
15051439	1000046240
191613738	1000115235
64674727	1000104147
125500164	1000120307
9972002	1000082507
19468048	1000033103
124444856	1000104147
17546286	1000066965
22811118	1000026031
39919140	1000029163
329600057	1000033103
20809019	1000108867
66369181	1000123676
40190660	1000104147
15362595	1000058474
76273976	1000104147
14552063	1000128151
160590087	1000003755
223408561	1000058937
130268655	1000066965
99378101	1000017672
72937903	1000066965
121858259	1000094524
20444608	1000105389
14819149	1000022670
189065376	1000152599
356349317	1000059553
64441390	1000073011
14467793	1000103958
16927085	1000112113
34543	1000128151
6013342	1000022670
102433240	1000091749
633	1000012710
65467957	1000141023
58431280	1000033103
460272173	1000003755
14133286	1000059553
31466859	1000003755
136392274	1000058474
373422039	1000003755
64474358	1000104147
21201351	1000033103
42800399	1000004883
14132797	1000095203
17813899	1000036638
36998859	1000012710
1586501	1000128151
187520111	1000070618
17142160	1000001155
141705597	1000003755
22117687	1000103958
175865603	1000066965
245285728	1000003755
12437282	1000103958
15010418	1000122852
1633681	1000103958
10266522	1000029163
13504092	1000029163
4265731	1000128151
14961234	1000012710
15092914	1000136212
247507183	1000059553
286263683	1000110822
244122154	1000104147
12520552	1000128151
369468391	1000033103
14266435	1000069767
213414358	1000120307
69049114	1000054411
16434273	1000152599
81089247	1000025903
171735092	1000066965
405482317	1000016413
53023494	1000033103
17200130	1000004883
106436533	1000016413
282100055	1000066965
20	1000128151
30863	1000128151
249252048	1000059553
58431280	1000168967
436187252	1000057153
16434310	1000058474
8937792	1000128151
18036441	1000036638
10032112	1000066965
18064234	1000029163
454304530	1000104147
340152975	1000103958
216803393	1000104147
10079052	1000082507
17290922	1000136212
114707315	1000104147
417800571	1000025903
171487916	1000037273
113432765	1000078412
14819149	1000066965
202720887	1000104147
1285451	1000136212
2372	1000066965
17938005	1000022670
15253147	1000087561
15231413	1000103958
17108182	1000012710
31774760	1000110822
143568410	1000110822
22506791	1000152599
1692881	1000128151
107589725	1000103958
5843542	1000029163
143737595	1000029163
20426515	1000104147
34635076	1000058474
21410687	1000104147
113963	1000006683
16396588	1000136212
64838619	1000104147
18036441	1000066965
135989360	1000065523
18720204	1000104147
35718360	1000065916
82067206	1000058474
64519379	1000001155
38201262	1000102842
147667523	1000001286
34021457	1000105389
19199615	1000122852
21350891	1000122852
46473066	1000136212
34594689	1000092330
20703666	1000029163
373639969	1000017672
95431448	1000078412
21260160	1000066965
9463382	1000082507
288113759	1000065884
343452549	1000003755
15865260	1000082507
25993	1000082507
353370148	1000003755
22643137	1000001286
43695113	1000110822
792690	1000128151
104598979	1000104147
118975084	1000010366
278746956	1000104147
21224647	1000070618
14167618	1000069767
270372236	1000136212
153133767	1000104147
161691982	1000108867
44217174	1000136212
17621204	1000104147
9972002	1000128151
82067206	1000104147
20543444	1000081974
690083	1000128151
175013138	1000065523
8438932	1000128151
34635076	1000104147
53518563	1000070618
19492845	1000066965
23120154	1000091749
4829901	1000128151
17142160	1000046240
333279088	1000173506
45741118	1000070657
15088253	1000103958
17753033	1000087561
26575697	1000063844
31443503	1000010366
22090170	1000095203
14628988	1000128151
5747502	1000003755
238986047	1000104147
44192027	1000054411
87899230	1000104147
18949742	1000066965
14555893	1000069767
93950835	1000128151
18040381	1000164874
8095292	1000066965
44217174	1000070618
18843227	1000066965
22039314	1000101536
72842277	1000003755
25118264	1000037273
