203410283	1000147259
772412	1000018091
15977848	1000071258
24964618	1000153659
78749807	1000018091
78749807	1000129475
259516003	1000039801
243902744	1000129747
19345378	1000064027
20526223	1000041150
14346923	1000040784
11698162	1000155485
47515463	1000097613
16095572	1000162393
45067533	1000088752
696333	1000116958
5815272	1000121005
257542789	1000121005
128240372	1000021809
25534013	1000172819
29013076	1000056020
15420011	1000134741
20100967	1000023231
22062165	1000056020
31475027	1000021809
33063	1000052428
37784171	1000127231
78749807	1000025091
21345893	1000050124
22977954	1000057154
22977954	1000124337
219311881	1000039266
412640233	1000162393
418985576	1000134741
83256764	1000021809
70007761	1000015140
217096194	1000149044
108341871	1000040784
242587038	1000148375
23440052	1000001934
333467236	1000025091
16060342	1000059124
10453902	1000148402
15859268	1000016506
52554963	1000023231
15445811	1000018091
16870573	1000021809
15420011	1000050124
14981505	1000041150
5374	1000062231
19471190	1000057206
128528922	1000040784
128528922	1000021809
45067533	1000011306
26757925	1000018091
140395153	1000071258
38768556	1000127753
440282483	1000057154
41852612	1000071258
164453793	1000117379
21439470	1000006718
16941373	1000071258
5374	1000106365
2022341	1000160298
16104715	1000071258
16870573	1000018091
16079941	1000015140
75062250	1000071258
531699236	1000175583
134059398	1000166862
9628802	1000088709
21102601	1000160298
108341871	1000050124
183814521	1000088709
35175760	1000134016
15295809	1000173122
111694703	1000071258
39837477	1000060269
126536128	1000015140
45297071	1000023231
15510569	1000052428
46270995	1000012180
12863602	1000053190
9267332	1000148402
19468147	1000021809
25325913	1000050124
19468147	1000040784
22811404	1000172819
83256764	1000106365
83941972	1000116958
15553270	1000106365
8054392	1000015140
30728013	1000018091
116757352	1000001934
15655027	1000172819
14159087	1000155485
19628775	1000106365
15648137	1000043818
45316516	1000021809
28584071	1000117379
25276905	1000149044
14506809	1000015140
18593319	1000148402
65402107	1000103813
15826220	1000062231
31130639	1000025091
147155386	1000038986
7510942	1000079342
45316516	1000040784
113859309	1000162393
237851779	1000172819
9354792	1000108520
37784171	1000156991
27677483	1000027366
16133208	1000012180
93752624	1000110700
5838072	1000018091
18854250	1000149044
71884737	1000173122
191578026	1000108520
11272122	1000015140
125523197	1000039801
20611743	1000071258
35746423	1000149044
15959795	1000015140
45932121	1000023231
147155386	1000072944
31475027	1000102879
41796739	1000166862
28584071	1000018091
10260682	1000021809
24530820	1000084232
35746423	1000021809
9887162	1000148402
73520317	1000072944
29631095	1000021809
40522554	1000023231
24992454	1000088709
322938719	1000018091
15567576	1000077612
210874708	1000148375
19628775	1000050124
21625307	1000015140
3475	1000160298
153559103	1000069607
12891562	1000088752
9523892	1000018091
42047882	1000015140
19660045	1000012180
440282483	1000052682
16139105	1000103813
15826220	1000018091
49636316	1000097613
13535762	1000162393
27119147	1000021809
148770143	1000088752
29631095	1000121955
11977972	1000071258
45067533	1000018091
93752624	1000072944
747863	1000024747
94938313	1000053166
23126210	1000064027
224896282	1000081805
21436558	1000021809
71245177	1000149044
55468579	1000059124
12661	1000148402
15535730	1000043818
112557588	1000015140
43083	1000116958
143534405	1000081805
14726984	1000052428
19693602	1000016506
26799554	1000079342
763446	1000052428
123592572	1000021809
37784171	1000053190
24439473	1000016506
291987010	1000018091
16095207	1000056020
183067025	1000027366
818155	1000052428
31130639	1000018091
48459300	1000050124
85143055	1000071258
638323	1000148402
333467236	1000129475
16930986	1000162393
19509652	1000001934
64503060	1000018091
28163	1000116958
269050630	1000052682
16793368	1000062231
15420011	1000021809
126124275	1000129747
23868599	1000006030
110588832	1000064027
56449463	1000056020
14847279	1000077612
399793617	1000083917
93752624	1000038986
47257805	1000071258
14230524	1000153659
7760472	1000134016
24017268	1000092709
47410486	1000124337
15420011	1000102879
44050341	1000006030
14522630	1000083917
54990037	1000071258
19471190	1000018091
8934042	1000071258
6438	1000160298
15826220	1000040784
320037355	1000147259
296609425	1000098436
626973	1000052428
419356073	1000116958
14893314	1000088752
114838665	1000071258
17659879	1000018091
25740519	1000039266
440282483	1000124337
687613	1000052428
15244001	1000006718
33640859	1000149044
21957583	1000156991
123655316	1000098436
15826220	1000021809
607063	1000160298
213883528	1000047539
20927666	1000103813
164453793	1000113489
15909010	1000103813
22711126	1000018091
41894819	1000071258
144286235	1000038986
440282483	1000127231
324584444	1000036444
6296472	1000071258
22861077	1000092709
18854250	1000121955
31475027	1000106365
739223	1000024747
28204589	1000018091
43127447	1000018091
23962769	1000127753
19574016	1000036444
236926189	1000173122
26757925	1000025091
5737	1000097613
31188700	1000173122
7976712	1000021809
163629705	1000039801
14416334	1000015140
148770143	1000011306
204817833	1000018091
291987010	1000113489
42338280	1000053166
21957583	1000047539
29788092	1000098641
95585691	1000175583
42252369	1000071258
351650641	1000025091
144286235	1000057206
9270952	1000052428
151460592	1000021809
16793368	1000149044
124944912	1000015140
291361629	1000069607
23506864	1000103813
22498621	1000145083
14882900	1000110700
71245177	1000106365
22092792	1000097613
12863602	1000098436
113245908	1000071258
17222954	1000062231
42209017	1000084232
133489612	1000071258
93752624	1000018091
467259963	1000088709
72918810	1000098641
285877012	1000173122
33960487	1000021809
15420011	1000106365
453985325	1000018921
105153029	1000060269
103466945	1000018091
125523197	1000018921
21373407	1000023231
193825756	1000145083
