39234189	1000107879
19199673	1000125834
13691782	1000111636
403550586	1000171510
155183410	1000107879
467259963	1000143991
201526993	1000066682
96432821	1000151477
34635076	1000114120
21436960	1000130698
153784150	1000167975
14819061	1000034620
16356344	1000037528
423618162	1000035775
38824382	1000035775
22542297	1000035775
36998859	1000035775
21755787	1000088400
15130614	1000125834
15109436	1000114120
15292446	1000166219
174784400	1000035775
52029198	1000107879
39607844	1000066682
16619832	1000107168
177310174	1000169358
15880884	1000077001
11348722	1000122241
63147391	1000008418
467259963	1000161412
194087055	1000011355
269427088	1000154658
13685122	1000018977
15658051	1000095670
7420552	1000056342
14980792	1000045550
38040438	1000157099
211547273	1000042081
19709033	1000148317
19469924	1000122241
41620322	1000056060
216548653	1000035775
103652294	1000148317
221770604	1000135739
8527032	1000035775
14726202	1000107879
19782803	1000035775
14936377	1000146477
36765490	1000035775
7429892	1000066682
21210048	1000056353
69248730	1000158820
15486950	1000046332
35718360	1000016413
202720887	1000036156
104201057	1000035775
141628169	1000158170
462993829	1000107879
47306483	1000089659
15690382	1000034620
15021794	1000086677
14819061	1000061753
342130924	1000035775
17876003	1000035775
19789439	1000035775
34497810	1000066682
108811740	1000114120
13492942	1000035775
6258042	1000174730
26697947	1000088400
83573016	1000148317
299873174	1000035775
78489442	1000035775
156370885	1000045550
18679467	1000035775
13685122	1000161412
16485116	1000061753
14857809	1000114120
372215383	1000045550
211547273	1000140303
13759792	1000042081
16919321	1000035775
16689224	1000154658
85370197	1000139141
28434434	1000122241
16330585	1000035775
14311150	1000128985
14944532	1000172197
14223244	1000143991
19469924	1000066682
14997105	1000102466
143156249	1000098824
282660061	1000042081
16356344	1000089659
18774477	1000035775
70160230	1000031356
280515903	1000073291
5408852	1000143932
229205312	1000035775
15041845	1000021483
135275592	1000130698
103238721	1000035775
6210762	1000116725
19927012	1000149867
15021775	1000155084
16895274	1000035775
274663230	1000074578
118253507	1000069103
18940840	1000146477
15018214	1000035775
71502330	1000032221
64444175	1000069103
59077428	1000016939
5870022	1000102466
64692164	1000148317
35718360	1000135771
24273412	1000166219
272837601	1000056353
15693930	1000157099
189253902	1000007053
94164585	1000148317
16677622	1000137624
7123452	1000086646
74291526	1000082901
8025532	1000158820
384848172	1000111636
16203199	1000111636
18720204	1000114120
26003862	1000035775
194347664	1000090841
19653925	1000000659
14857809	1000056060
33602654	1000034620
11511422	1000155084
26552440	1000140303
24239110	1000079013
5490392	1000035775
104980886	1000099882
24239110	1000143932
35908473	1000155084
15309804	1000035775
229994088	1000161412
1701921	1000035775
15113565	1000035775
15438914	1000166219
31957731	1000143932
118253507	1000154658
16246471	1000140303
1701921	1000040831
14997105	1000143991
27978241	1000102466
14529828	1000066682
135200435	1000035775
222879842	1000089659
124886495	1000174730
28823239	1000092938
8627372	1000042081
13691782	1000066682
18769325	1000092486
194347664	1000114120
90696553	1000042081
140893518	1000166219
143412135	1000092938
27724771	1000158820
18990471	1000035775
61367153	1000021216
108811740	1000040387
14217740	1000143932
54300251	1000086677
22542297	1000040831
104598979	1000088400
23833837	1000089316
46319532	1000116725
244627772	1000066682
87397353	1000077001
16689224	1000035775
16677622	1000011355
348968125	1000086677
238986047	1000077001
42848976	1000095670
252528549	1000035775
22981384	1000045550
46699399	1000089659
14467793	1000035775
47393360	1000061753
39234189	1000092486
15758488	1000006335
37211517	1000035775
90696553	1000088400
63161923	1000088400
11211372	1000035775
195460470	1000107168
14085473	1000035775
86120067	1000135771
7420552	1000016939
15139989	1000095670
8550312	1000035775
197176358	1000158820
72814308	1000124587
208442526	1000007294
61450361	1000124587
274663230	1000011097
46319532	1000114120
211547273	1000114120
146469926	1000008418
83889856	1000073291
17069288	1000035775
21724904	1000035775
22958682	1000158820
274663230	1000095670
123028422	1000151014
26376078	1000069103
194703864	1000106710
131244360	1000008418
222879842	1000004945
126302054	1000035775
16311693	1000016939
19253485	1000035775
22845770	1000035775
61726233	1000148317
16243590	1000102466
78133467	1000035775
14980792	1000128842
244122154	1000016413
14458660	1000032221
36109143	1000035775
16246471	1000034620
24290627	1000035775
560452336	1000077001
64838619	1000174730
43578737	1000077001
398069463	1000157097
17384099	1000056060
70731269	1000035775
44716010	1000035775
22542297	1000143932
333223227	1000021216
27724771	1000121594
331484683	1000035775
73723362	1000082901
258927438	1000157099
59062375	1000035775
14134265	1000121594
14555893	1000018977
19199673	1000035775
1701921	1000022044
93714983	1000104172
14457120	1000037528
9411482	1000158820
124165341	1000035775
82453323	1000011355
69248730	1000035775
104201057	1000092938
26552440	1000035775
21436960	1000158820
104446638	1000035775
19766517	1000034620
15693930	1000149867
261324356	1000069792
16710946	1000102466
858051	1000035775
265383563	1000020593
314585181	1000154658
10408632	1000088400
57695187	1000166219
23116280	1000035775
15004390	1000035775
15658051	1000089316
14088984	1000035775
208442526	1000166219
22377107	1000044766
1352501	1000139386
102264848	1000011097
16677622	1000035775
39832918	1000157099
16895274	1000016939
15619821	1000169358
18467383	1000035775
6120952	1000035775
14647570	1000069792
20228595	1000036156
14046322	1000161412
159588456	1000042081
21678359	1000085666
43385785	1000092486
104126903	1000092486
15021845	1000155084
348968125	1000015023
262317278	1000106870
18747541	1000111636
277510682	1000035775
15612654	1000088400
273120131	1000034620
55014158	1000158820
50004191	1000088400
14555893	1000040387
265249485	1000035775
11232732	1000011355
18428353	1000066682
22521914	1000035775
14555893	1000066682
189520887	1000127599
24752484	1000035775
22542297	1000008418
120879699	1000143991
180200031	1000107168
17621204	1000148317
22542297	1000073291
11348722	1000023214
34497810	1000089659
58937467	1000126928
19031023	1000140303
17431236	1000137624
375971107	1000166219
90746337	1000135771
76469604	1000035775
716983	1000102466
36765490	1000084411
14467793	1000056342
35718360	1000056353
355628898	1000157099
6416652	1000011097
43966169	1000166219
454304530	1000171510
6456482	1000095670
39234189	1000077001
178678731	1000011097
18428353	1000008418
19107667	1000035775
28337536	1000140303
9852542	1000143932
153133767	1000146477
7623482	1000114120
18168629	1000166219
462993829	1000077001
14046322	1000035775
92306628	1000154658
63161923	1000035775
102842906	1000166219
15109436	1000040831
15010721	1000161269
143491086	1000166219
13462442	1000032491
163848561	1000158820
16710946	1000046332
94667476	1000166219
44938972	1000081330
55014158	1000035775
5870022	1000111516
113381165	1000114120
210294296	1000089659
103238721	1000092938
15758488	1000034620
38828294	1000107879
18194898	1000042081
17431236	1000011355
21224647	1000034620
24430097	1000034620
15009735	1000035775
349757265	1000011355
33840144	1000035775
77800503	1000158820
153133767	1000077001
34903365	1000035775
57944123	1000074317
17432702	1000166219
33602654	1000161412
14997105	1000088400
430947942	1000035775
20658373	1000111636
14855909	1000008418
20155760	1000088400
7054612	1000066682
15109436	1000035775
15231413	1000018977
22861077	1000143991
44369634	1000102466
376819015	1000158820
21770611	1000073291
211547273	1000111636
11348722	1000157205
15293735	1000035775
128688675	1000130698
19479427	1000035775
89294862	1000035775
22067520	1000035775
21576334	1000056060
199732904	1000166219
27885519	1000035775
23826919	1000089659
375432180	1000021483
16580226	1000035775
13691782	1000008418
16029857	1000088400
193336046	1000020371
18769325	1000107879
11211372	1000011355
21420959	1000148317
29232503	1000035775
348968125	1000000659
344776030	1000022916
21755787	1000104172
17781165	1000035775
334735103	1000015023
14266435	1000061753
14916626	1000135739
130877595	1000035775
14932753	1000056342
14458660	1000069103
467259963	1000011097
59420092	1000011097
18335940	1000035775
15004311	1000092938
46220856	1000018977
20216011	1000069103
18164420	1000016939
363779585	1000035775
28823239	1000061753
138820859	1000006335
14458660	1000037528
355628898	1000172197
15759202	1000121594
60683341	1000146477
22117687	1000035775
98633794	1000085666
17384099	1000130698
26376078	1000018977
334735103	1000085666
16656631	1000035775
23503181	1000035775
16890327	1000098824
15648491	1000154658
14061092	1000002853
107669395	1000011097
150511677	1000035775
104868307	1000035775
353665909	1000085666
21580985	1000092938
13490452	1000011355
16588386	1000035775
80934588	1000158820
43196650	1000034620
302784387	1000085666
55433240	1000035775
185294100	1000021483
5709442	1000042081
14726202	1000088400
15535081	1000091950
104498794	1000135771
375432180	1000035775
273120131	1000035775
6633692	1000018977
19199673	1000099882
7296332	1000035775
166273518	1000095670
80623140	1000035775
9852542	1000082901
7054612	1000125834
15010721	1000161412
37744202	1000088400
19082650	1000035775
267350635	1000171100
64474358	1000055519
17432702	1000116725
14861701	1000085666
8572352	1000035775
14944532	1000114120
16009851	1000045550
64674727	1000088400
378247928	1000016939
14791994	1000035775
15181087	1000114120
27790436	1000086677
222368253	1000035775
384761809	1000088400
199732904	1000035775
194391047	1000016939
117809922	1000035775
267350635	1000035775
20832742	1000140303
14266435	1000035775
326175038	1000158820
9631832	1000008418
55006898	1000035775
26376078	1000149867
14990062	1000130698
15535081	1000173954
7430772	1000035775
112863451	1000056060
15705782	1000035775
34497810	1000011355
494000934	1000081330
52863597	1000011355
15619821	1000034620
15180686	1000006335
15658051	1000035775
398069463	1000107168
21436960	1000034620
276597679	1000005731
150732943	1000034620
201526993	1000069103
24244836	1000015023
17877850	1000035775
136733323	1000035775
10000472	1000102466
107669395	1000020329
317313520	1000035775
183814521	1000011355
11161852	1000018977
19766517	1000035775
21576334	1000084797
25565646	1000035775
16311693	1000069103
6120952	1000011355
115637846	1000174730
14046322	1000173954
789286	1000169358
124614664	1000056342
13485632	1000008418
334735103	1000143932
16363491	1000148317
16817883	1000035775
15231413	1000102466
378247928	1000148317
14892073	1000035775
54324142	1000174730
102300277	1000075042
4620451	1000088400
29472803	1000035775
14932753	1000035775
304814889	1000042081
334735103	1000073291
14902737	1000008418
138820859	1000021483
39234189	1000107168
41583318	1000000659
222368253	1000040831
15096859	1000143991
41147062	1000066682
10225972	1000008418
189246487	1000140303
85891683	1000092938
15705782	1000166219
8527032	1000114120
20832742	1000122241
11232892	1000035775
42848976	1000104172
276912001	1000141619
14902737	1000157216
37005976	1000143932
15693930	1000035775
16158930	1000035775
21436960	1000035775
24930840	1000034620
6202002	1000135683
262317278	1000042391
41583318	1000011097
15869453	1000011097
15711781	1000035775
9411482	1000035775
15021845	1000035775
15102849	1000165236
14208982	1000143932
28989277	1000035775
15003091	1000069103
787239	1000035775
18364847	1000035775
442847698	1000077001
23833837	1000166219
14870476	1000035775
103238721	1000088400
1034621	1000035775
814304	1000114120
131282676	1000104172
59077428	1000114120
14091091	1000035775
8835652	1000018977
212228906	1000140303
52863597	1000126928
425153490	1000035775
19534433	1000011097
15919988	1000073291
87693728	1000045550
16020435	1000035775
289049839	1000016939
11229292	1000092938
263440459	1000092938
8527032	1000095670
11211792	1000137624
107377990	1000102466
22712077	1000016939
93892314	1000148317
20827153	1000035775
19468048	1000148317
25565646	1000092938
6456482	1000141619
14458660	1000086646
201526993	1000125834
47306483	1000069103
19413141	1000011097
13759792	1000121594
314273466	1000000659
58489734	1000035775
9411482	1000034620
15088253	1000008418
13176312	1000006335
24430097	1000088400
334735103	1000011097
43656232	1000102466
14333974	1000069103
21127620	1000140303
104498794	1000148317
37005976	1000122241
15039741	1000095670
15165493	1000157097
14061092	1000157099
5408852	1000035775
26646823	1000114094
22826294	1000035775
15180686	1000088400
183672041	1000035775
102264848	1000143991
236308488	1000074578
148433974	1000021483
17998609	1000140303
306128912	1000111516
27011247	1000006335
15108101	1000140303
263440459	1000140303
13691782	1000035775
80934588	1000035775
13577212	1000061753
375971107	1000085666
16356344	1000047924
22520260	1000089659
25371730	1000035775
44938972	1000148317
21752600	1000035775
19518328	1000154658
15726728	1000035775
17529119	1000035775
26208862	1000121594
11348722	1000069103
14902737	1000099882
61473257	1000035775
34242979	1000016939
36408451	1000035775
15117984	1000021216
273329844	1000114120
15091003	1000158820
63161923	1000069103
153208824	1000088400
3627601	1000158820
17849404	1000060025
15612654	1000073291
20399209	1000077001
5870022	1000069103
120879699	1000086646
154632372	1000107168
25565646	1000107168
17998609	1000035775
34763880	1000102466
18746273	1000035775
13759792	1000104559
23833837	1000014370
61531093	1000044766
14046322	1000149867
11348722	1000086646
133339804	1000098824
277401500	1000157099
16710946	1000035775
11818062	1000123568
77002320	1000087085
16231417	1000166219
269427088	1000140303
272837601	1000158820
14650791	1000143932
7430772	1000161412
113205038	1000035775
102421832	1000069103
14819061	1000060025
37878528	1000055519
82453323	1000035775
9245812	1000035775
15096859	1000114120
27695964	1000035775
154632372	1000166219
114707315	1000077001
25446919	1000140303
117017147	1000035775
19911588	1000035775
103238721	1000014370
45652524	1000089316
194347664	1000088400
57695187	1000102466
15486950	1000102466
16311693	1000125834
398249223	1000035775
6243662	1000035775
15003091	1000066682
15507297	1000021483
467259963	1000085666
20434005	1000082901
57727375	1000035775
19911588	1000056162
134059398	1000074578
16029857	1000035775
53858029	1000035775
17431236	1000095670
86597957	1000161412
384848172	1000130698
115581791	1000076923
43334545	1000106710
16656631	1000158820
43117170	1000014370
11229292	1000035775
187524389	1000034620
57703239	1000018977
57427456	1000099882
15382901	1000035775
15658051	1000088400
146469926	1000040831
70795230	1000099882
41121600	1000035775
19199615	1000126227
20745130	1000088400
14791994	1000021483
102300277	1000166219
194391047	1000061753
59077428	1000125834
20220400	1000088400
15088253	1000035775
20251983	1000088400
18814517	1000088400
18369105	1000020329
111949935	1000035775
2354291	1000035775
63147391	1000040831
47206525	1000021483
19766517	1000128842
44938972	1000107879
5131231	1000035775
98633794	1000011097
13462442	1000143932
18758218	1000035775
6210762	1000056342
26646823	1000011355
47206525	1000130698
34743251	1000166219
17849404	1000011097
23305763	1000157099
11818062	1000011355
15895115	1000035775
176686379	1000056342
386798356	1000077001
42848976	1000016939
112863451	1000107879
37744202	1000089659
48302912	1000035775
30433454	1000085666
437806648	1000158820
437300342	1000035775
348968125	1000011097
31345277	1000088400
11348722	1000169358
16246471	1000035775
552582271	1000130698
273570448	1000146477
31078404	1000035775
9741082	1000042081
21778016	1000035775
7123452	1000021216
93714983	1000166219
99851285	1000135771
408037622	1000102466
220752305	1000007294
617243	1000158170
266786254	1000069103
51305605	1000088400
21420959	1000114120
21044572	1000069103
24239110	1000069103
17240190	1000143932
19782803	1000148317
15402623	1000088400
8835652	1000075042
114340234	1000143991
119288992	1000123568
107669395	1000161412
15904698	1000035775
74291526	1000172197
24129206	1000116725
7296332	1000086646
15612654	1000121594
194703864	1000088400
37710752	1000055018
17849404	1000015023
799645	1000035775
25228076	1000018977
14046322	1000021483
21350891	1000149867
114340234	1000011355
14555893	1000173954
10225972	1000002853
25979812	1000114120
322903190	1000004091
13685122	1000021483
18428353	1000148317
54533253	1000035775
21292523	1000035775
217361703	1000135771
36584174	1000011355
7429892	1000035775
28823239	1000089659
62895501	1000145199
28737365	1000035775
54300251	1000166219
17060265	1000035775
21044572	1000111636
108811740	1000082901
86415245	1000061753
348968125	1000035775
102842906	1000079013
20534308	1000035775
302784387	1000035775
322903190	1000155084
369246180	1000035775
18917203	1000158820
6120952	1000143991
14902737	1000085666
24405149	1000018977
16876667	1000042081
219069031	1000089316
497139188	1000035775
20832742	1000011355
171112947	1000140303
27724771	1000035775
8550312	1000143932
42096654	1000034620
11348722	1000056342
87573218	1000154658
115018983	1000077001
13658842	1000158820
15972419	1000092938
18426309	1000088400
14963150	1000008418
244627772	1000154658
71070614	1000089316
10225972	1000167059
108508328	1000035775
219675048	1000084411
15293813	1000008418
225411266	1000166219
18677581	1000053233
398496984	1000084411
29727464	1000056060
486112679	1000035775
222368253	1000157099
15021845	1000125834
203654782	1000099882
373610804	1000098824
64444175	1000166219
19534433	1000148317
18428353	1000069103
16311693	1000095670
14313538	1000166219
38245723	1000157099
16434310	1000157099
5747502	1000148317
6374602	1000143932
501794095	1000140303
15010721	1000035775
5709442	1000008418
15021794	1000161412
6456482	1000102466
42096654	1000102466
153158056	1000143932
12702822	1000088400
258927438	1000104277
15041845	1000106710
16724361	1000035775
15474878	1000157216
14223244	1000066682
10225972	1000149867
8963722	1000102466
18720204	1000135771
5659662	1000143740
123324789	1000035775
109702885	1000035775
153158056	1000124587
59420092	1000060025
203654782	1000073291
348393652	1000085666
274663230	1000114120
114724662	1000035775
130852792	1000035775
183814521	1000157099
176686379	1000102466
14355964	1000169358
305128545	1000055519
25273336	1000077001
266786254	1000089659
5926092	1000107879
8627372	1000035775
15144542	1000007294
15130614	1000069103
263440459	1000035775
124165341	1000004945
222879842	1000021216
178526634	1000035775
14051466	1000125834
305128545	1000120908
11348722	1000011097
7395782	1000056342
5709442	1000157099
278746956	1000135771
9631832	1000169358
5410072	1000035775
6456482	1000167975
19496411	1000035775
24992454	1000140303
92306628	1000114120
155183410	1000035775
57703239	1000140303
19469924	1000161269
190900848	1000035775
14199378	1000092938
18938381	1000114120
15081160	1000035775
252528549	1000166219
102842906	1000104172
348968125	1000011355
161691982	1000036156
363779585	1000085666
19653925	1000045550
16063337	1000035775
150669405	1000021483
351640699	1000092938
13685122	1000166219
19469924	1000011355
60018995	1000035775
11348722	1000157099
8627372	1000088400
28823239	1000161412
15919988	1000008418
17108182	1000143932
93714345	1000114120
251711570	1000040387
468447294	1000146477
80297299	1000035775
14208982	1000102466
12437282	1000092938
789286	1000004945
113362772	1000035775
14173097	1000146477
12415722	1000098824
14791994	1000018977
226987914	1000066682
15010721	1000092938
13004572	1000015023
15693930	1000123568
24129206	1000035775
15088253	1000018977
77198677	1000081330
344776030	1000167059
13176312	1000035775
15633395	1000158170
23225996	1000069103
16113368	1000056060
211547273	1000089659
22652938	1000035775
198767270	1000035775
107589725	1000073291
16677622	1000091869
9145492	1000069103
308443075	1000045550
7296332	1000021483
376085309	1000015023
146469926	1000085666
103652294	1000066682
17941825	1000011355
28438034	1000102466
13462442	1000125834
256898543	1000089659
14963150	1000089316
194391047	1000069103
14085473	1000021483
42826039	1000021483
15088253	1000173954
334735103	1000020329
7123452	1000042081
47077714	1000084411
130877595	1000066682
11097752	1000035775
8835652	1000102466
15612654	1000166219
384848172	1000035775
405482317	1000065916
11511422	1000123568
96808001	1000111636
115646474	1000130698
102865507	1000033538
1633681	1000011097
14932753	1000143932
47206525	1000018977
183814521	1000066682
99541020	1000148317
16593859	1000056060
14485423	1000035775
21768618	1000035775
14680797	1000066682
73282864	1000016939
433848788	1000035775
67444229	1000088400
21127620	1000035775
8527032	1000011355
15658051	1000081330
26853548	1000139141
52768208	1000158820
15004311	1000161269
99541020	1000081330
178095983	1000035775
30366131	1000035775
15165502	1000014370
20250310	1000035775
114340234	1000021483
20060293	1000035775
23826919	1000114120
38824382	1000124587
16029857	1000074317
19199673	1000008418
14819061	1000140303
317846921	1000008418
15004311	1000018977
18428353	1000018977
86415245	1000169358
15220336	1000151927
25391676	1000135771
30475681	1000035775
14990062	1000143740
19840539	1000035775
93714345	1000035775
15869453	1000069103
3627601	1000035775
20031296	1000035775
17941825	1000091950
14372700	1000035775
15535081	1000086646
235570499	1000021483
87693728	1000060025
67292982	1000035775
15144542	1000148317
15753937	1000035775
89617904	1000088400
54324142	1000146477
9852542	1000167059
14462724	1000035775
28434434	1000056342
6258042	1000135771
37744202	1000116725
34635076	1000077001
76786777	1000107168
467259963	1000035775
15088253	1000069103
131244360	1000040831
24430097	1000161412
211303345	1000171510
52768208	1000166219
15507297	1000037528
297985585	1000011355
11228702	1000082901
411357780	1000011097
15662569	1000158820
15113584	1000088400
390455433	1000035775
11348722	1000042081
314273466	1000015023
47206525	1000166219
16739711	1000021483
14807898	1000093973
21044572	1000125834
43656232	1000044766
25979812	1000107879
14836915	1000151014
8627372	1000056342
15021794	1000155084
15032736	1000157099
27409596	1000086677
15913	1000124425
418540078	1000148317
15088253	1000106710
127958577	1000035775
57427456	1000169358
216803393	1000120908
7123452	1000034620
150669405	1000035775
272837601	1000088400
254064752	1000035775
111117187	1000158170
255503837	1000035775
363575143	1000102466
27696993	1000035775
14963150	1000035775
11197712	1000035775
16637549	1000008418
14944532	1000008418
159002621	1000035775
65611559	1000154191
188698947	1000061753
42950930	1000135771
20434005	1000158820
15021775	1000125834
28732674	1000035775
204468541	1000035775
188369646	1000035775
196217497	1000092486
15139989	1000035775
1294231	1000158820
16677622	1000172197
274101424	1000035775
14819061	1000011097
102264848	1000082901
64818746	1000135771
13490452	1000143932
93157915	1000035775
272085393	1000066682
48802020	1000066682
16786966	1000102466
375971107	1000066682
443818797	1000034620
64444175	1000035775
351952711	1000107168
17529119	1000021483
15231413	1000143991
199732904	1000111636
14555893	1000140303
86280347	1000018977
36045367	1000161412
93714983	1000114120
104126903	1000077001
114013808	1000084018
75887588	1000016939
117809922	1000130172
24017268	1000021483
16927254	1000135771
64444175	1000021483
18815604	1000021483
411357780	1000082901
256898543	1000161412
14333974	1000143991
66971243	1000166219
226890675	1000021483
15648491	1000066682
14861701	1000020329
176686379	1000161412
19041765	1000035775
57929922	1000035775
29965737	1000114120
29841134	1000143932
189253902	1000158820
107669395	1000082901
22117687	1000061753
56365416	1000135771
501846451	1000035775
219069031	1000133803
203654782	1000169358
30256037	1000034620
314273466	1000085666
15102849	1000035775
13577212	1000161412
14855909	1000061753
17432702	1000111636
467259963	1000015023
16689224	1000166219
14963150	1000167975
28385936	1000086677
18428353	1000035775
50667527	1000000459
14493261	1000018977
114340234	1000089659
21673384	1000047924
5387212	1000037528
16983297	1000035775
103238721	1000082901
21044572	1000095670
3627601	1000166219
14711491	1000158820
14680797	1000143991
8527032	1000088400
37730316	1000042081
21534164	1000037528
21210048	1000107879
41620322	1000087247
42869411	1000143991
467259963	1000011355
38361482	1000035775
77002320	1000124587
14982575	1000167059
15091003	1000061753
14529828	1000069103
25660512	1000035775
11232732	1000035775
258927438	1000098824
194391047	1000066682
14997105	1000047924
7230492	1000092938
22377107	1000125834
14333974	1000125834
14061092	1000006335
26376078	1000061753
14046322	1000069103
15021775	1000035775
8768832	1000035775
44938972	1000079013
84155547	1000035775
258927438	1000014370
140487021	1000035775
70160230	1000111985
814304	1000021483
16028241	1000035775
119897041	1000092938
37676258	1000124587
60620992	1000035775
21386236	1000145199
403550586	1000035775
337945864	1000000668
70985602	1000157240
17781165	1000146477
22981384	1000035775
17384099	1000034620
114872949	1000069103
29727464	1000035775
15157476	1000089316
26208862	1000008418
15690382	1000076923
6120952	1000111636
14167618	1000143991
115151772	1000035775
44134466	1000034620
28434434	1000165236
12702822	1000005731
11232902	1000035775
376819015	1000035775
20642310	1000035775
200960284	1000113319
349757265	1000018974
86336234	1000035775
26641150	1000114120
120879699	1000171100
433848788	1000088400
24129206	1000171510
25446919	1000154658
18774477	1000014370
348968125	1000082901
15013234	1000021483
103865085	1000015023
15021794	1000035775
107377990	1000143991
7262292	1000016939
15109436	1000167975
19355826	1000035775
7123452	1000167975
14618151	1000008418
15108101	1000092938
19534433	1000035775
9628802	1000173954
8254982	1000172197
24244836	1000074578
32177485	1000130698
17621204	1000104172
106597684	1000035775
187520111	1000166219
1688741	1000035775
15292446	1000158820
14647570	1000092938
5709442	1000035775
126302054	1000114120
15096859	1000034620
3097861	1000037528
344058266	1000008418
16637549	1000011355
18168629	1000035775
386186095	1000105943
113897988	1000035775
21761662	1000102466
43117170	1000069103
104201057	1000171510
252528549	1000034620
15759202	1000077001
231925622	1000016413
87397353	1000104172
108811740	1000035775
135200435	1000089316
14155927	1000166219
48385381	1000102466
262317278	1000008418
30226826	1000149867
238285207	1000035775
21761662	1000035775
30433454	1000035775
528764013	1000124587
156692136	1000091869
314273466	1000035775
11232732	1000125834
177161911	1000148317
39832918	1000166219
22377107	1000148317
15117459	1000035775
25115549	1000035775
294176651	1000157099
11348282	1000076923
8904302	1000018977
14855909	1000102466
15759202	1000042391
114707315	1000092486
26083271	1000035775
15039741	1000008418
119288992	1000114120
23082352	1000035775
80934588	1000140303
314273466	1000011097
7429892	1000111636
43196650	1000035775
28823239	1000069103
103865085	1000056060
425404298	1000035775
10225972	1000093973
26646823	1000035775
302784387	1000157099
330921167	1000011355
99541020	1000135771
44134466	1000035775
80934588	1000018977
15010721	1000140303
3627601	1000075042
13490452	1000035775
297985585	1000082901
30397013	1000158820
14687523	1000035775
304460084	1000035775
271004250	1000091950
9631832	1000143932
29912873	1000086380
238986047	1000166219
20155760	1000167975
47077714	1000088400
15832293	1000035775
98633794	1000166219
25979812	1000154658
6456482	1000011355
16431371	1000035775
9852542	1000073291
36098088	1000035775
238437239	1000035775
66971243	1000035775
14458660	1000021483
16286240	1000114120
44938972	1000056060
222577411	1000089316
254560310	1000061753
15290966	1000035775
42826039	1000161412
16231417	1000035775
258902291	1000124425
14944532	1000035775
155183410	1000114120
14997105	1000069103
137471526	1000111636
14107459	1000035775
22032817	1000035775
19518328	1000086677
15690382	1000143932
168537920	1000034620
183814521	1000034620
38205414	1000107168
33998183	1000035775
32323398	1000018977
238986047	1000148317
114872949	1000150583
108811740	1000066682
5387212	1000021483
12702822	1000114120
14077024	1000035775
334735103	1000011355
300418156	1000158820
64474358	1000092486
26641150	1000074317
353115093	1000035775
16677622	1000015023
14077024	1000066682
14990062	1000018977
15705782	1000088400
355628898	1000035775
21808052	1000092486
5870022	1000089316
6633692	1000158820
11348282	1000092938
37211517	1000088400
15039741	1000157099
22139698	1000035775
15220336	1000104277
36045367	1000088400
104517739	1000008418
124444856	1000056060
14217740	1000061753
28394317	1000145199
15474878	1000008418
15292252	1000035775
20434005	1000074578
14615871	1000035775
344058266	1000045550
70985602	1000035775
348393652	1000158820
443818797	1000162755
52863597	1000060025
318444623	1000035775
18164420	1000171510
21001434	1000035775
348393652	1000051729
17941825	1000086646
14857809	1000107879
23664866	1000035775
114340234	1000122241
386915587	1000000668
314585181	1000069103
14458660	1000143932
103238721	1000114120
236445685	1000035775
257126470	1000035775
17965799	1000139386
14069956	1000035775
19816660	1000130698
431669343	1000035775
274663230	1000161412
76786777	1000092938
176686379	1000006335
43656232	1000126227
45391155	1000130698
17432702	1000044766
791124	1000035775
262317278	1000035775
18940840	1000135771
8362812	1000107879
21224647	1000140303
81855775	1000124587
351952711	1000088400
6210762	1000157099
14529828	1000089659
63161923	1000089316
501846451	1000171510
15144542	1000114120
272085393	1000035775
22712077	1000148317
15010418	1000092486
405482317	1000056353
1633681	1000061753
6210762	1000004091
15633395	1000035775
194391047	1000114120
16677622	1000088400
314273466	1000060025
24005962	1000035775
88535224	1000161412
85147121	1000035775
34970516	1000130698
19041765	1000042081
15378805	1000158820
199732904	1000130698
12999452	1000034620
15820660	1000174730
14807898	1000020593
201526993	1000154658
6210762	1000035775
15180686	1000016939
415643219	1000114120
21297247	1000166219
150669405	1000098824
15292446	1000102466
3097861	1000167059
15759202	1000016939
117809922	1000042081
30433454	1000045550
159588456	1000035775
28385936	1000114120
6408382	1000092486
15705782	1000016939
89705657	1000087085
349757265	1000155084
28123862	1000167975
467259963	1000008418
363575143	1000166219
63147391	1000114120
15180686	1000114120
146537627	1000088400
14467793	1000140303
127997108	1000035775
21320182	1000154658
12437282	1000035775
15957560	1000107168
272837601	1000035775
13685122	1000035775
19199673	1000011355
258902291	1000035775
15519544	1000035775
17384099	1000066682
15759202	1000116725
15087388	1000044766
94015906	1000166219
124444856	1000092486
200960284	1000114120
16110819	1000069792
86070159	1000035775
25843787	1000084411
15272188	1000104172
6210762	1000042081
294176651	1000035775
196217497	1000158170
5870022	1000099882
18815604	1000035775
735983	1000035775
42869411	1000124425
33998183	1000034620
22053641	1000035775
77800503	1000035775
6374602	1000035775
103652294	1000086677
153784150	1000149867
117809922	1000161412
80797776	1000077001
363779585	1000011355
21769593	1000035775
219675048	1000035775
137508423	1000171510
103652294	1000154658
15648491	1000137624
28823239	1000034620
70795230	1000112682
36045367	1000007294
104585489	1000088400
5709442	1000130698
1501471	1000035775
46220856	1000154658
375432180	1000099882
20534308	1000056420
39234189	1000166219
102865507	1000102466
15690382	1000092938
386161471	1000035775
15846682	1000035775
47206525	1000007294
236943811	1000035775
120879699	1000092938
242892689	1000035775
15500649	1000121594
267350635	1000034620
26853548	1000157099
244082406	1000035775
16692651	1000035775
11229292	1000006335
18714842	1000035775
19469924	1000035775
18164420	1000035775
262317278	1000077001
43656232	1000173954
43966169	1000131514
9829852	1000069103
72889783	1000086677
18050996	1000056060
15759202	1000044766
352534407	1000035775
26235248	1000149867
22117687	1000167975
18747541	1000061753
28823239	1000066682
57159564	1000092938
211547273	1000092938
23833837	1000016939
14856594	1000035775
15113584	1000106870
15113584	1000121594
36782237	1000166219
91056925	1000035775
14372700	1000122241
322903190	1000069103
45652524	1000155084
235570499	1000006335
14892073	1000088400
56679995	1000035775
8362812	1000088400
16809036	1000034620
14555893	1000035775
24930840	1000035775
22520260	1000086677
285738406	1000035775
199732904	1000006335
18747541	1000069103
15726728	1000122852
20698435	1000035775
93944893	1000081330
15233062	1000035775
19469924	1000032491
104980886	1000143932
153674470	1000092938
65611559	1000135771
14208982	1000169358
15820660	1000146477
352580950	1000035775
10379542	1000088400
17197344	1000035775
408722148	1000035775
6120952	1000092938
22167056	1000148317
219070649	1000035775
17431236	1000018977
261641706	1000035775
135200435	1000045550
305128545	1000148317
11161852	1000069103
14902737	1000168357
486776304	1000035775
15004311	1000035775
43656232	1000151927
19355826	1000077001
63380057	1000035775
15321133	1000035775
297985585	1000035775
225096128	1000035775
14932753	1000166219
86070159	1000034620
37878528	1000056060
437806648	1000016939
50641446	1000045550
15185921	1000035775
75887588	1000081330
19766517	1000045550
15449147	1000035775
17432702	1000035775
15619821	1000143932
274663230	1000035775
138355329	1000035775
25446919	1000149867
14051466	1000035775
13004572	1000011355
202643638	1000035775
16485116	1000137624
23406617	1000011355
14372700	1000154658
78701122	1000035775
372215383	1000035775
22712077	1000035775
14458660	1000154658
34743251	1000035775
19199615	1000133803
18231352	1000035775
15821830	1000122241
371512682	1000035775
42869411	1000102466
269427088	1000011355
15612654	1000035775
203118737	1000035775
11197712	1000106710
57695187	1000114120
262317278	1000143932
8362812	1000151477
417800571	1000166219
173590805	1000035775
14123301	1000122241
15604078	1000042510
114340234	1000140303
14852216	1000114120
21856144	1000011097
90412433	1000035775
14223244	1000035775
494000934	1000148317
398496984	1000088400
46319532	1000121594
46319532	1000016939
96828017	1000035775
23833837	1000044766
183814521	1000035775
325496317	1000036156
115646474	1000114120
14944532	1000088400
98633794	1000169358
216548653	1000130698
24129206	1000140303
17451816	1000035775
45436858	1000171510
41147062	1000035775
82128258	1000035775
407387443	1000035775
18050996	1000107879
14861701	1000011355
433848788	1000011355
46699399	1000035775
18432349	1000030435
28649781	1000143932
92306628	1000074578
11818062	1000056342
16330585	1000092938
349757265	1000008418
14495014	1000167059
22520260	1000166219
467259963	1000157099
24017268	1000035775
19725644	1000046332
27790436	1000035775
189246487	1000035775
25979812	1000018977
98633794	1000151014
114340234	1000086646
24930840	1000089316
15117984	1000035775
22067520	1000114120
16958346	1000035775
17621204	1000055519
30120541	1000088400
13094262	1000035775
13004572	1000042081
15293813	1000155084
11229162	1000106870
288748119	1000035775
486112679	1000011355
124614664	1000008418
80934588	1000042081
17431236	1000047924
16178922	1000042081
14982575	1000056342
16178922	1000085666
13577212	1000089659
22520260	1000069103
15690382	1000158820
80863669	1000035775
53486730	1000035775
15690382	1000095670
23739721	1000151477
304460084	1000107168
16652792	1000035775
18174913	1000035775
14990062	1000133803
22520260	1000061753
1715051	1000035775
78619534	1000035775
6374602	1000088400
14135468	1000092938
52863597	1000008418
19668026	1000125834
19802879	1000088400
37501155	1000085666
23833837	1000172197
24239110	1000104172
322903190	1000004945
74673	1000035775
420588509	1000148317
299873174	1000034620
70795230	1000008418
15604078	1000056060
14982709	1000157099
20658373	1000035775
69818419	1000035775
14861701	1000042081
19589717	1000035775
8627372	1000069103
115018983	1000107879
14791994	1000140303
88535224	1000143991
120879699	1000035775
454304530	1000148317
20774852	1000035775
15180686	1000069103
171112947	1000035775
214212539	1000016939
12415722	1000035775
75887588	1000148317
355628898	1000121594
28823239	1000107168
235570499	1000056342
20216011	1000035775
47306483	1000082901
268035072	1000124587
16057067	1000035775
129630519	1000035775
271004250	1000021216
15130614	1000099882
20220400	1000035775
15957560	1000014370
119288992	1000018977
11348722	1000032491
11161852	1000166219
15362595	1000035775
17679043	1000035775
437300342	1000166219
143381041	1000035775
159588456	1000102466
58489734	1000102466
211547273	1000161412
10278592	1000174730
14208982	1000125834
262317278	1000107879
9628802	1000061753
50667527	1000006335
16677622	1000111636
196223678	1000035775
31112324	1000035775
21420959	1000135771
16246471	1000158820
16710946	1000011355
41583318	1000015023
50242847	1000088400
54324142	1000154191
30256037	1000148317
12321512	1000035775
14088984	1000157099
201870414	1000107879
50004191	1000114120
62740714	1000035775
87520051	1000056162
15648491	1000088400
25446919	1000111636
18949742	1000157099
8627372	1000167975
94608074	1000148317
75887588	1000077001
18774477	1000088400
26376078	1000111636
5709442	1000085666
103238721	1000166219
254560310	1000086677
25273336	1000107879
124614664	1000042081
86336234	1000158820
14819061	1000035775
14208982	1000035775
97272576	1000173954
23739721	1000107879
337945864	1000035775
64818746	1000104172
372215383	1000011355
27695964	1000158820
14857809	1000081330
6202002	1000061753
50004191	1000035775
14529828	1000047924
90778418	1000035775
30871552	1000016939
12999452	1000066682
437806648	1000088400
33265219	1000035775
45652524	1000011355
14266435	1000089659
50242847	1000035775
7123452	1000161412
19515424	1000166219
144835481	1000089316
11818062	1000035775
22861077	1000154658
326175038	1000142968
91409081	1000035775
19199673	1000106499
454304530	1000035775
18433412	1000127599
17529119	1000037528
23826919	1000086677
18525154	1000171100
102842906	1000034620
419028792	1000067126
104598979	1000036156
314585181	1000140303
28440032	1000035775
9340912	1000035775
52863597	1000143991
16363491	1000011355
22418925	1000158820
98633794	1000008418
16919321	1000143932
411357780	1000020329
13577212	1000011097
94147192	1000035775
17781165	1000157099
24244836	1000056060
70694567	1000035775
269427088	1000122241
43656232	1000161412
11232902	1000068851
32406021	1000006335
161760542	1000035775
30258963	1000162755
144835481	1000105943
21580985	1000047924
12032502	1000102466
17979038	1000124425
153784150	1000034620
11161852	1000173954
118321535	1000088400
26208862	1000011355
16246471	1000088400
76786777	1000040831
48802020	1000111636
46319532	1000077001
234014087	1000034620
16286240	1000111516
21580985	1000061753
66162716	1000086380
103865085	1000088400
23826919	1000018977
149217510	1000035775
10000472	1000161412
211547273	1000166219
756596	1000137624
78701122	1000148317
443818797	1000035775
107669395	1000035775
437806648	1000035775
233945881	1000171510
14061092	1000167059
15130614	1000140303
180200031	1000035775
123028422	1000085666
14944532	1000040831
462993829	1000148317
304460084	1000114120
50965086	1000035775
189725408	1000035775
135275592	1000035775
38191144	1000102466
14217740	1000006335
61367153	1000169358
91841745	1000035775
22706841	1000035775
74880095	1000114120
14529828	1000139386
86708203	1000055519
6633692	1000169358
19534433	1000130698
136392274	1000135771
35908473	1000125834
390287262	1000130698
86280347	1000161412
23177321	1000154658
304460084	1000014370
15919988	1000143932
17621204	1000077001
201870414	1000035775
19789439	1000107168
437300342	1000021483
54875437	1000107168
50667527	1000035775
300418156	1000035775
15519544	1000011355
115646474	1000148317
21478442	1000035775
16243590	1000042081
11207682	1000035775
249829509	1000035775
19789439	1000162755
397225903	1000085666
35908473	1000046332
14760624	1000034620
71502330	1000166219
15507297	1000035775
393605414	1000088400
24244836	1000011355
460272173	1000074317
16286240	1000035775
349757265	1000035775
43920155	1000035775
226987914	1000171100
119288992	1000035775
92306628	1000035775
15957560	1000121594
6456482	1000034620
11232732	1000092938
13691782	1000114120
14856594	1000098824
277124730	1000035775
42979224	1000114120
10379542	1000016413
103238721	1000125834
82128258	1000042081
15519544	1000066682
21507738	1000045550
220752305	1000166219
8835652	1000149867
86415245	1000035775
124614664	1000102466
12321512	1000011097
15758488	1000155084
15690382	1000066682
111053392	1000035775
144835481	1000035775
26646823	1000123568
18426309	1000158820
5408852	1000157099
16311693	1000173954
433848788	1000106499
221770604	1000035775
274151347	1000161412
6258042	1000016413
159588456	1000056342
10379542	1000098824
124614664	1000035775
15957560	1000045550
24930840	1000166219
43385785	1000107879
82453323	1000021483
55651914	1000146477
73282864	1000035775
28737365	1000021216
53858029	1000140303
6633692	1000021216
45391155	1000035775
15851640	1000035775
304814889	1000125834
86415245	1000166219
24244836	1000011097
15293735	1000089316
120879699	1000140303
176686379	1000133803
41147062	1000042081
26208862	1000034620
14458660	1000173954
70160230	1000092486
52768208	1000161412
43966169	1000092938
17384099	1000035775
16106034	1000046332
14217740	1000008418
30256037	1000166219
107377990	1000047934
203654782	1000008418
19909393	1000035775
162671556	1000011355
148433974	1000035775
193336046	1000107168
7429892	1000021483
11211372	1000008954
19199615	1000102466
50115087	1000130698
322903190	1000089659
26552440	1000066682
17621204	1000092486
185294100	1000102466
107589725	1000035775
15130614	1000169358
131282676	1000044766
420588509	1000139141
161760542	1000130698
158024959	1000035775
45176933	1000035775
14173097	1000172197
26552440	1000166219
15144542	1000011097
159588456	1000130698
143568410	1000035775
20060293	1000171510
1633681	1000069103
18949742	1000089316
144835481	1000114120
353665909	1000166219
274663230	1000085666
57695187	1000073291
258814290	1000035775
10000472	1000095670
29247839	1000035775
194885076	1000035775
15109436	1000095670
130933196	1000035775
24244836	1000161412
52863597	1000069103
278746956	1000146477
256889809	1000035775
16243590	1000166219
201189735	1000174730
15820660	1000114120
45436858	1000035775
24405149	1000111636
8362812	1000056060
54522485	1000035775
86597957	1000086677
25007344	1000069103
11211792	1000089316
114340234	1000068851
9145492	1000140303
143491086	1000035775
15010658	1000149867
281043289	1000035775
93579404	1000035775
45993937	1000035775
19709033	1000172197
137320881	1000077001
21044572	1000035775
15088253	1000125834
15010721	1000086646
357567964	1000035775
104585489	1000084411
22542297	1000106710
112695822	1000011355
294176651	1000037528
59897838	1000035775
14208982	1000008418
28434434	1000114120
18168629	1000142968
98633794	1000045550
143540009	1000034620
94164585	1000081330
14836915	1000015023
9446502	1000035775
21770611	1000143932
14046322	1000143991
21755787	1000114120
28123862	1000158820
234014087	1000092938
9740572	1000035775
141628169	1000088400
7123452	1000173954
67030961	1000035775
258953546	1000035775
30005513	1000095670
104498794	1000107879
5281191	1000035775
188046098	1000035775
22418925	1000035775
24244836	1000104172
14208982	1000011355
13685122	1000104172
18746273	1000130172
209081337	1000035775
30989098	1000035775
249829509	1000171510
789286	1000061753
19041765	1000107168
326175038	1000114120
86415245	1000011355
78701122	1000044766
170145286	1000035775
337886919	1000130698
43334545	1000125834
115460525	1000166219
120245365	1000158820
13462442	1000088400
17621204	1000086552
37778274	1000154658
322903190	1000037528
44161500	1000018977
39234189	1000084797
334735103	1000000668
8471852	1000143932
119288992	1000114094
97272576	1000161412
1633681	1000091950
168537920	1000162079
16689224	1000069103
12032502	1000104277
14313538	1000086677
277889424	1000166219
9852542	1000032221
252110572	1000130698
225096128	1000111516
24129206	1000111636
14990062	1000122852
14791994	1000157240
75662577	1000035775
39234189	1000113319
337945864	1000105943
14174309	1000035775
87693728	1000085666
11211792	1000151927
278746956	1000092486
176310143	1000035775
20832742	1000042081
26785608	1000034620
21770611	1000011355
18758218	1000087247
371512682	1000081330
19802879	1000158820
70160230	1000114120
21770611	1000099882
77444951	1000035775
57427456	1000073291
13685122	1000099882
337886919	1000035775
6792882	1000166219
28385936	1000018977
15693930	1000161412
73723362	1000008418
23420261	1000114120
13691782	1000133803
22377107	1000143991
178095983	1000157099
227828856	1000018977
8963722	1000107168
14997105	1000008418
14046322	1000066682
146469926	1000007294
14791994	1000106710
3627601	1000154658
86415245	1000066682
14555893	1000011355
24405149	1000035775
14067114	1000037528
37730316	1000035775
60499882	1000035775
16677622	1000092486
190900848	1000042081
467259963	1000018977
28737365	1000069103
58937467	1000088400
15473958	1000107168
14378048	1000088400
425153490	1000007053
15705782	1000034620
74697858	1000077001
14844734	1000154658
53280402	1000004091
13462442	1000035775
23959074	1000035775
501846451	1000166219
16286240	1000171510
5387212	1000158820
14997105	1000161412
222953824	1000035775
45332405	1000035775
24578444	1000088400
35908473	1000122241
45652524	1000056342
14467793	1000143991
86597957	1000035775
314585181	1000061753
176686379	1000130698
304814889	1000169358
9862782	1000042081
74291526	1000154658
15021845	1000086677
13658842	1000035775
12040102	1000089316
10855372	1000148317
17600181	1000137624
19802879	1000149867
52863597	1000018974
7430772	1000143991
14990062	1000035775
30258963	1000021216
12032502	1000035775
138820859	1000035775
15321133	1000066682
326175038	1000035775
113205038	1000143991
16434310	1000031356
6456482	1000140303
16113368	1000084797
14618160	1000035775
7262292	1000089659
15096859	1000169358
36045367	1000035775
8527032	1000006335
57695187	1000035775
44483406	1000035775
294176651	1000114120
115018983	1000166219
14493261	1000066682
21770611	1000035775
303558739	1000035775
15705782	1000021483
3097861	1000102466
14990062	1000045550
375432180	1000149867
484299228	1000042081
17941825	1000035775
15690382	1000111636
17431236	1000066682
104126903	1000056060
19766517	1000085666
42848976	1000140303
12133382	1000035775
9852542	1000011097
143491086	1000102466
39234189	1000056060
15519274	1000035775
15292446	1000018977
14061092	1000042081
14217740	1000088400
15010721	1000158820
29472803	1000139141
15088253	1000021216
137471526	1000137624
11348722	1000073291
163848561	1000035775
114585405	1000104172
274663230	1000034620
11211372	1000167975
7296332	1000018977
126689571	1000035775
193336046	1000157097
15648491	1000075042
46947488	1000077001
17131503	1000035775
14892073	1000107168
22520260	1000111636
14458660	1000035775
80297299	1000139141
5747502	1000035775
23833837	1000121594
43334545	1000069103
15052002	1000035775
49322297	1000148317
18967754	1000035775
17877850	1000016939
112863451	1000035775
11197712	1000021483
40426996	1000102466
17484168	1000154658
71349174	1000035775
316600075	1000035775
52758395	1000140303
229201135	1000035775
94015906	1000035775
15231413	1000035775
40125351	1000088400
177310174	1000000659
107377990	1000034620
74088400	1000088400
20217658	1000140303
150669405	1000042081
21044572	1000150583
353665909	1000045550
16311693	1000068851
37211517	1000084411
15662569	1000173954
14046322	1000034620
36584174	1000035775
42979224	1000095670
348393652	1000000659
27978241	1000107168
96808001	1000008418
169569042	1000081330
15117984	1000021483
42907949	1000148317
23110501	1000023214
87899230	1000098824
11161852	1000061753
13176312	1000092938
59897838	1000092486
189253902	1000130698
14135468	1000035775
54522485	1000018977
78701122	1000104172
103865085	1000035775
96432821	1000092486
203654782	1000143932
14266435	1000069103
43656232	1000069103
104585489	1000157099
43166813	1000035775
54875437	1000148317
274151347	1000143991
34274380	1000035775
64444175	1000125834
10000472	1000035775
43529972	1000035775
14726202	1000077001
42096654	1000035775
86708203	1000077001
79510662	1000076923
24944298	1000172197
10408632	1000073291
1701921	1000018977
70989742	1000035775
46319532	1000148317
437300342	1000077001
15293735	1000102466
7296332	1000069103
14467793	1000018977
70160230	1000074317
46220856	1000035775
14932753	1000169358
225411266	1000034620
135200435	1000166219
310087940	1000035775
14372700	1000089659
439109522	1000035775
103652294	1000033538
10408632	1000085666
21420959	1000092486
11232732	1000130698
28184452	1000035775
35908473	1000021216
8627372	1000018977
16434273	1000148317
14217740	1000073291
177161911	1000107168
88097712	1000035775
397225903	1000045550
176686379	1000158820
2248211	1000035775
18044793	1000088400
256898543	1000008418
429081965	1000021483
15021794	1000125834
22089455	1000035775
89617904	1000171100
43385785	1000081330
14046322	1000018977
17432702	1000086677
280515903	1000143932
64444175	1000169358
8362812	1000114120
433848788	1000034620
39832918	1000074317
23799349	1000035775
27409596	1000035775
22520260	1000140303
16886100	1000095670
15957560	1000088400
216548653	1000157099
82853372	1000035775
61367153	1000046332
16919321	1000073291
78701122	1000016939
14456798	1000098824
83573016	1000081330
494000934	1000077001
6120952	1000173954
123028422	1000008418
16009851	1000035775
107377990	1000006335
22792195	1000035775
290876018	1000130698
7296332	1000061753
233336165	1000035775
20174197	1000035775
12321512	1000034620
19802879	1000035775
14372700	1000018977
13492942	1000056342
9628802	1000018977
26376078	1000158820
12999452	1000149867
17450044	1000035775
137471526	1000035775
7054612	1000035775
331538857	1000166219
39607844	1000035775
18814517	1000008418
109016612	1000121594
135200435	1000034620
14997105	1000061753
7429892	1000034620
19199615	1000161412
69248730	1000045550
119288992	1000016939
52768208	1000035775
73723362	1000011355
48150931	1000035775
5870022	1000073291
143039863	1000124587
14493261	1000034620
217361703	1000148317
28434434	1000035775
244122154	1000135771
16739711	1000035775
103865085	1000007294
43117170	1000093973
13490452	1000158820
39607844	1000143991
348393652	1000130698
13691782	1000046332
29558838	1000035775
14997105	1000167975
102865507	1000154658
29912873	1000088400
14458660	1000107168
94608074	1000007294
11348282	1000042081
16677622	1000111985
19653925	1000066682
17431236	1000089659
53280402	1000158820
52863597	1000169358
14650791	1000111636
15519544	1000092938
88097712	1000015023
15469043	1000035775
22117687	1000086646
102865507	1000158820
64692164	1000077001
8963722	1000069103
19199615	1000137624
64692164	1000114120
86070159	1000020329
137508423	1000088400
231490540	1000035775
382267114	1000035775
16231417	1000021216
80623140	1000158820
333223227	1000042081
104517739	1000035775
7899292	1000088400
18164420	1000044766
17529119	1000040831
21436960	1000056060
64623745	1000056060
17529119	1000008418
15438914	1000035775
14844734	1000035775
20060293	1000106870
37397428	1000035775
21478442	1000148317
15292446	1000035775
30005513	1000035775
6033232	1000035775
53280402	1000035775
13577212	1000069103
28385936	1000135683
50004191	1000157099
68172913	1000035775
86708203	1000111985
114340234	1000037528
104598979	1000146477
42848976	1000111636
14217740	1000035775
19199615	1000021483
24992454	1000158820
85370197	1000035775
14650791	1000008418
15690382	1000166219
23110501	1000089659
15117984	1000143991
222577411	1000092938
104980886	1000008418
63161923	1000034620
194703864	1000102466
175113947	1000035775
73723362	1000035775
20060293	1000092938
14135468	1000066682
17897744	1000006335
5131231	1000088400
114340234	1000171510
52101385	1000035775
14355964	1000143932
257126470	1000171510
97272576	1000086646
696453	1000035775
273329844	1000035775
168498034	1000035775
20060293	1000158820
48150931	1000111636
23110501	1000069103
12999452	1000075042
314273466	1000051729
80934588	1000157099
194347664	1000035775
103238721	1000102466
14493261	1000169358
244627772	1000088400
36332476	1000154658
15612654	1000104559
219069031	1000137624
153784150	1000106499
149217510	1000158820
12321512	1000128842
242724793	1000040387
27978241	1000161412
6416652	1000085666
37778274	1000069103
86070159	1000045550
54282139	1000086677
211303345	1000042081
64674727	1000074317
176686379	1000011355
41129933	1000173954
87693728	1000015023
258902291	1000114120
274151347	1000035775
216548653	1000084411
102264848	1000015023
52029198	1000077001
329865729	1000171510
3779381	1000135771
16637549	1000169358
43334545	1000073291
15096859	1000035775
162671556	1000095670
304814889	1000099882
7296332	1000171510
47393360	1000034620
92306628	1000095670
265383563	1000098824
80660928	1000035775
20224976	1000056060
73395703	1000092938
14199378	1000124425
64692164	1000135771
222368253	1000171510
19518328	1000066682
254560310	1000069103
3657081	1000035775
6210762	1000061753
14355964	1000137624
14848513	1000035775
10000472	1000075042
187520111	1000035775
39607844	1000088400
363575143	1000107168
17431236	1000061753
3779381	1000146477
18774477	1000158820
53280402	1000034620
277215674	1000088400
7296332	1000161412
37878528	1000081330
12702822	1000035775
117017147	1000082901
260382292	1000035775
20861943	1000035775
53280402	1000092938
15535081	1000140303
295896020	1000035775
37730316	1000102466
123028422	1000045550
22845770	1000133803
15165493	1000107168
7262292	1000154658
55014158	1000020593
46319532	1000042391
15820660	1000081330
102842906	1000035775
16710946	1000073291
12321512	1000045550
474423064	1000107168
6416652	1000015023
26572460	1000104172
184010593	1000124587
315249993	1000158820
21856144	1000143932
104598979	1000056060
42848976	1000044766
16311693	1000111636
59420092	1000015023
18194898	1000035775
26442123	1000035775
107589725	1000102466
15461733	1000035775
19199673	1000157240
208442526	1000045550
25843787	1000035775
28385936	1000035775
11348282	1000034620
24992454	1000047924
27409596	1000114120
8835652	1000088400
15389776	1000104172
14997105	1000035775
201870414	1000157099
103652294	1000143991
17432702	1000021483
26569842	1000068851
463592621	1000035775
23117133	1000011355
193336046	1000088400
17001435	1000035775
85891683	1000035775
13759792	1000155084
115646474	1000035775
14467793	1000149867
73723362	1000011097
22542297	1000168357
108811740	1000171100
189253902	1000035775
17131649	1000035775
244082406	1000089316
462993829	1000107168
22117687	1000069103
35908473	1000123568
92306628	1000007294
39832918	1000035775
14135468	1000086677
79721137	1000036156
13492942	1000042081
15957560	1000040831
18949742	1000166219
326175038	1000034620
86070159	1000114120
460272173	1000114120
433848788	1000076923
326175038	1000092938
14932753	1000073291
19041765	1000111516
62740714	1000121594
37744202	1000069103
15957560	1000035775
21534164	1000171510
14936377	1000056060
114585405	1000092486
14467793	1000088400
14217740	1000021483
15180686	1000095670
18758218	1000018977
15010418	1000122852
7420552	1000035775
42096654	1000088400
22032817	1000088400
115018983	1000148317
30433454	1000000659
26376078	1000140303
108811740	1000149867
18769325	1000172197
19802879	1000157099
14618160	1000171510
7123452	1000021483
103238721	1000091869
177161911	1000056060
106443610	1000035775
12701122	1000021483
74880095	1000035775
15010721	1000173954
20928893	1000035775
24844163	1000174730
274151347	1000066682
14844734	1000081330
18467383	1000166219
82853372	1000077001
45176933	1000143932
351952711	1000035775
300418156	1000076923
44992488	1000035775
277375017	1000035775
15102849	1000122241
234014087	1000035775
14123301	1000161269
19668026	1000143991
17529119	1000106710
376085309	1000035775
24244836	1000060025
15693930	1000008418
273329844	1000069103
14650791	1000018977
47206525	1000035775
52758395	1000035775
15293735	1000092938
9224902	1000088400
306128912	1000035775
789286	1000155084
19789439	1000016939
44161500	1000035775
21595505	1000035775
59420092	1000076474
15139281	1000035775
269427088	1000173954
17431236	1000069103
36045367	1000166219
337886919	1000034620
16876667	1000035775
55396121	1000035775
35908473	1000004945
14109485	1000061753
15144542	1000084411
42848976	1000125834
233945881	1000148317
16710946	1000143932
46422814	1000035775
236308488	1000035775
188046098	1000130698
94015906	1000088400
15003091	1000061753
7718082	1000140303
26641150	1000166219
19534433	1000114120
194703864	1000006335
17391516	1000161412
15263852	1000035775
168537920	1000035775
14109485	1000035775
123028422	1000015023
15693930	1000155084
52768208	1000040831
337694536	1000035775
10000472	1000114120
166273518	1000035775
133067266	1000035775
10225972	1000124425
17484168	1000174730
716983	1000006335
136733323	1000166219
454304530	1000114120
127997108	1000034620
15165502	1000035775
6792882	1000035775
269427088	1000034620
23420261	1000077001
22861077	1000018977
23110501	1000011355
14870476	1000107168
17663756	1000035775
13658842	1000020371
19199673	1000073291
22032817	1000121594
55014158	1000166219
104498794	1000056060
15181199	1000166219
203654782	1000011355
72814599	1000035775
201526993	1000140303
54282139	1000066682
17432702	1000034620
27978241	1000088400
176686379	1000034620
31121093	1000085666
19424888	1000035775
214933815	1000085666
15612654	1000089316
18774477	1000114120
57703239	1000158820
131244360	1000102466
15821830	1000035775
261324356	1000035775
92306628	1000086677
22067520	1000008418
73723362	1000020329
22067520	1000089316
42979224	1000166219
15690382	1000035775
344776030	1000166219
168537920	1000020593
349757265	1000157099
14801264	1000066682
44938972	1000084797
17621204	1000107879
11232732	1000121594
62964627	1000035775
15840909	1000035775
97261425	1000035775
14493261	1000102466
15088253	1000143991
120879699	1000086677
45366043	1000081330
20827153	1000149867
16637549	1000035775
86415245	1000088400
194703864	1000035775
15139989	1000018977
15972419	1000066682
59420092	1000085666
222879842	1000069103
14199378	1000140303
28823239	1000035775
15473958	1000158820
254659730	1000035775
16583577	1000139141
41583318	1000085666
32959098	1000131514
15109436	1000006335
14458660	1000095670
26208862	1000035775
11348282	1000035775
34743251	1000158820
7054612	1000155084
13176312	1000018977
17876003	1000085666
93870620	1000085666
334735103	1000045550
52111403	1000125834
11197712	1000161412
115151772	1000169358
135200435	1000114120
11180212	1000086677
80934588	1000034620
15013234	1000035775
113205038	1000018977
24992454	1000143991
19664718	1000035775
67059584	1000035775
14217740	1000099882
295649749	1000148317
104498794	1000092486
14046322	1000140303
340152975	1000035775
15144542	1000015023
516982665	1000035775
14514411	1000035775
405482317	1000016413
11232732	1000039356
14199378	1000035775
292282676	1000088400
216367403	1000035775
37005976	1000011355
106436533	1000016413
104598979	1000092486
15290966	1000088400
24244836	1000000668
22652938	1000148317
80797776	1000092486
35617996	1000035775
15088253	1000155084
6374602	1000137624
14861701	1000035775
19802879	1000107168
189246487	1000034620
78701122	1000077001
14693823	1000088400
201526993	1000143991
93714983	1000034620
18758218	1000102466
17941825	1000173954
16710946	1000039356
272085393	1000143991
15099133	1000154658
17024395	1000158820
14199378	1000158820
23177321	1000066682
104126903	1000172197
14710129	1000143932
222577411	1000034620
15953404	1000088400
18720204	1000157099
14109485	1000135683
76511839	1000035775
135749583	1000035775
226890675	1000035775
21603325	1000148317
17849404	1000085666
272085393	1000161412
142450248	1000174730
114340234	1000018977
15144542	1000085666
14458660	1000018977
132467872	1000130698
255528673	1000045550
9224902	1000035775
482305428	1000143932
12012472	1000008418
102865507	1000089316
47306483	1000074578
89199922	1000035775
17897744	1000035775
30256037	1000102466
17484168	1000148317
94015906	1000102466
18428353	1000169358
44938972	1000092486
262317278	1000073291
370343849	1000021483
19192224	1000069103
113362772	1000066682
21580985	1000069103
21875890	1000035775
17781165	1000042081
11232732	1000102466
18949742	1000035775
19653925	1000000668
48802020	1000035775
70160230	1000081330
484991854	1000035775
208469691	1000035775
22891420	1000035775
117017147	1000130698
123054759	1000035775
7296332	1000037528
19739069	1000148317
84109418	1000171510
14372700	1000161412
363575143	1000087247
19515424	1000035775
14712695	1000035775
204337132	1000035775
201526993	1000171100
210294296	1000035775
137471526	1000140303
16243590	1000040831
24244836	1000008954
344776030	1000088400
90746337	1000081330
379606297	1000166219
49636316	1000104172
17158189	1000035775
523340129	1000007294
15473958	1000076474
25273336	1000135771
87899230	1000158170
119897041	1000102466
398069463	1000095670
104517739	1000143932
188369646	1000077001
168537920	1000042081
42869411	1000092938
21580985	1000086646
112695822	1000073291
10408632	1000016939
23110501	1000173954
15021767	1000018977
19653925	1000085666
33602654	1000035775
24244836	1000088400
25446919	1000034620
14726202	1000114120
17391516	1000034620
23406617	1000035775
104517739	1000099882
237802711	1000166219
467259963	1000060025
13176312	1000034620
5709442	1000166219
454304530	1000086677
15010721	1000018977
18814517	1000169358
113205038	1000061753
24244836	1000140303
47306483	1000011097
64474358	1000148317
19916625	1000154658
14807898	1000137624
111949935	1000088400
14836915	1000011097
44161500	1000000459
33158877	1000035775
23146711	1000157099
14774858	1000035775
15169176	1000035775
28385936	1000092938
14647570	1000035775
47206525	1000157099
27955403	1000035775
6456482	1000021483
16656631	1000088400
272085393	1000089659
474423064	1000157097
17296792	1000035775
5387212	1000155084
274663230	1000045550
99786872	1000124587
269427088	1000086646
7123452	1000018977
64444175	1000106710
36765490	1000061753
8835652	1000035775
310195638	1000114120
15759202	1000137624
104126903	1000148317
42950930	1000077001
13462442	1000169358
153674470	1000035775
211303345	1000035775
18917203	1000021483
17377475	1000035775
16311693	1000011355
15180686	1000011355
40913222	1000035775
79135853	1000015023
43529972	1000069103
21534164	1000035775
102264848	1000035775
420588509	1000035775
14844734	1000092486
9829852	1000035775
169394390	1000035775
15519544	1000157099
97272576	1000035775
15705782	1000157099
15139989	1000143991
19534433	1000161412
353665909	1000035775
118599144	1000008418
375971107	1000035775
14855909	1000066682
117576644	1000140303
15658051	1000137624
16978136	1000158820
47206525	1000121594
252110572	1000035775
47206525	1000042081
13094262	1000140303
41583318	1000034620
14355964	1000011355
44161500	1000069103
14819061	1000069103
143412135	1000035775
17877850	1000044766
437300342	1000114120
20774852	1000089316
21044572	1000148317
6210762	1000034620
11211372	1000089316
7429892	1000140303
814304	1000169358
92306628	1000081330
203654782	1000035775
11511422	1000035775
256898543	1000082901
22026877	1000035775
6210762	1000143991
262317278	1000148317
128688675	1000035775
15088253	1000169358
18475366	1000146477
6120952	1000140303
15519544	1000042081
21420959	1000154191
7429892	1000130698
19668026	1000161412
256898543	1000102466
194703864	1000140303
21770611	1000008418
166273518	1000055018
11180212	1000069103
23110501	1000061753
96432821	1000107879
79510662	1000035775
93944893	1000116725
5548212	1000035775
17432702	1000140303
19518328	1000172197
52863597	1000035775
42826039	1000042081
94608074	1000154658
4620451	1000114120
29727464	1000107879
34497810	1000166219
322903190	1000173954
117017147	1000107168
102865507	1000035775
135583203	1000056060
15662569	1000106710
152714766	1000056060
10712072	1000034620
304814889	1000155084
95205463	1000035775
8254982	1000035775
16286240	1000166219
44938972	1000104172
48463781	1000127599
12413822	1000056162
120245365	1000035775
152137231	1000035775
20774852	1000102466
86415245	1000008418
31383146	1000035775
333223227	1000037528
14990062	1000089316
15321133	1000086677
267350635	1000161412
334735103	1000082901
17118843	1000035775
18949742	1000092938
21224647	1000035775
18168629	1000158820
470127779	1000035775
19339490	1000077001
337945864	1000085666
27079087	1000162079
11348722	1000011355
14861701	1000082901
22025634	1000035775
310006225	1000035775
15820660	1000107879
93714345	1000092938
18426309	1000035775
6941842	1000035775
12836562	1000035775
5408852	1000088400
18104778	1000035775
115151772	1000008418
13685122	1000102466
25446919	1000066682
14963150	1000102466
372215383	1000042081
31112324	1000166219
15741919	1000104172
14458660	1000106710
7262292	1000166219
337945864	1000124587
211547273	1000035775
52731751	1000035775
113362772	1000046332
42848976	1000045550
54875437	1000077001
52111403	1000099882
789286	1000125834
43529972	1000089659
337945864	1000079013
398069463	1000035775
12437282	1000056162
18914321	1000035775
5659662	1000133803
125399010	1000092938
22712077	1000135771
11229292	1000089316
156692136	1000035775
14208982	1000168357
14555893	1000154658
16593859	1000107168
38040438	1000008418
140136223	1000035775
19518328	1000004091
378247928	1000035775
22845770	1000157099
25446919	1000143991
14464766	1000035775
178095983	1000014370
29849798	1000128985
24244836	1000095670
262317278	1000121594
30989098	1000067126
143540009	1000074578
15003091	1000035775
22981384	1000034620
269427088	1000068851
47306483	1000060025
7123452	1000088400
22949742	1000035775
127108489	1000035775
15577562	1000056060
107377990	1000161412
42380766	1000035775
113381165	1000035775
716983	1000035775
4566851	1000035775
16857707	1000035775
814304	1000106710
258953546	1000098824
71658533	1000035775
45176933	1000011355
29860419	1000140303
15662133	1000035775
304460084	1000172197
11348722	1000114094
274663230	1000015023
86415245	1000125834
7429892	1000008954
52768208	1000171510
15658051	1000102466
65707359	1000035775
16786966	1000143991
80797776	1000086552
119897041	1000035775
79721137	1000107879
296098324	1000035775
21436960	1000166219
295649749	1000104172
467259963	1000125834
814304	1000035775
15463610	1000035775
11232732	1000111636
15117984	1000157205
15039741	1000088400
18814517	1000143932
55433240	1000130698
18364847	1000140303
11197712	1000034620
18104778	1000014370
153784150	1000035775
39607844	1000161412
17377475	1000166219
35718360	1000174730
210294296	1000154658
13685122	1000169358
462993829	1000056060
333223227	1000157099
11161852	1000161269
57427456	1000035775
15402623	1000016939
177161911	1000114120
15869453	1000066682
52029198	1000114120
40209732	1000104172
25979812	1000174730
87520051	1000086677
258853489	1000035775
16657699	1000035775
344776030	1000114120
14807898	1000121594
283368301	1000035775
102421832	1000158820
98952413	1000011355
14456798	1000035775
15113584	1000157099
14458660	1000014370
14401638	1000143991
143156249	1000035775
14791994	1000173954
72889783	1000035775
806946	1000035775
11229292	1000141619
86070159	1000082901
178526634	1000042081
29739700	1000035775
7123452	1000106710
13462442	1000155084
15662569	1000035775
14932753	1000157205
6456482	1000137624
19911588	1000156512
188046098	1000143991
24239110	1000020593
7429892	1000158820
55433240	1000018977
44161500	1000161412
16434310	1000098824
14208982	1000099882
123028422	1000011097
88956373	1000035775
41349992	1000011097
14493261	1000035775
22520260	1000047924
76786777	1000035775
37240298	1000035775
437117571	1000143932
24578444	1000035775
350785617	1000035775
11161852	1000140303
76511839	1000088400
29429694	1000035775
289472138	1000077001
63147391	1000172197
386915587	1000040387
15662569	1000121594
8293702	1000035775
314273466	1000151014
52863597	1000143932
119288992	1000011355
238285207	1000157099
7123452	1000143991
15402623	1000069103
15758488	1000125834
17384099	1000161412
12702822	1000008418
34172033	1000035775
52497100	1000082901
26853548	1000035775
21224647	1000092938
158377605	1000124587
35718360	1000065916
69248730	1000171510
16029857	1000121594
274663230	1000088400
150188638	1000171510
14493261	1000143991
23225996	1000035775
21210048	1000077001
143412135	1000088400
269427088	1000123568
127997108	1000088400
74291526	1000015023
14990062	1000008954
18428353	1000154658
70694567	1000011355
21770611	1000157099
14077024	1000008418
9877032	1000158820
15869453	1000035775
21044572	1000016939
45652524	1000143932
16689224	1000161412
26208862	1000143932
27724771	1000088400
183814521	1000143991
14836915	1000085666
7054612	1000008418
17939037	1000035775
43334545	1000008418
15139281	1000166219
47306483	1000085666
17384099	1000158820
19199615	1000122852
375432180	1000158820
360838772	1000035775
156370885	1000084018
15010418	1000084411
15021794	1000061753
6374602	1000102466
14493261	1000006335
20217658	1000035775
104498794	1000077001
21350891	1000122852
13691782	1000018977
71070614	1000035775
28123862	1000035775
497139188	1000158820
9741082	1000035775
24017268	1000069103
108740292	1000035775
115581791	1000035775
15004311	1000086646
44196397	1000035775
108811740	1000034620
16243590	1000044766
68218232	1000045550
12032332	1000035775
7395782	1000035775
15658051	1000148317
18428353	1000016939
75887588	1000044766
40054423	1000035775
14819061	1000143991
27409596	1000000668
21420959	1000104172
70985602	1000166219
83880850	1000035775
37778274	1000035775
15021767	1000155084
141628169	1000077001
16475403	1000095670
27833479	1000056060
17897744	1000140303
15108101	1000034620
21507738	1000034620
12321512	1000085666
19766517	1000104172
15102849	1000016939
484299228	1000035775
322903190	1000035775
8835652	1000154658
46758449	1000166219
329865729	1000035775
17431236	1000011097
64838619	1000135771
24788299	1000035775
14355964	1000035775
52111403	1000112682
14856951	1000035775
28022718	1000102466
14223244	1000004091
15139989	1000021216
17941825	1000140303
86415245	1000086646
16066283	1000035775
54300251	1000035775
18428353	1000081330
62531110	1000035775
244122154	1000148317
14732491	1000148317
19916625	1000086677
12649792	1000042510
17118843	1000154658
15004311	1000173954
15102849	1000011355
219351862	1000106710
29727464	1000081330
349757265	1000125834
108811740	1000016939
108811740	1000088400
34497810	1000167975
22522824	1000035775
5747502	1000077001
47206525	1000088400
6202002	1000069103
15284375	1000088400
12012472	1000035775
110748715	1000069792
33998183	1000157099
53518563	1000035775
26051676	1000035775
13685122	1000042081
14865059	1000035775
52029198	1000092486
30871552	1000104172
7296332	1000173954
76511839	1000004091
15108101	1000035775
6633692	1000004091
355628898	1000107168
47393360	1000089659
1008591	1000035775
15144542	1000082901
57703239	1000035775
7623482	1000006335
17391516	1000035775
19434247	1000035775
18243284	1000035775
197176358	1000035775
7296332	1000021216
47306483	1000061753
200960284	1000107879
15921684	1000035775
326175038	1000140303
14135468	1000111636
43529972	1000104172
15474878	1000168357
23092890	1000158820
132498548	1000081330
20155760	1000035775
227828856	1000069103
22821175	1000035775
15165493	1000088400
102264848	1000166219
216803393	1000154658
18428353	1000095670
197341208	1000035775
104517739	1000166219
208442526	1000088400
16677622	1000066682
304814889	1000143991
47393360	1000069103
70989742	1000158820
15117984	1000154658
176686379	1000035775
57944123	1000088400
14807898	1000133803
18525154	1000086677
7420552	1000021483
20040253	1000069103
42869411	1000035775
128262467	1000035775
18168629	1000092938
92306628	1000011097
42826039	1000035775
93944893	1000174730
100045322	1000035775
262317278	1000044766
70985602	1000042081
141947171	1000035775
18432349	1000169358
17979038	1000035775
15130614	1000056342
17897744	1000034620
15021845	1000143991
124444856	1000135771
70989742	1000008418
25053716	1000035775
276597679	1000114120
18774477	1000166219
113205038	1000069103
12299242	1000035775
15519544	1000040831
107377990	1000035775
141628169	1000157099
333223227	1000143991
235179432	1000088400
109016612	1000107879
19668026	1000035775
15091003	1000069103
256898543	1000166219
22076702	1000035775
24944298	1000166219
29665568	1000148317
52863597	1000157099
92526226	1000035775
18558094	1000047924
14921620	1000035775
104126903	1000081330
42848976	1000035775
15113584	1000111636
41583318	1000060025
227828856	1000035775
18758218	1000166219
23833837	1000035775
24961743	1000166219
15690382	1000121594
104517739	1000011355
19199615	1000047934
123054759	1000149867
19254264	1000127599
18814517	1000035775
102842906	1000084411
262317278	1000099882
347922658	1000098824
19199673	1000143932
52863597	1000011097
258927438	1000035775
18050996	1000035775
93714983	1000130698
8362812	1000077001
23833837	1000104277
18804081	1000035775
22542297	1000069103
16876667	1000022916
11504382	1000035775
113205038	1000154658
17024395	1000085666
22521914	1000069103
30433454	1000015023
20217658	1000092938
17120124	1000114120
35908473	1000157099
30258963	1000035775
349604022	1000166219
14933405	1000035775
14932753	1000089316
15010721	1000011355
16311693	1000035775
233945881	1000088400
18428353	1000022044
29727464	1000079013
24017268	1000068851
16583577	1000035775
18774477	1000106870
14208982	1000095670
15091003	1000114120
58937467	1000125834
101775511	1000098824
5659662	1000088400
7262292	1000035775
18525154	1000066682
17560063	1000139386
19534433	1000074578
14848513	1000092938
219675048	1000158820
13490452	1000032491
14467793	1000086646
215254878	1000035775
114585405	1000143932
274325818	1000035775
18432349	1000143932
222879842	1000061753
16434310	1000158170
251633354	1000035775
66971243	1000087247
47306483	1000015023
77198677	1000077001
237802711	1000035775
18814517	1000021483
14155927	1000121594
272085393	1000158820
2248211	1000143991
18746273	1000107168
16356344	1000011097
66468822	1000035775
15619821	1000073291
29727464	1000104172
71070614	1000102466
419063222	1000035775
7429892	1000161412
79721137	1000104172
102264848	1000085666
10099732	1000035775
43578737	1000081330
14944532	1000121594
14217740	1000169358
49322297	1000077001
254659730	1000137624
15648491	1000149867
23833837	1000042391
17595958	1000035775
34497810	1000102466
14223244	1000086677
88535224	1000035775
18426309	1000095670
59420092	1000089316
34497810	1000021483
26376078	1000035775
107589725	1000021216
7395782	1000018977
103238721	1000089316
14555893	1000086646
58937467	1000035775
45391155	1000074578
43966169	1000035775
348393652	1000066682
64474358	1000081330
17432702	1000154658
21478442	1000077001
99851285	1000095670
273410125	1000035775
283196244	1000140303
233945881	1000075042
5870022	1000088400
302784387	1000092938
39234189	1000158820
304814889	1000008418
15130614	1000008418
14467793	1000046332
34996248	1000018977
244627772	1000035775
15113584	1000035775
12437282	1000140303
86336234	1000056420
43166813	1000130698
243362336	1000089316
11232902	1000158820
42869411	1000034620
370343849	1000035775
89617904	1000020593
97002407	1000035775
7718082	1000035775
11996222	1000035775
289049839	1000114120
15021767	1000125834
15507297	1000106710
8527032	1000172197
24020586	1000035775
20097713	1000035775
297985585	1000056060
166273518	1000021483
59077428	1000102466
47206525	1000107168
87693728	1000011097
26235248	1000021483
6120952	1000034620
86280347	1000066682
104498794	1000114120
58489734	1000088400
256898543	1000035775
8623332	1000089316
17877850	1000014370
54875437	1000114120
14413540	1000035775
175383671	1000077001
15500649	1000104559
16356344	1000061753
42869411	1000171510
30042375	1000035775
14333974	1000158820
152714766	1000104172
55014158	1000171510
24017268	1000143991
14267706	1000114120
114340234	1000173954
25446919	1000021483
19709033	1000077001
222368253	1000130698
19802879	1000014370
28385936	1000148317
62740714	1000088400
304814889	1000073291
177310174	1000066682
308443075	1000082901
34970516	1000035775
63147391	1000069103
23826919	1000140303
59077428	1000166219
114340234	1000035775
70694567	1000122241
73206956	1000140303
376085309	1000085666
5131231	1000093973
42950930	1000148317
289049839	1000035775
123028422	1000034620
142450248	1000146477
14831031	1000172197
103865085	1000148317
14857809	1000148317
18558094	1000088400
32177485	1000111636
398496984	1000042391
92306628	1000077001
408037622	1000035775
81077830	1000166219
278746956	1000157099
48385381	1000157099
18814517	1000155084
151974449	1000158820
9224902	1000069103
15954337	1000035775
14647570	1000166219
30226826	1000035775
14493261	1000046332
27409596	1000077001
74088400	1000073291
14997105	1000046332
215254878	1000130698
87397353	1000081330
185294100	1000035775
58963156	1000035775
19816660	1000035775
15113584	1000171510
288308178	1000035775
43529972	1000047924
74291526	1000148317
14401638	1000018977
14230844	1000035775
52863597	1000130698
267314405	1000035775
27833479	1000035775
115460525	1000035775
29038088	1000035775
10000472	1000157099
425153490	1000130698
14932753	1000040831
54300251	1000158820
57427456	1000008418
492253390	1000034620
22117687	1000143991
11211372	1000141619
492253390	1000035775
48802020	1000089659
80245884	1000088400
14852216	1000066682
36765490	1000081330
70160230	1000157099
14249811	1000035775
81855775	1000035775
188046098	1000106499
14944532	1000076923
14321670	1000016939
19384258	1000140303
24244836	1000084797
73282864	1000143991
333223227	1000066682
137454693	1000158820
14372700	1000143991
19653925	1000021216
274151347	1000086677
99541020	1000077001
14791994	1000086646
43529972	1000011355
7123452	1000046332
337886919	1000018977
208442526	1000090841
15647676	1000035775
8254982	1000135771
29727464	1000092486
104498794	1000055519
274663230	1000079013
21320182	1000174730
57703239	1000066682
71884737	1000035775
437117571	1000030435
80660928	1000139141
5870022	1000035775
15039741	1000011355
32520177	1000143932
25273336	1000092486
24992454	1000035775
9877032	1000035775
53518563	1000158820
93870620	1000035775
11348722	1000167975
123028422	1000035775
11214332	1000042081
20339676	1000146477
14980792	1000035775
15459343	1000035775
258927438	1000107168
26569842	1000102466
73689526	1000148317
19807222	1000035775
43117170	1000088400
24239110	1000154658
23787335	1000098824
15764644	1000035775
18949742	1000042081
98952413	1000035775
21856144	1000011355
15648491	1000035775
14890490	1000035775
35908473	1000011355
17384099	1000082901
24244836	1000107879
17781165	1000011355
5709442	1000168357
14848513	1000158820
6210762	1000069103
222879842	1000091950
96387561	1000161412
15535081	1000154658
7430772	1000130698
42848976	1000161412
789286	1000135683
7541162	1000035775
19401690	1000156512
227828856	1000143991
160946337	1000035775
43166813	1000124425
36064193	1000053233
