14412888	1000083122
5768872	1000074371
114280167	1000161594
48400470	1000154410
135549198	1000049834
11178672	1000165114
14412888	1000154410
141705597	1000030452
17179368	1000132142
9270952	1000000989
30050923	1000097593
20867568	1000065454
816532	1000165114
26269732	1000161157
18634336	1000049834
16399949	1000013708
29221344	1000144687
15247902	1000106100
61856458	1000019647
31202965	1000165114
28471924	1000090198
92339418	1000031354
18843223	1000013497
15652889	1000115493
98365761	1000161594
326844718	1000108888
18949742	1000027055
17882897	1000075859
12095912	1000055394
25088527	1000072408
21345455	1000154410
49724623	1000158896
16043462	1000161157
28418204	1000154410
15768141	1000083122
20235403	1000156903
57714690	1000031354
28452658	1000154410
15149594	1000074371
133880286	1000165114
7773282	1000073415
39342935	1000056464
374260544	1000131163
15923496	1000164936
151304288	1000017622
43124446	1000084741
17005478	1000069731
765548	1000133936
13607	1000133936
19868934	1000108863
94640583	1000156903
28966878	1000035995
80102969	1000073031
15532765	1000043139
335402125	1000019647
110789343	1000161594
120879699	1000033079
14319981	1000035088
83710425	1000174807
41406567	1000123095
19495940	1000031354
90972746	1000019583
21731244	1000174807
143528416	1000151553
19051846	1000066617
88936426	1000048346
21909890	1000055394
24969285	1000085565
65467398	1000154410
15468275	1000154410
20962569	1000119946
68742473	1000161594
177593483	1000035227
89488035	1000044701
15290966	1000096162
23104302	1000063835
28393093	1000175856
15378805	1000093179
19933527	1000048387
80610528	1000006050
43168792	1000072028
24626969	1000154410
19620375	1000144687
1769191	1000165114
14336662	1000175856
54546430	1000161157
242480207	1000124028
18393753	1000019647
17905715	1000154410
18982840	1000090198
19051846	1000056464
107516840	1000000989
18491268	1000029210
33827435	1000002440
177761707	1000175856
82300371	1000154410
19051846	1000165789
17560195	1000165789
133239719	1000165114
23490139	1000103935
2952871	1000133936
271970590	1000026415
36782022	1000029888
5717752	1000133936
28363255	1000055997
16284144	1000018604
15335809	1000161157
270372236	1000144687
29699427	1000073226
15247902	1000029888
20872592	1000134556
59316084	1000003013
10032112	1000108863
299799703	1000014581
18201401	1000164936
283276737	1000161157
21117658	1000027055
17021844	1000073031
48462886	1000124028
27744480	1000164936
4432431	1000144472
25209069	1000108863
23520421	1000154410
51094763	1000085565
16280307	1000075859
66331720	1000085565
75453258	1000161157
6595682	1000133936
246	1000133936
64823914	1000021897
2552891	1000019647
183022206	1000075859
16186743	1000090198
15639642	1000019583
207199149	1000154410
55892508	1000115493
10859	1000168120
15358350	1000055394
23098582	1000152767
199732904	1000165114
28418204	1000106100
17156203	1000174277
20268520	1000165114
17658282	1000135294
67232748	1000152924
989	1000133936
15955769	1000000989
15247902	1000162874
21341221	1000108863
17842366	1000154410
174965007	1000073415
306850441	1000014581
33919097	1000154410
14315365	1000133936
6149912	1000030452
300519766	1000144472
50680206	1000000989
137454693	1000093179
31504082	1000026415
334842514	1000044701
28452658	1000115493
18642669	1000161157
355665348	1000096162
48874499	1000134556
204441039	1000065454
25299445	1000119946
39342935	1000066617
15819869	1000144227
16313140	1000101393
17296072	1000175856
16454856	1000026415
259834925	1000152767
25354531	1000049834
26757925	1000055997
19582372	1000153498
23116037	1000098823
105595534	1000135294
18602479	1000133936
37774411	1000019583
39342935	1000161157
6149912	1000027055
299799703	1000073031
10297	1000172539
49756585	1000134556
14680381	1000077627
95495913	1000000989
133046921	1000171068
39342935	1000101393
17758502	1000108863
97532053	1000165114
7215512	1000069731
17856208	1000013497
22452056	1000161157
20551702	1000108863
33866686	1000120760
771619	1000165114
20174197	1000036791
51228911	1000093179
17251657	1000154410
133046921	1000075859
46150233	1000171068
270372236	1000013146
16434221	1000121389
31466859	1000030452
23549240	1000169421
107116098	1000048387
1025311	1000160046
14090017	1000172539
40300027	1000161157
37774411	1000154410
87711945	1000026415
29475771	1000072408
102433240	1000170385
39511166	1000144472
248767317	1000154410
64954756	1000152924
18634336	1000055997
76091295	1000053779
18170672	1000101393
29475771	1000101393
273583665	1000053779
6149912	1000154410
15675138	1000093179
253362295	1000055997
14809096	1000133936
68498073	1000027055
24539960	1000075859
68498073	1000161594
23087952	1000073226
15287889	1000029888
12609292	1000021897
16723958	1000055394
231923593	1000161157
40932856	1000026415
20183126	1000093179
19655985	1000112019
37461389	1000093179
38565406	1000135294
18949742	1000154410
27885110	1000019583
50555558	1000084741
47480137	1000108863
5484572	1000161594
13333632	1000154410
243284052	1000108888
263700207	1000053779
201425087	1000019647
23112565	1000161594
135549198	1000055997
271398203	1000060240
15649735	1000036249
14750983	1000175856
233094065	1000048387
14159148	1000021897
4332521	1000018604
883301	1000121352
141705597	1000165114
126061182	1000164936
7215512	1000154410
200227389	1000161594
26066384	1000120760
16895274	1000154410
17599655	1000161594
809512	1000036249
50116400	1000008774
14925517	1000063079
15460048	1000034904
821110	1000160046
151106990	1000033542
334842514	1000161157
354489767	1000000989
27802662	1000096162
18731529	1000156880
17251657	1000029888
132809440	1000035088
12886922	1000019647
43346568	1000049834
22587869	1000063835
15088772	1000175856
270463226	1000008774
17014044	1000161157
271970590	1000101393
15980434	1000154410
23343266	1000169421
18393753	1000153498
18939092	1000008774
97294212	1000035227
161691982	1000153086
11069462	1000133936
348352704	1000153086
163848561	1000165114
77226369	1000161157
274091885	1000158896
39342935	1000132142
29933729	1000098823
135549198	1000075859
19272669	1000131163
389535040	1000161594
126013958	1000048387
6229562	1000055394
35251183	1000134556
26875700	1000161594
14814905	1000000989
141628169	1000096162
15526913	1000175856
16550480	1000172539
15460048	1000165114
18424493	1000013708
4282171	1000108863
70434326	1000049834
135187648	1000021897
75713796	1000048346
3554721	1000172539
21778016	1000055394
31504082	1000033542
36544954	1000168120
14825606	1000133936
86146072	1000019647
89776062	1000165609
41865979	1000049834
15765018	1000133936
16703744	1000085565
25088527	1000014581
17005478	1000162874
50986270	1000133936
27860681	1000021897
228794007	1000174277
47481061	1000115493
14402018	1000101393
255748876	1000000989
14478814	1000097593
25136067	1000165114
46150233	1000075859
15247902	1000154410
366167961	1000165114
109450875	1000134556
15939644	1000103935
28215110	1000077627
353547940	1000003013
19610339	1000035995
365986257	1000112019
52818466	1000101393
93634334	1000151553
322903190	1000033079
214527036	1000072028
27003337	1000123095
14313449	1000165609
19540483	1000034904
176854913	1000000989
16472065	1000154410
16019777	1000175856
50116400	1000000989
127512810	1000152924
14048809	1000168120
140487021	1000165114
61473257	1000165114
94209915	1000049834
17938005	1000121352
50339952	1000019647
28305267	1000152924
34587576	1000060240
71801107	1000031354
25136067	1000121389
74393692	1000008774
327185476	1000017622
19514039	1000055997
20813165	1000013146
19589717	1000152924
14959843	1000019647
15526913	1000043139
22842421	1000175856
96174685	1000135294
286329814	1000062362
116648735	1000097593
20921327	1000156880
14955620	1000072408
16280307	1000049834
38213241	1000161157
21625141	1000031354
57026931	1000075859
20174197	1000124028
10338082	1000133936
9964732	1000168120
46828073	1000134556
49724623	1000077627
18492255	1000002440
28367267	1000049834
290879947	1000153498
69027629	1000078360
190900921	1000002440
1175221	1000133936
21772005	1000019647
2552891	1000153498
126061182	1000053779
19780355	1000078360
16908562	1000154410
18908280	1000029210
19794121	1000006050
110789343	1000101393
7494482	1000165114
40932856	1000108863
6229562	1000093179
15498185	1000135294
129880152	1000161594
166405793	1000073031
13130412	1000133936
16213352	1000055394
17465796	1000063079
16403519	1000161157
294241845	1000144227
32961925	1000154410
25088527	1000101393
252279328	1000101393
16434221	1000165114
12250252	1000000989
14618160	1000170385
5678622	1000030452
15263852	1000019647
23503181	1000165114
15235915	1000085565
29785300	1000154410
25686485	1000101393
14959843	1000135294
77226369	1000036791
203258011	1000062362
89085091	1000115493
15000527	1000055394
115199760	1000154410
225911067	1000165114
