190846012	1000086471
2475171	1000135952
81168843	1000054482
190957611	1000043977
80492529	1000000629
89545649	1000099601
410546830	1000034505
117558139	1000159702
195877797	1000023552
18485009	1000105376
17918629	1000116617
17475575	1000046379
12109952	1000162758
23067559	1000154226
22338902	1000153122
311657687	1000062250
223526057	1000026371
8878882	1000169828
404328207	1000010911
21436960	1000130698
15179685	1000002811
19918047	1000120025
285185591	1000064424
18339273	1000171494
98633794	1000135562
124849996	1000067723
9893782	1000132005
381688396	1000112509
426044697	1000132005
274626857	1000147285
14714825	1000132005
2317861	1000027512
293637123	1000085085
29238311	1000007808
24893115	1000008780
18166055	1000089803
21341094	1000023919
15346898	1000110143
364022718	1000011087
86280347	1000131948
18788502	1000056337
344914507	1000064424
44873497	1000023919
6754532	1000044007
240330940	1000064974
6193182	1000152999
28583197	1000023919
56722075	1000095543
12217962	1000008861
3721461	1000013915
54275864	1000133137
922	1000032030
43183715	1000067201
17567533	1000132005
8202882	1000103352
96770819	1000167897
157106615	1000119937
435580051	1000109996
331433529	1000011087
16866701	1000147572
7858982	1000008861
5698342	1000132917
14590081	1000153122
19111046	1000160612
17567533	1000095543
274238599	1000007808
16158930	1000062250
137134174	1000000629
13145012	1000132005
23575194	1000037411
19546657	1000009265
232733395	1000085841
14964767	1000048359
16714359	1000033661
29504268	1000055627
21660760	1000121888
313671709	1000024584
14847279	1000093550
21611239	1000121888
129880152	1000007260
14572992	1000025937
6438	1000062444
121750689	1000118163
14092963	1000021118
16739593	1000106633
17602261	1000034013
2232241	1000028193
23690496	1000062250
1049111	1000089823
72998217	1000099190
67713651	1000086691
271759013	1000000445
14062808	1000034013
21134629	1000146400
29500473	1000037100
17898187	1000086359
365986257	1000026371
159190716	1000062250
3217101	1000094565
17993516	1000154075
285865563	1000084792
14181239	1000064424
17095452	1000046210
17979038	1000099642
13094262	1000097862
16246081	1000118807
15026162	1000112509
816388	1000126000
94373307	1000116013
17037854	1000105057
150505377	1000085841
14343185	1000086691
12285702	1000053361
39373412	1000023919
6392872	1000095239
258447233	1000116013
1294231	1000173602
51421542	1000114465
21769593	1000056337
9334052	1000095755
1117341	1000089823
32639070	1000081645
72536935	1000026371
16002684	1000032646
23626520	1000011087
30469169	1000159702
161565550	1000015335
16109878	1000140463
8007092	1000111030
754928	1000158149
11884732	1000153122
294037090	1000033103
20908620	1000124310
135275592	1000130698
84016634	1000034505
466803493	1000067723
14130107	1000061506
212080309	1000085085
16330339	1000116617
39699931	1000029205
7170672	1000130738
22448729	1000143958
24417952	1000089976
7378422	1000017221
109826992	1000172127
71701833	1000046905
36711022	1000023919
193330103	1000171972
254646743	1000116013
17982742	1000047140
125404532	1000118163
735983	1000047140
38190358	1000051766
15737554	1000013476
16274337	1000109885
22509548	1000067303
5854882	1000086359
17131649	1000067303
44495942	1000007808
286139806	1000167663
59110488	1000023919
131996281	1000031274
16097029	1000096953
10716292	1000086941
10697232	1000008861
24297586	1000002811
92597440	1000135562
286139806	1000010911
11698162	1000155485
275370651	1000116617
1403031	1000089823
78988662	1000095755
28124437	1000023919
161691982	1000045723
18712070	1000020308
58735635	1000160612
21861198	1000124310
817288	1000044091
348352704	1000045723
5413042	1000114563
7899292	1000089823
128960879	1000023919
756975	1000028193
14209885	1000158149
15199325	1000053232
18277655	1000023552
18345193	1000167663
14619851	1000062250
652293	1000062444
8253162	1000011311
48511236	1000132005
44156753	1000023919
18691824	1000160665
43914057	1000033661
223648848	1000142999
15244831	1000062250
19998190	1000099190
11534102	1000122438
29504268	1000071611
16095572	1000162393
301466105	1000010168
137106216	1000089827
124038369	1000025649
237836050	1000132005
5868662	1000158583
10476462	1000095246
311951023	1000007808
14245846	1000109304
81891054	1000064424
1586501	1000092921
12089102	1000132005
352700771	1000077870
240324020	1000104341
19696690	1000086562
18713	1000083409
16243030	1000093550
60273	1000002264
3006981	1000001677
35773039	1000023919
527831741	1000007260
239434259	1000158149
70007761	1000006779
25458129	1000092921
14100903	1000073745
11534102	1000018598
19714416	1000037671
46854930	1000073745
186398060	1000023695
221837185	1000131497
17093224	1000131948
608853	1000023253
14165980	1000062052
29216764	1000036898
16411697	1000047140
148900525	1000092921
15686692	1000152999
30057786	1000169586
167144274	1000132005
1249631	1000034013
189376144	1000023919
14883401	1000023552
161691982	1000120980
27837808	1000085841
1966	1000086359
15410758	1000117088
15434432	1000131948
23543726	1000025937
326844718	1000108888
14251443	1000054456
89572877	1000077168
285738406	1000158583
24955088	1000019229
35935238	1000165392
19421554	1000007808
15839249	1000172446
9026642	1000039648
102262267	1000172127
2757281	1000159702
128801799	1000085085
66331720	1000121066
13103402	1000053361
83720294	1000097515
14703882	1000152287
17596622	1000062250
15779389	1000118136
115523535	1000040061
11768582	1000068188
11210802	1000109304
33063	1000081504
9696772	1000003148
21049178	1000091556
19038778	1000086691
38500106	1000047140
21196272	1000023919
15905088	1000093550
14766581	1000088487
14326840	1000081645
16213352	1000130738
8131122	1000024584
27163774	1000115412
171735092	1000128218
18639738	1000062250
56413858	1000023552
433365313	1000011087
104980886	1000021630
31567254	1000085841
28947545	1000009685
20477352	1000071383
14287774	1000129186
113184907	1000099190
109299385	1000175031
43814349	1000102334
231563877	1000162183
32032000	1000006779
270089299	1000006779
16079941	1000010911
13996822	1000007808
17857716	1000002811
95699292	1000158149
255761021	1000001677
146406287	1000026371
1471341	1000062250
82208992	1000062250
333464309	1000007808
6347872	1000073745
325830217	1000092545
134736669	1000117088
2841151	1000131486
16547411	1000131948
5803082	1000125991
14343185	1000064424
3829151	1000111030
19019478	1000082632
93906304	1000000629
14962080	1000064424
10400902	1000083129
348968125	1000015023
88971791	1000006779
18741363	1000147487
126679725	1000042008
20811033	1000023919
134935099	1000138539
35707531	1000124310
45951258	1000079164
128662158	1000025937
7042812	1000175059
9313022	1000091556
199732904	1000062250
14871359	1000055099
12462062	1000067930
17054817	1000121888
19103296	1000111030
21513978	1000095725
15757690	1000026808
8207832	1000037411
2937071	1000067303
272087341	1000086691
225140058	1000006779
14223244	1000131948
410136449	1000010911
108359568	1000069754
397673792	1000044091
2317861	1000085413
33529138	1000034013
281258174	1000007808
14494634	1000036623
18422803	1000000586
15494342	1000149654
652193	1000093550
379377021	1000011087
15023095	1000062250
146350964	1000167663
17029324	1000159702
14112294	1000067303
12562202	1000109304
22720424	1000091655
47703226	1000011087
21453226	1000084792
170675435	1000167663
28947545	1000089976
10295842	1000020573
18826638	1000172848
20611320	1000117088
105673792	1000112497
21182763	1000118136
24481739	1000064424
13322182	1000023919
71862367	1000159702
6478202	1000159702
14521981	1000143958
18489585	1000146665
14083492	1000001677
33952755	1000151737
34917790	1000118163
85923804	1000117332
18195319	1000010911
19536422	1000047140
272822851	1000011087
2254561	1000062052
17034634	1000071403
24903302	1000146400
14372143	1000021118
23679615	1000140463
17131649	1000066341
61029887	1000000629
7875762	1000006779
14426048	1000025606
20033726	1000047140
84510198	1000071403
5520332	1000044091
33416342	1000154075
246993264	1000146996
26063063	1000023919
14871359	1000117764
81704859	1000170340
9541782	1000051766
22138357	1000030973
128320890	1000163627
16469647	1000089823
1566521	1000014796
124944912	1000046905
15310917	1000169828
19915325	1000034013
163760424	1000034013
45310286	1000019407
320894277	1000011087
2317861	1000134414
21090480	1000169885
188196198	1000117088
83720294	1000031274
7857092	1000092926
1966	1000138539
248044499	1000002811
16472748	1000132005
47257805	1000076309
122145950	1000135562
14843214	1000086562
1422311	1000158583
348352704	1000026371
18798515	1000020308
15006779	1000031274
223840796	1000000629
128688675	1000130698
6994542	1000026385
113497030	1000086051
62047943	1000011087
6978642	1000061506
7062302	1000089976
15777776	1000091051
17451816	1000067303
347541167	1000085841
470087766	1000050185
110896395	1000008463
14562714	1000146262
8342592	1000086359
369480689	1000121888
42326800	1000018123
403119265	1000143958
57387804	1000023919
5878842	1000095952
132519763	1000105057
226594115	1000091556
6438	1000028751
43553	1000146400
284908506	1000031274
334735103	1000015023
723013	1000139022
84167270	1000086562
14641126	1000021118
2156951	1000081645
16652792	1000111030
33923	1000079256
15083606	1000034013
3530911	1000064424
77388904	1000023919
16018937	1000076774
15454228	1000123526
13332922	1000040021
419356073	1000025937
113497030	1000117764
65375759	1000023919
500125656	1000007260
159711140	1000024166
15446372	1000158149
177470611	1000089618
65139172	1000133846
19355826	1000062250
315301328	1000157156
4997601	1000010911
17384099	1000130698
219115948	1000011087
112548462	1000132005
77320158	1000085841
12998402	1000098405
30633283	1000011087
90460131	1000172127
271188987	1000010911
45951258	1000135562
16933278	1000063173
26063063	1000105376
5878842	1000024921
281196299	1000086691
209169572	1000111030
536493529	1000172446
23958335	1000156690
1045751	1000002090
20654052	1000018123
15056202	1000158583
16517711	1000097862
949521	1000086443
50890438	1000118807
84398138	1000018598
6310522	1000068983
86400696	1000175031
7429892	1000131948
6253982	1000019993
1118781	1000024206
14347790	1000147285
69878323	1000169885
51063	1000023314
5650332	1000159702
19505302	1000167663
5676102	1000116058
101569095	1000074364
720843	1000157002
26315189	1000000629
15416485	1000018598
5668942	1000044091
17652777	1000158583
6750912	1000034013
124038369	1000001677
466979336	1000023919
15040500	1000081645
47161442	1000020308
62541270	1000175096
10386322	1000134414
1585	1000073877
17876079	1000159702
164778234	1000031274
23152989	1000111030
11969	1000028751
14290835	1000052713
17200130	1000001677
14208982	1000021057
233356779	1000047140
16900850	1000071383
239438427	1000011087
10682202	1000019272
42869411	1000142870
15101375	1000067303
755756	1000111030
20456848	1000020573
14708203	1000037897
414188706	1000006779
4413741	1000132005
14947499	1000064424
111743	1000117161
19371099	1000023919
36208741	1000167293
11504382	1000169440
35507751	1000051032
14990062	1000130698
14334870	1000095952
368943658	1000167663
14947499	1000133137
11775382	1000023919
1769191	1000062250
97002407	1000104341
36505486	1000023695
368023694	1000011087
412640233	1000162393
11107172	1000028034
5497452	1000122438
17758502	1000089823
57623907	1000175096
164778234	1000092926
377352404	1000158921
24244836	1000015023
17574181	1000146262
12652382	1000081230
23260973	1000033897
26915634	1000151619
10967452	1000111030
6138492	1000001677
15164892	1000053361
34749146	1000104530
94367426	1000175031
14794197	1000097515
14090859	1000158149
43412421	1000007260
22798591	1000023919
653623	1000132917
19372797	1000021071
48473	1000132005
45132254	1000023919
107375795	1000038330
16623719	1000062250
14154640	1000061663
14086744	1000064424
1586501	1000125991
242479442	1000167663
46947488	1000133463
14313730	1000111030
19208825	1000036898
45944057	1000085841
372475592	1000102707
52541140	1000117332
24424030	1000047140
14732491	1000026371
312331302	1000049811
176875631	1000093550
275445237	1000133463
327083709	1000011087
254088583	1000053361
395005896	1000107099
1116721	1000089823
13348	1000122438
45453816	1000019993
24080041	1000011087
101960189	1000086562
40524108	1000099325
10032112	1000067303
217435419	1000110023
15766371	1000072895
107116098	1000023919
486153508	1000132005
241998938	1000167897
6002562	1000018598
250441643	1000011087
16950889	1000023172
195820818	1000062250
276912001	1000141619
21430043	1000042259
26379842	1000073141
17870415	1000124991
248097649	1000011087
21343866	1000021860
266553242	1000085841
86359799	1000047140
285973967	1000104341
41222853	1000146665
42419420	1000105057
16803822	1000062444
54959836	1000158149
117789588	1000062250
359584365	1000028193
224879926	1000025937
81003572	1000170193
22288097	1000113087
19558297	1000085413
14595552	1000138539
84171090	1000147487
9921142	1000089823
18774477	1000023919
16995354	1000167897
770545	1000123526
14134204	1000111030
312331302	1000171134
14927543	1000001950
21094279	1000067723
14552720	1000023919
19467810	1000106633
17044233	1000119982
20817223	1000007808
824157	1000067303
373075571	1000011087
64852973	1000091556
14046943	1000152287
6521222	1000026808
14847003	1000147487
18420291	1000172127
286144744	1000084115
32959826	1000143192
23116280	1000023919
672483	1000173602
25562113	1000021071
20010173	1000124310
16538186	1000062250
17324205	1000021118
16469338	1000054332
15257015	1000002811
23679615	1000121888
2384071	1000067303
6160742	1000095246
31035336	1000062250
1118781	1000089823
16115892	1000091135
36998859	1000066341
16526462	1000010911
24582572	1000167663
89539124	1000023919
20163436	1000118136
171735092	1000053294
16337119	1000097862
84624486	1000023919
22017602	1000023552
74427281	1000167897
6456482	1000141619
98144476	1000006779
24057172	1000085841
14150661	1000091168
15445828	1000029797
799212	1000036914
74286565	1000086691
36465626	1000021118
17850816	1000047140
19403546	1000093759
20212580	1000024311
176875631	1000076259
28490110	1000107099
2841151	1000064974
11435642	1000149473
43510041	1000116617
284280195	1000167663
306328530	1000118163
19469924	1000156178
104517739	1000062250
23240788	1000170340
318028501	1000023919
389111108	1000011087
64444175	1000067303
756596	1000099642
15329102	1000132005
3715	1000042784
72184290	1000042008
69085691	1000007808
70435204	1000132005
15367053	1000105119
15698507	1000091556
61133	1000062250
79011908	1000023919
14964767	1000155008
11272122	1000131948
15006779	1000132005
22605665	1000159702
30079124	1000018933
179980928	1000062250
16069548	1000169828
174292801	1000023919
277342780	1000007808
18919970	1000094354
19400611	1000023552
28372535	1000157856
446672326	1000133137
135316691	1000132005
9499992	1000062052
274641222	1000093550
25226477	1000066168
98660285	1000098689
405122243	1000067723
311268617	1000010911
28646907	1000053361
17371549	1000062250
203827751	1000051633
54205414	1000112146
14796922	1000069854
15471245	1000133137
14396204	1000135952
17669943	1000158149
18485009	1000086941
86063394	1000112461
26021668	1000047140
122186614	1000064974
17904856	1000091556
41015424	1000118163
1045141	1000089823
16900850	1000117332
39993731	1000146400
135818099	1000168002
6666312	1000004550
15237560	1000130316
14962080	1000086691
227655627	1000158583
816214	1000131571
254034285	1000002269
20727483	1000146262
10247222	1000157002
17669882	1000073877
17849404	1000060025
39938848	1000159702
5478542	1000032030
14796922	1000061663
14207863	1000105376
14334870	1000034013
15199325	1000093550
11620792	1000095246
11739662	1000125991
304583650	1000011087
143644955	1000085085
112283476	1000036898
169202544	1000002811
29964546	1000167897
82067206	1000026371
9207632	1000132005
281196299	1000149248
16162693	1000134414
18999841	1000143958
2841151	1000044597
15207626	1000028229
14819061	1000060025
1452261	1000089823
25440543	1000084115
568770231	1000046905
301086893	1000134414
105008365	1000060812
278777228	1000116617
246915368	1000171443
41641782	1000124991
16865502	1000162758
59727190	1000102334
77155969	1000077168
251618916	1000038330
16114437	1000067303
573	1000132005
16803822	1000138539
18985501	1000132005
47699318	1000011087
992031	1000018598
1233111	1000085542
414334713	1000106327
67760575	1000150450
14491008	1000023919
9218342	1000126000
443942522	1000011087
195820818	1000121888
165645655	1000010911
138820859	1000067303
313401329	1000011087
1378	1000140463
12011422	1000023919
216065604	1000067303
60443269	1000147487
13957392	1000092941
123004655	1000159702
16647553	1000099325
133066018	1000018598
360864191	1000159702
113443529	1000143192
384848172	1000130698
15667666	1000091634
17034634	1000093550
2148071	1000093550
45862693	1000006779
1502501	1000019272
18274715	1000081231
86139446	1000062250
14876672	1000111030
74651704	1000006779
21358749	1000131948
80084849	1000121888
38135106	1000004550
17449991	1000018598
275446831	1000011087
72842277	1000121888
16822292	1000095239
17183158	1000147487
182370042	1000034013
14140036	1000068983
205207199	1000117088
165786567	1000175031
31079210	1000091556
356800495	1000011087
3083351	1000037216
1478471	1000089823
25458129	1000132005
14305907	1000146400
969441	1000064424
610533	1000092926
244522571	1000002269
14880937	1000135562
18976948	1000047140
18655567	1000023919
271188987	1000042608
165797976	1000118163
16304817	1000140463
463723508	1000023919
352226153	1000006779
23998497	1000122438
47206525	1000130698
18666844	1000046905
65121425	1000085841
32213158	1000023919
15507297	1000067303
14262772	1000149466
374659799	1000011087
14130368	1000053361
48311519	1000000445
17899109	1000132704
78672239	1000175031
15485242	1000112509
14680747	1000124991
7613282	1000132005
1252851	1000032030
15433939	1000036513
5908232	1000023919
16421419	1000072895
818647	1000147487
306128912	1000099642
1305941	1000132005
26724471	1000037743
19679993	1000021860
22248738	1000171443
4934171	1000118807
25553507	1000112509
552582271	1000130698
50134285	1000007808
121597650	1000152999
14620422	1000118807
39582797	1000056337
43508680	1000168002
293353298	1000135562
15129069	1000072842
15670515	1000158149
482518294	1000026738
27747605	1000077870
26575697	1000171494
991221	1000089823
32173043	1000001950
14731905	1000138539
121721121	1000172127
26180582	1000002269
44292278	1000092941
14511908	1000132917
107877686	1000091135
1044591	1000089823
858071	1000047140
493155108	1000172127
14680747	1000122438
25914886	1000083043
1045521	1000042259
18141232	1000054070
13894102	1000159702
17382568	1000132917
14980781	1000081504
17904856	1000047140
24660452	1000046905
118864539	1000153122
81030409	1000086471
18608514	1000023552
20163436	1000046418
16581861	1000023919
10042172	1000170514
9451052	1000142999
30015099	1000150450
20471349	1000011087
17849404	1000015023
15684633	1000121888
40935299	1000063876
16178511	1000023919
301819939	1000011087
18534908	1000143958
98065221	1000161982
11420652	1000117088
14453798	1000034013
15156454	1000059358
20152310	1000135952
280817624	1000175031
15195755	1000143958
146628721	1000161599
124179300	1000117088
14457794	1000086562
175114748	1000018569
75693902	1000151619
397673792	1000112146
35499363	1000011087
15030908	1000060488
15484541	1000117088
287891105	1000086051
11890702	1000131486
21467722	1000033220
110896395	1000007808
14439168	1000072842
17790265	1000023919
15053949	1000033520
19737483	1000133287
17900339	1000047140
22196442	1000023919
14847667	1000006779
16028750	1000023919
66352917	1000047140
85718756	1000002269
17979066	1000121612
24944298	1000121888
199810683	1000175059
28644277	1000010911
18789428	1000151144
156538059	1000105376
24311463	1000035685
794069	1000102707
15781032	1000018598
355981071	1000085841
10241	1000028193
264124770	1000062250
14100003	1000132005
1899161	1000092941
46150233	1000054482
14326840	1000025548
15416485	1000116058
26278266	1000092545
15698507	1000047140
101569095	1000023919
19595287	1000159702
74161330	1000134414
225278499	1000084115
28228172	1000076259
54555320	1000167897
170939290	1000007808
75246510	1000032340
19774817	1000046905
18573267	1000153122
101956358	1000042626
303645857	1000011087
50277194	1000163627
19958283	1000006779
17174484	1000037897
14327789	1000118136
20734751	1000106327
74693025	1000032340
9227962	1000159702
16463326	1000067303
105269306	1000119937
151306416	1000079164
19764050	1000007808
21709889	1000138539
15670515	1000060042
6867552	1000020410
6745742	1000089823
16627822	1000130769
17534350	1000010911
16365983	1000063324
24955088	1000021860
20172221	1000157979
9632752	1000138539
16483812	1000143958
188154135	1000132005
23084598	1000063324
22724191	1000063769
451905071	1000054345
34484725	1000099601
68999404	1000093550
14186288	1000157979
30096240	1000172127
20458823	1000118136
5485192	1000152287
17843175	1000120980
19994118	1000000629
15340085	1000116523
15959868	1000116617
10314702	1000095725
19409376	1000007808
811087	1000086359
746323	1000117161
21173066	1000143958
16010789	1000157856
59420092	1000060025
18247541	1000147285
14163141	1000132005
327110126	1000011087
235573486	1000121888
109481454	1000172127
18445879	1000034013
27179152	1000044091
528	1000020727
14495204	1000015335
183511926	1000007808
162145099	1000063173
267187200	1000138539
361683510	1000024311
16344793	1000130738
14602520	1000018598
24893115	1000001950
20454390	1000134414
128292609	1000132005
17475575	1000086562
111743	1000048805
14586723	1000041586
61559439	1000071403
15625713	1000099601
43920155	1000075766
210629704	1000138539
269045145	1000011087
15389382	1000032340
25502100	1000123676
98698689	1000118807
58930815	1000010911
297234798	1000011087
84209868	1000021118
26265033	1000112509
25952851	1000010911
21678359	1000062250
14801863	1000054070
18353241	1000122438
20561154	1000063598
12137412	1000169828
72646886	1000012738
9955652	1000006779
14327149	1000117088
11346482	1000067303
3253121	1000025606
1060121	1000037671
11890702	1000044597
16377959	1000023919
709143	1000122438
88688915	1000080864
21434769	1000112146
21452168	1000039648
61559439	1000135562
107348568	1000023172
244522571	1000079164
14680747	1000112509
128838237	1000105057
161555365	1000010911
6476742	1000024363
14712874	1000021118
7936062	1000020308
779715	1000032028
308508780	1000011087
9721792	1000085841
45266183	1000078516
20683123	1000077217
26180582	1000116430
11440412	1000168886
177229224	1000171443
211238730	1000118163
55488516	1000043977
14610224	1000062250
17174484	1000036623
17859912	1000023919
18930170	1000099601
14948898	1000002811
170675435	1000042626
78988662	1000086562
6280302	1000172848
15445828	1000132005
143432654	1000089823
19102458	1000132005
16752629	1000147487
284102001	1000167897
11069462	1000067303
17052441	1000121066
459209611	1000135562
25440543	1000082088
25136067	1000105376
4791	1000118807
14608922	1000026808
13004572	1000015023
327905664	1000011087
19027176	1000086359
16119767	1000095246
437300342	1000133463
22605665	1000158149
23365790	1000023919
16120265	1000044091
201681255	1000105057
6666312	1000096038
44449776	1000069754
15331855	1000099325
819284	1000091634
16212913	1000106633
39948092	1000080391
47912731	1000112461
5538252	1000170782
326031248	1000156018
86163538	1000118163
38282454	1000133137
28536332	1000085841
24893115	1000134414
5471892	1000114563
15341415	1000094354
44483406	1000062250
171735092	1000023919
17331589	1000026808
73249932	1000068032
51421542	1000040021
376085309	1000015023
1678471	1000023919
14451892	1000053361
78464875	1000053361
14849723	1000092941
116529568	1000023919
45383905	1000169828
14173608	1000137027
22041467	1000091655
372917532	1000021235
18359862	1000138539
74673	1000081645
17272055	1000091168
168207942	1000010911
41050549	1000112509
9255722	1000130738
3006981	1000025649
819284	1000066341
159322143	1000031304
14180249	1000071403
248987887	1000011087
16231417	1000099642
15895373	1000089823
170675435	1000010911
18270489	1000000629
16134428	1000171443
14262199	1000143958
115646474	1000130698
79721137	1000047591
532942513	1000116617
16162251	1000086359
17663756	1000092941
15919988	1000021057
23559552	1000167663
118975084	1000062250
42828152	1000117088
480384401	1000156690
795649	1000015335
85718756	1000079164
16930986	1000158149
47359057	1000062250
22667596	1000168058
20277469	1000081645
276843589	1000110023
166252256	1000067303
4603931	1000001677
134059398	1000166862
14378048	1000157363
41653093	1000143192
621713	1000086359
1047961	1000040021
283429131	1000011087
38762773	1000132005
5437442	1000132005
205195655	1000062250
84369537	1000093550
18211545	1000143749
822382	1000069854
35473416	1000146665
43041675	1000143958
10876852	1000086359
14326840	1000149377
3543571	1000135952
41600293	1000089827
4298461	1000118354
91661023	1000157979
132256619	1000105057
95284401	1000146400
5854642	1000083577
191916463	1000011087
816532	1000092941
18900668	1000082632
35894498	1000078516
87693728	1000060025
1930311	1000156690
7434272	1000132005
9479492	1000023919
11726932	1000089823
156579684	1000069854
11107172	1000132005
380	1000138539
201526993	1000131948
15641097	1000112146
19208450	1000048680
46947488	1000026371
78190623	1000146665
357870397	1000054345
811027	1000132005
19992012	1000083043
90982638	1000117088
414027682	1000167663
6550132	1000089823
17463274	1000067303
833071	1000023314
188443744	1000160665
78089625	1000134414
14364049	1000086359
25553507	1000124991
22970486	1000159702
18196758	1000108827
266622539	1000023919
15416485	1000050034
11224342	1000130769
35943	1000089803
189065376	1000047591
21408610	1000023919
21383585	1000117088
15635812	1000000629
6673382	1000035685
14427338	1000064836
14622632	1000151619
14483832	1000112509
7082092	1000055594
314273466	1000015023
271970590	1000073877
143680246	1000117088
61559439	1000093550
80249436	1000118807
17821570	1000068983
218747180	1000101666
18464353	1000152999
2384071	1000062250
35293	1000160698
616253	1000123564
17836273	1000132005
14109797	1000138539
41554056	1000118136
61558088	1000138539
334370433	1000024584
20609319	1000114563
5668172	1000158583
15635812	1000132005
39525929	1000023919
23133852	1000159655
19998190	1000126000
387013671	1000047591
33987752	1000099325
15057943	1000097862
9103242	1000062250
49164309	1000023919
55803511	1000000629
22017602	1000036898
104615636	1000032030
19299660	1000015335
15026162	1000111030
14555893	1000131948
20659225	1000060435
32639070	1000110781
362055950	1000007808
242366566	1000120786
43656232	1000062250
17324205	1000091556
353370148	1000104341
15668684	1000072842
120356530	1000007260
16482065	1000091556
23996836	1000046905
17375281	1000132005
80245884	1000062250
198693040	1000131948
17034634	1000158149
93017945	1000095246
23067559	1000086359
21903804	1000172848
45866071	1000080864
82739746	1000140463
244622783	1000157979
35997563	1000117088
113587153	1000069854
112001635	1000117088
14584200	1000135562
17562014	1000039648
101956358	1000010911
20253729	1000152287
15884908	1000086359
23988681	1000092941
11336782	1000103134
498182878	1000023919
94685136	1000148217
18092810	1000064974
15728161	1000118807
792537	1000028751
254646743	1000118163
262448309	1000062250
23168621	1000172127
17567533	1000099601
33416342	1000149248
8557	1000111030
18507292	1000175031
112814372	1000034013
115751705	1000007808
18346587	1000067723
15861559	1000158583
31332696	1000021748
14172562	1000062444
47433131	1000091556
25101996	1000023552
14209507	1000021860
24660295	1000151619
133824534	1000067303
80886321	1000010911
25166063	1000160204
13348	1000018598
34743251	1000021630
31536491	1000117088
467259963	1000015023
13461662	1000060435
45866071	1000093550
158420343	1000035685
16824850	1000019964
157799911	1000062250
19489649	1000153122
19774817	1000159702
13094262	1000105119
14172581	1000084001
16974245	1000140463
17688601	1000095239
14893249	1000168058
1495	1000060829
45310286	1000151144
18257270	1000151737
5537492	1000175132
201170181	1000077870
24893115	1000028229
29287875	1000003860
16114437	1000092941
166601166	1000037411
17636894	1000021118
281929850	1000043977
34713716	1000112146
221198749	1000006779
15043851	1000013323
57987237	1000084115
14513842	1000011036
51154947	1000047140
25562113	1000134414
72998217	1000069854
322903190	1000099642
14173016	1000035431
2029971	1000037897
393763802	1000056609
15329910	1000046905
20289145	1000064424
15077314	1000037897
224296503	1000007260
114910205	1000042608
14155052	1000068983
16435321	1000099601
187240774	1000104341
50004191	1000163627
223467843	1000167897
21345893	1000110885
16126957	1000117332
78813	1000103134
15647839	1000131948
16218976	1000032030
14334870	1000085542
7165492	1000024166
145823923	1000085542
167426817	1000020645
16140591	1000156690
7921292	1000007260
16225122	1000111030
972651	1000023919
153069336	1000091556
45176933	1000032030
107404132	1000172127
14307102	1000133137
249252048	1000037743
20009906	1000023919
16547411	1000159702
7684302	1000018933
9964732	1000153194
13018472	1000023293
426469859	1000011087
142128487	1000010911
21297247	1000026371
14412888	1000067303
16549423	1000002811
71383220	1000020308
2295061	1000068188
377352404	1000039090
16250607	1000174886
216825105	1000023172
16103613	1000135952
19786800	1000132005
17397762	1000131948
38412700	1000169828
14531269	1000019229
103865085	1000015023
20576633	1000078263
116670843	1000147487
329542303	1000011087
14369901	1000119181
36993767	1000007260
53079577	1000116013
4072401	1000000629
19103296	1000124991
8362412	1000092921
18785430	1000021860
14533116	1000067303
166472213	1000172127
17174484	1000097862
377352404	1000026371
36749860	1000112146
32177485	1000130698
14445542	1000067303
40198602	1000093550
43761789	1000024584
163136908	1000089618
198992124	1000168886
89060990	1000025810
26535027	1000023919
7058202	1000010631
341840097	1000011087
16974245	1000134414
33925672	1000023919
92357649	1000167663
171171584	1000023919
27857304	1000062250
5749162	1000044091
160392833	1000034013
14827241	1000043977
342519878	1000055853
23177453	1000109885
213722368	1000067303
93816184	1000023919
12	1000095246
15009761	1000010631
15465602	1000039648
18939033	1000095103
5161281	1000111030
17913814	1000157564
132120124	1000011087
19052248	1000063546
177849911	1000006779
19024819	1000023919
28215110	1000112146
280716675	1000062250
20517668	1000099601
170776198	1000160204
82877782	1000089172
21575175	1000023919
202991265	1000010911
238437239	1000062250
60094114	1000063876
24626969	1000118163
31037985	1000002811
29057694	1000116617
14220624	1000008059
763699	1000062052
42226885	1000117161
17630704	1000175031
62592897	1000143749
14935647	1000019964
294037090	1000163627
41641782	1000112509
62737652	1000062250
143177731	1000000629
17296792	1000062250
47465882	1000076774
142519598	1000085085
27430245	1000157979
6216912	1000018598
466864396	1000084001
13994032	1000045447
18195997	1000092921
243691549	1000148217
19274813	1000064974
14887698	1000117088
6151792	1000028193
15216860	1000002811
41199780	1000168058
83839005	1000113087
14110750	1000036914
25107526	1000017221
54083315	1000083726
131594600	1000063324
260433129	1000129760
14159087	1000155485
3715	1000067303
3440721	1000159702
274101424	1000072564
1793451	1000031274
69878323	1000023919
20291907	1000093550
15843184	1000095952
17530819	1000032028
652193	1000123564
156302415	1000007808
7159422	1000159702
56722075	1000132005
6305302	1000032030
873131	1000174615
95820486	1000006779
20341544	1000053361
14069676	1000156690
9532402	1000092941
4952751	1000062250
61040299	1000116617
15648137	1000043818
21404341	1000015335
12853322	1000028193
9558712	1000062250
56166348	1000047140
643613	1000132005
26355729	1000094561
348352704	1000120980
158769098	1000023552
19421355	1000052713
15410099	1000117088
336463060	1000010911
273523038	1000011087
19673424	1000135562
14819061	1000062250
18843227	1000121888
1045751	1000092941
5436192	1000019993
78613092	1000001406
19533970	1000171443
19416598	1000132005
11207682	1000018598
16677622	1000015023
264124770	1000026371
14095644	1000155889
16231701	1000159702
80523	1000018598
9692022	1000067303
358658416	1000038330
98535426	1000155008
365928619	1000150182
15088904	1000154304
195500610	1000132005
50564459	1000024584
197867309	1000175031
15727738	1000128218
14364049	1000044091
18732887	1000045304
18363508	1000111030
10860762	1000047140
9964732	1000064836
17506082	1000156690
305056517	1000046921
144751388	1000023406
15554080	1000095952
61878718	1000108827
275445237	1000026371
21755787	1000026371
72937903	1000077700
2727051	1000086443
5252591	1000044091
14921836	1000046905
237541348	1000160698
239434259	1000108936
414186024	1000169586
291691995	1000114465
8876232	1000091051
14115514	1000117088
159578514	1000000629
19421355	1000037897
133784059	1000116617
755756	1000112509
15134782	1000067303
38499004	1000051766
962631	1000003022
14202246	1000072842
13538172	1000111030
15839249	1000024584
161372707	1000053294
9568572	1000032030
86395621	1000135562
113241406	1000019407
35833912	1000011087
294132475	1000149654
52863597	1000060025
2806761	1000010631
17133445	1000117088
19505302	1000010911
17574181	1000011036
41554056	1000045819
42135344	1000036898
14439553	1000009436
41012588	1000009685
15476915	1000091556
18261013	1000023919
131996281	1000091051
22778956	1000020308
81053602	1000064974
40923348	1000082958
52832085	1000045304
19778239	1000068983
390054186	1000105057
42703075	1000173602
9255722	1000067303
24752484	1000067303
29216764	1000050349
140132026	1000092941
7621482	1000132005
14056632	1000086359
85916495	1000017443
189686155	1000085841
816532	1000072842
38500106	1000091556
247352819	1000146996
19816660	1000130698
32708554	1000160445
9613162	1000017443
229523	1000089976
15335123	1000031304
69718702	1000116617
16099291	1000044091
416489288	1000007808
83941972	1000053361
811087	1000096038
446672326	1000149248
39811799	1000023695
20863627	1000117088
15272024	1000068090
45391155	1000130698
22708797	1000023919
16275037	1000118807
20229241	1000049811
17333679	1000047140
48669511	1000091556
107236336	1000064424
204337132	1000121888
22087738	1000045304
14138087	1000146400
3062761	1000159702
13208432	1000089976
1103	1000018598
209759970	1000047140
46265109	1000085841
14192988	1000002811
14140619	1000122438
19848655	1000055099
15840385	1000162758
24069319	1000063086
214024085	1000026371
5737	1000131712
195500610	1000031304
302166268	1000157156
20517668	1000062250
314273466	1000060025
130314799	1000076774
34970516	1000130698
525087536	1000043977
93950835	1000015335
199732904	1000130698
69728569	1000108827
7141572	1000064836
18655567	1000092921
17177001	1000140463
14129874	1000147487
16504528	1000025471
16785028	1000010911
22605665	1000131948
140213231	1000140463
16336509	1000059738
18737808	1000146665
36408451	1000072107
19729995	1000023919
95957727	1000034554
16933278	1000132005
20400704	1000173602
10915842	1000132005
17979066	1000086691
10386322	1000140463
16739711	1000067303
24741685	1000089976
11989152	1000026808
54348228	1000119937
112283476	1000023552
9424732	1000023919
23998497	1000018598
140970624	1000069854
300916268	1000143958
17346178	1000147664
15930016	1000053361
22760252	1000023919
21128334	1000023919
79033767	1000160698
249348650	1000068983
284071322	1000062250
197867309	1000140463
5745122	1000044007
15982903	1000106633
14217937	1000063324
16547411	1000013915
174741544	1000086471
17014614	1000132005
32445507	1000046018
14333574	1000097862
239320624	1000167897
44552607	1000047978
16296057	1000023919
15319993	1000095952
28966878	1000147572
14703882	1000037411
7861312	1000170782
226671290	1000118163
223079863	1000117088
24773177	1000132005
14690813	1000049811
19335591	1000025937
18364847	1000142870
14107459	1000118163
14289945	1000105119
113859309	1000162393
121597650	1000049811
358658416	1000070459
18006705	1000010911
175629426	1000146665
5868402	1000069854
3475	1000044091
24550707	1000163627
22585445	1000034013
7591562	1000117088
27111653	1000131948
12196292	1000073141
383267303	1000062250
14427593	1000171443
681813	1000073877
15648827	1000085085
29854446	1000113265
314701207	1000011087
366676872	1000152999
2195241	1000092921
31032196	1000160204
128292609	1000056337
19351604	1000175031
23226445	1000011087
14783047	1000159702
23956321	1000015335
14123870	1000140463
15077314	1000105119
48900286	1000147664
17076095	1000034013
351092905	1000157156
54528491	1000047591
63786611	1000080391
4103571	1000067303
17738008	1000086669
775336	1000135952
5709442	1000130698
14261617	1000118163
44698296	1000140463
267595992	1000010911
19597106	1000135562
30216040	1000118807
86626845	1000062250
17324205	1000047140
3032	1000111030
14944850	1000158149
51421542	1000089823
54946618	1000142999
15602478	1000014433
5973352	1000026808
12095912	1000130738
5387212	1000067303
194312420	1000167663
20331568	1000117088
270412208	1000033103
69402000	1000061557
19396923	1000023919
12782472	1000091556
74697858	1000133463
237423538	1000011087
1268821	1000089823
13169322	1000153194
15999465	1000024166
14289331	1000143958
39811799	1000159702
50944856	1000051633
13094262	1000037897
62737652	1000167897
19515424	1000140463
17533559	1000033520
34731203	1000116617
201143849	1000064974
15120110	1000062250
451044230	1000117088
8951502	1000011311
25927802	1000110143
27889538	1000155889
19625919	1000118807
22863638	1000092921
17930811	1000095246
14315365	1000032030
20073774	1000172127
18888483	1000032340
2876321	1000000586
288095664	1000172127
153812978	1000105057
29906221	1000146665
17644044	1000034554
4449041	1000011311
19432206	1000058116
87899230	1000099601
78089625	1000140463
22712217	1000024584
19655985	1000026371
67928003	1000064836
35908473	1000099642
21457289	1000140463
113975798	1000000629
200227389	1000021630
116183062	1000103352
336463060	1000167663
92095091	1000067723
20565005	1000146400
1566521	1000073877
21396104	1000007260
8653962	1000062250
15252359	1000039648
91443637	1000091556
57047630	1000001677
14245253	1000064424
14207199	1000006779
27695964	1000104341
218565522	1000172127
20609319	1000095952
130307055	1000007808
6540712	1000028751
70779109	1000085841
666073	1000015335
190919200	1000062444
17469068	1000021860
128704224	1000087678
22605665	1000046905
318202015	1000024584
16723958	1000132937
161691982	1000038330
153150671	1000118163
8514952	1000018598
111949935	1000099642
19507713	1000006779
22946999	1000092921
18859933	1000063769
12012472	1000135562
175114748	1000082088
11937352	1000107585
126973864	1000054654
44105635	1000094565
1864381	1000165684
5452672	1000002811
160590087	1000089823
72536935	1000039090
15358350	1000130738
87899230	1000062250
16909832	1000034013
14655436	1000024921
26276457	1000007808
125311700	1000172127
11677062	1000062444
360864191	1000046905
735983	1000021118
14839147	1000023552
16453996	1000167663
94414805	1000116617
19078387	1000023919
18440972	1000110885
9175762	1000081644
202839283	1000172446
18895142	1000101666
2713951	1000044091
426182072	1000043977
279810574	1000045819
200343026	1000010911
32823	1000129186
20543890	1000167897
14134204	1000112509
484299228	1000099601
19424888	1000111030
20483440	1000130738
15647839	1000158149
69671186	1000023919
289659449	1000063324
49465463	1000112497
29504268	1000037100
258280763	1000114465
4488	1000086359
18826638	1000146665
301715055	1000086359
18497606	1000111477
15484063	1000062250
161372707	1000023919
12735712	1000113386
14263368	1000105119
23773846	1000002994
18994661	1000132005
10713592	1000069754
164859947	1000158149
305432574	1000085841
18364847	1000156178
57047630	1000118163
75493	1000032030
55932764	1000118354
6015962	1000132005
14825237	1000117088
73087362	1000165392
153087224	1000089618
72648124	1000155889
39811799	1000046905
57623907	1000021860
16135175	1000121888
45175547	1000051032
13919072	1000132005
135187648	1000126612
4488	1000130316
21762998	1000000629
158369556	1000126612
21347710	1000032340
216548653	1000130698
98496975	1000085841
64780470	1000093550
143381041	1000072107
8402352	1000130738
2363641	1000085841
252509338	1000011087
107236336	1000121612
16974245	1000028229
14326840	1000111030
254646743	1000092545
16162693	1000028229
52127980	1000067930
15832331	1000085841
5659662	1000089823
19549441	1000007808
15256115	1000112146
5309462	1000135952
75394287	1000106633
16854206	1000118163
64488804	1000002811
3748711	1000044007
61060345	1000020573
14400125	1000029797
20097713	1000018933
34236703	1000131948
268915110	1000010671
15738725	1000024311
10394522	1000105119
34749146	1000004492
18364847	1000062250
319036126	1000046905
14430479	1000057906
7078732	1000006779
17402835	1000170193
10297	1000037897
448436696	1000010168
23799441	1000023919
15449147	1000092926
90696553	1000121888
14120421	1000032646
17613417	1000021860
74286565	1000093550
52530194	1000024584
23682475	1000125029
22946999	1000066341
236507452	1000089618
176854913	1000025937
258447233	1000001677
16072676	1000023552
14544162	1000021118
14222615	1000086359
336958044	1000011087
15752932	1000138539
9733542	1000054324
77226369	1000023172
88153175	1000031421
15403485	1000008059
17833262	1000029205
16232843	1000072842
19285126	1000143958
15832293	1000067303
68459447	1000097862
36108089	1000111986
40209732	1000133463
29287875	1000117332
25440543	1000172721
9528212	1000062250
23204326	1000118163
5548212	1000153122
546810343	1000063086
6141832	1000048805
103993750	1000008361
72266640	1000011087
6066602	1000171443
200960284	1000114465
280162778	1000011087
32517808	1000062250
42800399	1000118163
18127502	1000032028
1367531	1000023552
20577287	1000086669
12661142	1000157856
471963	1000130033
431228220	1000060829
14684915	1000084001
20397258	1000046905
14118608	1000132917
4449041	1000170917
54713657	1000160612
157106615	1000047978
88109378	1000077168
17854366	1000132005
15151381	1000134414
19926055	1000062250
26057085	1000024584
402394026	1000085841
36744137	1000161599
67707077	1000064424
6834572	1000159702
216865677	1000153122
11107172	1000092921
23962323	1000023919
9952802	1000089823
14278978	1000018598
57026351	1000028229
12235562	1000086359
51912787	1000085542
18688051	1000023919
18967418	1000054070
319695297	1000085841
27890540	1000092921
39322973	1000010911
227468469	1000023919
237464802	1000171443
134348059	1000172127
222953824	1000067303
31513494	1000169828
47982751	1000015335
112237162	1000023919
12235562	1000019993
41583318	1000015023
55871338	1000010911
33432904	1000172127
126819958	1000072895
82681495	1000051766
25562113	1000093550
16434273	1000033103
18291786	1000086471
236025357	1000085841
14677117	1000023919
9724232	1000076774
34767211	1000010911
19103296	1000162183
22467578	1000019229
17177001	1000027512
19799579	1000067303
100794531	1000117088
18914321	1000153122
19126688	1000135952
16312316	1000125991
6449392	1000024363
21144530	1000143958
95383690	1000172127
38097767	1000066168
32548772	1000147487
22879382	1000000629
14964767	1000010631
4197051	1000143958
304795131	1000011087
17034634	1000021071
390320946	1000067303
365986257	1000070459
45951258	1000093122
6724092	1000131948
15728083	1000085841
162145099	1000037897
14251225	1000132005
408722148	1000105376
200176600	1000067303
32230901	1000116617
14804903	1000032340
19703935	1000169828
41796739	1000166862
17996177	1000075870
6613122	1000020727
37297803	1000023552
19739069	1000089823
15396961	1000025937
274101424	1000062250
334691732	1000011087
8510242	1000062250
14233500	1000147572
9557352	1000157363
14855064	1000105119
320894277	1000047978
7613282	1000092921
15169635	1000023919
164569984	1000170514
20303544	1000167897
15575251	1000002811
36749860	1000029797
16974245	1000027512
30978101	1000146665
62595437	1000075766
193090142	1000062250
14586891	1000143958
25220741	1000023552
38132559	1000015335
16856928	1000023919
22528070	1000066521
118975084	1000132005
510089389	1000172127
348429830	1000138539
16913834	1000062250
14467566	1000063324
5695942	1000032030
39069544	1000047140
215660724	1000167897
91056925	1000158583
148828371	1000089823
5908232	1000132005
24893115	1000140463
178997867	1000023919
291758611	1000018598
19329119	1000062250
75862448	1000035431
95339302	1000028751
287891105	1000000198
237492786	1000011087
21999730	1000163875
422966270	1000050185
21159399	1000023919
6700332	1000055594
38457748	1000167293
374007416	1000001406
210936826	1000109996
39713219	1000131571
28386166	1000085841
11107172	1000054070
5515802	1000089823
15005596	1000081230
15753937	1000067303
14745283	1000062250
3288371	1000132005
811087	1000129236
17027590	1000132005
660633	1000101666
49465463	1000019993
161004312	1000118163
16539541	1000034554
21580985	1000142870
9572502	1000045769
191300142	1000085085
101013718	1000163627
90412433	1000056337
18327902	1000086359
88788576	1000007808
21170263	1000023172
39680464	1000117088
347501598	1000011087
36998859	1000042784
14109995	1000101529
31957731	1000078263
15127990	1000132005
18277655	1000036898
7471152	1000054456
121296475	1000091556
14446419	1000147477
274091885	1000086359
28583197	1000056337
10427682	1000034013
204145356	1000159702
2475171	1000158583
86566510	1000013915
14267393	1000072842
816532	1000081504
15026162	1000003022
34705238	1000111030
16120265	1000086691
14316850	1000093550
15290899	1000085841
376629559	1000085841
15488915	1000034013
19534433	1000130698
16507692	1000006779
14100903	1000132005
19876236	1000031421
24049604	1000143958
16526462	1000086471
809010	1000157564
81704859	1000119157
390287262	1000130698
67625279	1000111477
3245291	1000156820
858051	1000122438
20436922	1000117088
14180249	1000093550
16284647	1000062250
54917026	1000040061
168397335	1000085841
14296723	1000069854
17996177	1000064424
5973352	1000174615
38500106	1000021118
249518215	1000011087
31487712	1000153194
42663679	1000047140
14905961	1000143192
15335809	1000023919
388750928	1000089172
89617904	1000099642
16131833	1000054070
289659449	1000044091
135689156	1000146665
245394117	1000157156
97002407	1000121888
16808822	1000069854
29030126	1000035685
90385486	1000010911
991221	1000024206
11703722	1000125325
17169066	1000077168
93816184	1000000629
65682128	1000025937
16197036	1000014433
27683085	1000024311
59956494	1000165684
14849487	1000086562
36441588	1000076259
22481442	1000172127
29287875	1000085735
14714825	1000072842
469928841	1000172127
4048421	1000071403
7777932	1000015335
103316833	1000023919
17904856	1000021118
386232168	1000053361
14463592	1000114563
14506500	1000035685
16086536	1000171443
15759755	1000025937
77231766	1000106633
140233276	1000029205
740983	1000018598
14308908	1000018598
254646743	1000001677
60991516	1000132005
7446452	1000131948
33969495	1000054482
15816057	1000146665
12725	1000026808
14183255	1000158583
20477352	1000117332
49164309	1000091841
80886321	1000167663
17628437	1000089976
5996402	1000086359
13332922	1000089823
1454021	1000122438
17401682	1000063324
19167465	1000062250
19737483	1000020294
90311252	1000175031
62493005	1000000629
53079577	1000001677
21694568	1000084115
198693040	1000140463
36851222	1000131948
28823239	1000099642
6601622	1000024166
33688391	1000172721
66244710	1000020410
223526057	1000038330
40209732	1000047591
19878288	1000018598
11197712	1000067303
274101424	1000104341
15235345	1000032340
23093214	1000021630
22378524	1000172127
3242491	1000159702
13348	1000173919
35765068	1000175031
14310583	1000168002
186052228	1000017443
27217496	1000025937
15367053	1000037897
771619	1000092921
29328707	1000132005
22025814	1000098405
14498549	1000175031
9103242	1000143958
101608829	1000023919
83667441	1000158583
20342875	1000095543
736293	1000102334
18443018	1000002264
720843	1000110781
16423109	1000023919
14650808	1000023695
126088259	1000000629
6595682	1000075870
9313022	1000076774
18138971	1000098689
204145356	1000158149
171384512	1000116523
50115087	1000130698
15120110	1000099601
77226369	1000023919
16356344	1000142870
281196299	1000092941
48713560	1000092921
351564837	1000132005
15169116	1000093550
45951258	1000056609
15443476	1000095246
186632886	1000110143
243284052	1000108888
15567576	1000146665
31202965	1000062250
140909641	1000010671
135316691	1000023919
161760542	1000130698
18359862	1000037411
3094401	1000083577
802209	1000080445
86626845	1000023919
46650115	1000011036
14541402	1000095246
15086405	1000012689
26021668	1000091556
11864262	1000149473
14166096	1000111030
13189102	1000146665
156370885	1000115693
159588456	1000130698
27163774	1000104530
86139446	1000023919
1835411	1000095725
336644583	1000021860
113726247	1000047135
6374122	1000006779
14452805	1000096481
26203847	1000023919
14337252	1000111030
14092963	1000081504
5796562	1000061506
5169141	1000080864
37104266	1000092941
18170896	1000089823
29941998	1000073745
15485242	1000025738
339845637	1000060042
17596468	1000034013
24571530	1000023919
282275903	1000002811
18315664	1000106633
15781032	1000067303
107375795	1000026371
26087034	1000093550
51564922	1000111030
181617875	1000007808
19421355	1000063173
18846990	1000062250
157106615	1000011087
16162251	1000031274
167796962	1000099601
14071414	1000018598
74841144	1000007808
2483701	1000023919
242624244	1000163875
126636867	1000011087
64121269	1000117088
23232505	1000089823
113497030	1000024584
260433129	1000055627
50483419	1000089618
12895212	1000007808
1476651	1000089823
93228003	1000134414
1060121	1000158583
14281941	1000158583
1585	1000066168
19980698	1000093550
107149881	1000150094
14989975	1000024311
96501375	1000146400
16848203	1000159702
817386	1000054070
14987728	1000159441
18170489	1000048805
15775613	1000095246
166900117	1000167897
15549496	1000159702
14334870	1000135562
4934171	1000132917
17177001	1000008780
19088244	1000120786
28649781	1000048805
14836915	1000015023
28352370	1000046905
991221	1000040021
13535762	1000162393
18177126	1000047140
103087666	1000131497
136392274	1000033103
13018472	1000086359
3288371	1000044091
21851761	1000117088
15383636	1000157979
73843	1000094565
249405898	1000002269
165436089	1000121888
108616178	1000167293
26185845	1000143958
35857983	1000146400
14647570	1000121888
8103982	1000126000
15000527	1000132937
24742040	1000023695
20333461	1000023919
70900318	1000011036
14098398	1000021118
22937213	1000158149
16191902	1000023919
16803822	1000020286
200215023	1000112146
456966324	1000007808
337886919	1000130698
22420134	1000030973
16316738	1000023919
15625377	1000097862
15993167	1000085841
20898328	1000013323
45516390	1000062250
315301328	1000011087
161396346	1000124991
30296193	1000047140
285713629	1000010911
12245632	1000067303
18774477	1000062250
18346587	1000114465
14437914	1000119982
10696062	1000170782
70379729	1000151144
12199652	1000114563
21843378	1000091135
14690813	1000060429
14502745	1000157363
57026351	1000097515
37297803	1000036898
9085252	1000138539
15311039	1000025649
11253262	1000130033
14083627	1000069854
7592642	1000086691
252110572	1000130698
248748948	1000011087
131615009	1000099642
17711319	1000032030
223970563	1000036898
292354838	1000007808
31158933	1000011036
1980271	1000053361
36681590	1000023919
21636682	1000032028
22323452	1000032340
48802020	1000131948
22900797	1000034554
57122023	1000001406
3325171	1000006974
14290835	1000036623
209692125	1000048805
60642052	1000132917
341946801	1000057906
282519460	1000026371
253973	1000061557
39547783	1000006779
311214131	1000043977
113497030	1000000198
21660760	1000062250
13693032	1000062250
24358412	1000103134
15301803	1000073877
14366976	1000023919
35598550	1000006779
1422311	1000137181
9313022	1000047140
23240788	1000119157
879521	1000132005
14944532	1000062250
10450	1000028193
19245182	1000010911
38753712	1000092926
11794312	1000123526
292527401	1000011087
22841103	1000024311
799645	1000067303
61063478	1000023695
26033920	1000046905
49785880	1000010911
17221819	1000159655
177651946	1000034013
17401682	1000008361
25014145	1000156820
113206484	1000023919
386994844	1000132005
105673792	1000031818
93711247	1000066428
16882660	1000138539
6332272	1000089823
42883134	1000056337
322903190	1000142870
27718312	1000023919
88742714	1000106540
14484504	1000015335
254324559	1000151619
408722148	1000140463
11922692	1000093550
76972408	1000062250
13535762	1000103134
26200403	1000045304
16119090	1000098689
17453598	1000138539
394443437	1000092921
18709570	1000117088
57944123	1000011383
978741	1000115989
11461102	1000046905
44156753	1000104260
8789452	1000026808
210758676	1000025937
766195	1000139022
18535678	1000046210
21224647	1000097862
16753853	1000034013
517716973	1000007808
76091017	1000067303
782329	1000050034
7914552	1000071047
809512	1000067303
19558297	1000134414
344914507	1000086691
77843323	1000144317
15416485	1000048359
407403	1000138539
22977196	1000095952
170791701	1000105057
11272122	1000159702
176686379	1000130698
223978695	1000092921
149235847	1000072564
113696592	1000135562
16072024	1000138539
19468048	1000033103
22857385	1000156820
6280302	1000002811
219370782	1000116617
15777123	1000036162
30926148	1000064424
23664028	1000117332
50051932	1000158583
24732168	1000045819
197867309	1000086359
12491	1000019272
12095912	1000067303
735983	1000076774
15199325	1000130738
329600057	1000033103
59553664	1000026371
59697905	1000154852
14413529	1000111030
17473973	1000026385
16475744	1000132005
21363027	1000111477
15040500	1000020573
390189904	1000163627
45590904	1000063876
134935099	1000036914
82719178	1000126000
14266435	1000099642
32855583	1000111477
312331302	1000152999
607193	1000126000
5443002	1000171443
92597440	1000076259
13911852	1000095246
66369181	1000123676
5702	1000095246
220827191	1000102180
20660146	1000023406
16815619	1000085841
19550535	1000117088
30216040	1000081504
14056632	1000019993
15702262	1000091556
188524986	1000000629
14263368	1000037897
112977841	1000085841
38824382	1000133836
133750016	1000169885
264825458	1000081231
19998190	1000069854
15535730	1000043818
14502476	1000018598
227655627	1000032340
5879952	1000086359
282280747	1000120025
17047403	1000171443
377352404	1000120980
19084034	1000062250
14413075	1000111030
12273252	1000077217
115491854	1000138539
2317861	1000028229
312937997	1000135562
20578176	1000052505
284071322	1000121888
23070306	1000115070
16902354	1000099325
38920015	1000043977
26846571	1000169828
15800873	1000091556
22340349	1000000013
28539923	1000099594
439109522	1000062250
94667476	1000062250
14091119	1000112497
13949232	1000154984
260935147	1000116617
68540316	1000154304
14750983	1000105376
16079941	1000042608
373573313	1000064424
7194892	1000024311
2295061	1000127150
17567533	1000062250
14154640	1000069854
126048747	1000159702
55451954	1000000629
5110861	1000062250
15319941	1000132005
297584228	1000093122
241324615	1000025471
6265562	1000049811
682463	1000085542
14426487	1000170782
15486333	1000146665
11336782	1000131948
99330079	1000091556
486776304	1000026371
182914092	1000001406
41641782	1000111030
12649792	1000132005
363492855	1000156690
19737483	1000067303
366167961	1000105376
87873439	1000074364
14993946	1000143192
4582231	1000147487
199810683	1000000125
28583197	1000132005
25785053	1000039648
244537280	1000157156
16433562	1000020294
962631	1000111030
14706339	1000068032
152580711	1000068552
40224794	1000146400
31311757	1000023172
138306486	1000146400
15395001	1000067723
29500473	1000129760
93479887	1000000629
16162693	1000008780
16365216	1000024584
42967256	1000159702
765548	1000086359
19208450	1000018933
240324020	1000072107
34749146	1000115412
21408610	1000099601
189253902	1000130698
386356694	1000077870
259516003	1000023919
128292609	1000121888
5871202	1000036914
309325161	1000011087
15771445	1000137027
50751382	1000171443
14980792	1000062250
17979066	1000064424
15633825	1000146400
1712051	1000002811
23095837	1000091556
50918046	1000067723
18776131	1000067303
19208626	1000023919
23066372	1000070459
90778418	1000062250
16739711	1000093550
45578700	1000006779
962631	1000112509
132912535	1000001677
18400024	1000093759
24586098	1000042608
15768141	1000023919
34767211	1000042626
17451816	1000083224
19186071	1000032340
18366472	1000023919
19078387	1000062250
17029324	1000158149
57389596	1000000629
52530194	1000172446
26180582	1000056609
42326800	1000009638
7093352	1000142999
7446452	1000159702
79518156	1000024584
1628691	1000032340
15347317	1000152287
17903594	1000002811
17289723	1000002811
108398384	1000091556
11232732	1000130698
86626845	1000053294
28215110	1000029797
26010360	1000023919
14079172	1000159702
10669942	1000041586
13134712	1000117088
59503113	1000023919
13337652	1000085442
162145099	1000052713
29441043	1000067303
73448775	1000011087
26279617	1000024584
16743138	1000091556
252367584	1000125991
36998859	1000023919
14355627	1000028751
112627753	1000067303
48398960	1000167293
6774032	1000067303
14766581	1000082088
113960294	1000053361
26083291	1000032340
44698296	1000118807
12449312	1000089976
18815604	1000020294
15839249	1000117764
2217251	1000089823
180881713	1000034554
138413334	1000021860
306604708	1000024311
46732934	1000118163
19737483	1000130738
42663679	1000091556
101612292	1000007808
49445813	1000095543
21595505	1000056337
22474764	1000143958
15341415	1000158583
15725906	1000130316
49318001	1000007808
5868662	1000107585
19612058	1000007260
862481	1000083224
15178133	1000138539
14050619	1000063173
24626969	1000023919
5904212	1000113087
20449133	1000092941
9145492	1000099642
15684633	1000099601
10394522	1000037897
97701898	1000013476
285800793	1000118163
2622521	1000010911
290876018	1000130698
78792100	1000157856
86204900	1000076309
30003842	1000023919
813491	1000122438
14281905	1000153122
39938848	1000158149
59847989	1000023172
16741381	1000023043
14539464	1000149466
18032507	1000121612
119506746	1000000629
270652177	1000024584
7494482	1000132005
626433	1000086691
20976355	1000076259
97743746	1000135562
16514761	1000146665
72842277	1000062250
20838196	1000097862
17431236	1000142870
86204900	1000125325
937421	1000096038
50905938	1000146400
15026162	1000122438
5698942	1000168058
149660084	1000085841
38539848	1000034013
29157121	1000111030
18815604	1000067303
14294863	1000069334
1045751	1000044091
771619	1000132005
8715652	1000125029
5110861	1000099601
102402496	1000023919
66021490	1000158518
16594064	1000112146
15595903	1000069854
5516372	1000006779
348393652	1000130698
5511	1000086359
23520421	1000032030
31466859	1000056337
8315692	1000019272
3004231	1000112509
85097241	1000079164
4048421	1000034013
404269967	1000109996
4461451	1000096038
14232363	1000159702
8162312	1000025937
17262744	1000117088
135989360	1000121888
11072822	1000025810
19623009	1000117088
15866188	1000076774
7369882	1000062250
434433610	1000067303
19830262	1000008861
141505719	1000062250
88097712	1000015023
8525402	1000092921
16197343	1000007260
284580854	1000023919
426044697	1000080445
1034621	1000062250
52238172	1000121888
9426982	1000117088
110519857	1000118163
45498349	1000160612
1010181	1000010631
55045856	1000118163
57026351	1000086691
14451892	1000158149
27802801	1000085841
16434960	1000099601
14521530	1000034013
106443610	1000026371
109299385	1000033220
217219577	1000096481
14231571	1000010631
14714785	1000093759
41050549	1000081644
19102458	1000023919
121539516	1000067303
1065921	1000159702
18267733	1000086359
116511302	1000006779
194397899	1000012738
16562955	1000160612
5771142	1000061506
88353395	1000043766
13041272	1000046018
16552794	1000036162
11094232	1000044091
29216764	1000023552
14327715	1000023919
14434495	1000007808
6218162	1000023919
6129072	1000043977
962631	1000025738
17689928	1000132005
353547940	1000109996
62541270	1000021860
15728161	1000021630
15066271	1000140463
14362294	1000130769
373573313	1000121612
272844606	1000105057
185699666	1000021860
17972871	1000062250
40209732	1000158921
31388042	1000007260
57542239	1000062250
19080361	1000023919
96461927	1000069854
16930986	1000162393
16583999	1000023695
12298152	1000116617
151360659	1000125029
5066391	1000089823
17409832	1000117088
486816912	1000105057
38282454	1000121612
18930170	1000062250
13436432	1000125991
41648843	1000142999
213414358	1000069754
14197373	1000093550
328643106	1000020308
42070873	1000064974
87573218	1000062250
158579363	1000121612
18813800	1000135562
333464309	1000008463
14085473	1000067303
759679	1000168058
18119683	1000085841
235092080	1000010911
14831118	1000007808
16546116	1000062250
89989652	1000039648
25088527	1000073877
10859	1000064836
113241406	1000010911
16034502	1000088518
146525713	1000138539
11525	1000131712
58431280	1000033103
29739700	1000062250
6626162	1000023919
78391198	1000043163
168462348	1000105057
2148071	1000122438
24907197	1000149466
10191272	1000149248
16162693	1000140463
101783271	1000111986
15906950	1000076774
29569786	1000112146
20605481	1000132005
14801264	1000132005
87693728	1000015023
47848627	1000154304
4503491	1000062052
102264848	1000015023
67292982	1000062250
45951258	1000002269
19208825	1000050349
14269093	1000146665
6193182	1000171134
17880192	1000002811
15735952	1000175132
19998190	1000018598
12798822	1000132005
317608656	1000089618
1269251	1000089823
41591401	1000023919
292970754	1000006779
1295001	1000025937
7141572	1000165684
109320098	1000005036
204370454	1000026371
107375795	1000133463
14305673	1000092921
20783	1000023919
351564837	1000062250
21201351	1000033103
87004822	1000085841
15040500	1000109304
17004618	1000092941
7668362	1000085542
19729451	1000069854
77843323	1000031274
151974449	1000062250
14881958	1000035685
21713078	1000007808
43883192	1000081231
22092792	1000171443
151560445	1000020308
16929108	1000159441
69402000	1000103134
27003337	1000120025
2659631	1000009265
16657277	1000054482
64269721	1000034013
108796416	1000160612
170886090	1000042008
14095254	1000122438
461765268	1000085841
41713	1000132005
16095572	1000131948
1175221	1000053232
72842277	1000099601
52948662	1000142870
24990215	1000148217
204145356	1000046905
15839249	1000066428
8732542	1000146400
717313	1000114563
45684049	1000125325
276322412	1000156820
30593037	1000067303
32917372	1000105057
808627	1000132005
30324434	1000069854
9670952	1000159702
1422311	1000097515
54900089	1000023552
186909056	1000172127
221144501	1000011087
43170475	1000002811
353466012	1000135562
26884913	1000158583
32077619	1000006779
6416652	1000015023
21434769	1000095246
22112285	1000169885
22977196	1000034013
15647839	1000159702
7872652	1000077870
279622129	1000011087
72536935	1000158921
59420092	1000015023
194312420	1000010911
33933259	1000132704
169610198	1000023552
18919970	1000032340
3094401	1000064327
23135992	1000003860
35422993	1000006779
19737483	1000015115
18898232	1000091556
7729542	1000169828
23133852	1000093550
96865911	1000052505
239660783	1000089823
368943658	1000010911
11253262	1000130738
23135992	1000117332
54900089	1000036898
301715055	1000023293
14882389	1000158583
38270929	1000000629
10191272	1000064424
98035778	1000132917
118245120	1000062250
96498631	1000064424
1584511	1000079256
74849943	1000001677
18569484	1000099601
36823	1000067303
202839283	1000024584
18937546	1000051633
23127272	1000108936
31477608	1000169828
14680747	1000111030
16463326	1000066341
369586333	1000006779
227863795	1000006779
20534486	1000131948
1060121	1000046921
48118853	1000160612
1454021	1000018598
19208825	1000023552
14977290	1000089618
386356694	1000143958
37931906	1000011087
103925618	1000056337
19562074	1000000586
21039860	1000102180
317218700	1000007808
19319347	1000143958
31957731	1000171494
14100003	1000021630
78944566	1000143192
147646942	1000002811
405954273	1000020308
2570021	1000131948
16338664	1000131948
16536183	1000010911
49022240	1000023919
14167197	1000025937
342665429	1000156690
221131215	1000044091
237273873	1000035685
16139294	1000132657
232058655	1000062250
398249223	1000105376
14824210	1000174615
277295851	1000089618
93657068	1000007808
14614567	1000095755
78813	1000131948
14409428	1000116617
1064051	1000168359
14517478	1000103352
106719889	1000069854
10386322	1000008780
3819701	1000149248
23066372	1000047591
23135992	1000085735
20923753	1000089618
33432904	1000057635
17652777	1000154226
17872114	1000068983
728163	1000138539
15128907	1000054345
1233111	1000146665
68198046	1000023552
107375795	1000070459
74697858	1000026371
16162693	1000027512
4934171	1000132005
117783948	1000151144
14876672	1000135562
8570392	1000173602
12188472	1000025471
15468275	1000051766
24244836	1000060025
14329770	1000132917
44465753	1000015335
43041675	1000043977
70977930	1000069854
22019881	1000023919
1233821	1000036914
466952719	1000067201
728163	1000020286
46053	1000118163
143116093	1000085542
59420092	1000076474
20470888	1000108936
11183772	1000036513
44100037	1000119937
97984818	1000095103
17547979	1000034013
7325452	1000132917
386994844	1000121888
97485494	1000154984
22712217	1000117764
87711945	1000023919
19076596	1000044091
15000527	1000130738
25106800	1000068983
9670952	1000013915
16862341	1000147487
38135106	1000096038
10859	1000153194
90385486	1000167663
44983234	1000023919
188046098	1000130698
143381041	1000062250
351092905	1000011087
45310286	1000010911
15922433	1000111030
14458660	1000048805
821643	1000048680
9085252	1000037411
41644887	1000063324
135989360	1000099601
50986270	1000127150
112867490	1000153122
54282139	1000099642
358163988	1000105057
67727882	1000023919
24893115	1000085413
91407203	1000046905
453123538	1000011087
573	1000070163
369468391	1000033103
3611041	1000081645
309393473	1000002811
111658937	1000096953
24353066	1000011087
754613	1000122438
14210641	1000067723
13535762	1000131948
15781032	1000054324
90851356	1000011383
123028422	1000015023
12273252	1000019993
9696772	1000064974
239801558	1000037399
370215382	1000108827
250243273	1000037411
15173685	1000034013
1249631	1000132917
1020961	1000111030
14296723	1000126000
48465624	1000066168
18919970	1000158583
165786567	1000023172
17275604	1000047140
106436533	1000167897
16425197	1000158149
186330242	1000046905
274135827	1000011087
22771839	1000097967
91004913	1000000445
13607302	1000007808
3286871	1000138539
20277469	1000149466
30096240	1000057635
121218827	1000175031
14220624	1000142999
14187770	1000034013
11911082	1000159702
15686692	1000049811
14951992	1000161965
25026165	1000116617
71331671	1000086691
88535224	1000131948
133240655	1000023919
14848785	1000062250
25952851	1000042608
26257927	1000062250
148497957	1000006779
14835752	1000021071
14749486	1000033833
14763	1000006974
162998586	1000026808
154632372	1000089823
15484063	1000105376
19178371	1000059358
35926608	1000020308
7379562	1000034554
47213089	1000110143
8690322	1000008059
8132642	1000023919
4219131	1000015335
3530911	1000086691
37371226	1000000629
48302912	1000130769
18895806	1000138539
20033726	1000091556
16434273	1000038330
17468481	1000092921
90385486	1000042626
80044759	1000175031
151560445	1000106540
15454949	1000116617
33454142	1000001406
2717891	1000085442
273410125	1000062250
114463083	1000158149
14123870	1000134414
174741544	1000010911
197331005	1000011087
33436693	1000117161
333279088	1000026371
26639826	1000053450
28541640	1000171443
36089423	1000033661
2295061	1000086359
14061015	1000081504
19432206	1000069754
7650782	1000053361
63516292	1000091556
171329398	1000111030
26546403	1000023919
32993738	1000117088
48336721	1000062250
13862172	1000067303
6129072	1000143958
20	1000015335
44409315	1000006779
204441039	1000067303
19767193	1000132005
34742074	1000153357
23787335	1000062250
13348	1000103134
9460662	1000116058
46053	1000001677
14160974	1000146665
17073902	1000157363
28332086	1000146665
275003449	1000094561
243578689	1000011087
208541451	1000008463
18958668	1000007808
19626763	1000064836
1436851	1000023919
115911638	1000023919
24586098	1000010911
6066602	1000087678
9835902	1000032030
17905977	1000062250
16079941	1000023695
257933637	1000011087
272820183	1000101529
88931752	1000146400
14744489	1000144317
40256499	1000023919
17284200	1000124310
16433562	1000067303
40252336	1000023919
161396346	1000111030
311657687	1000023919
78813	1000061557
196341171	1000093550
65774480	1000023919
9557352	1000111030
15144542	1000015023
28215110	1000059738
26051404	1000068552
115637846	1000047591
6595682	1000086691
15200846	1000122438
52586337	1000160204
39470235	1000150182
53023494	1000033103
19837036	1000037897
4641021	1000088182
2317861	1000140463
390189904	1000038330
353344542	1000072842
56352678	1000021118
489464235	1000063086
176875631	1000043313
174741544	1000151737
15684633	1000062250
19000589	1000143958
258447233	1000118163
8978672	1000018598
153338999	1000083409
4488	1000122438
18619404	1000062250
21255367	1000099594
24732168	1000021071
1044771	1000089823
1252851	1000086359
42338280	1000077168
15381688	1000163875
5193261	1000159702
19245182	1000167663
12798452	1000044091
154619001	1000023919
34153	1000062250
23070306	1000063173
188352161	1000085841
54275864	1000152863
91396874	1000061557
45638067	1000099601
3249	1000086359
8978672	1000173919
20603058	1000029205
26180582	1000093122
134761763	1000103352
224896214	1000023919
19600970	1000132005
82504166	1000091556
39727570	1000023919
755165	1000035431
83534199	1000000629
16115022	1000067303
32266874	1000170193
19027176	1000031274
3550301	1000159702
15416485	1000131948
242155735	1000132005
16038438	1000006779
3666421	1000154907
16970864	1000155008
39069544	1000091556
7296332	1000018598
20408728	1000086359
204370454	1000039090
132467872	1000130698
14347790	1000068090
29114279	1000037897
2897431	1000062444
169083205	1000018569
19208450	1000079164
163587101	1000055099
21039860	1000010035
32311190	1000023919
25174128	1000117088
15553912	1000018598
7753772	1000051633
14471778	1000010911
4542801	1000168058
20454390	1000140463
161691982	1000026371
735983	1000081504
2156951	1000039648
30216040	1000023919
26180582	1000043313
274101424	1000072107
28352370	1000042259
770729	1000018598
15533709	1000132917
442847698	1000026371
773710	1000092926
18092810	1000003148
15480686	1000132005
70454762	1000069754
816653	1000032030
94052228	1000151737
84094747	1000091556
30081425	1000146400
755756	1000132005
200562967	1000034013
17870415	1000111030
532274904	1000007808
14090859	1000117088
3661961	1000044091
117017147	1000130698
8007092	1000112509
14384299	1000146400
70835010	1000007813
19780462	1000023919
429733711	1000010911
17794004	1000003148
247637481	1000002811
16723958	1000067303
17565821	1000114465
16523889	1000091556
1060121	1000093748
132877818	1000140463
19662823	1000091655
4278201	1000072842
14667884	1000126000
96843721	1000031274
5974992	1000171443
147269043	1000047140
20232992	1000171443
23575194	1000019272
319189672	1000157156
32401095	1000154852
68459447	1000023919
77404713	1000112146
90892746	1000023919
28366439	1000023919
282050390	1000026371
15473958	1000076474
18889063	1000067303
2384071	1000018598
20607165	1000036914
33735023	1000066341
19579267	1000147285
4087691	1000149248
48713560	1000132917
127569781	1000173602
21278996	1000143958
86295646	1000079164
14185977	1000169828
7047322	1000023919
176297531	1000132917
17595759	1000158149
6839652	1000116617
437300342	1000026371
81696307	1000085841
16381663	1000026808
375898136	1000117088
24424030	1000091556
251215603	1000175031
121826856	1000076774
1045521	1000159702
17221819	1000108936
91981827	1000099601
46758449	1000062250
16716312	1000154907
27163774	1000004492
6022072	1000151663
226664152	1000118163
165786567	1000023919
15639334	1000014796
297234798	1000157156
467259963	1000060025
17993516	1000152863
17568500	1000023919
79514468	1000106633
333279088	1000070459
57026276	1000080864
20458491	1000020308
16162693	1000085413
15665127	1000085841
22107142	1000132005
87396580	1000103352
64046315	1000091556
95161315	1000007808
2806761	1000032340
249405898	1000085841
408722148	1000089823
17316885	1000067303
20114488	1000021118
8903102	1000011087
22548447	1000147514
244938842	1000010911
5161281	1000124991
153886406	1000023919
19655985	1000114465
230504799	1000011087
125492611	1000085085
21891867	1000043147
14223960	1000132005
22734582	1000132917
80084849	1000062250
1031121	1000089976
8596922	1000153122
22519473	1000079164
330892519	1000011087
254646743	1000025649
66021490	1000023919
49717501	1000173602
37281592	1000156690
122216533	1000043163
189017711	1000023552
185498905	1000116617
14200145	1000044007
14114899	1000007813
163215062	1000089823
205991562	1000039648
19889841	1000146665
418347726	1000156690
14117030	1000147477
22089455	1000095952
14286753	1000158149
14553055	1000130738
2735591	1000112146
15660556	1000064424
1233111	1000135562
79135853	1000015023
1049981	1000089823
17946886	1000083726
380871196	1000007808
30469169	1000158149
14142956	1000092921
7125712	1000062444
306535559	1000007808
14695514	1000118163
17903594	1000010911
116678226	1000023919
47766237	1000062250
289380312	1000086471
66175701	1000062250
216881337	1000023552
14796922	1000126000
43197610	1000046379
387210978	1000110023
15094659	1000066521
324546502	1000011087
68394215	1000032030
5066391	1000032030
15386611	1000062250
116360467	1000132005
14486811	1000031617
161396346	1000112509
740983	1000122438
4488	1000018598
45741118	1000001677
18888483	1000092926
270395231	1000011087
13729082	1000153357
342005393	1000020308
17108182	1000062250
196341171	1000080864
45638067	1000121888
187960702	1000133463
59253925	1000089823
40580577	1000024584
27412294	1000143958
13434092	1000112497
147044082	1000067303
80302411	1000079164
21224587	1000156820
16740348	1000047140
14720196	1000047140
14976809	1000172848
79692602	1000051633
14252943	1000018598
5487152	1000076309
4119741	1000023919
16652792	1000112509
14703882	1000138539
14351575	1000138539
24732168	1000140463
7400702	1000119357
23110501	1000156178
18293260	1000146400
7429892	1000130698
8087662	1000105213
15884908	1000129236
17941825	1000142870
15765018	1000073745
138416662	1000000629
19398142	1000125991
17448186	1000035431
381451618	1000011087
17826187	1000089976
14327789	1000046418
135316691	1000056337
28599031	1000118163
6070762	1000085542
15232765	1000158149
8876232	1000115989
22877101	1000062250
14269093	1000034013
498306782	1000023919
14289945	1000097862
17794004	1000064974
69402000	1000131948
7378422	1000069854
23140494	1000002811
7161172	1000086359
15004839	1000006779
26210870	1000093550
816532	1000002090
94547575	1000086359
626433	1000149248
9659992	1000044007
20608711	1000132005
13460312	1000050282
38411747	1000086359
20726422	1000088518
2148071	1000045447
13348	1000048805
16097061	1000021860
1859811	1000129236
15818301	1000135562
24451738	1000062250
169762337	1000140463
7908082	1000035431
13831522	1000055853
60594135	1000023919
389355069	1000043977
21834510	1000021071
19610339	1000060488
19546657	1000175716
211614808	1000011087
28352370	1000159702
19753033	1000156690
351968046	1000000445
274641222	1000025548
184810567	1000033897
53474481	1000117088
636833	1000023253
15165502	1000021630
626103	1000132005
15919138	1000158149
17200130	1000092545
61559439	1000076259
14949810	1000006779
48263	1000053361
24861778	1000091556
14161531	1000072842
24889529	1000135562
20327122	1000117088
15526617	1000011087
14444530	1000046905
14620190	1000158149
11336782	1000082288
414334713	1000108936
5388602	1000152287
20471349	1000157156
5357812	1000023552
14275130	1000138539
36408451	1000062250
7141572	1000135169
15123206	1000085841
40892020	1000030391
118943387	1000160612
81855775	1000133836
167313316	1000167663
94119909	1000091841
33658564	1000086691
23135992	1000071383
14926242	1000132005
353370148	1000099601
18935127	1000170514
151907689	1000035431
61627015	1000142999
11085852	1000035431
12266272	1000174886
280348860	1000160204
27577576	1000143958
16446797	1000018598
156692136	1000062250
14716014	1000083224
14130030	1000132005
19299909	1000076774
11364932	1000159702
153886406	1000132005
202604677	1000035685
538592913	1000085841
15000527	1000067303
13869742	1000091135
34669164	1000053361
47306483	1000060025
4085561	1000112497
14217740	1000062250
17687495	1000096038
104901536	1000160612
14483832	1000124991
5784702	1000067303
16661296	1000132005
352360566	1000118163
821449	1000031818
27884654	1000023172
15212527	1000139022
144040563	1000002811
20571654	1000159702
43553	1000033833
274663230	1000015023
18181487	1000064974
80149492	1000125991
227622196	1000168002
14927276	1000010911
510089389	1000057635
16469647	1000099601
22123987	1000013323
898371	1000028751
15978788	1000091135
16181584	1000158583
281079128	1000117088
57973034	1000130769
55433240	1000130698
32893652	1000143958
15322256	1000047140
234402376	1000000629
14467789	1000104260
24278682	1000069854
386209891	1000081231
3962191	1000053450
6545742	1000081645
16043462	1000043766
28590240	1000116617
380614137	1000000445
213414358	1000082088
5867722	1000158583
20726422	1000034554
14284668	1000102180
82853372	1000026371
5877292	1000085542
14911155	1000117088
223970563	1000023552
127809307	1000167897
65467398	1000062250
14804903	1000158583
17193794	1000093550
615723	1000044091
103022243	1000118807
15727738	1000053294
57695187	1000062250
21182763	1000091556
14502431	1000158149
18880970	1000160445
17313445	1000053361
14610224	1000056337
10169562	1000018598
4534871	1000168058
6834572	1000013915
97308931	1000048805
11180212	1000142870
88626951	1000143958
53709155	1000147487
286139806	1000042608
390189904	1000026371
5497452	1000018598
16723231	1000132005
22330739	1000122438
17022544	1000086562
264614792	1000037399
11229292	1000141619
2960721	1000170917
117962496	1000132005
14378372	1000076309
20050047	1000118163
4829901	1000062444
398249223	1000089823
5447732	1000007813
120163364	1000116617
15757568	1000007808
25069628	1000062250
263353755	1000011087
22019881	1000051766
223030581	1000011087
2386761	1000135169
8539632	1000023919
14718555	1000130738
10194392	1000012689
14471778	1000146665
49057486	1000062250
15449147	1000032340
14134265	1000073877
25014145	1000054332
6650602	1000032340
16107006	1000111030
94643346	1000116617
86144506	1000080864
20426182	1000123564
14043142	1000132005
13055232	1000033833
81030409	1000010911
186227073	1000110023
21251300	1000062250
16739711	1000063546
9460662	1000159702
14861876	1000093550
29993931	1000091556
14690813	1000152999
135989360	1000062250
14236481	1000044091
10422602	1000147487
17909140	1000091556
885	1000132005
14269220	1000159702
48416851	1000120025
28130246	1000121888
15925114	1000018598
781929	1000026808
23215572	1000011087
23272358	1000118163
233456037	1000047140
25964256	1000021860
91964287	1000063324
884301	1000151663
109275829	1000000629
39044394	1000054654
118619941	1000011087
482305428	1000132005
334133960	1000072107
37296570	1000067303
59889953	1000086562
2525131	1000064327
46947488	1000158921
85561166	1000077870
19610339	1000147572
226594115	1000047140
14292458	1000158583
16892481	1000132005
169979375	1000086669
116994659	1000062250
361396896	1000006779
19738805	1000117088
74291526	1000015023
386994844	1000062250
31584502	1000140463
42336153	1000147487
74051281	1000156690
17079375	1000062250
279671781	1000096038
5516192	1000089823
218328000	1000011087
217949209	1000143958
23799349	1000062250
65184105	1000089827
16350866	1000069854
103896200	1000132005
31525143	1000091556
10386322	1000028229
2713951	1000092921
1566521	1000095246
7745472	1000097515
15647839	1000093550
50986270	1000112146
14456948	1000102707
528794879	1000000629
63147391	1000062250
1116721	1000040021
1046661	1000040021
6587	1000020308
14502476	1000028193
55570400	1000062250
1233111	1000095952
7764332	1000072842
1116721	1000024206
5747872	1000124991
18291786	1000010911
26083291	1000067723
7801032	1000006779
14239496	1000077700
14343185	1000149248
1586501	1000095246
12298152	1000002732
9460662	1000019993
47429047	1000117088
5627542	1000092941
33063	1000070163
33457913	1000117161
16021608	1000044091
17079375	1000092921
161809505	1000088487
106443610	1000158921
16192310	1000173602
817288	1000095246
49832748	1000042008
849131	1000158149
19384641	1000091556
280759015	1000011087
14106930	1000089823
13649212	1000033833
14413715	1000085542
7123902	1000089976
311657687	1000095543
103927038	1000069854
417800571	1000026371
283176087	1000011087
40944610	1000146400
15151381	1000140463
44123487	1000142999
10278592	1000062250
103925618	1000023919
65139172	1000034013
187240774	1000121888
5854642	1000131571
77175478	1000041586
145281097	1000167897
1035491	1000097967
15497480	1000089823
91396874	1000158149
1452261	1000040021
20852488	1000106633
14255783	1000160204
6427892	1000085841
46073276	1000051633
168753203	1000067303
6398252	1000043147
38514229	1000034013
15239720	1000047135
44978552	1000172127
363426409	1000006779
14213563	1000124991
16739711	1000083129
14072782	1000062052
88742714	1000020308
24973996	1000111030
20703666	1000010035
132163166	1000167897
106418930	1000125991
1064051	1000010631
58937467	1000021630
33782099	1000112146
177430030	1000153122
208541451	1000110143
299926425	1000172848
14791994	1000015115
326175038	1000062250
138441815	1000099601
25246881	1000137181
5915332	1000117088
73393871	1000010911
17240190	1000018598
138273945	1000172127
5193261	1000013915
24741956	1000158149
15737062	1000028229
388577434	1000011087
15341629	1000158583
4400681	1000139022
128303577	1000076309
23248754	1000151619
12199652	1000139022
243269090	1000147487
16650200	1000030391
16338664	1000019993
12437282	1000142870
16665200	1000007808
23429965	1000117088
23930272	1000051633
279573338	1000085841
12562202	1000018598
163711859	1000000445
265527695	1000172127
24048220	1000034013
7296332	1000067303
3471	1000132917
14262772	1000081645
2217251	1000114465
53661644	1000001677
1047451	1000089823
41050549	1000028193
7865552	1000069334
12836562	1000091051
12095912	1000132937
107236336	1000086691
158769098	1000036898
15653423	1000010911
22255654	1000140463
271535475	1000172127
90866102	1000079164
30371903	1000020308
358658416	1000026371
18826638	1000068983
88879058	1000077870
317973099	1000071611
44930735	1000118163
18036280	1000132005
30351331	1000117088
14112294	1000028751
799212	1000079256
833571	1000081645
22976803	1000002811
3462421	1000146665
21909890	1000130738
339776223	1000005036
6193182	1000049811
287413569	1000023552
131003737	1000171443
169083205	1000119181
10880202	1000007813
14147626	1000132005
885	1000067303
792738	1000112146
43195617	1000043977
14149571	1000001406
169762337	1000045819
6183972	1000050282
15679119	1000169828
621713	1000019993
54787629	1000116617
15533496	1000112146
442847698	1000038330
59553664	1000133463
1715051	1000124991
14043142	1000118807
20738570	1000119937
389621027	1000124991
2366281	1000132005
28999522	1000147487
14882389	1000107585
15480686	1000113087
7975582	1000158583
27097871	1000009436
161691033	1000111585
127211957	1000007808
9227962	1000023695
14645160	1000170782
73707412	1000111030
248767317	1000093550
20887746	1000015164
128321519	1000095952
18913128	1000000629
22089455	1000116523
2960721	1000139022
62804806	1000118163
9500062	1000064974
284315076	1000011087
203279955	1000011087
49666871	1000062250
35420362	1000015335
15267898	1000032340
95222877	1000171972
15358350	1000132937
7716792	1000089823
31076895	1000091556
62287003	1000037216
27179490	1000047140
42427518	1000151144
20012819	1000039648
440433860	1000169828
29676657	1000101666
84398138	1000131948
69402000	1000082288
20112073	1000034013
23260973	1000067303
32423136	1000023919
24081780	1000020308
123185534	1000025937
22881265	1000132005
48473	1000073745
18069427	1000085841
160008685	1000011087
19163589	1000110023
90142504	1000137181
199545828	1000007808
240253031	1000032030
32173043	1000028229
9893782	1000037897
45413261	1000113265
28642084	1000013323
15482536	1000060429
13577212	1000142870
29782295	1000080391
14870627	1000088182
16723958	1000130738
1635121	1000026808
241211254	1000116617
28228172	1000079164
41583318	1000060025
245588569	1000002994
75181220	1000010911
37238862	1000023919
14726984	1000111585
239868306	1000157156
405714281	1000021860
2146141	1000131571
288502305	1000125029
27939638	1000023043
2483701	1000034013
41852612	1000085085
10400902	1000053232
15912884	1000085841
201972487	1000060812
21347710	1000108936
19245426	1000132005
13402072	1000006779
9499992	1000132005
19424888	1000081645
93714983	1000130698
3230521	1000039648
49445813	1000132005
15009761	1000024311
71317882	1000047140
9726632	1000054345
14079172	1000131948
20331568	1000002811
63644892	1000046905
262223982	1000000013
138805593	1000132005
15934340	1000044091
8584	1000072842
124614664	1000021630
25541185	1000068983
198992124	1000116523
202003	1000092921
19192940	1000079164
5511322	1000135562
30433454	1000015023
16977640	1000008361
20902597	1000000586
14213563	1000111030
153120757	1000033661
208339610	1000035685
481453	1000032028
25843787	1000172127
962631	1000124991
13405	1000086359
140795202	1000043977
485924782	1000118163
1233111	1000034013
131546062	1000023552
1095691	1000032030
110823581	1000067303
19685455	1000031617
3564041	1000132005
18428353	1000062250
15988175	1000092941
15816424	1000062250
19478693	1000154304
223454816	1000112146
989	1000138539
21049178	1000047140
4298461	1000018598
6476742	1000010631
15220768	1000092921
16974245	1000032340
294211752	1000153122
9298152	1000131571
26180582	1000079164
47840035	1000091556
7504202	1000000629
8708232	1000161982
607193	1000069854
16110819	1000062250
5107561	1000146262
13378422	1000020573
13039372	1000063769
469723250	1000117088
109582354	1000093759
14114985	1000013915
306850441	1000023919
18788502	1000104341
39358333	1000156690
47306483	1000015023
390189904	1000120980
24724740	1000034013
108393207	1000108936
14927800	1000147514
42478061	1000031421
26051404	1000058116
14238165	1000062250
22900797	1000053361
14083627	1000126000
241371677	1000084115
14932753	1000062250
229523	1000103134
476551294	1000085841
432557242	1000172127
9733542	1000067303
25458129	1000023919
22156926	1000023919
87235018	1000071403
8539632	1000034013
15800873	1000047140
130268655	1000073877
43104516	1000062250
55051751	1000089827
65139172	1000093550
17930811	1000021118
34771668	1000013323
11440412	1000116523
121999927	1000110143
11336782	1000061557
16853802	1000098689
501558064	1000007808
66182591	1000062250
21614669	1000039648
4087691	1000092941
144810832	1000146400
20654052	1000009638
66432209	1000133137
15813218	1000091556
21778016	1000067303
385655413	1000007808
257456190	1000172848
14090859	1000071403
14405111	1000061557
363216892	1000011087
24273880	1000091168
21090871	1000000629
15729193	1000175031
148340537	1000011087
15485242	1000111030
1966	1000032030
221770604	1000115693
6351922	1000028193
208509627	1000163627
33416342	1000086691
19837036	1000097862
54918110	1000006779
43166813	1000130698
18483888	1000062250
14055014	1000069754
15905088	1000133846
162145099	1000115070
54468739	1000034013
27865999	1000080391
16755150	1000092124
1521851	1000007808
19103481	1000023919
289380312	1000151737
5905672	1000019272
754655	1000019993
74161330	1000086562
18825668	1000105213
178246193	1000047140
118533460	1000018598
9740572	1000047140
41662642	1000021748
14414022	1000010911
97261425	1000066168
81894512	1000091556
29374886	1000089823
16337119	1000063173
216257550	1000007808
12199652	1000155008
7798082	1000077168
26954698	1000023919
15311039	1000001677
9100522	1000049811
60790082	1000085841
149235847	1000105376
35926608	1000106540
15820160	1000123526
45951258	1000116430
4467271	1000132005
14708203	1000063173
1000591	1000044091
5697472	1000062250
44364349	1000167897
20117899	1000146262
14050619	1000037897
18715024	1000006779
18895806	1000036914
255761021	1000118163
25458129	1000028034
31540671	1000023552
822284	1000041586
19709033	1000062250
3094401	1000157363
14805097	1000026738
25246881	1000032340
24166711	1000119937
245398335	1000001677
91927876	1000121888
635523	1000138539
167313316	1000010911
19771577	1000067303
20524838	1000159702
1175221	1000133287
14134204	1000124991
398249223	1000104341
104268166	1000000629
9175762	1000028193
378171907	1000071047
14927543	1000033833
28732282	1000023919
16892481	1000054456
222368253	1000130698
21556678	1000118136
14538601	1000080898
1671811	1000080898
18623616	1000015164
849131	1000019993
16434310	1000062250
253751053	1000011087
9283312	1000132917
19643968	1000119357
174285878	1000085085
16304817	1000061557
14647570	1000099601
19502592	1000023919
14507115	1000154304
15235345	1000118136
20246575	1000169226
18506744	1000023919
7430772	1000021630
11210802	1000018598
517030245	1000132657
428428152	1000079164
14676716	1000169226
19558297	1000008780
70947756	1000167897
144101502	1000146400
123879425	1000054345
14647570	1000062250
38108292	1000024311
21505330	1000117088
15644999	1000023919
66021490	1000095543
22123688	1000086359
15280861	1000032030
39582797	1000105376
17905977	1000132005
215254878	1000130698
56929607	1000010911
14749070	1000086359
1118161	1000089823
418612503	1000109996
90696553	1000062250
20571373	1000097862
15009761	1000168359
319189672	1000011087
7790622	1000023919
28708146	1000132005
39832918	1000062250
13282032	1000020645
16435321	1000062250
17084595	1000108936
14293310	1000175031
125547081	1000023919
15493608	1000062250
11937352	1000158583
52863597	1000130698
163617802	1000011087
891371	1000168002
425153490	1000130698
14095706	1000033661
16895274	1000082958
103541806	1000163627
245369690	1000138539
17424872	1000029205
58899150	1000015335
8876232	1000131712
16097743	1000020308
55333704	1000019993
19595287	1000147477
270652177	1000146400
5538252	1000153122
22516489	1000161965
11211372	1000141619
76328462	1000002269
334370433	1000146400
66476989	1000067303
39693835	1000091556
29441043	1000169440
26334426	1000023919
165111862	1000085085
90998968	1000008861
164778234	1000032340
5746452	1000092941
23239085	1000023919
777908	1000008861
15428643	1000006779
218306901	1000085841
72353677	1000085841
10695302	1000147487
14774895	1000113386
15026162	1000124991
15905088	1000034013
16402947	1000093748
78792100	1000067303
18789373	1000024311
14218296	1000149377
972651	1000060429
31076895	1000047140
1451701	1000085841
16284647	1000104341
94547575	1000032030
162442852	1000089618
179275489	1000021235
244537280	1000011087
169203819	1000023552
23293367	1000150094
7042812	1000000125
14095254	1000018598
23670349	1000117088
15668684	1000063598
30808563	1000084115
644463	1000123526
16195212	1000116523
199097645	1000158149
16066283	1000062250
18483888	1000073877
33488260	1000172127
1136351	1000044007
14424381	1000002811
806170	1000072842
15330373	1000122438
16246524	1000046905
435551972	1000011087
15993038	1000092124
18840531	1000170514
348429830	1000037411
201753600	1000105057
7588102	1000054654
24893115	1000027512
15940558	1000001677
15445828	1000112146
719043	1000018598
223408561	1000026371
31466859	1000062250
15367053	1000036623
15868545	1000000629
14843214	1000045769
105170873	1000091556
25118264	1000062250
18917203	1000132937
14050619	1000052713
353547940	1000156018
15162829	1000135562
282339563	1000159702
75246510	1000023043
14927543	1000140463
27620472	1000171494
363236099	1000019229
20571531	1000023919
176875631	1000108936
7532832	1000011087
20120776	1000093550
10638362	1000018598
6612402	1000113087
19650040	1000007808
10713592	1000018569
23962323	1000158518
14774443	1000175716
107626582	1000147487
37759047	1000092941
7430772	1000130698
23806526	1000083224
204646586	1000020308
44935627	1000118807
90799898	1000125325
72842277	1000023919
67928003	1000153194
14371740	1000153122
20688961	1000105119
48903480	1000000629
15006743	1000067723
15454949	1000002732
226014818	1000011087
