14134204	1000027533
37219422	1000091944
756975	1000149974
15433939	1000019846
394216985	1000145462
91037749	1000001465
14838506	1000001465
172959279	1000045964
26153445	1000133591
16009002	1000001465
223324921	1000133591
41426541	1000001465
2713351	1000001465
14134908	1000001465
18430758	1000142280
15026162	1000087499
24404523	1000001465
481453	1000036920
18559368	1000045964
81147434	1000118686
4893411	1000027533
343497155	1000001465
21960698	1000001465
9406452	1000067369
14756183	1000001465
223324921	1000045964
284715436	1000154156
377053611	1000011513
15533823	1000091944
18959008	1000045964
26743	1000045964
36302234	1000096688
72555359	1000001465
15465602	1000095262
14185977	1000036920
5161281	1000155671
39998413	1000096775
28288336	1000017449
18949311	1000063584
52326555	1000120050
10792712	1000053556
36302234	1000036532
1779201	1000053556
14680747	1000155671
15256115	1000155671
145861154	1000045964
91037749	1000065379
5747872	1000155671
16154583	1000118789
749463	1000142280
58287188	1000162361
15527013	1000096775
862481	1000045964
18010713	1000063584
17682521	1000155671
22074782	1000045964
35270036	1000001465
15324310	1000091944
194397899	1000160805
126210634	1000009393
15252359	1000065379
284715436	1000095262
179524189	1000001465
36302234	1000087499
31477608	1000166049
962631	1000077372
194397899	1000045930
212986176	1000002006
69661906	1000030653
1533411	1000105697
12137412	1000085359
15026162	1000096688
154592951	1000133591
538577873	1000001465
21452168	1000053556
7865512	1000155671
469735331	1000053556
15249171	1000001465
45445539	1000027533
45383905	1000155671
3230521	1000096688
15583454	1000096775
108517476	1000144002
59297690	1000155671
779715	1000155671
17682521	1000085359
167254453	1000001465
5161281	1000036920
17682521	1000134536
129316618	1000045964
91037749	1000144002
16936406	1000154679
24973996	1000118686
14305673	1000001465
28288336	1000144002
103653586	1000133591
15465602	1000155671
10241	1000085359
25246760	1000091944
14804982	1000001465
27602723	1000067369
67319480	1000045964
58101355	1000001465
91037749	1000067369
470355877	1000132310
298910273	1000154679
28288336	1000095262
190106760	1000045964
16038438	1000145462
16060735	1000001465
14080429	1000155671
756975	1000045964
186635253	1000114437
22230126	1000045964
15324310	1000095262
8007092	1000001465
217911721	1000001465
91037749	1000096775
126478472	1000067369
243879870	1000145462
15465602	1000121910
13538172	1000027533
38412700	1000155671
14997400	1000095262
69661906	1000003773
18846990	1000001465
1183041	1000001465
45445539	1000091944
56352243	1000009393
161396346	1000113700
126478472	1000009393
19954842	1000027533
14063949	1000001465
15433939	1000030653
1775861	1000006431
12409312	1000120050
15620292	1000009393
28989277	1000155671
26190261	1000001465
212986176	1000045964
18217098	1000149974
175151673	1000145462
50557241	1000001465
214336047	1000155671
91037749	1000155671
17870501	1000067369
15696404	1000001465
25787134	1000087499
127099086	1000006431
16069548	1000105697
23699065	1000046515
833571	1000045964
20012819	1000096688
9026642	1000053556
16251528	1000121910
9026642	1000096688
153558562	1000045964
107877686	1000045964
26451647	1000145462
15310917	1000155671
97127775	1000094828
17787399	1000001465
349359542	1000045964
194179246	1000154679
26743	1000085359
86117573	1000001465
216126534	1000067369
21226684	1000001465
362286999	1000001465
150915437	1000014412
239922873	1000001465
194397899	1000065379
15359658	1000045964
633483	1000001465
14931576	1000001465
97127775	1000140576
161396346	1000085359
105932849	1000009393
48523332	1000002006
19703935	1000001465
10111462	1000006431
10241	1000001465
962631	1000027533
18430758	1000045964
321620987	1000001465
58287188	1000009393
48523332	1000001465
59297690	1000120050
64962975	1000001465
9728952	1000046515
38360490	1000145786
20488611	1000001465
14997400	1000027533
21157724	1000096775
284715436	1000062154
47374533	1000001465
19579040	1000067369
14984096	1000001465
15252736	1000145462
186635253	1000149974
36302234	1000155671
15679119	1000105697
32578648	1000096775
16069548	1000096775
9663492	1000096688
15823784	1000027533
172170904	1000133591
12137412	1000027533
16150457	1000001465
23996980	1000166049
5161281	1000113700
69661906	1000027533
216126534	1000096775
23996980	1000062154
3230521	1000096775
17079223	1000001465
16334824	1000027533
16908436	1000096688
18481292	1000045964
342265754	1000132310
22792205	1000001465
23396683	1000105697
481453	1000134536
14134908	1000036920
7861622	1000145462
17682521	1000096775
39211986	1000161105
7861622	1000001465
9406452	1000066554
15026162	1000120050
16714182	1000001465
52599138	1000045964
9406452	1000045964
130249527	1000154156
105932849	1000120050
21614669	1000011513
14080429	1000011513
5161281	1000085359
15252359	1000009393
91037749	1000045930
10450	1000149974
22643137	1000001465
15435220	1000006431
196413641	1000085359
137495758	1000045964
67191122	1000045964
108517476	1000174763
17870415	1000107330
116795754	1000001465
33153054	1000085359
24577573	1000120050
25787134	1000002006
86117573	1000006431
127099086	1000001465
21614669	1000095262
131950733	1000085359
19954842	1000001465
37219422	1000123707
129316618	1000142280
394460725	1000006431
33153054	1000096688
9026642	1000095262
18474300	1000001465
10241	1000133591
97723803	1000027533
31062805	1000001465
122711186	1000045964
16320428	1000134536
31453974	1000001465
45445539	1000077372
9406452	1000096688
30910450	1000006431
11183772	1000030653
48523332	1000096775
8007092	1000077372
11183772	1000053556
15657647	1000001465
756975	1000133591
209208010	1000045964
12137412	1000096775
16247469	1000120050
55296150	1000001465
202528015	1000045964
8007092	1000014412
25787134	1000036920
92715435	1000001465
133315738	1000155671
39211986	1000027533
32259450	1000002006
535803218	1000045964
48523332	1000162361
9247852	1000001465
38412700	1000096688
180489407	1000118686
184637039	1000160805
50137282	1000096775
15485242	1000027533
43178274	1000107330
55154396	1000045964
24275046	1000001465
32578648	1000095262
16069548	1000134536
1779201	1000155671
89989652	1000002006
39211986	1000123707
57995617	1000027533
24973996	1000027533
58287188	1000095262
15433939	1000003773
43234348	1000096688
31477608	1000096688
15485242	1000118686
168769498	1000045964
22587138	1000001465
778446	1000096775
7865512	1000085359
1533411	1000155671
216126534	1000066554
21157724	1000155671
633483	1000096688
14080429	1000123707
15249171	1000133591
5161281	1000118686
265784810	1000063584
481453	1000011513
25787134	1000009393
69661906	1000019846
14422788	1000045964
25787134	1000096775
57249095	1000120050
41385286	1000145462
184637039	1000144002
17870415	1000027533
481453	1000142280
21067991	1000133591
16251528	1000091944
45445539	1000014412
17870501	1000096775
15310917	1000087499
8007092	1000096775
22891420	1000145462
15324310	1000155671
15252736	1000001465
15310917	1000009393
779715	1000085359
15485242	1000123707
440433860	1000123707
362584277	1000001465
231563877	1000155671
131950733	1000011513
14388022	1000155671
15978788	1000045964
5161281	1000045964
481453	1000045964
166301108	1000001465
18229878	1000096775
23359853	1000096688
40732410	1000001465
15465602	1000160805
17870415	1000077372
14597044	1000027533
194397899	1000121910
16034444	1000001465
217708587	1000001465
91037749	1000161105
13190202	1000145462
1378831	1000001465
31949053	1000001465
755756	1000027533
103653586	1000045964
53189336	1000053556
32196661	1000001465
50557241	1000006431
16326814	1000096688
14706267	1000096775
36302234	1000166049
81147434	1000155671
481453	1000096775
19703935	1000096775
194397899	1000144002
270736655	1000116631
56352243	1000096775
105932849	1000087499
91037749	1000094828
161396346	1000091944
440433860	1000134536
16936406	1000053556
12137412	1000045964
9026642	1000091944
17870415	1000134536
8557	1000118789
2898611	1000045964
31477608	1000001465
25787134	1000155671
14080429	1000134536
56352243	1000155671
8657052	1000001465
16069548	1000085359
86610846	1000009393
126067398	1000045964
276132839	1000118789
833571	1000009393
32155959	1000001465
56352243	1000053556
15249156	1000145462
18949240	1000030653
33153054	1000155671
10241	1000045964
15249156	1000001465
48523332	1000123707
16916355	1000118686
216126534	1000053556
337318736	1000001465
16069548	1000017449
239760107	1000145786
50137282	1000027533
18949240	1000019846
1797531	1000096775
16069548	1000155671
82957231	1000045964
12137412	1000155671
45383905	1000036920
284715436	1000011513
15128159	1000120050
161396346	1000077360
214336047	1000009393
50163738	1000027533
16298462	1000118789
48523332	1000094828
284715436	1000101704
21614669	1000096775
284715436	1000161105
13341	1000142280
108517476	1000062154
15533823	1000077360
440433860	1000011513
216126534	1000155671
16060735	1000006431
96828017	1000116631
38412700	1000105697
284715436	1000096775
15362015	1000001465
36302234	1000096775
314903259	1000133591
194397899	1000174763
17870415	1000096775
20421603	1000001465
243879870	1000001465
43178274	1000091944
118466222	1000085359
15470236	1000001465
29518331	1000096688
7861622	1000006431
25199993	1000145462
16150457	1000145462
16852229	1000001465
50137282	1000085359
17870415	1000154679
7861312	1000001465
24249821	1000001465
440433860	1000096775
29518331	1000053556
48523332	1000134536
45383905	1000134536
45406850	1000155671
69661906	1000001465
15379409	1000045964
28628055	1000001465
16251528	1000096775
10241	1000155671
194397899	1000002006
64219788	1000096775
327989967	1000045964
364473482	1000001465
15680562	1000085359
284715436	1000009393
862481	1000110444
15031424	1000154156
14951250	1000001465
212986176	1000133591
8692972	1000096775
15485242	1000149974
15914737	1000001465
43178274	1000096775
58287188	1000094828
17682521	1000011513
150915437	1000091944
39211986	1000145462
303047664	1000045964
15485242	1000096775
25787134	1000036532
8007092	1000027533
161396346	1000077372
216126534	1000095262
15252359	1000095262
83450402	1000114437
14680747	1000120050
284715436	1000140576
19216561	1000155671
93522174	1000045964
214200358	1000006431
26190261	1000145462
34705238	1000154156
118420553	1000133591
15026162	1000009393
161396346	1000149974
17870415	1000110444
5747872	1000085359
14185977	1000096688
15657647	1000027533
2009991	1000145462
749463	1000045964
275843340	1000118789
126210634	1000096775
14680747	1000027533
159701147	1000045964
33153054	1000096775
91037749	1000162361
248521815	1000017449
26190261	1000006431
36302234	1000140576
23996980	1000101704
15533823	1000014412
212986176	1000121910
5704082	1000118686
36302234	1000036920
15324310	1000085359
17611683	1000006431
18474300	1000006431
7865512	1000095262
9406452	1000096775
126478472	1000001465
241635675	1000045964
39998413	1000134536
15026162	1000118686
768783	1000113700
31477608	1000077372
1779201	1000091944
161396346	1000027533
15252736	1000027533
50888802	1000066554
779715	1000096775
161396346	1000014412
15026162	1000154679
5800582	1000095262
64962975	1000096688
17870415	1000011513
15620292	1000096775
161396346	1000155671
8269322	1000001465
25948843	1000063584
10792712	1000155671
19579040	1000096775
15583454	1000027533
14706267	1000149974
26846571	1000036920
22689867	1000149974
36302234	1000009393
15435220	1000001465
