66974305	1000138059
63008732	1000148776
156984830	1000112966
8878882	1000169828
153784150	1000167975
15999738	1000075901
90510113	1000010391
14837190	1000087967
39280893	1000140227
138416662	1000013543
14803740	1000168147
19928703	1000040788
37870827	1000041098
19639085	1000076212
16858804	1000103800
93336709	1000123728
1116721	1000162404
14502431	1000168147
714033	1000124247
9000912	1000160721
11113	1000142778
239981211	1000005908
17431236	1000107254
19595287	1000168147
18967559	1000040788
113859309	1000033866
77155969	1000168147
24942057	1000031533
7434902	1000168147
18979543	1000129295
19998190	1000070625
14155052	1000168147
94612458	1000089322
7452872	1000170790
10075442	1000103800
25648016	1000104719
17620488	1000083405
28354150	1000034708
991221	1000162404
12950662	1000086962
21392684	1000044598
339875129	1000016680
159558577	1000014642
142832518	1000168147
36668680	1000003213
22785108	1000149808
13588012	1000163604
50137282	1000150063
18817547	1000097635
19700288	1000111121
18653813	1000168147
18159814	1000010418
100868651	1000085106
14090859	1000168147
80102911	1000007609
14441363	1000118040
90745974	1000104719
262706840	1000157120
131996281	1000031274
83267360	1000104719
18978727	1000100196
101345179	1000029211
2529971	1000004077
14789070	1000150268
14708049	1000040788
40344152	1000168147
15567619	1000123728
150773437	1000107189
14659966	1000004001
15212750	1000124247
19753033	1000127663
7081402	1000025613
64390081	1000108951
7718462	1000017037
314794235	1000122674
26179487	1000140181
117759812	1000066091
28942395	1000123728
1042101	1000086962
16866701	1000124247
14759617	1000104719
28490110	1000104719
20366717	1000108951
171451142	1000059966
18227062	1000173470
19593284	1000010872
86336234	1000107254
73457013	1000038320
145845459	1000122677
34986425	1000013543
192576354	1000122677
102154120	1000059966
256554165	1000040788
36668680	1000032215
75945675	1000033866
35943	1000052564
80845451	1000082712
17975898	1000000085
82435291	1000137331
75370828	1000002102
14329770	1000142778
14238569	1000046501
217626610	1000000618
14483812	1000078209
17047403	1000163604
70844532	1000115209
11447852	1000016680
2788841	1000089322
45076204	1000104719
34886889	1000019349
21902226	1000041038
17752764	1000030277
18721746	1000023152
29476717	1000133916
11818	1000124247
44244590	1000085106
48174738	1000079000
32213158	1000147538
14101066	1000029614
730593	1000100361
16803215	1000116926
9359222	1000111121
14237677	1000098403
186081911	1000063377
2803191	1000070625
7256262	1000100361
57703239	1000107254
113587153	1000126568
61342045	1000067221
43385785	1000102727
66331720	1000044598
16820575	1000007609
23991290	1000024693
176210165	1000019349
197021993	1000168147
89969244	1000056264
2771331	1000104719
17802647	1000023442
63498052	1000067903
7125992	1000168147
2158461	1000168147
13538092	1000141052
59507002	1000025918
14521981	1000078909
17293795	1000054438
15310917	1000169828
10669942	1000107377
10951232	1000124247
18301663	1000168147
2694621	1000091300
16815990	1000029211
83720294	1000031274
14427593	1000010418
19089252	1000168147
93932889	1000104719
15006779	1000031274
51352986	1000000085
7249822	1000108116
23959422	1000104719
23841406	1000104719
11676862	1000034708
2529971	1000141225
22266923	1000013543
138587210	1000010659
43785291	1000138106
284908506	1000031274
15195150	1000168147
13594872	1000004193
91044656	1000091013
27123985	1000040867
487080666	1000033866
207045113	1000122677
74530012	1000150268
166966363	1000040788
26780127	1000110153
17005478	1000163682
14734870	1000010391
143412386	1000059966
57503080	1000150063
119256748	1000168147
17982105	1000010391
113501859	1000078909
20350250	1000082079
16865502	1000004193
45445539	1000009881
9479492	1000063288
14720416	1000078209
43001357	1000122677
14332493	1000115075
4257571	1000000184
142012761	1000122677
292733652	1000104719
1124531	1000168147
27577576	1000019349
18204340	1000168147
164778234	1000031274
18875718	1000168147
14935647	1000000085
18223191	1000168147
17539739	1000003631
17561785	1000168147
20737911	1000019349
16299346	1000078161
280657342	1000122677
253167456	1000104719
262927986	1000037714
148375644	1000050555
525267453	1000122677
46179487	1000085106
217244069	1000168147
85561166	1000019349
14960658	1000134689
201170181	1000019349
116308543	1000000085
29620091	1000095953
112198587	1000059966
23216821	1000078209
75648823	1000073456
25388164	1000168147
16734718	1000104719
191548936	1000104719
90510113	1000172348
40524108	1000099325
16178511	1000082712
16334824	1000097308
5197181	1000036759
50597693	1000124854
14179822	1000108868
14413075	1000097308
51094763	1000044598
21941391	1000013543
812804	1000068880
5382252	1000124854
25344641	1000104719
462363316	1000122677
388515869	1000148776
14269220	1000168147
35096740	1000004077
13919072	1000168147
14104001	1000048468
20104965	1000163547
67930978	1000115209
6550132	1000162404
14868280	1000061000
219449657	1000158926
17293795	1000116926
58930815	1000006488
39145680	1000137331
40344152	1000097635
14339261	1000104719
243706735	1000112966
88717547	1000092066
14207125	1000083470
19164186	1000076212
19469924	1000107254
77854343	1000084537
47860056	1000010872
9494362	1000041568
18368859	1000168147
70796019	1000159243
27747605	1000019349
48210436	1000159243
16112634	1000104719
210731717	1000019349
260389485	1000124247
16069548	1000169828
43273	1000100361
5746452	1000004077
133583134	1000092066
291199456	1000064108
755859	1000124247
15239720	1000000085
265206212	1000085106
22519473	1000104719
50751382	1000150268
39718594	1000076212
244060723	1000019349
189883071	1000085805
75648823	1000133916
18166611	1000124247
87221836	1000168147
47569242	1000013543
108740062	1000107796
153460275	1000122677
156588505	1000019349
182387569	1000147538
244522571	1000104719
32720867	1000097635
74530012	1000168147
21369192	1000104719
23606755	1000083470
79005580	1000068880
162516323	1000168147
19178814	1000019349
32691446	1000091751
21053921	1000084537
19911588	1000056162
16647553	1000099325
15221950	1000078209
143583148	1000123728
283431290	1000122677
66974305	1000082079
44174004	1000003213
32688174	1000097635
150274209	1000103871
5515802	1000162404
19197186	1000098656
75648823	1000118403
6608332	1000168147
35066483	1000000184
230028971	1000122677
22481212	1000124247
27805740	1000078209
19617650	1000159243
82681495	1000071724
203410283	1000058998
41393328	1000000184
5611152	1000163547
113497402	1000030277
16364644	1000097635
34447694	1000040788
204472178	1000071724
73182515	1000159243
97331977	1000115209
14112756	1000124247
182351572	1000003213
181369136	1000122677
404688845	1000122677
381548848	1000091013
93906304	1000029614
87273337	1000124854
15638249	1000168147
135045839	1000104719
206713609	1000033866
128621310	1000147548
291488176	1000104719
15179685	1000168147
541864710	1000122677
25464811	1000078209
70720488	1000085805
18322105	1000013543
88001676	1000168147
390659661	1000033866
20366717	1000056264
182351572	1000133916
1118781	1000162404
182644731	1000000085
18166611	1000052564
18930170	1000063288
14381574	1000168147
16067038	1000098320
175159406	1000150268
136441583	1000122677
279135992	1000040788
20838371	1000141623
93816184	1000097635
14456948	1000100361
159662936	1000122677
48785931	1000163682
231571333	1000104719
274153775	1000122677
15112961	1000168147
315983143	1000173470
18734182	1000168147
23346136	1000078161
91830343	1000082765
88127695	1000034708
404269967	1000076212
5747872	1000097308
153226312	1000122677
26535027	1000061000
15013234	1000107254
78479027	1000104719
641333	1000041568
356909751	1000170790
17972871	1000048468
31874347	1000173649
7890392	1000019349
17922632	1000130719
178125492	1000019349
89826562	1000003213
52863597	1000107254
223292538	1000013543
126013958	1000076212
163937752	1000103800
23027406	1000013864
22652834	1000105460
46426761	1000111121
196905203	1000140227
285198742	1000058225
24427165	1000026278
1972761	1000168147
15111838	1000122674
16323878	1000030277
22408167	1000078209
14139971	1000168753
9359222	1000133916
324488901	1000033866
236144360	1000104719
6267972	1000112089
5025531	1000068880
35174856	1000019349
6456482	1000167975
109635031	1000013543
12137412	1000169828
102903198	1000025613
80100872	1000007609
165131834	1000122677
239320624	1000059966
61335115	1000076212
223636089	1000092066
53358442	1000058998
219076100	1000168147
50145896	1000152219
23730438	1000115209
17673	1000124247
16444606	1000136932
24189159	1000137605
111429958	1000019349
254813547	1000122677
21608783	1000159243
156461982	1000170790
315609642	1000104719
14529724	1000150268
116503700	1000085805
17487729	1000168147
794069	1000100361
1044591	1000162404
101841500	1000118040
11077902	1000168147
14200408	1000013543
30342835	1000104719
18811788	1000050583
15331855	1000099325
161290361	1000168147
52269052	1000013543
2118651	1000002102
85432934	1000104719
14119716	1000142778
74523	1000100361
45383905	1000169828
27512679	1000104719
66499322	1000033866
47242117	1000073456
7388802	1000000184
224375261	1000122677
116569827	1000122677
7384432	1000116323
11884732	1000078209
17667742	1000123728
2565	1000141225
196223678	1000063288
25126502	1000150268
27567775	1000104719
798200	1000046501
251419612	1000140181
26066384	1000127663
19885664	1000118040
5781742	1000114020
164722405	1000078209
155804694	1000150299
127188630	1000019349
16747288	1000163604
86280347	1000107254
14278876	1000036759
39358333	1000122674
107511013	1000122677
5848412	1000000618
21671864	1000173649
14371740	1000078209
2729061	1000115209
15921464	1000100196
87655141	1000173649
22055996	1000044598
12464302	1000159243
44136194	1000168147
77483	1000100361
15833768	1000145082
14038862	1000110855
229069910	1000122677
15488968	1000168147
237922016	1000104719
46694497	1000115209
157829215	1000122677
6129072	1000168147
16265412	1000100196
155804694	1000000085
15324310	1000009881
89304833	1000104719
33987752	1000099325
54468739	1000000085
16002470	1000124247
74759560	1000040788
14474818	1000078209
186284229	1000040788
60665688	1000104719
45673	1000100361
115943336	1000013543
6164682	1000058225
26216453	1000031141
11361262	1000168147
20120776	1000104719
114284807	1000107377
29246583	1000163547
35846481	1000003213
92336981	1000122677
14503	1000052564
55006025	1000063288
213457239	1000168147
36588177	1000082079
19407682	1000112089
353547940	1000076212
28121597	1000014642
305294261	1000122677
20838371	1000018177
17431654	1000123728
52330027	1000170374
15481744	1000073961
14963150	1000167975
249392656	1000071372
342373546	1000033866
119713144	1000149808
24751263	1000098656
87655141	1000034708
15332302	1000040788
767	1000142778
17791088	1000000184
51757406	1000082765
442400135	1000122677
395005896	1000104719
292632231	1000122677
14500028	1000098403
287999850	1000122677
276322412	1000168147
775622	1000108951
14924876	1000168147
767	1000040851
64931560	1000150268
124941509	1000122677
193640801	1000010418
56493501	1000013543
118478047	1000054438
29328133	1000002102
43933796	1000168147
335978984	1000104719
319737064	1000104719
20152005	1000010974
500021604	1000085106
38412700	1000169828
101345179	1000081997
302847930	1000122677
15109436	1000167975
7123452	1000167975
50356107	1000108432
20512260	1000019349
6117622	1000013543
247554276	1000163604
8854222	1000124767
8624112	1000041568
22843337	1000004077
26317297	1000163682
39485994	1000040788
150274209	1000103800
15716046	1000058998
15681129	1000000085
245515352	1000104719
37993909	1000159243
38077338	1000040788
9952802	1000162404
20673385	1000168147
21624907	1000167010
112867490	1000078209
17169112	1000085805
131411085	1000019349
6604002	1000124854
16000792	1000067903
72952988	1000118786
16434105	1000044598
18464763	1000147548
34231471	1000040788
79699927	1000111121
21224587	1000168147
19933621	1000146474
66974305	1000078161
370943664	1000058998
354004333	1000152219
59494613	1000137605
84196520	1000105460
15010721	1000107254
22162585	1000137133
15135752	1000058998
47860056	1000103871
188797433	1000082079
28212129	1000168147
16744984	1000004077
175014376	1000104719
31610343	1000104719
20155760	1000167975
230880104	1000122677
29039585	1000111121
83756843	1000104719
59236851	1000159243
1793451	1000031274
14447625	1000000085
133484950	1000129315
14731905	1000124854
394380766	1000168147
16004778	1000071724
15162136	1000123728
13451802	1000003631
125798513	1000036759
782912	1000124247
191140663	1000104719
19116778	1000130719
309762859	1000164522
84251789	1000078587
60970625	1000003213
6633692	1000107254
12970892	1000168147
151338729	1000122677
18305688	1000088923
38514229	1000100196
19251068	1000044821
92359619	1000010418
255675597	1000108951
18355761	1000067221
70214546	1000078895
21555499	1000010872
42316573	1000097635
20740042	1000040788
206004138	1000122677
264899004	1000173649
318528962	1000010418
7716792	1000162404
33035422	1000023152
14692604	1000110855
15347493	1000000618
16803215	1000050583
53513168	1000168147
20174197	1000076212
540185565	1000110052
21602564	1000006308
15445828	1000004077
2803191	1000004077
1027701	1000023152
14416404	1000000085
47242117	1000044821
17856208	1000040788
14498387	1000104719
1048661	1000162404
250178329	1000122677
16106584	1000019349
4921131	1000092868
82435291	1000022113
31941241	1000147538
21792170	1000013543
30900841	1000168147
331967997	1000078209
16838515	1000030195
23810165	1000168147
53858029	1000107254
335032250	1000104719
130202887	1000000085
33641840	1000058998
31808762	1000010418
7510942	1000079342
16055648	1000000085
282739940	1000122677
15287678	1000003213
227863795	1000168147
54188979	1000041568
31463829	1000107796
28123862	1000167975
64285972	1000104719
42537356	1000058242
15231995	1000044821
47374533	1000085106
216865677	1000078209
14281905	1000078209
105580730	1000084537
15463226	1000168147
273468903	1000122677
255725506	1000122677
22434924	1000112089
133603792	1000122677
14179822	1000013543
86729272	1000122677
90071403	1000054438
18666623	1000000085
14269093	1000168147
252917365	1000104719
229425177	1000122677
46469877	1000161972
2141321	1000078209
149027072	1000013543
6581292	1000122677
142356330	1000173470
7115872	1000112966
20601039	1000014642
17124036	1000058998
7125712	1000036759
22117687	1000167975
121689493	1000085106
54598880	1000115209
16434105	1000127663
153566648	1000016856
348708329	1000104719
60033	1000124247
14262796	1000004193
15608978	1000168147
330921167	1000107254
15712097	1000058316
54468739	1000100196
17568500	1000112966
220045059	1000124854
64931560	1000168147
393290895	1000122677
22861077	1000133960
29844579	1000159243
217684732	1000104719
14448211	1000112089
16568227	1000138106
77679346	1000104719
45696734	1000104719
19037341	1000123728
15690249	1000089322
20216011	1000107254
204562062	1000019349
231490657	1000122677
191602765	1000050583
43514656	1000058998
27941766	1000142778
19728966	1000145082
28129848	1000130719
5854882	1000004077
137858731	1000115209
12587	1000100361
326823420	1000104719
723013	1000124767
3496641	1000142778
16428683	1000112089
482437150	1000145382
17144482	1000104719
3325171	1000052564
81218727	1000022113
18518084	1000168147
157116484	1000016680
2308191	1000168147
20605481	1000142778
15187219	1000078209
248521815	1000097308
16398386	1000013543
20018829	1000000085
45705189	1000104719
56044426	1000159243
12496	1000124247
20124270	1000075467
163283608	1000063288
28966878	1000124247
38682272	1000058998
246944501	1000007094
19370748	1000162608
555370519	1000149808
553193713	1000168147
154992848	1000122677
216126534	1000097308
57422981	1000033866
167947361	1000013543
355919169	1000104719
17632320	1000159243
106887791	1000000184
21145433	1000135762
80127034	1000141623
14952378	1000168147
36535572	1000168147
69559136	1000159243
8464692	1000150063
212155430	1000091300
48467556	1000104719
75648823	1000149808
13035	1000124247
127958577	1000107254
5971922	1000142778
260808818	1000122677
42779858	1000098403
22592364	1000044821
285198742	1000010659
7588872	1000059009
16560623	1000149808
22364325	1000019349
1065921	1000061368
23237698	1000104719
52948662	1000107254
31513494	1000169828
4981271	1000100361
29542502	1000159243
35777372	1000025918
20811938	1000044821
46331117	1000059966
73738774	1000107377
34563933	1000104719
87520051	1000056162
216755058	1000152219
90071403	1000162252
8627372	1000167975
190900921	1000040788
15808598	1000018177
22374851	1000030277
36777024	1000152219
17052055	1000168147
27839573	1000168147
29620091	1000105460
28269140	1000150299
19550535	1000168147
16560623	1000022113
18123064	1000018908
19703935	1000169828
430182387	1000122677
75008697	1000107254
29625327	1000148776
16434105	1000088923
48485771	1000168147
15535081	1000107254
68796392	1000168147
14585679	1000013864
31407587	1000068880
5751832	1000004077
131943096	1000149808
1047451	1000162404
15877164	1000058998
18006705	1000006488
21103145	1000147538
16364983	1000170790
187750684	1000173649
20726422	1000104719
259394959	1000052564
106407309	1000027633
20193243	1000040788
18928924	1000097635
370958925	1000033866
118509968	1000073456
51352986	1000168147
98035778	1000142778
8115462	1000100361
118569995	1000091751
26065993	1000104719
20555201	1000044598
22879574	1000058242
134735765	1000092868
70007761	1000098320
36407042	1000152219
19796793	1000013543
14919967	1000129315
18305688	1000044598
38542252	1000104719
789286	1000107254
15624805	1000134689
257025848	1000129315
15837189	1000073961
15259001	1000023393
154291841	1000168147
16395449	1000058998
14586891	1000019349
347501598	1000078209
22092792	1000010418
17262744	1000085106
29552069	1000078587
30402662	1000168147
52405864	1000104719
47860056	1000077729
11845912	1000152219
8316992	1000168147
15268771	1000127663
1239671	1000027633
105310392	1000168147
114890849	1000013543
15407699	1000150063
14080429	1000097308
479917792	1000036759
1136351	1000059009
82916791	1000041038
19043563	1000097308
18922581	1000168147
18919970	1000142778
107116098	1000076212
21901003	1000100196
7718462	1000083470
70007761	1000010974
6210882	1000013543
183814521	1000107254
1930311	1000044598
113975798	1000013864
97027664	1000168147
7144922	1000168147
170750306	1000104719
16178511	1000133916
57999897	1000159243
471549937	1000059966
11718	1000100361
127026358	1000122677
415025321	1000122677
89617904	1000107254
20733397	1000115075
126467468	1000085106
15324310	1000159243
1399231	1000097308
15533823	1000097308
23216821	1000070036
21341221	1000003631
11342502	1000025918
342699431	1000033866
15387415	1000085106
28603394	1000089322
64269721	1000168147
91830343	1000111121
260137838	1000168147
2334221	1000124247
46696817	1000094513
14722564	1000056417
27743318	1000163604
25698875	1000033866
14946893	1000068880
16491104	1000108868
16162251	1000031274
16145175	1000095953
18123064	1000088923
41704107	1000040788
18994771	1000082712
9379662	1000024693
204145356	1000104719
14656109	1000168147
12121162	1000104719
21373652	1000081997
122954991	1000010418
40276769	1000168147
10732962	1000124247
14293231	1000115209
15825693	1000000085
4812381	1000168147
6955662	1000100361
3471	1000142778
29631095	1000121955
28186838	1000017871
51757406	1000082928
18895806	1000124854
14382311	1000064108
20436922	1000168147
15173685	1000168147
17195538	1000111121
221105122	1000082079
16028469	1000083405
16145175	1000105460
82507674	1000078209
245487159	1000098320
42537356	1000108951
4296011	1000013543
22554473	1000019349
155370367	1000122677
2627491	1000004193
14314918	1000006488
14362294	1000004193
160032830	1000159243
177229224	1000010418
15487708	1000152219
105485632	1000013543
116970668	1000148776
14266435	1000107254
835871	1000068880
18583083	1000163604
276308596	1000122677
15783150	1000115209
77907926	1000104719
43170475	1000168147
11738772	1000159243
15077224	1000044821
26166316	1000104719
3733331	1000168147
18772408	1000168147
21035409	1000111121
26066384	1000088923
21310171	1000104719
288502305	1000019349
388411903	1000122677
26654593	1000000085
2118651	1000152219
18152995	1000135762
95357338	1000168147
6131142	1000010418
17693063	1000115209
5722742	1000168147
30572298	1000152219
35846481	1000083470
11211372	1000167975
72168943	1000122677
217571971	1000089322
118253507	1000107254
375080088	1000059966
16902354	1000099325
14423460	1000097308
29247839	1000168147
26846571	1000169828
454484422	1000007094
12984852	1000129295
86295646	1000175102
19215583	1000168147
15239720	1000104719
24049604	1000019349
519633377	1000044598
769584	1000019349
147386402	1000027633
19670331	1000168147
82525569	1000000085
26011572	1000078161
16541868	1000128317
14680797	1000107254
10621792	1000030195
290005030	1000100196
12442992	1000168147
18742918	1000052564
43656232	1000133960
1991	1000170790
22556717	1000078209
351731728	1000071372
15833768	1000003213
60970625	1000108951
14200145	1000046501
25922347	1000134689
14597044	1000097308
41343046	1000040788
14512689	1000168147
163760424	1000168147
67712170	1000168147
225444667	1000122677
6254402	1000168147
64253854	1000063377
18123064	1000127663
41712825	1000107254
756475	1000064108
26799554	1000079342
70123665	1000163604
19728966	1000082712
267335642	1000073456
86146072	1000040788
5906772	1000089322
34713716	1000004077
55963	1000124247
454484422	1000146474
430703073	1000104719
15432058	1000000184
16115549	1000004193
170435554	1000048468
18262659	1000163547
41222853	1000168147
14255783	1000104719
24581397	1000040788
25362174	1000050583
16874875	1000168147
16493390	1000097308
257438654	1000033866
21739242	1000019349
31067157	1000134689
176310143	1000033866
4558	1000004077
140141773	1000148776
80132586	1000150281
151306416	1000175102
43578737	1000102727
16370255	1000098995
40299503	1000170906
17021778	1000008141
16007011	1000141052
3325171	1000124247
14997105	1000167975
90071403	1000082712
9796452	1000124247
46542867	1000168147
310571493	1000030277
321620987	1000159243
18120585	1000050555
21094279	1000168147
19118802	1000089322
17177001	1000124767
117441445	1000078895
78190623	1000000085
152875477	1000000085
6572712	1000135762
207345348	1000122677
31952073	1000110153
14182254	1000123728
14586604	1000076212
7718462	1000108951
12534	1000124247
5516192	1000162404
273779916	1000013543
18563202	1000082712
14119716	1000168147
40340464	1000108432
403178268	1000122677
267350635	1000107254
29994187	1000000085
16102815	1000168147
15574667	1000023442
20901447	1000127630
323626238	1000085106
90203412	1000104719
54078807	1000058242
19047002	1000168147
25538903	1000168147
15633023	1000107254
12801162	1000168147
118864539	1000068880
82856093	1000023442
131613362	1000122677
12680112	1000105758
16140591	1000115075
18176640	1000104719
77843323	1000031274
70720488	1000082712
101841500	1000073456
139479827	1000145382
20067944	1000078161
193185958	1000033866
14503	1000124247
50957071	1000044821
682463	1000150268
3427041	1000000085
12922082	1000142778
166853688	1000073961
18957524	1000064108
49698488	1000107377
16810393	1000089322
19000589	1000097635
23161696	1000030277
7729542	1000169828
19279939	1000168147
37902551	1000124247
18994771	1000112966
3820911	1000078209
14816201	1000103871
205115952	1000092066
31477608	1000169828
16000792	1000054438
16601823	1000100361
15287678	1000061000
1045141	1000162404
418143730	1000170374
364076609	1000071372
28269140	1000000085
16562715	1000005908
33191389	1000168147
349757265	1000107254
10662722	1000108116
9893782	1000138106
23038043	1000000618
17116809	1000089748
435580051	1000076212
9713422	1000000184
17522521	1000014642
182387569	1000085805
109684818	1000016680
214970887	1000152219
273904150	1000061000
58607988	1000025918
49629418	1000100196
91662621	1000130719
77155969	1000000085
14529167	1000124767
66347717	1000032941
72818790	1000122677
15858294	1000022113
466803493	1000168147
22596969	1000108951
11677	1000100361
11145112	1000033866
5746452	1000136932
1491971	1000004193
22979039	1000038320
150915437	1000159243
36452512	1000104719
16425521	1000115209
13504092	1000019349
27530908	1000084537
119405380	1000040788
217906657	1000122677
51890015	1000073961
1833561	1000138106
8700592	1000000618
27743318	1000098320
15393788	1000163604
1277041	1000004193
26535027	1000162252
30412010	1000168147
56151063	1000019349
64488804	1000000085
15663318	1000000184
226987914	1000107254
83589610	1000152219
18407019	1000058998
24427682	1000163604
15595832	1000004077
976521	1000046501
41950471	1000127663
21123806	1000170790
22126763	1000127630
15729017	1000097308
555370519	1000073456
117078952	1000175102
20366717	1000003213
19135516	1000123728
81162072	1000157359
20296015	1000087967
64390081	1000003213
16395449	1000115209
175771708	1000006308
39394932	1000168147
6531772	1000031533
38495037	1000032941
14477161	1000124247
19371099	1000147538
195934431	1000000085
339812155	1000122677
14310062	1000089748
27029537	1000095953
13994032	1000105758
16978258	1000127663
365590762	1000168147
267335642	1000082079
36618690	1000078209
366792682	1000097635
141488457	1000025918
15235815	1000000618
209662233	1000036759
4997601	1000168147
70850380	1000115209
13352012	1000068880
82493862	1000094749
175771708	1000147538
101956358	1000006488
22334880	1000134689
19753033	1000126568
14298557	1000041098
175771708	1000010659
29871296	1000159243
175083017	1000017871
119506746	1000013543
6556922	1000100196
63498052	1000082712
18042224	1000089322
16444606	1000004077
83807322	1000019349
274245547	1000122677
177430030	1000078209
14463494	1000107796
12154872	1000168147
182351572	1000050583
212595641	1000122677
360895400	1000019349
14771973	1000104719
216030263	1000064108
19027176	1000031274
38711721	1000040788
9989862	1000023393
386434513	1000122677
171241392	1000115209
52749400	1000073456
20481294	1000115209
25549905	1000168147
24447643	1000060544
265	1000150268
40054423	1000063288
18755518	1000168147
15217406	1000166267
41865979	1000071724
89041913	1000124854
39358333	1000127663
14521981	1000019349
82435291	1000112089
97722678	1000076212
96843721	1000031274
17218144	1000168147
73273051	1000022113
117411428	1000159243
24782935	1000104719
14590081	1000078209
143363196	1000019349
23626520	1000078209
40211352	1000104719
137447314	1000071724
26230035	1000019349
14185977	1000169828
77061950	1000059966
21636840	1000000085
278056725	1000168147
17870886	1000014642
17665608	1000089322
84774312	1000007609
29328133	1000152219
14268765	1000168147
164686885	1000104719
330612123	1000023393
100174502	1000104719
228539107	1000120655
113184907	1000070625
16933278	1000138106
47515463	1000010418
14960658	1000112089
111510305	1000013543
216760738	1000168147
73542569	1000150268
19371099	1000112966
14246892	1000137133
27935056	1000003631
269896991	1000000085
47213089	1000168147
38495037	1000152846
16049997	1000124247
14145413	1000168147
4050671	1000000184
14310062	1000120655
378603319	1000157120
37878753	1000078909
15624805	1000010391
28769894	1000115209
18709570	1000168147
16364644	1000168147
88799128	1000122677
14750463	1000168147
17293795	1000108951
272085393	1000107254
15287678	1000083470
82177280	1000101820
25993	1000100361
30459621	1000040788
16878507	1000085106
69802536	1000073456
91183564	1000168147
15231995	1000082928
479854996	1000122677
19311539	1000018908
23805542	1000044598
66347717	1000152846
739223	1000004193
339811914	1000078209
28332086	1000168147
21278996	1000019349
12413822	1000056162
285198742	1000083470
16021608	1000110052
10191	1000040851
18647609	1000168147
14619878	1000168147
417214991	1000064108
20397258	1000104719
195851893	1000013543
22117687	1000107254
265077741	1000122677
20366717	1000017037
19760380	1000031141
116081221	1000148776
88782469	1000122677
19593284	1000014642
151773100	1000031533
12437282	1000056162
40580577	1000104719
82493862	1000083470
36417354	1000124247
16410525	1000168147
15567576	1000168147
63747014	1000138059
18804910	1000073456
1136351	1000114020
2803191	1000126568
30351331	1000168147
17990996	1000040867
73820209	1000104719
90071403	1000003213
18854250	1000121955
22279151	1000159243
15788309	1000166267
9243482	1000052564
21709230	1000085106
277245740	1000122677
113025559	1000170374
20927666	1000063288
133009862	1000158926
202387543	1000122677
99152282	1000085106
11740382	1000168147
15833768	1000147538
25264603	1000168147
775622	1000003213
639013	1000031533
273904150	1000101820
32549184	1000172348
163449492	1000004077
24763	1000124247
14191080	1000104719
1702611	1000168147
15106982	1000078209
15635426	1000078161
15167540	1000019349
82507674	1000070036
8067082	1000013543
11447852	1000138106
18886900	1000104719
173892783	1000159243
278776000	1000173470
16571907	1000000184
14207125	1000032215
183079085	1000122677
15256739	1000114020
175378976	1000168147
318182652	1000019349
23967802	1000152219
466919194	1000092868
10621792	1000029211
77155969	1000000184
192311519	1000167010
16067038	1000163604
552355026	1000104719
6475722	1000141225
18949386	1000104719
15365519	1000115209
47897905	1000044598
29704327	1000038320
15066760	1000127663
17547979	1000168147
48201036	1000112089
15582769	1000168147
66244710	1000147857
17179687	1000168147
496149332	1000075901
15633626	1000094513
106553591	1000122677
21393	1000161972
18994771	1000085805
15846949	1000168147
14965981	1000026278
16207941	1000168147
14889964	1000168147
16150457	1000061368
15018214	1000168147
15153	1000052564
23630066	1000168147
17124747	1000168147
26060068	1000108951
862481	1000110444
261702903	1000122677
25166063	1000104719
26639826	1000089322
24726732	1000056417
15269055	1000150268
266127146	1000168753
8106302	1000068880
14373805	1000023393
463952369	1000122677
19246302	1000040788
21224069	1000150268
17506082	1000126568
27422462	1000040788
85923804	1000008141
18521235	1000147548
639013	1000100361
17276183	1000123728
13761042	1000081997
17183692	1000168147
821	1000067221
221230182	1000066091
976521	1000021150
22404318	1000104719
23237512	1000010659
16415992	1000173649
28650455	1000033866
16909832	1000168147
792738	1000142778
47897905	1000088923
23295813	1000093704
174296681	1000150268
70720488	1000058225
150423176	1000115209
1566661	1000041568
13197822	1000078209
14667714	1000085106
169238561	1000107189
22528070	1000025918
159629146	1000166267
18715024	1000168147
217949209	1000019349
10224132	1000100361
16434221	1000063288
14550962	1000036759
14805097	1000124854
124339940	1000104719
34497810	1000167975
20975645	1000058225
8888672	1000168147
18797345	1000168147
16517910	1000168147
242326887	1000031141
88817283	1000142778
18887526	1000060544
47464313	1000103871
15360428	1000085106
168101329	1000168147
11775382	1000172701
19425135	1000010974
60463	1000124247
31941241	1000133916
37977732	1000014642
104352067	1000104719
15176914	1000152219
90071403	1000094749
15485915	1000013543
80380339	1000173470
15679119	1000169828
28720001	1000122677
35963522	1000030277
87071344	1000082079
34476699	1000000618
1269251	1000162404
17365270	1000040788
17870415	1000110444
69548480	1000122677
15163190	1000118786
440433860	1000169828
732073	1000142778
17975898	1000104719
18519668	1000103871
91662621	1000135762
3962191	1000089322
18123064	1000044598
31183437	1000040788
175159406	1000168147
75165115	1000168147
286703	1000004001
16178511	1000085805
175771708	1000150281
1452261	1000162404
15468834	1000033866
94917884	1000162608
234464405	1000077729
14139804	1000058316
43524495	1000108951
18618107	1000026278
17689692	1000040788
133206222	1000104719
51094763	1000018908
179021409	1000104719
9297182	1000127663
131244360	1000107254
270608331	1000013543
25106800	1000168147
13083622	1000075467
39097590	1000085106
23738785	1000104719
194312420	1000006488
84251789	1000093704
113501859	1000019349
317313520	1000063288
841791	1000146474
14425692	1000128317
94568228	1000040788
153087224	1000078209
118191213	1000036759
18755393	1000123728
17473864	1000019349
21390400	1000104719
19753033	1000044598
17037417	1000166267
14137737	1000168147
17457100	1000081997
51094763	1000088923
16458937	1000168147
17813433	1000157359
32213158	1000085805
5870082	1000100361
38601171	1000040788
36902042	1000019349
137447314	1000016680
23547436	1000025918
178747246	1000122677
261541945	1000168147
15153	1000124247
108686216	1000037714
44171352	1000013543
19669762	1000168147
178989761	1000104719
354368090	1000019349
247507183	1000160721
176310143	1000116323
395559648	1000122677
310682763	1000104719
434171112	1000122677
26200403	1000168147
16092645	1000089322
14455837	1000078209
488061226	1000085106
40071926	1000000085
15430929	1000168147
68796392	1000150268
58599146	1000040788
16832468	1000111121
14069676	1000122674
20543890	1000059966
22121627	1000168147
14134942	1000027633
34558461	1000098995
284333926	1000078209
58025433	1000078209
37878753	1000019349
20784548	1000067221
6442312	1000016680
8405632	1000041568
481288716	1000122677
149320887	1000019349
2523231	1000147857
32213158	1000003213
14282153	1000013543
12830	1000124247
6089182	1000016856
43153525	1000000618
299442187	1000104719
83589610	1000002102
289519342	1000005908
19661710	1000104719
15633	1000067221
183664272	1000033866
38318973	1000168147
181523036	1000014642
285865563	1000164522
18892183	1000097635
21392684	1000088923
22481212	1000052564
114627216	1000168147
14200145	1000021150
18731707	1000000085
381548848	1000147538
11348722	1000167975
2024911	1000000085
23071153	1000115209
107525887	1000147538
339875129	1000040788
19116778	1000170906
329359655	1000104719
23071153	1000083405
17058403	1000041568
18892183	1000168147
53175839	1000172701
151759225	1000019349
177234664	1000134689
25766898	1000054438
22330156	1000159243
17560063	1000107254
7718462	1000003213
31941241	1000082712
16271952	1000079000
14691215	1000168147
333407149	1000115209
185504488	1000118403
